7.944385026737967, 9.663376841386214
7.944385026737967, 9.48297935540014
7.996607044071546, 9.782998703751307
7.983551539738152, 9.54262950450962
8.022718052738336, 10.083339616248619
8.048829061405126, 10.413746776410271
8.101051078738704, 10.773898620090126
8.08799557440531, 10.503463173184095
8.127162087405495, 11.044173284923094
8.179384104739073, 11.494523871595984
8.166328600405679, 11.224088424689949
8.209846948183662, 11.724656612185463
8.257717130739444, 11.914486646458386
8.283828139406232, 12.214827558955697
8.309939148073022, 12.42496972845997
8.336050156739812, 12.72531064095728
8.3621611654066, 13.025651553454587
8.414383182740181, 13.445935892463133
8.401327678406785, 13.145434197892754
8.44049419140697, 13.746276804960443
8.49271620874055, 13.98616365798292
8.479660704407154, 13.74579445874123
8.523179052185137, 14.246362646236745
8.544938226074128, 14.616911730641881
8.597160243407707, 14.886864831328703
8.584104739074313, 14.646495632087014
8.623271252074497, 15.187205743826011
8.649382260741287, 15.457480408658975
8.679845104185874, 15.687613149248456
8.727715286741656, 15.907509431185725
8.71465978240826, 15.667140231944035
8.753826295408444, 16.41831407733345
8.74077079107505, 16.147878630427414
8.806048312742025, 16.748399673348963
8.806048312742025, 16.537935939698546
8.858270330075603, 16.928154031042745
8.888733173520192, 17.468971330830463
8.871325834409, 17.22865572561313
8.910492347409182, 17.88963082800951
8.962714364742762, 18.550445148332813
8.962714364742762, 18.3399814146824
8.949658860409368, 18.069545967776364
8.98882537340955, 18.850786060830124
9.04539922552093, 19.772120933553403
9.027991886409737, 19.511761163226502
9.027991886409737, 19.271231181911745
9.027991886409737, 19.03070120059698
9.027991886409737, 18.85030371461091
9.067158399409921, 20.112603770294193
9.097621242854508, 20.37280275854802
9.080213903743315, 19.87191300690636
9.1193804167435, 20.71328559528881
9.149843260188089, 20.953440418433072
9.171602434077078, 21.344033667947773
9.197713442743868, 21.8548383140955
9.184657938410474, 21.554336619525117
9.254287294855246, 22.39533404973707
9.236879955744053, 22.155018444519737
9.236879955744053, 21.914488463204975
9.306509312188826, 22.65526506786911
9.332620320855614, 22.995694310585545
9.341323990411212, 22.69492464589338
9.384842338189195, 23.3558461542654
9.367434999078, 23.115530549048067
9.432712520744975, 24.076846563941757
9.432712520744975, 23.836316582626996
9.432712520744975, 23.595786601312234
9.432712520744975, 23.355256619997473
9.432712520744975, 23.1748591340114
9.489286372856352, 23.35455989768083
9.471879033745159, 23.174376787792188
9.537156555412134, 23.47423535407028
9.537156555412134, 23.29383786808421
9.589378572745712, 23.353327235120616
9.589378572745712, 23.112797253805855
9.589378572745712, 22.932399767819785
9.615489581412502, 23.593535652289233
9.641600590079292, 23.833744069457854
9.641600590079292, 23.35268410682833
9.66771159874608, 23.532760028668257
9.66771159874608, 23.20203130436046
9.719933616079661, 24.073309358334186
9.719933616079661, 23.832779377019424
9.719933616079661, 23.62231564336901
9.776507468191038, 23.972391810469727
9.759100129079846, 23.71203204014283
9.824377650746818, 24.072023101749615
9.811322146413424, 23.891786397836615
9.850488659413609, 24.312231518918235
9.876599668080399, 24.552439936086852
9.876599668080399, 24.13151246878602
9.902710676747187, 24.25145589529726
9.954932694080767, 24.310945262333664
9.941877189747373, 24.130708558420665
10.007154711414346, 24.22010339104834
10.059376728747925, 24.279592758084746
10.111598746081505, 24.248883382128117
10.137709754748293, 23.94789934133852
10.168172598192882, 24.188054164482782
10.202987276415268, 23.947095430973164
10.216042780748662, 23.64627217225664
10.202987276415268, 23.526167963672332
10.268264798082242, 23.525364053306976
10.307431311082427, 23.46474921175907
10.320486815415821, 23.254124696035582
10.346597824082611, 23.07340564590337
10.403171676193988, 23.102775171251075
10.385764337082795, 22.92259206136243
10.45104185874977, 23.162318132311835
10.45104185874977, 22.921788150997074
10.45104185874977, 22.711324417346656
10.507615710861147, 22.881003098461303
10.555485893416929, 22.920501894412503
10.542430389083533, 22.800397685828194
10.607707910750507, 22.859726270791526
10.607707910750507, 22.649262537141112
10.646874423750692, 22.979508915229694
10.659929928084086, 22.738818151841862
10.659929928084086, 22.528354418191444
10.712151945417666, 22.497645042234815
10.768725797529044, 22.516992485027735
10.751318458417849, 22.31676521002953
10.816595980084823, 22.616623776307623
10.816595980084823, 22.406160042657206
10.842706988751614, 22.19537474486065
10.894929006085192, 22.254864111897053
10.947151023418773, 22.31435347893346
10.999373040752351, 22.313710350641173
10.999373040752351, 22.10324661699076
11.05159505808593, 22.222868479355853
11.090761571086116, 22.25245238080098
11.10381707541951, 22.01176161741315
11.160390927530887, 22.01106489509651
11.142983588419694, 21.830881785207865
11.182150101419879, 22.371591896946864
11.208261110086667, 22.13074035148596
11.208261110086667, 21.920276617835544
11.260483127420247, 22.130097223193673
11.260483127420247, 21.91963348954326
11.299649640420432, 22.00934988631708
11.299649640420432, 21.768819905002317
11.312705144753826, 21.528129141614485
11.338816153420616, 21.287277596153583
11.364927162087405, 21.46735351799351
11.369278996865203, 21.046372456668323
11.40409367508759, 21.045943704473466
11.40409367508759, 20.8054137231587
11.40409367508759, 20.564883741843943
11.417149179420985, 20.264060483127416
11.443260188087773, 19.99314269000217
11.45631569242117, 20.203445641579513
11.48242670108796, 19.842329105461232
11.48242670108796, 19.601799124146467
11.495482205421354, 19.39117460842298
11.508537709754748, 19.120417597370803
11.521593214088142, 18.87972683398297
11.560759727088328, 18.879244487763756
11.560759727088328, 18.638714506448995
11.573815231421722, 18.337891247732472
11.560759727088328, 18.217787039148163
11.59992624008851, 17.976774711614187
11.626037248755303, 17.76598941381763
11.652148257422091, 17.49507162069238
11.639092753088697, 17.37496741210807
11.67825926608888, 17.133955084574094
11.665203761755485, 17.013850875989785
11.691314770422276, 16.83313182585757
11.704370274755671, 16.652573557798426
11.743536787755854, 16.591958716250524
11.75659229208925, 16.351267952862692
11.75659229208925, 16.05060547621924
11.75659229208925, 15.840141742568823
11.808814309422829, 15.989829852598264
11.808814309422829, 15.779366118947848
11.861036326756409, 15.808789238319909
11.847980822423013, 15.688685029735598
11.887147335423197, 15.507805197530313
11.917610178867786, 15.306988388264179
11.965480361423566, 15.206178028448434
12.004646874423752, 15.025298196243147
12.017702378757146, 14.724474937526626
12.017702378757146, 14.544077451540556
12.056868891757329, 14.54359510532134
12.069924396090725, 14.332970589597853
12.100387239535312, 14.08204336755781
12.135201917757698, 14.06157045025339
12.148257422091094, 13.850945934529904
12.174368430757884, 13.610094389069
12.200479439424672, 13.369242843608095
12.226590448091462, 13.098325050482845
12.278812465425041, 13.21794691284794
12.278812465425041, 13.007483179197525
12.331034482758621, 12.796376317254824
12.317978978425227, 12.676272108670513
12.3832565000922, 12.735600693633847
12.435478517425778, 12.614692574684181
12.461589526092569, 12.313708533894587
12.487700534759359, 12.102923236098025
12.500756039092753, 11.89229872037454
12.539922552092937, 12.252611346127466
12.570385395537524, 12.011706206642206
12.566033560759728, 11.711097324023111
12.552978056426333, 11.590993115438803
12.618255578093308, 12.161447910696005
12.605200073759912, 11.89101246378997
12.670477595426885, 12.130738534739375
12.722699612760465, 12.13009540644709
12.70964410842707, 11.949858702534087
12.774921630094045, 12.069319782826113
12.801032638760834, 11.828468237365207
12.827143647427622, 12.008544159205137
12.879365664761202, 11.827503544926781
12.866310160427808, 11.707399336342469
12.931587682094783, 11.646462930648426
12.944643186428177, 11.465904662589281
12.983809699428361, 11.585687307027449
13.03603171676194, 11.524911683406472
13.022976212428546, 11.344674979493472
13.08825373409552, 11.524268555114187
13.140475751429099, 11.583757922150593
13.192697768762677, 11.763512279844377
13.223160612207266, 11.562695470578241
13.271030794763046, 11.401752615433807
13.297141803429836, 11.221033565301596
13.310197307763232, 11.641800250529354
13.310197307763232, 11.401270269214592
