2001 3.64 2.0
0.2 0.005977836106666667
2.0 0.005977836106666667
2.004613 0.00597727312
2.009236 0.005971107445333333
2.01387 0.005963119829333333
2.018515 0.005954324618666667
2.023171 0.005943251253333334
2.027837 0.005907825802666666
2.032514 0.005922154783999999
2.037202 0.0059306481173333325
2.0419 0.005929422165333333
2.04661 0.005924162122666668
2.05133 0.005908019935999999
2.056061 0.005867781920000001
2.060803 0.005866638474666667
2.065556 0.0059245513599999996
2.07032 0.005960638805333332
2.075095 0.005981610058666667
2.079881 0.005995243072
2.084678 0.0060038713280000005
2.089486 0.006007611306666667
2.094305 0.0059740446826666675
2.099136 0.006004767253333334
2.103977 0.005997560053333334
2.10883 0.005977483754666667
2.113693 0.005941067253333334
2.118568 0.005942709621333332
2.123455 0.0059734584
2.128352 0.005987200128
2.133261 0.005957599648
2.138181 0.005989793749333334
2.143113 0.005986235285333334
2.148056 0.005972707103999999
2.15301 0.005978895104000001
2.157975 0.0059921777066666675
2.162953 0.005997726037333334
2.167941 0.0059988908373333335
2.172941 0.005998036650666666
2.177953 0.005996181706666667
2.182976 0.005993670592
2.188011 0.005989421984
2.193057 0.005947331936
2.198115 0.005976812053333332
2.203185 0.005930023008
2.208267 0.0059699135253333336
2.21336 0.0059847084266666664
2.218465 0.005989048277333334
2.223581 0.005991963189333333
2.22871 0.0059948858666666665
2.23385 0.005998202634666666
2.239002 0.006002066858666667
2.244166 0.00600655328
2.249342 0.006011693930666666
2.25453 0.006017454837333334
2.25973 0.006023637013333333
2.264942 0.006029298912000001
2.270165 0.006024254357333333
2.275401 0.005994891690666667
2.280649 0.006050443914666667
2.285909 0.006062699552
2.291182 0.006071154058666666
2.296466 0.006078174890666666
2.301763 0.006083892117333333
2.307071 0.006088238762666666
2.312392 0.006091178912000001
2.317726 0.006092750421333333
2.323071 0.006093044533333334
2.328429 0.006092115605333333
2.333799 0.0060892802880000005
2.339182 0.006059310954666668
2.344577 0.006084288149333334
2.349985 0.006082386613333332
2.355405 0.006079158176
2.360837 0.006075284245333333
2.366282 0.0060700950613333336
2.37174 0.0060594352
2.37721 0.006012385045333335
2.382693 0.006008739221333334
2.388188 0.006051348576
2.393696 0.006058544127999999
2.399217 0.006059296394666667
2.40475 0.006052786133333332
2.410297 0.005994705322666666
2.415856 0.006058096650666666
2.421428 0.006064544789333334
2.427013 0.0060677324586666664
2.43261 0.006070674549333333
2.438221 0.006073817568000001
2.443844 0.006077249845333333
2.449481 0.006080968469333333
2.45513 0.00608492976
2.460793 0.006089074506666666
2.466468 0.006093330879999999
2.472157 0.006097619285333334
2.477859 0.006101852362666666
2.483574 0.006105943722666667
2.489302 0.006109806976000001
2.495043 0.006113357674666667
2.500797 0.0061165181653333334
2.506565 0.006119214677333333
2.512346 0.006121366645333333
2.518141 0.006122851765333334
2.523949 0.006123365248
2.52977 0.006121654933333333
2.535605 0.0061066833706666665
2.541453 0.006068978794666667
2.547314 0.006108906197333334
2.553189 0.006082753525333334
2.559078 0.006019265130666667
2.56498 0.006096979616000001
2.570896 0.006117945045333333
2.576826 0.006124190314666667
2.582769 0.006127014954666668
2.588726 0.00612876992
2.594696 0.006130160885333334
2.600681 0.006131456725333333
2.606679 0.006132775861333334
2.612691 0.006134172650666667
2.618717 0.006135664565333333
2.624757 0.006137243840000001
2.63081 0.006138867765333332
2.636878 0.006140415008000001
2.64296 0.006141499242666667
2.649055 0.006140298528
2.655165 0.006117987754666666
2.661289 0.006110017610666666
2.667427 0.0061461467946666674
2.673579 0.006152864778666668
2.679745 0.006156546517333334
2.685926 0.006159459487999999
2.692121 0.006161996810666666
2.69833 0.006164197311999999
2.704553 0.006165937717333333
2.710791 0.00616687344
2.717043 0.0061660872
2.72331 0.006160574784000001
2.729591 0.006136868191999999
2.735886 0.006047692074666666
2.742196 0.006106826058666667
2.748521 0.006154903178666667
2.75486 0.006154688661333333
2.761214 0.006120734741333333
2.767582 0.006174945504
2.773965 0.00618354464
2.780363 0.006187102133333334
2.786776 0.006189390965333333
2.793203 0.0061911595199999996
2.799645 0.006192641728
2.806103 0.006193914272
2.812574 0.006194941237333334
2.819061 0.006195456661333334
2.825563 0.006194107434666667
2.83208 0.006178718485333333
2.838612 0.006167608234666667
2.845159 0.006196393354666666
2.851721 0.006201445674666666
2.858298 0.006203640351999999
2.864891 0.006204827477333334
2.871498 0.0062044168853333335
2.878121 0.006193622101333333
2.884759 0.006196372
2.891412 0.006203989792000001
2.898081 0.0061997936
2.904765 0.006181016053333333
2.911465 0.0061087382720000005
2.91818 0.006074911509333333
2.92491 0.006172347029333333
2.931656 0.006204243135999999
2.938418 0.006216275520000001
2.945195 0.006222538261333332
2.951988 0.006226621856
2.958796 0.006229702752
2.96562 0.006232253664
2.97246 0.006234492021333333
2.979316 0.006236530421333333
2.986187 0.006238430986666667
2.993075 0.006240231573333334
2.999978 0.006241952565333333
3.006897 0.006243603669333334
3.013832 0.006245184885333334
3.020783 0.006246686506666666
3.02775 0.006248081354666667
3.034733 0.0062493170133333335
3.041733 0.006250296416
3.048748 0.006250829311999999
3.05578 0.006250522581333334
3.062828 0.006248462826666666
3.069892 0.006242199114666667
3.076972 0.006223675882666668
3.084069 0.0061623501333333336
3.091182 0.006071021077333334
3.098311 0.006176725706666666
3.105457 0.006233138912000001
3.11262 0.006253537472000001
3.119798 0.006263285877333333
3.126994 0.00626918656
3.134206 0.006273402165333334
3.141435 0.006276763584000001
3.14868 0.006279637728000001
3.155942 0.006282205141333333
3.163221 0.006284554154666666
3.170517 0.00628673136
3.177829 0.006288749376
3.185158 0.006290600437333333
3.192505 0.006292246688
3.199868 0.006293615328
3.207248 0.006294563669333335
3.214645 0.006294811189333334
3.222059 0.006293773546666667
3.229491 0.006290087925333333
3.236939 0.006280077439999999
3.244405 0.006251956256000001
3.251888 0.006169914538666666
3.259388 0.0061108358826666665
3.266905 0.006220881333333334
3.27444 0.006275456096
3.281992 0.0062970922560000005
3.289562 0.006307845301333334
3.297149 0.006314365269333333
3.304753 0.006318932256000001
3.312375 0.006322458688
3.320015 0.006325354186666667
3.327672 0.006327808032
3.335347 0.0063298988480000005
3.34304 0.0063316314880000005
3.35075 0.006332938005333334
3.358478 0.006333647562666667
3.366224 0.0063334068373333335
3.373988 0.0063314499733333335
3.38177 0.006325979296
3.38957 0.006312173504
3.397387 0.006275394944
3.405223 0.006184747296
3.413077 0.006162485056000001
3.420949 0.006263510101333334
3.428839 0.006313387808
3.436747 0.006334615317333333
3.444673 0.0063454295146666674
3.452618 0.0063518970666666666
3.460581 0.0063562165333333346
3.468563 0.006359268309333334
3.476563 0.006361397952000001
3.484581 0.006362662730666668
3.492618 0.006362857834666668
3.500673 0.006361393098666667
3.508747 0.006356818346666666
3.51684 0.006345395541333333
3.524951 0.006316591978666666
3.533081 0.006247451392
3.541229 0.006200101301333334
3.549397 0.00628073264
3.557583 0.006335474357333334
3.565788 0.0063593750826666665
3.574012 0.0063709415466666666
3.582256 0.006377096543999999
3.590518 0.0063801803519999995
3.598799 0.006380696746666668
3.607099 0.0063778080426666675
3.615418 0.006368389664
3.623757 0.006343610485333334
3.632115 0.006290329621333333
3.640492 0.006274067072
3.648888 0.006332112938666667
3.657304 0.006367520917333334
3.665739 0.006381948906666666
3.674194 0.006384956032
3.682668 0.0063764064
3.691162 0.006354656672
3.699675 0.006358063712
3.708208 0.006386813888
3.71676 0.006404093696
3.725333 0.006413263584000001
3.733925 0.006418953631999999
3.742537 0.006423055669333333
3.751168 0.0064263472
3.75982 0.0064291834879999996
3.768492 0.006431745077333333
3.777183 0.006434128064
3.785895 0.006436391658666668
3.794627 0.006438570805333333
3.803379 0.006440689770666667
3.812151 0.006442764085333333
3.820943 0.006444804426666666
3.829756 0.006446819530666666
3.838589 0.006448814250666667
3.847442 0.006450792469333334
3.856316 0.0064527600106666656
3.86521 0.006454717845333333
3.874124 0.006456667914666667
3.88306 0.00645861216
3.892016 0.006460551552
3.900992 0.006462487061333333
3.909989 0.006464420629333333
3.919007 0.006466352256
3.928046 0.006468281941333333
3.937106 0.0064702116266666665
3.946186 0.0064721393706666675
3.955288 0.006474068085333334
3.96441 0.006475995829333335
3.973554 0.006477923573333332
3.982718 0.006479851317333333
3.991904 0.006481780032
4.001111 0.006483707776
4.010339 0.006485636490666667
4.019588 0.006487565205333333
4.028859 0.006489494890666667
4.038151 0.006491423605333333
4.047465 0.006493353290666667
4.0568 0.0064952820053333325
4.066156 0.006497211690666667
4.075534 0.006499140405333333
4.084934 0.006501068149333334
4.094356 0.006502995893333332
4.103799 0.006504923637333333
4.113264 0.006506849440000001
4.122751 0.006508774272
4.132259 0.006510698133333334
4.14179 0.006512621024
4.151343 0.006514541973333333
4.160917 0.006516460981333333
4.170514 0.006518377077333334
4.180133 0.006520292202666667
4.189774 0.006522204416
4.199437 0.006524113717333333
4.209123 0.006526021077333334
4.21883 0.006527924554666668
4.228561 0.00652982512
4.238313 0.0065317218026666665
4.248089 0.0065336146026666675
4.257886 0.006535504490666666
4.267707 0.0065373895253333335
4.27755 0.006539269706666667
4.287416 0.006541146005333333
4.297304 0.006543017450666666
4.307215 0.006544884042666667
4.317149 0.0065467457813333345
4.327106 0.006548601696
4.337086 0.006550452757333334
4.347089 0.006552297024000001
4.357116 0.006554136437333334
4.367165 0.006555969056
4.377237 0.006557795850666666
4.387333 0.006559615850666666
4.397452 0.006561430026666666
4.407594 0.006563236437333334
4.41776 0.006565037023999999
4.427949 0.0065668298453333334
4.438161 0.006568615872000002
4.448397 0.006570395104000001
4.458657 0.0065721665706666675
4.468941 0.006573930272
4.479248 0.0065756871786666685
4.489579 0.00657743632
4.499933 0.006579177695999999
4.510312 0.006580911306666667
4.520715 0.006582637152
4.531141 0.006584355231999999
4.541592 0.006586064576
4.552066 0.006587767125333334
4.562565 0.006589460938666666
4.573088 0.006591146986666667
4.583636 0.006592824298666667
4.594207 0.006594493845333333
4.604803 0.0065961565973333336
4.615424 0.006597809642666667
4.626069 0.006599455893333332
4.636738 0.006601093408
4.647432 0.006602723157333333
4.658151 0.006604345141333333
4.668895 0.00660595936
4.679663 0.006607564842666666
4.690456 0.006609163530666666
4.701274 0.006610753482666667
4.712117 0.00661233664
4.722985 0.006613912032
4.733878 0.006615479658666667
4.744796 0.00661703952
4.75574 0.006618592586666667
4.766708 0.006620137888000001
4.777702 0.006621675423999999
4.788722 0.006623207135999999
4.799766 0.006624731082666667
4.810836 0.006626247264
4.821932 0.0066277576213333335
4.833053 0.006629261183999999
4.8442 0.006630757952000001
4.855373 0.006632247925333333
4.866571 0.006633731104000001
4.877796 0.006635208458666666
4.889046 0.006636679018666667
4.900322 0.006638143754666666
4.911624 0.006639602666666668
4.922952 0.006641055754666667
4.934306 0.0066425020480000005
4.945687 0.006643943488000001
4.957093 0.006645379103999999
4.968526 0.006646807925333334
4.979986 0.006648232864
4.991471 0.006649651978666667
5.002984 0.006651065269333333
5.014523 0.006652473706666668
5.026088 0.006653877290666667
5.03768 0.0066552750506666675
5.049299 0.006656668927999999
5.060945 0.006658056981333333
5.072617 0.006659441152
5.084317 0.006660820469333334
5.096043 0.006662194933333334
5.107797 0.006663564544000001
5.119577 0.006664930272
5.131385 0.006666292117333333
5.14322 0.006667649109333334
5.155082 0.006669001248
5.166972 0.006670350474666667
5.178889 0.006671694848000001
5.190834 0.006673035338666667
5.202806 0.006674371946666666
5.214805 0.006675704672000001
5.226833 0.006677033514666667
5.238888 0.006678358474666667
5.250971 0.006679680522666666
5.263082 0.006680997717333333
5.27522 0.006682311999999999
5.287387 0.0066836224
5.299582 0.006684929888000001
5.311805 0.006686233493333333
5.324056 0.006687533216
5.336335 0.006688830026666666
5.348643 0.006690122954666666
5.360979 0.006691412970666668
5.373343 0.006692700074666667
5.385737 0.006693983296000001
5.398158 0.006695262634666667
5.410608 0.006696540031999999
5.423087 0.006697813546666667
5.435595 0.006699084149333334
5.448132 0.0067003508693333335
5.460697 0.006701615647999999
5.473292 0.006702876544
5.485915 0.006704133557333333
5.498568 0.006705388629333334
5.51125 0.006706639818666666
5.523961 0.006707889066666667
5.536701 0.006709134432000001
5.549471 0.006710375914666666
5.562271 0.0067116154560000005
5.575099 0.006712852085333334
5.587958 0.006714084832
5.600846 0.006715314666666666
5.613763 0.006716541589333333
5.626711 0.0067177656
5.639688 0.006718986698666666
5.652696 0.006720203914666666
5.665733 0.006721419189333334
5.6788 0.006722630581333333
5.691898 0.006723839061333334
5.705026 0.006725043658666667
5.718184 0.006726246314666667
5.731372 0.006727445087999999
5.744591 0.006728640949333334
5.75784 0.006729833898666666
5.77112 0.0067310239360000015
5.784431 0.006732210090666667
5.797772 0.006733393333333334
5.811144 0.006734572693333334
5.824546 0.006735750112
5.83798 0.006736923648
5.851445 0.006738093301333334
5.864941 0.006739260042666667
5.878467 0.006740423872
5.892025 0.006741583818666666
5.905615 0.006742740853333333
5.919235 0.006743894976000001
5.932888 0.006745045216
5.946571 0.006746191573333333
5.960286 0.0067473350186666664
5.974033 0.006748474581333334
5.987811 0.006749611232
6.001622 0.006750744
6.015464 0.0067518728853333335
6.029338 0.006752998858666666
6.043244 0.006754120949333333
6.057182 0.006755239157333334
6.071152 0.006756353482666667
6.085155 0.006757464896000001
6.099189 0.006758572426666667
6.113256 0.006759676074666666
6.127356 0.006760775840000001
6.141488 0.006761871722666666
6.155653 0.006762963722666666
6.16985 0.006764052810666667
6.18408 0.0067651370453333335
6.198343 0.006766217397333334
6.212639 0.006767293866666667
6.226968 0.006768366453333333
6.24133 0.006769435157333334
6.255725 0.006770499978666666
6.270153 0.006771559946666666
6.284614 0.006772617002666667
6.299109 0.006773669205333333
6.313637 0.006774716554666667
6.328199 0.006775760992000001
6.342794 0.0067768005760000015
6.357423 0.006777835306666667
6.372086 0.006778866154666666
6.386782 0.00677989312
6.401513 0.006780915232
6.416277 0.006781933461333333
6.431076 0.006782946837333333
6.445908 0.006783955360000001
6.460775 0.006784960000000001
6.475676 0.006785959786666668
6.490612 0.00678695472
6.505582 0.006787945770666668
6.520586 0.006788931968
6.535625 0.006789913312
6.550699 0.006790889802666666
6.565807 0.0067918614400000014
6.580951 0.006792828224000001
6.596129 0.006793790154666667
6.611342 0.006794747232
6.62659 0.006795700426666666
6.641874 0.006796647797333333
6.657193 0.006797590314666667
6.672547 0.006826980160000001
6.687936 0.006902984330666667
6.703361 0.006980051381333333
6.718822 0.007058199754666667
6.734318 0.007137444981333333
6.74985 0.007217811328000001
6.765418 0.007299311413333332
6.781022 0.007381970474666668
6.796661 0.007465805013333333
6.812337 0.007550835413333334
6.828049 0.007637086912
6.843797 0.00772457504
6.859582 0.007813325034666668
6.875403 0.007903360191999999
6.89126 0.007994697013333335
6.907154 0.008087366560000002
6.923084 0.008181388245333333
6.939052 0.008276784394666666
6.955056 0.008373584128000001
6.971097 0.008471810741333333
6.987175 0.008571487530666666
7.00329 0.008672643616000002
7.019443 0.008775308117333331
7.035632 0.008879502389333332
7.051859 0.008985256522666667
7.068124 0.009092603520000003
7.084425 0.009201568618666667
7.100765 0.009312180938666667
7.117142 0.009424470570666667
7.133557 0.0095384744
7.15001 0.009654221546666668
7.1665 0.00977174016
7.183029 0.009891064213333335
7.199596 0.01001224224
7.216201 0.010135293653333334
7.232845 0.01026025728
7.249526 0.01038716224
7.266247 0.010516066773333332
7.283005 0.010646990293333334
7.299803 0.010779971626666668
7.316639 0.010915069013333334
7.333514 0.011052311573333333
7.350428 0.011191738133333334
7.367381 0.011333397226666668
7.384373 0.011477327680000001
7.401404 0.011623578026666668
7.418475 0.011772187093333332
7.435585 0.011923222826666668
7.452734 0.012076714346666666
7.469923 0.012232710186666667
7.487152 0.012391268586666665
7.50442 0.012552438079999999
7.521728 0.012716276906666667
7.539076 0.012882833599999999
7.556464 0.013052166399999999
7.573893 0.013224333546666666
7.591361 0.013399393280000001
7.60887 0.013577394133333335
7.626419 0.01375841376
7.644008 0.013942510399999998
7.661638 0.014129752
7.679309 0.0143201968
7.69702 0.014513912746666666
7.714773 0.014710977493333333
7.732566 0.01491145898666667
7.7504 0.015115425173333334
7.768276 0.015322953706666665
7.786193 0.015534131946666668
7.804151 0.01574902784
7.82215 0.015967728746666666
7.840191 0.01619031232
7.858274 0.016416865920000002
7.876398 0.016647476906666667
7.894564 0.016882242346666666
7.912772 0.0171212496
7.931022 0.01736459573333333
7.949314 0.01761236810666667
7.967648 0.017864692906666667
7.986025 0.018121657493333335
8.004444 0.018383358933333333
8.022905 0.01864992341333333
8.041409 0.018921448
8.059956 0.019198058880000004
8.078545 0.019479862826666666
8.097177 0.019766995733333334
8.115853 0.020059583786666668
8.134571 0.02035776288
8.153332 0.02066163978666667
8.172137 0.020971360106666666
8.190985 0.021287059733333336
8.209877 0.021608903680000003
8.228812 0.02193704725333333
8.247791 0.022271616640000002
8.266814 0.022612767146666667
8.28588 0.022960673493333337
8.304991 0.023315510399999996
8.324145 0.023677462293333337
8.343344 0.024046684480000004
8.362587 0.024423341973333335
8.381874 0.02480764832
8.401206 0.02519983648
8.420583 0.02560004234666667
8.440004 0.026008489173333336
8.45947 0.02642540992
8.478981 0.026851037546666665
8.498537 0.027285566186666665
8.518138 0.02772920938666667
8.537784 0.028182297173333332
8.557475 0.028645013973333334
8.577212 0.02911760245333334
8.596995 0.029600382933333336
8.616823 0.030093627200000004
8.636696 0.030597558506666667
8.656616 0.031112536000000003
8.676582 0.031638860586666664
8.696593 0.03217677493333333
8.716651 0.03272671584
8.736755 0.033288955093333336
8.756905 0.03386378389333333
8.777102 0.0344517264
8.797346 0.03505301557333334
8.817636 0.03566803968
8.837973 0.036297322879999996
8.858357 0.03694111754666667
8.878787 0.03759999637333333
8.899265 0.03827431850666667
8.919791 0.038964520746666675
8.940363 0.039671224320000004
8.960983 0.04039470101333333
8.981651 0.04113572735999999
9.002366 0.04189460426666666
9.023129 0.04267204032
9.04394 0.04346853056
9.064799 0.04428465738666666
9.085706 0.0451211488
9.106661 0.045978470720000005
9.127664 0.04685753557333333
9.148716 0.04775873162666667
9.169817 0.04868313632
9.190966 0.04963109909333334
9.212164 0.05060385269333333
9.233411 0.05160172714666667
9.254707 0.05262606197333333
9.276052 0.05367724544000001
9.297446 0.054756685013333334
9.31889 0.05586485632
9.340383 0.05700319594666667
9.361925 0.058172363946666666
9.383517 0.05937373866666667
9.405159 0.06060825194666667
9.426851 0.06187713653333333
9.448593 0.06318173194666668
9.470386 0.06452300885333333
9.492228 0.06590284063999999
9.514121 0.06732195530666667
9.536064 0.06878251744
9.558058 0.07028549770666666
9.580103 0.07183270154666666
9.602198 0.07342596352
9.624345 0.07506650666666666
9.646542 0.07675702944
9.668791 0.07849864810666667
9.691091 0.08029361461333334
9.713442 0.08214440416
9.735845 0.08405251157333335
9.7583 0.08602095562666667
9.780807 0.08805187178666667
9.803365 0.09014735669333335
9.825975 0.09231113770666666
9.848638 0.09454519498666668
9.871353 0.09685222698666666
9.89412 0.099236592
9.91694 0.1017004352
9.939812 0.10424707626666667
9.962737 0.10688136853333334
9.985715 0.10960602986666666
10.00875 0.11242484586666668
10.03183 0.11534305813333333
10.05497 0.11836474346666667
10.07816 0.12149397866666667
10.1014 0.12473571413333333
10.1247 0.1280968416
10.14805 0.1315810496
10.17146 0.13519406506666665
10.19492 0.13894297386666668
10.21843 0.14283466773333336
10.242 0.14687458239999998
10.26562 0.15106990080000002
10.2893 0.155429456
10.31303 0.15996159573333335
10.33681 0.16467340586666668
10.36065 0.16957381653333334
10.38455 0.17467263146666667
10.4085 0.17998246933333337
10.43251 0.18551109546666666
10.45657 0.19126996373333333
10.48069 0.19727072213333335
10.50486 0.2035271541333333
10.52909 0.21005411093333334
10.55337 0.21686304639999998
10.57771 0.22396881173333333
10.60211 0.23138684053333336
10.62656 0.23913353706666668
10.65107 0.24722986773333333
10.67563 0.2556916544
10.70026 0.2645370485333333
10.72494 0.2737858517333333
10.74967 0.28345893333333333
10.77446 0.2935779392
10.79931 0.3041660682666667
10.82422 0.3152513728
10.84919 0.3268527808
10.87421 0.33899494720000006
10.89929 0.35170242986666667
10.92443 0.36500027200000007
10.94962 0.37891312853333337
10.97488 0.3934651690666666
11.00019 0.4086794954666667
11.02556 0.42457882133333325
11.05099 0.44118692800000003
11.07648 0.4585142986666667
11.10202 0.47657248426666665
11.12763 0.49536769706666667
11.15329 0.5148993546666668
11.17902 0.535158624
11.2048 0.5561263829333333
11.23064 0.5777717642666667
11.25655 0.6000499232000001
11.28251 0.6229004842666666
11.30853 0.6462455029333334
11.33461 0.6699882037333333
11.36075 0.6940128832000001
11.38696 0.7181848128
11.41322 0.7423523744
11.43954 0.7663506517333333
11.46593 0.7900072543999999
11.49237 0.8131499861333334
11.51888 0.8356175221333333
11.54545 0.8572701834666667
11.57207 0.8780031381333334
11.59876 0.8977570784000002
11.62551 0.9165273450666668
11.65233 0.9343689749333335
11.6792 0.9513956330666666
11.70614 0.9677737887999999
11.73314 0.9837104853333333
11.7602 0.9994381973333334
11.78732 1.0151969706666666
11.81451 1.0312158826666666
11.84176 1.047702656
11.86907 1.0648261866666668
11.89644 1.0827155733333331
11.92388 1.1014542933333336
11.95138 1.1210802026666666
11.97895 1.1415933013333335
12.00658 1.1629576746666668
12.03427 1.1851092586666667
12.06202 1.2079490453333335
12.08984 1.2313731733333335
12.11773 1.2552748693333333
12.14568 1.2795337706666667
12.17369 1.3040285440000001
12.20177 1.3286339733333334
12.22991 1.3532335786666667
12.25812 1.377713792
12.28639 1.4019697813333334
12.31472 1.4258918613333333
12.34313 1.4493790826666668
12.37159 1.4723819413333334
12.40013 1.4948392853333332
12.42873 1.5167025813333332
12.45739 1.5379368853333335
12.48613 1.5585208426666668
12.51492 1.5784360106666666
12.54379 1.5976765653333334
12.57272 1.6162978346666668
12.60172 1.634337674666667
12.63078 1.65184656
12.65991 1.6688875840000001
12.68911 1.6855238399999999
12.71838 1.7018397760000001
12.74771 1.717937312
12.77711 1.733904778666667
12.80658 1.7498285653333334
12.83612 1.7657931199999999
12.86572 1.781887744
12.8954 1.7981784426666667
12.92514 1.8147224853333335
12.95495 1.831563552
12.98483 1.8487482346666664
13.01478 1.8662940053333332
13.04479 1.884192128
13.07488 1.902430954666667
13.10504 1.9209978666666667
13.13526 1.93987248
13.16556 1.958990730666667
13.19592 1.9783031146666665
13.22636 1.9977630400000004
13.25686 2.0173219733333334
13.28744 2.0369012906666666
13.31808 2.018706144
13.3488 1.5683905813333334
13.37959 1.592367018666667
13.41045 1.6177586880000001
13.44138 1.6444782293333335
13.47238 1.6724703146666668
13.50345 1.7015553706666666
13.53459 1.7315819733333335
13.56581 1.7624249066666664
13.5971 1.7939298346666668
13.62846 1.8259210666666668
13.65989 1.8582743573333333
13.6914 1.8909004053333331
13.72297 1.9236584640000003
13.75462 1.9564737920000002
13.78635 1.9893298880000003
13.81814 2.0221325973333335
13.85001 2.0548518293333333
13.88196 2.087506026666667
13.91397 2.120021418666667
13.94607 2.1523785919999994
13.97823 2.1845853120000003
14.01047 2.2165581013333333
14.04278 2.2482649279999998
14.07517 2.2796669653333335
14.10763 2.3106593813333336
14.14017 2.3411907306666664
14.17279 2.371162976
14.20547 2.400454784
14.23824 2.4289991786666665
14.27108 2.4566437653333333
14.30399 2.4832778880000004
14.33698 2.508795744
14.37005 2.533045909333333
14.40319 2.5559342293333334
14.43641 2.577328693333334
14.46971 2.5971215573333337
14.50308 2.6152235200000002
14.53653 2.6315355733333337
14.57006 2.645998506666667
14.60366 2.6585501973333336
14.63734 2.6691595840000004
14.6711 2.6778159893333333
14.70494 2.6845252373333333
14.73885 2.689326154666667
14.77285 2.6922663040000003
14.80692 2.6934301333333335
14.84107 2.6929020906666667
14.8753 2.6908015680000004
14.90961 2.6872479573333337
14.944 2.682365504
14.97846 2.6763104853333335
15.01301 2.669181909333333
15.04763 2.6611758506666665
15.08234 2.652333077333333
15.11713 2.6428904319999997
15.15199 2.6328168533333334
15.18694 2.622363744
15.22196 2.611443744
15.25707 2.600282048
15.29226 2.588756352
15.32753 2.5770462293333334
15.36288 2.5649973440000005
15.39832 2.552744618666667
15.43383 2.5400987733333333
15.46943 2.5271597866666666
15.50511 2.5137131413333336
15.54087 2.499840373333334
15.57671 2.485316288
15.61264 2.4702282453333337
15.64864 2.4543656106666667
15.68474 2.4378225386666665
15.72091 2.4204505173333337
15.75717 2.402354378666667
15.79351 2.383472970666667
15.82994 2.363924714666667
15.86645 2.343750378666667
15.90304 2.3230664426666667
15.93972 2.3020311253333334
15.97648 2.280714314666667
16.01333 2.259416917333333
16.05027 2.2381214613333333
16.08728 2.2172288320000004
16.12439 2.196706997333333
16.16158 2.1768597759999997
16.19885 2.1578055893333334
16.23621 2.139634709333333
16.27366 2.1226723093333333
16.31119 2.1067892906666668
16.34881 2.0923845973333335
16.38652 2.0793417493333335
16.42431 2.0678160533333334
16.46219 2.057994848
16.50016 2.049708266666667
16.53822 2.043352341333333
16.57636 2.0387018773333336
16.61459 2.0358704426666665
16.65291 2.0350560533333333
16.69132 2.036017984
16.72982 2.039066848
16.7684 2.044072576
16.80708 2.05095072
16.84584 2.06007984
16.8847 2.071098848
16.92364 2.0841261653333336
16.96267 2.0992996266666664
17.00179 2.1163581226666666
17.04101 2.135453077333333
17.08031 2.1565378986666666
17.1197 2.179420394666667
17.15919 2.2042102506666668
17.19876 2.2307473066666668
17.23843 2.2588607253333337
17.27819 2.288558272
17.31804 2.3196234880000004
17.35798 2.351870976
17.39802 2.385178432
17.43814 2.41931872
17.47836 2.4540812053333334
17.51867 2.489252341333333
17.55908 2.5246069333333336
17.59958 2.5599498773333336
17.64017 2.595054037333334
17.68085 2.6296932479999997
17.72163 2.6637364693333336
17.76251 2.697009952
17.80347 2.729279765333333
17.84453 2.7604915520000004
17.88569 2.79051136
17.92694 2.819174176
17.96829 2.846383904
18.00973 2.8720493013333335
18.05127 2.89604224
18.0929 2.9181986773333337
18.13463 2.9384293120000002
18.17646 2.956590485333334
18.21838 2.972514272
18.2604 2.9860337173333336
18.30251 2.997016810666666
18.34473 3.005312128
18.38704 3.010742037333334
18.42944 3.013180352
18.47195 3.012553301333333
18.51455 3.0087909973333336
18.55726 3.0018177280000007
18.60006 2.991644170666667
18.64295 2.978361568
18.68595 2.962066016
18.72905 2.942874965333334
18.77225 2.9209485760000002
18.81554 2.8965450453333332
18.85894 2.8698983040000003
18.90243 2.841255872
18.94603 2.810871093333333
18.98973 2.7790293440000005
19.03353 2.745985909333333
19.07742 2.711986368
19.12142 2.6772675626666667
19.16553 2.642097397333333
19.20973 2.60663312
19.25403 2.571049450666667
19.29844 2.535504608
19.34295 2.500142250666667
19.38756 2.465162336
19.43228 2.430577482666667
19.4771 2.3964672853333333
19.52202 2.362893866666667
19.56704 2.329903818666667
19.61217 2.2975951786666666
19.65741 2.265961152
19.70275 2.2349794133333334
19.74819 2.204655786666667
19.79373 2.174990272
19.83939 2.1459789866666665
19.88514 2.117670464
19.93101 2.0900219946666665
19.97698 2.0630005760000003
20.02305 2.0365994133333336
20.06923 2.010815594666666
20.11552 1.9856442666666667
20.16191 1.9610941653333331
20.20841 1.9372245013333333
20.25502 1.9139828586666667
20.30174 1.8913828266666668
20.34856 1.8694418773333337
20.39549 1.8481823360000003
20.44253 1.82762944
20.48968 1.8078152213333336
20.53694 1.7888348053333332
20.58431 1.7707202240000004
20.63178 1.7534792426666668
20.67937 1.7371642773333333
20.72706 1.7218287146666666
20.77487 1.707532736
20.82278 1.694338464
20.87081 1.6823128746666667
20.91894 1.6715277973333333
20.96719 1.6621647466666667
21.01555 1.6542644906666668
21.06402 1.6478464426666666
21.1126 1.6429940799999998
21.1613 1.6397879680000003
21.2101 1.6383115840000002
21.25902 1.6386493759999998
21.30805 1.6408838506666668
21.3572 1.6450965439999996
21.40646 1.651363168
21.45583 1.6597536106666668
21.50531 1.6703231999999997
21.55491 1.6832495680000001
21.60463 1.6983880853333333
21.65445 1.7157115733333332
21.7044 1.7351520853333335
21.75446 1.7565805226666669
21.80463 1.7797988693333333
21.85492 1.804520778666667
21.90533 1.8303589546666668
21.95585 1.85680768
22.00649 1.8832350506666666
22.05724 1.9088858879999997
22.10812 1.9328846506666666
22.15911 1.954260672
22.21021 1.971988928
22.26144 1.985045365333333
22.31278 1.9924699946666664
22.36425 1.9934464853333336
22.41583 1.9873662293333332
22.46753 1.9738914346666665
22.51935 1.9529861866666667
22.57128 1.9249242133333333
22.62334 1.8902655893333333
22.67552 1.8498043199999998
22.72782 1.8045062186666667
22.78024 1.7554254293333333
22.83278 1.7036287146666667
22.88544 1.6501381866666667
22.93822 1.5958818026666666
22.99113 1.5416661866666665
23.04415 1.4881591573333335
23.0973 1.4358916693333335
23.15057 1.3852626666666668
23.20397 1.3365546133333335
23.25749 1.289949024
23.31113 1.2455458773333334
23.36489 1.2033810880000002
23.41878 1.1634449493333334
23.47279 1.1256850453333334
23.52693 1.090014016
23.58119 1.0563338240000002
23.63558 1.024535754666667
23.69009 0.9945072106666665
23.74473 0.9661324885333334
23.7995 0.9392987968
23.85439 0.913896256
23.9094 0.8898199370666666
23.96455 0.8669709290666666
24.01982 0.8452565333333334
24.07522 0.8245902634666665
24.13075 0.8048925248
24.1864 0.7860895466666667
24.24219 0.7681138677333332
24.2981 0.7509037536000001
24.35414 0.7344025173333334
24.41031 0.7185588106666667
24.46661 0.7033257504
24.52304 0.6886606272
24.5796 0.6745247114666666
24.63629 0.660882768
24.69311 0.6477029589333333
24.75006 0.6349590762666667
24.80714 0.6226230677333333
24.86436 0.6106686282666667
24.92171 0.5990743061333333
24.97919 0.5878202026666666
25.0368 0.5768886517333334
25.09454 0.5662632490666667
25.15242 0.5559290464
25.21043 0.5458725514666667
25.26858 0.5360810485333334
25.32686 0.5265432778666667
25.38527 0.5172485621333333
25.44382 0.50818768
25.5025 0.49935208960000005
25.56132 0.4907325696000001
25.62027 0.4823214517333333
25.67936 0.4741115530666667
25.73859 0.4660962730666666
25.79795 0.4582693994666666
25.85745 0.4506253024000001
25.91709 0.44315825493333344
25.97687 0.4358633066666667
26.03678 0.42873657493333334
26.09683 0.4217730122666667
26.15702 0.4149680565333334
26.21735 0.40831733973333334
26.27782 0.4018169792
26.33842 0.3954633834666667
26.39917 0.3892527669333334
26.46006 0.38318182933333333
26.52108 0.37724833813333336
26.58225 0.3714496725333334
26.64356 0.3657815616
26.70501 0.3602409962666667
26.7666 0.3548251616
26.82834 0.34953133973333333
26.89022 0.3443570069333334
26.95223 0.33930031893333334
27.0144 0.3343614698666667
27.0767 0.3295352181333333
27.13915 0.3248193312
27.20175 0.32021147946666667
27.26448 0.31570972160000005
27.32737 0.31131192213333336
27.39039 0.30701934293333333
27.45357 0.30282965440000004
27.51689 0.29873877973333335
27.58035 0.2947451658666667
27.64396 0.29084696853333336
27.70772 0.2870427317333334
27.77162 0.28333410560000005
27.83568 0.279720896
27.89988 0.2761978613333334
27.96422 0.27276373973333334
28.02872 0.2694172693333334
28.09337 0.2661571882666667
28.15816 0.26298990293333335
28.2231 0.2599101717333333
28.2882 0.2569147914666667
28.35344 0.25400288853333336
28.41884 0.25117358933333334
28.48438 0.24843087360000002
28.55008 0.2457784298666667
28.61592 0.2432081045333333
28.68192 0.24071950933333333
28.74808 0.23831215893333335
28.81438 0.235989936
28.88084 0.23376215893333335
28.94745 0.2316172768
29.01421 0.22955528960000002
29.08113 0.22757639146666667
29.1482 0.22568854186666668
29.21543 0.2239004768
29.28281 0.22219967466666668
29.35035 0.220586912
29.41804 0.21906296533333336
29.48589 0.21764880106666665
29.5539 0.21633908053333337
29.62206 0.21512642666666668
29.69038 0.21401239253333335
29.75886 0.21300464640000003
29.8275 0.2121354144
29.89629 0.2113775178666667
29.96524 0.21073386880000003
30.03435 0.21020747626666667
30.10362 0.2098450293333333
30.17306 0.2096262410666667
30.24265 0.20954557866666665
30.3124 0.20960799253333331
30.38231 0.20986046293333335
30.45238 0.21030784319999998
30.52262 0.21092936106666663
30.59302 0.2117326848
30.66358 0.21277304533333335
30.7343 0.21407597119999996
30.80518 0.21560661546666665
30.87623 0.21737672319999998
30.94744 0.21946511253333334
31.01882 0.22190265066666667
31.09036 0.22464614293333335
31.16207 0.22771325546666663
31.23394 0.23123376639999998
31.30598 0.2352068021333333
31.37818 0.23959547733333336
31.45055 0.2444251264
31.52309 0.24991463466666666
31.5958 0.2559601408
31.66867 0.2625587328
31.74171 0.2697826282666667
31.81492 0.2778379968
31.88829 0.2865416736
31.96184 0.2959184106666667
32.03556 0.3061107018666667
32.10944 0.31705341546666665
32.1835 0.3286236650666666
32.25773 0.3408138794666667
32.33213 0.35351398506666665
32.4067 0.36647791786666667
32.48144 0.37960269013333336
32.55636 0.3924753802666666
32.63144 0.40460172480000006
32.70671 0.4159322197333334
32.78214 0.4260976234666667
32.85775 0.4336987200000001
32.93353 0.4393724608000001
33.00949 0.44299557119999994
33.08562 0.4429184031999999
33.16193 0.4401162826666666
33.23841 0.4350204768
33.31508 0.4268085397333333
33.39191 0.41600395200000007
33.46893 0.40368774506666666
33.54612 0.38970868906666667
33.62349 0.3742365536
33.70104 0.358388576
33.77877 0.3422394976
33.85667 0.3258550325333333
33.93476 0.30991027946666666
34.01303 0.29444251200000005
34.09148 0.2795686954666667
34.1701 0.2654660736
34.24891 0.25210368213333334
34.32791 0.23964439893333334
34.40708 0.22797494719999997
34.48644 0.21703436906666668
34.56597 0.2069796213333333
34.6457 0.19760521386666666
34.7256 0.1888432
34.80569 0.1808373354666667
34.88597 0.17336689066666666
34.96643 0.16637731413333334
35.04708 0.16000100479999999
35.12791 0.15402480426666665
35.20893 0.1484243488
35.29013 0.143298064
35.37153 0.13846899733333334
35.45311 0.13394112853333334
35.53488 0.12976337920000003
35.61683 0.12581082453333334
35.69898 0.12210472213333336
35.78132 0.11865225493333333
35.86384 0.11537217813333332
35.94656 0.11229817386666667
36.02946 0.10940490773333333
36.11256 0.1066453024
36.19585 0.10406158186666667
36.27933 0.10160424213333333
36.36301 0.09925270506666667
36.44688 0.09705265024
36.53094 0.09493926624000001
36.61519 0.09292339541333333
36.69964 0.09101503562666667
36.78428 0.0891765056
36.86912 0.08742881056
36.95416 0.08575567242666667
37.03939 0.08413958037333333
37.12482 0.08260870314666667
37.21044 0.08112768906666668
37.29626 0.07970305130666668
37.38228 0.07834048768
37.4685 0.07701837173333334
37.55492 0.07575288448
37.64153 0.07452955328
37.72835 0.07334341802666666
37.81537 0.07220793216
37.90258 0.07110227488
37.99 0.07003679349333333
38.07762 0.06900601344
38.16544 0.06800177141333334
38.25347 0.06703861770666666
38.3417 0.06609834261333335
38.43013 0.06518887647999999
38.51876 0.06430767616000001
38.6076 0.06344721898666666
38.69665 0.06262035658666668
38.7859 0.06181175242666666
38.87535 0.06102907477333334
38.96501 0.06026939221333332
39.05488 0.05952772522666667
39.14496 0.05881416874666667
39.23524 0.05811576437333334
39.32573 0.057441840213333345
39.41643 0.05678664021333333
39.50734 0.05614927136
39.59846 0.05553618858666667
39.68979 0.0549361904
39.78133 0.05436312821333333
39.87308 0.053804732800000005
39.96505 0.05326742026666667
40.05722 0.05275148181333333
40.14961 0.052250404266666675
40.24221 0.05177875733333333
40.33502 0.0513191952
40.42805 0.050890704106666663
40.5213 0.05047952000000001
40.61475 0.05009362176
40.70843 0.04973597962666667
40.80232 0.04939651808000001
40.89642 0.049099581440000005
40.99075 0.04881594293333334
41.08529 0.048585244586666666
41.18005 0.04837528938666666
41.27502 0.04821294538666667
41.37022 0.048091155840000004
41.46564 0.04800913450666667
41.56127 0.04799466186666667
41.65713 0.04800857152000001
41.75321 0.04812650752
41.84951 0.04826884608
41.94603 0.048539312640000006
42.04277 0.048856594453333325
42.13974 0.04929999498666667
42.23693 0.04983586122666667
42.33434 0.050491235946666664
42.43198 0.051296966933333334
42.52985 0.05220986922666668
42.62794 0.05333955050666666
42.72625 0.0545580672
42.8248 0.05605561173333333
42.92357 0.057632450026666664
43.02257 0.059492431786666675
43.12179 0.06144154986666667
43.22125 0.06358699498666666
43.32094 0.06580125066666666
43.42085 0.06807850261333333
43.521 0.07031053120000001
43.62137 0.07244377504
43.72198 0.07431609397333333
43.82282 0.07594754197333334
43.92389 0.07706296416000001
44.0252 0.07787498506666668
44.12674 0.07799485269333334
44.22851 0.07785310624
44.33052 0.07701035402666669
44.43276 0.07601546922666667
44.53524 0.07446577077333334
44.63796 0.07287598378666668
44.74091 0.07094670613333333
44.8441 0.06904810154666667
44.94753 0.06701471018666666
45.0512 0.06503801546666667
45.1551 0.06307398794666666
45.25925 0.06117251018666666
45.36363 0.05935780032
45.46826 0.05760675647999999
45.57313 0.05597094048
45.67824 0.05439553877333333
45.78359 0.05293938346666666
45.88918 0.05153764373333334
45.99502 0.05024785098666666
46.10111 0.049005184106666655
46.20743 0.04786305888
46.314 0.04676049802666666
46.42082 0.04574648138666667
46.52789 0.044764865599999995
46.6352 0.043860699306666674
46.74276 0.042982440106666665
46.85057 0.04217199168000001
46.95862 0.041381742826666665
47.06693 0.04065116085333333
47.17548 0.03993587658666667
47.28429 0.03927346453333333
47.39334 0.03862218602666667
47.50265 0.038018159573333335
47.61221 0.037423713600000005
47.72202 0.036867909866666666
47.83209 0.03632241461333334
47.94241 0.03580830101333333
48.05298 0.035305146239999995
48.16381 0.03482728704
48.2749 0.03436094965333334
48.38624 0.03391480213333334
48.49783 0.03348065205333333
48.60969 0.03306240149333334
48.7218 0.03265651722666666
48.83417 0.03226295072
48.9468 0.031882032
49.05969 0.03151042197333334
49.17285 0.031151673279999997
49.28626 0.03079969984
49.39993 0.030460723626666665
49.51387 0.0301263872
49.62807 0.029805145066666667
49.74253 0.029487426453333333
49.85725 0.029181452906666665
49.97224 0.028879429973333336
50.0875 0.028586657493333337
50.20302 0.02829883541333333
50.31881 0.02801813802666667
50.43486 0.027743225813333335
50.55119 0.02747361344
50.66778 0.02721048512
50.78464 0.026951093866666668
50.90177 0.026698769066666666
51.01917 0.02644888064
51.13684 0.026206417813333337
51.25478 0.02596631370666667
51.37299 0.02573200448
51.49148 0.02550091786666667
51.61024 0.025274218666666664
51.72927 0.0250514992
51.84858 0.024831924693333333
51.96816 0.024616970560000003
52.08802 0.024404083946666665
52.20816 0.024196361280000002
52.32857 0.023990482879999997
52.44926 0.023788807466666666
52.57023 0.023589597546666664
52.69147 0.023393522880000003
52.813 0.023200564053333334
52.93481 0.023009789226666667
53.0569 0.022822693226666666
53.17927 0.02263718912
53.30192 0.022455383253333332
53.42486 0.022275344000000002
53.54807 0.02209807114666667
53.67158 0.021923176426666666
53.79536 0.02175025216
53.91944 0.021580230186666667
54.0438 0.02141158656
54.16844 0.02124602965333333
54.29338 0.021081957866666667
54.4186 0.020920176853333333
54.54411 0.02076043424
54.66991 0.020602283519999997
54.796 0.02044666624
54.92238 0.020292272
55.04905 0.020140314133333333
55.17602 0.01998980256
55.30328 0.019841057600000003
55.43083 0.019694253973333332
55.55867 0.019548615146666667
55.68681 0.019405354453333332
55.81525 0.01926318090666667
55.94398 0.019122832213333333
56.07301 0.018984017173333336
56.20233 0.018846454293333335
56.33196 0.01871085216
56.46188 0.018576269226666667
56.59211 0.018443462613333333
56.72263 0.018311937280000003
56.85345 0.018181644693333332
56.98458 0.018053050773333336
57.11601 0.01792540810666667
57.24774 0.017799434986666668
57.37978 0.017674578133333337
57.51212 0.01755090549333333
57.64476 0.01742873738666667
57.77771 0.017307462293333332
57.91097 0.01718772085333333
58.04454 0.017069008320000002
58.17841 0.01695137322666667
58.31259 0.016835135893333335
58.44709 0.016719733333333337
58.58189 0.016605709120000003
58.717 0.016492674986666667
58.85243 0.0163805824
58.98816 0.016269839040000005
59.12421 0.016159862506666664
59.26058 0.016051099306666667
59.39725 0.01594332618666667
59.53425 0.01583635872
59.67156 0.01573070165333333
59.80918 0.015625792
59.94713 0.015521882133333333
60.08539 0.01541901088
60.22397 0.015316838506666668
60.36287 0.015215869760000002
60.50209 0.015115658133333336
60.64163 0.015016271573333333
60.78149 0.014917962453333334
60.92168 0.014820323093333336
61.06219 0.014723664106666664
61.20302 0.0146278496
61.34418 0.014532695146666667
61.48566 0.014438637546666664
61.62747 0.014345230293333334
61.76961 0.014252589866666665
61.91208 0.014160900693333332
62.05487 0.01406982304
62.19799 0.01397961898666667
62.34145 0.013890191466666668
62.48523 0.013801356053333333
62.62934 0.0137134816
62.77379 0.01362623808
62.91857 0.013539644906666667
63.06369 0.013453954453333333
63.20914 0.013368817279999999
63.35492 0.013284417813333333
63.50104 0.013200775466666669
63.6475 0.0131176864
63.7943 0.013035393280000003
63.94143 0.012953750506666669
64.08891 0.012872631893333335
64.23672 0.012792367466666668
64.38488 0.012712646613333333
64.53337 0.012633488746666666
64.68221 0.012555126826666667
64.8314 0.01247727936
64.98092 0.012400023999999999
65.13079 0.012323496639999999
65.28101 0.012247454613333333
65.43158 0.012172043519999998
65.58249 0.012097273066666667
65.73374 0.012022987946666666
65.88535 0.011949353173333335
66.03731 0.011876300800000001
66.18962 0.01180370464
66.34228 0.011731787946666669
66.49529 0.011660395413333333
66.64865 0.011589449386666667
66.80237 0.011519192533333333
66.95644 0.0114494016
67.11087 0.011380057173333333
67.26566 0.01131140192
67.4208 0.01124317376
67.5763 0.011175401813333334
67.73215 0.011108270506666667
67.88837 0.011041566293333334
68.04495 0.010975308586666668
68.20189 0.0109096624
68.35919 0.010844433600000002
68.51685 0.0107796416
68.67488 0.010715441706666667
68.83327 0.010651639786666667
68.99202 0.010588274666666668
69.15115 0.010525472533333335
69.31064 0.010463068373333335
69.47049 0.010401071893333332
69.63072 0.0103396384
69.79132 0.010278583466666666
69.95228 0.010217926506666666
70.11362 0.01015781312
70.27533 0.010098068586666668
70.43741 0.010038712319999999
70.59987 0.00997988992
70.7627 0.009921426666666667
70.9259 0.009863312853333332
71.08949 0.009805742613333333
71.25345 0.009748521813333334
71.41779 0.009691647541333333
71.5825 0.00963528384
71.7476 0.00957927152
71.91308 0.009523596992
72.07894 0.009468400032
72.24518 0.009413565130666667
72.41181 0.009359059285333333
72.57882 0.009304995093333334
72.74621 0.009251306549333335
72.91399 0.009197939296000001
73.08216 0.00914497584
73.25072 0.009092403562666667
73.41966 0.009040144810666667
73.589 0.008988251029333334
73.75872 0.008936765898666666
73.92884 0.008885585557333335
74.09935 0.00883473136
74.27025 0.008784305226666667
74.44155 0.008734177088
74.61324 0.008684345002666667
74.78533 0.00863493904
74.95781 0.008585835925333333
75.13069 0.008537021098666666
75.30397 0.008488585802666667
75.47765 0.008440481504000001
75.65173 0.008392658698666667
75.82622 0.008345168832
76.0011 0.008298037141333333
76.17639 0.00825118112
76.35208 0.008204610474666668
76.52818 0.008158428096
76.70469 0.008112514592
76.8816 0.008066868021333332
77.05892 0.008021582538666666
77.23664 0.007976588256
77.41478 0.007931855082666667
77.59333 0.007887430581333335
77.77229 0.007843333194666667
77.95166 0.0077994901226666686
78.13145 0.0077559042773333335
78.31165 0.007712681461333334
78.49227 0.007669707136
78.6733 0.007626980330666666
78.85476 0.007584569962666668
79.03663 0.007542444
79.21892 0.007500558762666667
79.40163 0.007458935605333334
79.58476 0.007417636650666667
79.76831 0.0073765735679999994
79.95229 0.007335745386666666
80.13669 0.007295226848
80.32152 0.007254966506666668
80.50677 0.007214934272
80.69245 0.007175156352000001
80.87856 0.007135678368
81.0651 0.007096424608
81.25206 0.007057394101333334
81.43946 0.007018655765333334
81.62729 0.006980162037333332
81.81556 0.006941885738666668
82.00426 0.006903843370666667
82.19339 0.0068660912319999995
82.38296 0.006828551669333334
82.57297 0.006791223711999999
82.76341 0.006754162688
82.9543 0.006717342389333334
83.14562 0.006680729813333334
83.33739 0.006644324959999999
83.5296 0.006608208394666666
83.72225 0.006572293728
83.91535 0.00653658096
84.10889 0.006501100181333333
84.30288 0.006465868864000001
84.49731 0.006430833621333334
84.6922 0.006395994453333334
84.88753 0.006361407658666667
85.08332 0.006327035381333334
85.27955 0.006292854325333334
85.47624 0.006258865461333333
85.67338 0.006225140618666667
85.87098 0.006191603114666666
86.06903 0.006158251978666667
86.26754 0.006125108565333335
86.4665 0.006092200053333332
86.66593 0.006059473056000001
86.86582 0.006026927573333334
87.06616 0.005994601461333334
87.26697 0.005962485984
87.46824 0.005930547168
87.66998 0.005898785013333333
87.87218 0.005867249994666667
88.07485 0.005835905226666667
88.27798 0.005804733237333334
88.48159 0.0057737320853333335
88.68566 0.005742962922666667
88.8902 0.005712367509333334
89.09522 0.0056819400213333334
89.30071 0.005651683370666667
89.50667 0.005621651914666666
89.71311 0.005591784501333334
89.92002 0.00556208016
90.12741 0.005532549568
90.33528 0.005503231552
90.54363 0.0054740717546666665
90.75246 0.005445072117333333
90.96177 0.0054162442879999995
91.17157 0.005387618357333333
91.38184 0.005359148704
91.5926 0.005330832416
91.80385 0.005302686965333333
92.01559 0.005274734677333333
92.22781 0.005246934784
92.44053 0.005219284373333333
92.65373 0.0051917999466666665
92.86743 0.005164503829333333
93.08162 0.005137355253333334
93.2963 0.005110352277333334
93.51148 0.005083508490666667
93.72715 0.005056851071999999
93.94332 0.005030335370666666
94.15999 0.005003963328000001
94.37716 0.004977741738666667
94.59483 0.004951704576000001
94.81301 0.004925806218666668
95.03168 0.004900047637333334
95.25086 0.004874428832
95.47055 0.004848995424
95.69074 0.0048236979093333335
95.91144 0.004798535317333334
96.13265 0.004773507648
96.35437 0.004748657610666666
96.5766 0.0047239444373333335
96.79934 0.004699363274666667
97.0226 0.004674912181333334
97.24637 0.004650626101333333
97.47066 0.004626481738666667
97.69547 0.004602465504
97.92079 0.004578577397333334
98.14664 0.0045548378026666675
98.373 0.004531247690666667
98.59989 0.004507781824
98.8273 0.004484441173333333
99.05523 0.004461232533333333
99.28369 0.004438182112
99.51268 0.004415253024000001
99.74219 0.0043924452693333334
99.97224 0.004369757877333334
100.2028 0.004347226762666667
100.4339 0.004324819893333333
100.6656 0.004302531445333334
100.8977 0.0042803604479999995
101.1304 0.0042583272853333335
101.3637 0.004236429045333333
101.5975 0.004214646314666667
101.8318 0.004192977152000001
102.0667 0.004171427381333334
102.3021 0.004150024181333333
102.538 0.004128734549333334
102.7745 0.004107555573333334
103.0116 0.004086487253333333
103.2491 0.004065554826666666
103.4873 0.004044744704
103.726 0.004024043295999999
103.9652 0.004003449632
104.205 0.003982969536000001
104.4453 0.003962627274666668
104.6862 0.003942390816
104.9276 0.003922259189333333
105.1696 0.003902233365333334
105.4122 0.0038823327573333333
105.6553 0.0038625496
105.899 0.003842869333333333
106.1433 0.003823290986666666
106.3881 0.0038038155306666667
106.6334 0.003784474026666667
106.8794 0.003765232501333334
107.1259 0.003746090954666667
107.373 0.0037270484160000002
107.6206 0.003708117504
107.8688 0.0036893040426666667
108.1176 0.0036705876480000003
108.367 0.0036519692906666667
108.6169 0.003633446058666667
108.8674 0.0036150402773333333
109.1185 0.0035967393280000007
109.3702 0.003578533504
109.6224 0.0035604208640000004
109.8753 0.0035424014080000002
110.1287 0.003524503285333333
110.3827 0.003506699317333333
110.6373 0.003488986592
110.8924 0.0034713651093333333
111.1482 0.0034538387520000003
111.4046 0.0034364269333333336
111.6615 0.0034191044159999997
111.919 0.0034018712000000004
112.1772 0.003384726314666667
112.4359 0.003367677525333333
112.6952 0.003350735509333334
112.9551 0.003333879882666667
113.2156 0.003317111616
113.4768 0.0033004287679999997
113.7385 0.0032838410453333335
114.0008 0.0032673552426666663
114.2637 0.0032509529173333335
114.5273 0.00323463504
114.7914 0.0032184006399999998
115.0562 0.0032022603946666667
115.3215 0.0031862162453333335
115.5875 0.0031702536320000006
115.8541 0.003154373525333333
116.1213 0.0031385730133333335
116.3891 0.003122863744
116.6576 0.0031072496
116.9266 0.00309171408
117.1963 0.003076257184
117.4666 0.003060879882666667
117.7375 0.0030455879999999997
118.0091 0.0030303893013333334
118.2813 0.0030152682560000005
118.5541 0.0030002238933333337
118.8275 0.002985255242666667
119.1016 0.0029703671573333332
119.3763 0.0029555732266666663
119.6516 0.002940854037333333
119.9275 0.0029262086186666665
120.2041 0.0029116379413333337
120.4814 0.002897141034666667
120.7593 0.002882739253333333
121.0378 0.0028684093013333334
121.3169 0.0028541531200000003
121.5967 0.002839967797333333
121.8772 0.002825855274666667
122.1583 0.0028118281706666667
122.44 0.002797877749333334
122.7224 0.002783997216
123.0055 0.0027701875413333335
123.2892 0.002756446784
123.5735 0.0027427836800000003
123.8585 0.0027292001706666663
124.1442 0.0027156865493333333
124.4305 0.0027022399040000002
124.7175 0.0026888612053333335
125.0052 0.0026755494826666668
125.2935 0.0026623241493333337
125.5824 0.0026491648213333337
125.8721 0.002636071498666667
126.1624 0.0026230441813333335
126.4534 0.0026100818986666665
126.745 0.002597194357333333
127.0374 0.0025843805866666665
127.3304 0.0025716299093333336
127.624 0.0025589442666666667
127.9184 0.002546320746666667
128.2134 0.0025337622613333336
128.5091 0.0025212824000000003
128.8055 0.0025088656320000004
129.1026 0.0024965109866666667
129.4003 0.0024842174933333333
129.6988 0.002471986122666667
129.9979 0.002459822698666667
130.2978 0.0024477291626666666
130.5983 0.0024356967786666665
130.8995 0.002423723605333333
131.2014 0.0024118106133333332
131.504 0.002399956832
131.8073 0.0023881739093333334
132.1113 0.0023764531093333333
132.416 0.0023647915200000003
132.7214 0.0023531881706666665
133.0275 0.002341642090666666
133.3343 0.0023301532800000004
133.6418 0.0023187372693333334
133.9501 0.0023073775573333333
134.259 0.0022960751146666666
134.5687 0.002284828
134.879 0.002273637184
135.1901 0.002262503637333333
135.5019 0.002251438037333333
135.8144 0.0022404277653333337
136.1277 0.00222947088
136.4416 0.0022185693226666665
136.7563 0.002207721152
137.0717 0.0021969312213333332
137.3879 0.002186204384
137.7048 0.0021755299626666667
138.0224 0.0021649089280000003
138.3407 0.00215434128
138.6598 0.0021438250773333336
138.9796 0.002133364202666667
139.3001 0.002122965450666667
139.6214 0.0021126171733333336
139.9434 0.0021023203413333335
140.2662 0.0020920749546666667
140.5897 0.002081879072
140.9139 0.002071737546666667
141.2389 0.0020616552320000003
141.5647 0.002051622421333333
141.8912 0.002041639114666667
142.2185 0.002031705312
142.5465 0.0020218200426666668
142.8752 0.002011984277333333
143.2048 0.002002208693333333
143.535 0.0019924806720000004
143.8661 0.001982801184
144.1979 0.001973169258666667
144.5305 0.0019635839253333335
144.8638 0.0019540461546666667
145.1979 0.0019445646826666669
145.5328 0.001935131744
145.8685 0.001925745397333333
146.2049 0.001916404672
146.5421 0.0019071105386666667
146.8801 0.001897861056
147.2189 0.0018886630186666666
147.5584 0.0018795154560000001
147.8987 0.0018704125440000003
148.2398 0.0018613552533333333
148.5817 0.0018523416426666668
148.9244 0.001843371712
149.2679 0.001834446432
149.6122 0.0018255755093333332
149.9572 0.0018167472960000002
150.3031 0.0018079617919999997
150.6498 0.001799219968
150.9972 0.0017905208533333333
151.3455 0.0017818644480000001
151.6945 0.0017732556053333334
152.0444 0.0017646933546666668
152.3951 0.001756172842666667
152.7466 0.0017476940693333333
153.0989 0.0017392560640000004
153.452 0.0017308597973333336
153.8059 0.0017225042986666666
154.1606 0.001714198304
154.5162 0.0017059340480000001
154.8726 0.0016977095893333332
155.2298 0.0016895249280000002
155.5878 0.0016813810346666667
155.9466 0.0016732759680000001
156.3063 0.0016652126400000002
156.6668 0.001657195904
157.0281 0.0016492179946666669
157.3903 0.001641278912
157.7533 0.0016333776853333334
158.1171 0.0016255162559999999
158.4818 0.0016176917119999999
158.8473 0.0016099089066666668
159.2137 0.0016021697813333334
159.5809 0.0015944675413333332
159.949 0.0015868031573333333
160.3179 0.0015791766293333333
160.6876 0.0015715860160000002
161.0582 0.0015640332586666665
161.4297 0.001556519328
161.802 0.001549047136
162.1752 0.0015416118293333332
162.5493 0.0015342114666666668
162.9242 0.0015268479893333334
163.2999 0.001519519456
163.6766 0.0015122268373333333
164.0541 0.0015049720746666666
164.4324 0.0014977571093333334
164.8117 0.0014905780586666668
165.1918 0.0014834329813333334
165.5728 0.0014763228479999998
165.9547 0.0014692466879999999
166.3374 0.0014622054720000001
166.7211 0.0014551982293333334
167.1056 0.0014482317546666667
167.491 0.0014412992533333335
167.8773 0.0014343997546666667
168.2645 0.0014275342293333334
168.6526 0.0014207017066666667
169.0416 0.0014139021866666668
169.4314 0.0014071346986666666
169.8222 0.0014004070080000002
170.2139 0.00139371232
170.6065 0.001387049664
170.9999 0.00138041904
171.3943 0.0013738204480000002
171.7896 0.001367253888
172.1859 0.0013607193600000001
172.583 0.0013542188053333334
172.981 0.0013477531946666666
173.38 0.0013413186453333334
173.7799 0.0013349151573333335
174.1807 0.0013285427306666668
174.5824 0.0013222013653333333
174.9851 0.0013158900906666668
175.3886 0.0013096089066666667
175.7932 0.0013033636373333333
176.1986 0.0012971494293333333
176.605 0.0012909643413333333
177.0123 0.001284809344
177.4206 0.0012786844373333334
177.8298 0.0012725886506666667
178.2399 0.001266521984
178.651 0.001260485408
179.0631 0.001254483776
179.476 0.0012485093226666665
179.89 0.0012425649599999999
180.3049 0.0012366487466666666
180.7207 0.0012307606826666667
181.1375 0.001224900768
181.5553 0.0012190690026666665
181.9741 0.001213267328
182.3938 0.0012074967146666665
182.8144 0.0012017542506666664
183.2361 0.0011960389653333334
183.6587 0.0011903518293333334
184.0823 0.0011846909013333332
184.5068 0.0011790581226666665
184.9324 0.001173451552
185.3589 0.0011678741013333336
185.7864 0.0011623267413333335
186.2149 0.0011568055893333333
186.6444 0.0011513106453333332
187.0749 0.00114584288
187.5064 0.001140400352
187.9388 0.0011349850026666666
188.3723 0.0011295948906666668
188.8067 0.0011242319573333333
189.2422 0.0011188981440000002
189.6787 0.0011135895680000002
190.1161 0.0011083071999999999
190.5546 0.0011030490986666667
190.9941 0.0010978162346666667
191.4346 0.001092608608
191.8761 0.0010874262186666666
192.3187 0.0010822690666666666
192.7623 0.001077140064
193.2068 0.0010720362986666667
193.6524 0.0010669558293333336
194.0991 0.0010619005973333331
194.5468 0.0010568696319999999
194.9955 0.001051861962666667
195.4452 0.00104687856
195.896 0.0010419184533333333
196.3478 0.0010369855253333333
196.8006 0.001032076864
197.2545 0.0010271924693333334
197.7095 0.0010223304
198.1655 0.0010174925973333332
198.6225 0.00101267712
199.0806 0.0010078849386666667
199.5398 0.0010031150826666667
200.0 0.0009983685226666668
