2001 2.0 5.17
0.2 1.4582970746666666
2.0 1.4582970746666666
2.004613 1.4583811733333332
2.009236 1.4584666506666668
2.01387 1.4585507493333332
2.018515 1.4586334693333332
2.023171 1.458717568
2.027837 1.4588016666666668
2.032514 1.4588843866666665
2.037202 1.4589671066666665
2.0419 1.4590498266666667
2.04661 1.4591518479999999
2.05133 1.4592524906666666
2.056061 1.4593517546666666
2.060803 1.45944964
2.065556 1.4595433893333332
2.07032 1.45963576
2.075095 1.4597267520000001
2.079881 1.459813608
2.084678 1.4598990853333333
2.089486 1.4599845626666665
2.094305 1.4600879626666665
2.099136 1.4601913626666667
2.103977 1.4602920053333333
2.10883 1.4603926479999998
2.113693 1.4604919120000002
2.118568 1.4605911759999999
2.123455 1.4606890613333332
2.128352 1.4607869466666668
2.133261 1.4608862106666665
2.138181 1.4609854746666666
2.143113 1.4611067973333334
2.148056 1.46122812
2.15301 1.4613494426666664
2.157975 1.4614707653333334
2.162953 1.4615920879999997
2.167941 1.4617134106666667
2.172941 1.4618347333333335
2.177953 1.461956056
2.182976 1.4620760000000002
2.188011 1.4621973226666667
2.193057 1.4623407039999998
2.198115 1.4624840853333334
2.203185 1.4626274666666668
2.208267 1.462770848
2.21336 1.4629142293333333
2.218465 1.4630589893333332
2.223581 1.4632023706666668
2.22871 1.4633457520000002
2.23385 1.463490512
2.239002 1.4636366506666667
2.244166 1.4638048479999999
2.249342 1.4639730453333335
2.25453 1.4641398640000003
2.25973 1.464305304
2.264942 1.464470744
2.270165 1.4646348053333331
2.275401 1.4647974879999999
2.280649 1.4649587919999998
2.285909 1.4651187173333335
2.291182 1.4652772639999998
2.296466 1.465459248
2.301763 1.4656398533333335
2.307071 1.46581908
2.312392 1.4659983066666666
2.317726 1.4661775333333331
2.323071 1.4663553813333334
2.328429 1.466533229333333
2.333799 1.4667110773333334
2.339182 1.4668875466666664
2.344577 1.4670653946666665
2.349985 1.4672639226666666
2.355405 1.4674624506666667
2.360837 1.4676596
2.366282 1.4678553706666666
2.37174 1.468048384
2.37721 1.4682400186666666
2.382693 1.4684288959999998
2.388188 1.4686163946666666
2.393696 1.468801136
2.399217 1.4689844986666667
2.40475 1.4691871626666666
2.410297 1.4693884480000001
2.415856 1.4695869760000002
2.421428 1.4697813679999998
2.427013 1.4699730026666666
2.43261 1.4701618799999998
2.438221 1.4703466213333334
2.443844 1.4705299840000001
2.449481 1.4707105893333332
2.45513 1.4708911946666665
2.460793 1.4710938586666666
2.466468 1.4712937653333333
2.472157 1.4714922933333332
2.477859 1.4716908213333333
2.483574 1.4718879706666665
2.489302 1.4720851199999998
2.495043 1.4722822693333335
2.500797 1.47247804
2.506565 1.4726751893333334
2.512346 1.4728737173333335
2.518141 1.4730970613333332
2.523949 1.4733190266666665
2.52977 1.4735437493333332
2.535605 1.473768472
2.541453 1.4739945733333333
2.547314 1.4742220533333332
2.553189 1.4744522906666668
2.559078 1.474682528
2.56498 1.4749155226666666
2.570896 1.4751526533333332
2.576826 1.4754146
2.582769 1.4756779253333332
2.588726 1.4759426293333335
2.594696 1.4762100906666666
2.600681 1.4764803093333332
2.606679 1.476750528
2.612691 1.4770235040000002
2.618717 1.4772978586666665
2.624757 1.4775722133333333
2.63081 1.4778520826666666
2.636878 1.4781540106666669
2.64296 1.4784559386666667
2.649055 1.478760624
2.655165 1.4790653093333332
2.661289 1.4793699946666667
2.667427 1.4796774373333335
2.673579 1.4799835013333331
2.679745 1.480290944
2.685926 1.4805983866666665
2.692121 1.4809085866666667
2.69833 1.4812408453333334
2.704553 1.4815717253333334
2.710791 1.4819039840000001
2.717043 1.4822334853333334
2.72331 1.4825629866666665
2.729591 1.4828897306666666
2.735886 1.4832137173333335
2.742196 1.4835363253333333
2.748521 1.4838547973333336
2.75486 1.4841732693333334
2.761214 1.4845082853333331
2.767582 1.484839165333333
2.773965 1.4851659093333334
2.780363 1.4854885173333332
2.786776 1.4858056106666666
2.793203 1.486118568
2.799645 1.4864273893333333
2.806103 1.486730696
2.812574 1.4870284879999998
2.819061 1.4873249013333334
2.825563 1.48763648
2.83208 1.4879439226666666
2.838612 1.488244472
2.845159 1.488540885333333
2.851721 1.4888304053333334
2.858298 1.4891144106666667
2.864891 1.4893929013333336
2.871498 1.4896644986666665
2.878121 1.4899292026666666
2.884759 1.4901911493333333
2.891412 1.4904668826666667
2.898081 1.490734344
2.904765 1.4909962906666667
2.911465 1.491251344
2.91818 1.4914995040000003
2.92491 1.4917407706666665
2.931656 1.4919765226666668
2.938418 1.4922053813333334
2.945195 1.4924273466666669
2.951988 1.4926465546666665
2.958796 1.4928795493333336
2.96562 1.4931097866666667
2.97246 1.4933345093333332
2.979316 1.4935564746666667
2.986187 1.4937756826666664
2.993075 1.4939935119999999
2.999978 1.4942099626666665
3.006897 1.4944250346666665
3.013832 1.494642864
3.020783 1.4948620719999999
3.02775 1.4951033386666666
3.034733 1.495345984
3.041733 1.4955913866666666
3.048748 1.4958395466666665
3.05578 1.4960918426666667
3.062828 1.496346896
3.069892 1.4966047066666668
3.076972 1.4968680320000003
3.084069 1.4971341146666668
3.091182 1.4974070906666666
3.098311 1.4977035040000002
3.105457 1.4980040533333332
3.11262 1.4983087386666665
3.119798 1.49861756
3.126994 1.4989318959999998
3.134206 1.4992489893333334
3.141435 1.4995715973333332
3.14868 1.4998969626666665
3.155942 1.5002278426666666
3.163221 1.5005642373333332
3.170517 1.5009213119999998
3.177829 1.5012839013333334
3.185158 1.5016478693333333
3.192505 1.5020145946666668
3.199868 1.5023840773333335
3.207248 1.5027563173333334
3.214645 1.5031299359999999
3.222059 1.5035063119999998
3.229491 1.503882688
3.236939 1.5042631999999998
3.244405 1.5046616346666664
3.251888 1.5050586906666665
3.259388 1.5054571253333333
3.266905 1.5058555600000003
3.27444 1.5062539946666667
3.281992 1.5066496719999998
3.289562 1.5070467279999997
3.297149 1.5074410266666667
3.304753 1.5078339466666668
3.312375 1.5082282453333336
3.320015 1.5086363306666666
3.327672 1.5090416586666666
3.335347 1.5094442293333332
3.34304 1.509842664
3.35075 1.5102383413333331
3.358478 1.5106298826666666
3.366224 1.5110159093333335
3.373988 1.5113978000000001
3.38177 1.5117727973333335
3.38957 1.512146416
3.397387 1.5125283066666668
3.405223 1.5129046826666666
3.413077 1.5132727866666666
3.420949 1.5136353759999999
3.428839 1.5139910719999998
3.436747 1.5143398746666668
3.444673 1.5146804053333334
3.452618 1.5150154213333331
3.460581 1.5153421653333332
3.468563 1.515664773333333
3.476563 1.5159942746666664
3.484581 1.5163155040000003
3.492618 1.5166298399999998
3.500673 1.5169372826666667
3.508747 1.5172364533333331
3.51684 1.5175273519999999
3.524951 1.5178099786666666
3.533081 1.5180843333333334
3.541229 1.518350416
3.549397 1.518610984
3.557583 1.5188770666666669
3.565788 1.5191348773333333
3.574012 1.5193857946666667
3.582256 1.5196270613333331
3.590518 1.5198614346666666
3.598799 1.520087536
3.607099 1.5203053653333334
3.615418 1.5205163013333332
3.623757 1.5207189653333335
3.632115 1.5209161146666668
3.640492 1.5211187786666667
3.648888 1.5213117919999997
3.657304 1.5214951546666664
3.665739 1.5216716240000001
3.674194 1.5218384426666667
3.682668 1.5219956106666666
3.691162 1.5221445066666666
3.699675 1.522283752
3.708208 1.5224147253333333
3.71676 1.5225388053333333
3.725333 1.5226642639999999
3.733925 1.5227814506666666
3.742537 1.5228903653333334
3.751168 1.5229910079999998
3.75982 1.5230833786666664
3.768492 1.523168856
3.777183 1.52324744
3.785895 1.5233191306666667
3.794627 1.5233853066666667
3.803379 1.523450104
3.812151 1.5235217946666664
3.820943 1.5235907279999998
3.829756 1.5236582826666665
3.838589 1.5237244586666665
3.847442 1.5237920133333334
3.856316 1.523859568
3.86521 1.5239285013333332
3.874124 1.5239988133333333
3.88306 1.5240718826666666
3.892016 1.524149088
3.900992 1.5242387013333332
3.909989 1.5243310719999998
3.919007 1.5244248213333333
3.928046 1.524522706666667
3.937106 1.524620592
3.946186 1.5247212346666668
3.955288 1.5248232559999997
3.96441 1.5249266559999999
3.973554 1.5250314346666665
3.982718 1.5251375919999999
3.991904 1.5252547786666666
4.001111 1.5253705866666667
4.010339 1.5254863946666666
4.019588 1.5256022026666667
4.028859 1.5257152533333334
4.038151 1.525828304
4.047465 1.5259385973333333
4.0568 1.5260475119999999
4.066156 1.5261536693333333
4.075534 1.526258448
4.084934 1.5263687413333333
4.094356 1.5264762773333334
4.103799 1.5265796773333333
4.113264 1.526678941333333
4.122751 1.5267726906666665
4.132259 1.526862304
4.14179 1.5269464026666668
4.151343 1.527023608
4.160917 1.5270952986666666
4.170514 1.5271628533333335
4.180133 1.527230408
4.189774 1.5272924480000003
4.199437 1.5273448373333334
4.209123 1.5273889546666668
4.21883 1.5274248000000001
4.228561 1.5274523733333334
4.238313 1.527470296
4.248089 1.5274771893333334
4.257886 1.5274758106666666
4.267707 1.5274647813333333
4.27755 1.5274523733333334
4.287416 1.5274275573333334
4.297304 1.5273930906666666
4.307215 1.5273475946666668
4.317149 1.5272910693333335
4.327106 1.5272248933333332
4.337086 1.5271476880000001
4.347089 1.5270594533333333
4.357116 1.526961568
4.367165 1.5268554106666667
4.377237 1.5267478746666667
4.387333 1.526630688
4.397452 1.526506608
4.407594 1.5263742559999998
4.41776 1.5262350106666667
4.427949 1.5260902506666667
4.438161 1.525939976
4.448397 1.5257855653333332
4.458657 1.5256270186666665
4.468941 1.5254698506666664
4.479248 1.5253168186666668
4.489579 1.5251637866666667
4.499933 1.5250107546666665
4.510312 1.5248591013333332
4.520715 1.5247102053333332
4.531141 1.5245654453333333
4.541592 1.5244248213333333
4.552066 1.5242883333333332
4.562565 1.52415736
4.573088 1.5240346586666667
4.583636 1.523925744
4.594207 1.5238251013333333
4.604803 1.523731352
4.615424 1.5236458746666668
4.626069 1.523570048
4.636738 1.5235024933333334
4.647432 1.5234445893333333
4.658151 1.5233963360000002
4.668895 1.5233563546666666
4.679663 1.5233287813333334
4.690456 1.5233163733333333
4.701274 1.5233149946666666
4.712117 1.5233232666666665
4.722985 1.5233411893333335
4.733878 1.5233687626666668
4.744796 1.5234059866666663
4.75574 1.5234528613333334
4.766708 1.5235080079999999
4.777702 1.5235741839999999
4.788722 1.5236513893333332
4.799766 1.5237451386666667
4.810836 1.52384716
4.821932 1.5239574533333333
4.833053 1.5240773973333333
4.8442 1.524206992
4.855373 1.5243448586666666
4.866571 1.5244896186666665
4.877796 1.5246440293333332
4.889046 1.524806712
4.900322 1.5249790453333334
4.911624 1.5251637866666667
4.922952 1.5253581786666668
4.934306 1.5255580853333333
4.945687 1.5257648853333332
4.957093 1.5259785786666669
4.968526 1.526199165333333
4.979986 1.5264252666666664
4.991471 1.5266568826666667
5.002984 1.5268926346666665
5.014523 1.5271352800000002
5.026088 1.527387576
5.03768 1.527644008
5.049299 1.5279031973333332
5.060945 1.5281651439999997
5.072617 1.5284298479999998
5.084317 1.528694552
5.096043 1.5289592559999998
5.107797 1.5292253386666665
5.119577 1.529488664
5.131385 1.5297533679999997
5.14322 1.530022208
5.155082 1.5302869120000002
5.166972 1.5305474799999998
5.178889 1.5308025333333333
5.190834 1.531052072
5.202806 1.5312933386666667
5.214805 1.531527712
5.226833 1.5317538133333333
5.238888 1.531968885333333
5.250971 1.5321743066666667
5.263082 1.5323728346666667
5.27522 1.5325589546666667
5.287387 1.5327299093333333
5.299582 1.5328856986666668
5.311805 1.5330263226666665
5.324056 1.533149024
5.336335 1.5332524239999998
5.348643 1.5333365226666666
5.360979 1.5333999413333332
5.373343 1.5334440586666669
5.385737 1.5334702533333333
5.398158 1.5334730106666667
5.410608 1.533450952
5.423087 1.5334040773333335
5.435595 1.5333310079999998
5.448132 1.5332303653333332
5.460697 1.5331021493333334
5.473292 1.5329449813333333
5.485915 1.5327574826666668
5.498568 1.5325424106666665
5.51125 1.5323011439999998
5.523961 1.532028168
5.536701 1.5317234826666668
5.549471 1.5313870879999998
5.562271 1.5310176053333335
5.575099 1.5306150346666667
5.587958 1.530179376
5.600846 1.5297106293333333
5.613763 1.5292087946666666
5.626711 1.528673872
5.639688 1.5281099973333332
5.652696 1.527514413333333
5.665733 1.5268843626666668
5.6788 1.5262212240000002
5.691898 1.525526376
5.705026 1.524799818666667
5.718184 1.524041552
5.731372 1.523251576
5.744591 1.5224326479999999
5.75784 1.5215861466666667
5.77112 1.520714829333333
5.784431 1.5198173173333334
5.797772 1.5188922319999998
5.811144 1.5179423306666666
5.824546 1.516968992
5.83798 1.5159735946666668
5.851445 1.5149575173333334
5.864941 1.5139221386666666
5.878467 1.5128688373333332
5.892025 1.5118017493333331
5.905615 1.5107250106666668
5.919235 1.5096372426666667
5.932888 1.5085384453333333
5.946571 1.5074341333333334
5.960286 1.5063229280000001
5.974033 1.505210344
5.987811 1.5040963813333335
6.001622 1.5029837973333333
6.015464 1.5018753493333332
6.029338 1.500776552
6.043244 1.4996915413333334
6.057182 1.4986189386666668
6.071152 1.497558744
6.085155 1.496516472
6.099189 1.4954935013333333
6.113256 1.4944912106666666
6.127356 1.4935109786666667
6.141488 1.492556941333333
6.155653 1.4916290986666665
6.16985 1.4907315866666666
6.18408 1.48986992
6.198343 1.4890399626666666
6.212639 1.4882417146666667
6.226968 1.4874779333333332
6.24133 1.48674724
6.255725 1.4860523920000002
6.270153 1.4853920106666667
6.284614 1.4847674746666666
6.299109 1.4841787839999998
6.313637 1.483628696
6.328199 1.4831213466666668
6.342794 1.4826498426666668
6.357423 1.4822141839999998
6.372086 1.481812992
6.386782 1.4814476453333332
6.401513 1.4811153866666666
6.416277 1.4808189733333332
6.431076 1.4805542693333333
6.445908 1.4803226533333333
6.460775 1.4801255040000003
6.475676 1.4799683360000002
6.490612 1.4798414986666666
6.505582 1.4797463706666667
6.520586 1.4796801946666667
6.535625 1.4796429706666667
6.550699 1.4796346986666669
6.565807 1.479654
6.580951 1.4797008746666669
6.596129 1.479773944
6.611342 1.4798759653333335
6.62659 1.4800110746666666
6.641874 1.480171
6.657193 1.4803557413333335
6.672547 1.4805639200000003
6.687936 1.4807955359999998
6.703361 1.481047832
6.718822 1.4813235653333334
6.734318 1.4816199786666666
6.74985 1.481937072
6.765418 1.4822789813333335
6.781022 1.4826470853333333
6.796661 1.4830344906666666
6.812337 1.4834411973333332
6.828049 1.483864448
6.843797 1.4843056213333334
6.859582 1.4847633386666665
6.875403 1.4852375999999998
6.89126 1.4857270266666665
6.907154 1.48623024
6.923084 1.486751376
6.939052 1.487295949333333
6.955056 1.4878529306666664
6.971097 1.48842232
6.987175 1.4890027386666667
7.00329 1.4895955653333333
7.019443 1.4901980426666663
7.035632 1.4908101706666668
7.051859 1.491433328
7.068124 1.4920633786666666
7.084425 1.4927072160000001
7.100765 1.4933662186666665
7.117142 1.4940334933333335
7.133557 1.4947062826666666
7.15001 1.4953845866666666
7.1665 1.4960684053333333
7.183029 1.4967577386666664
7.199596 1.4974498293333331
7.216201 1.498146056
7.232845 1.49884504
7.249526 1.4995495386666668
7.266247 1.500267824
7.283005 1.5009861093333332
7.299803 1.5017043946666666
7.316639 1.5024240586666668
7.333514 1.503142344
7.350428 1.5038606293333332
7.367381 1.5045775359999998
7.384373 1.505293064
7.401404 1.5060058346666667
7.418475 1.506719984
7.435585 1.5074410266666667
7.452734 1.5081593119999999
7.469923 1.5088734613333332
7.487152 1.5095834746666668
7.50442 1.5102879733333332
7.521728 1.510988336
7.539076 1.5116818053333332
7.556464 1.5123711386666667
7.573893 1.5130535786666668
7.591361 1.5137360186666666
7.60887 1.514421216
7.626419 1.51509952
7.644008 1.5157709306666665
7.661638 1.5164354480000002
7.679309 1.517093072
7.69702 1.517742424
7.714773 1.5183848826666666
7.732566 1.5190190693333334
7.7504 1.5196463626666668
7.768276 1.5202708986666666
7.786193 1.5208968133333334
7.804151 1.5215158346666666
7.82215 1.5221279626666666
7.840191 1.5227318186666667
7.858274 1.5233274026666668
7.876398 1.5239160933333333
7.894564 1.5244978906666669
7.912772 1.525071416
7.931022 1.525638048
7.949314 1.5262033013333332
7.967648 1.5267726906666665
7.986025 1.5273351866666667
8.004444 1.527892168
8.022905 1.5284436346666666
8.041409 1.528988208
8.059956 1.5295286453333332
8.078545 1.5300621893333335
8.097177 1.530592976
8.115853 1.531118248
8.134571 1.5316448986666666
8.153332 1.5321798213333333
8.172137 1.5327119866666665
8.190985 1.5332413946666665
8.209877 1.5337694239999997
8.228812 1.5342933173333333
8.247791 1.5348172106666664
8.266814 1.5353397253333334
8.28588 1.53586224
8.304991 1.5363847546666665
8.324145 1.5369127839999999
8.343344 1.5374546
8.362587 1.5379977946666665
8.381874 1.5385437466666665
8.401206 1.539092456
8.420583 1.5396439226666667
8.440004 1.5401981466666668
8.45947 1.5407578853333332
8.478981 1.54132176
8.498537 1.541892528
8.518138 1.5424743253333335
8.537784 1.543075424
8.557475 1.5436847946666665
8.577212 1.5443010586666668
8.596995 1.5449269733333333
8.616823 1.5455597813333333
8.636696 1.5462036186666668
8.656616 1.5468571066666665
8.676582 1.5475202453333337
8.696593 1.5481957919999998
8.716651 1.5488892613333334
8.736755 1.5496075466666666
8.756905 1.5503382399999999
8.777102 1.5510840986666665
8.797346 1.5518423653333333
8.817636 1.5526157973333334
8.837973 1.5534030159999999
8.858357 1.5542067786666667
8.878787 1.5550257066666668
8.899265 1.555861178666667
8.919791 1.5567214666666667
8.940363 1.5576120853333333
8.960983 1.558522005333333
8.981651 1.559448469333333
9.002366 1.5603942346666668
9.023129 1.5613593013333331
9.04394 1.562345048
9.064799 1.5633487173333336
9.085706 1.5643744453333333
9.106661 1.5654194746666668
9.127664 1.5664948346666667
9.148716 1.5676046613333334
9.169817 1.5687351680000001
9.190966 1.569889112
9.212164 1.5710651146666668
9.233411 1.5722645546666665
9.254707 1.5734874319999999
9.276052 1.5747323679999998
9.297446 1.5760021199999998
9.31889 1.5772939306666665
9.340383 1.578620208
9.361925 1.5799850879999997
9.383517 1.5813734053333333
9.405159 1.5827879173333332
9.426851 1.5842272453333335
9.448593 1.5856913893333333
9.470386 1.5871803493333334
9.492228 1.5886955040000001
9.514121 1.5902354746666667
9.536064 1.5918016400000001
9.558058 1.593402272
9.580103 1.5950442639999998
9.602198 1.596711072
9.624345 1.5984054533333334
9.646542 1.6001246506666666
9.668791 1.6018700426666665
9.691091 1.6036416293333335
9.713442 1.6054394106666667
9.735845 1.6072633866666666
9.7583 1.6091135573333333
9.780807 1.6109981946666665
9.803365 1.6129255706666663
9.825975 1.614876384
9.848638 1.6168547706666667
9.871353 1.6188579733333333
9.89412 1.6208873706666669
9.91694 1.6229429626666665
9.939812 1.6250233706666666
9.962737 1.6271285946666667
9.985715 1.6292586346666666
10.00875 1.63142452
10.03183 1.6336317653333332
10.05497 1.6358624480000001
10.07816 1.6381179466666667
10.1014 1.6403968826666668
10.1247 1.6427006346666666
10.14805 1.645027824
10.17146 1.6473784506666667
10.19492 1.6497511360000001
10.21843 1.652148637333333
10.242 1.6545778479999997
10.26562 1.6570442826666667
10.2893 1.659532776
10.31303 1.6620433280000002
10.33681 1.6645745600000004
10.36065 1.6671278506666667
10.38455 1.6697004426666666
10.4085 1.6722950933333334
10.43251 1.6749090453333335
10.45657 1.6775436773333332
10.48069 1.6802072613333334
10.50486 1.6829066906666663
10.52909 1.685625421333333
10.55337 1.6883606960000002
10.57771 1.6911152720000002
10.60211 1.693886392
10.62656 1.6966754346666666
10.65107 1.699479642666667
10.67563 1.7023017733333332
10.70026 1.7051390693333335
10.72494 1.7080039386666668
10.74967 1.7108991386666665
10.77446 1.713809504
10.79931 1.7167336560000002
10.82422 1.7196715946666667
10.84919 1.72262332
10.87421 1.7255874533333333
10.89929 1.7285653733333333
10.92443 1.7315543226666665
10.94962 1.7345543013333329
10.97488 1.737579096
11.00019 1.7406314640000002
11.02556 1.7436934826666668
11.05099 1.7467665306666667
11.07648 1.7498492293333334
11.10202 1.7529401999999998
11.12763 1.7560408213333334
11.15329 1.7591497146666666
11.17902 1.76226688
11.2048 1.7653923173333335
11.23064 1.768537056
11.25655 1.7717066106666666
11.28251 1.7748830586666668
11.30853 1.7780650213333336
11.33461 1.7812538773333335
11.36075 1.7844468693333333
11.38696 1.7876467546666663
11.41322 1.790849397333333
11.43954 1.7940589333333334
11.46593 1.7972712266666666
11.49237 1.8005014426666666
11.51888 1.8037537173333336
11.54545 1.807010128
11.57207 1.8102692960000002
11.59876 1.8135312213333332
11.62551 1.8167945253333333
11.65233 1.8200605866666666
11.6792 1.8233280266666665
11.70614 1.8265982240000003
11.73314 1.8298684213333332
11.7602 1.8331551626666664
11.78732 1.8364625840000002
11.81451 1.839771384
11.84176 1.8430801840000002
11.86907 1.8463876053333335
11.89644 1.8496964053333333
11.92388 1.8530038266666666
11.95138 1.8563098693333335
11.97895 1.8596159120000002
12.00658 1.8629205760000003
12.03427 1.8662404053333332
12.06202 1.8695809146666666
12.08984 1.8729200453333332
12.11773 1.8762564186666668
12.14568 1.8795914133333333
12.17369 1.8829222720000003
12.20177 1.8862517520000002
12.22991 1.8895770959999998
12.25812 1.8928996826666666
12.28639 1.896219512
12.31472 1.899553128
12.34313 1.9029088026666665
12.37159 1.9062603413333332
12.40013 1.9096063653333335
12.42873 1.9129482533333333
12.45739 1.9162846266666664
12.48613 1.919616864
12.51492 1.9229435866666669
12.54379 1.9262647946666664
12.57272 1.929580488
12.60172 1.932911346666667
12.63078 1.9362628853333332
12.65991 1.939606152
12.68911 1.9429439039999998
12.71838 1.9462733840000002
12.74771 1.9495959706666666
12.77711 1.952910285333333
12.80658 1.9562163280000002
12.83612 1.9595140986666666
12.86572 1.9628022186666667
12.8954 1.966105504
12.92514 1.969429469333333
12.95495 1.9727424053333333
12.98483 1.9760456906666664
13.01478 1.979336568
13.04479 1.9826164160000002
13.07488 1.985883856
13.10504 1.9891402666666667
13.13526 1.9923828906666667
13.16556 1.9956131066666667
13.19592 1.9988557306666668
13.22636 2.002119034666667
13.25686 2.0053657946666665
13.28744 2.0085960106666665
13.31808 2.0118110613333333
13.3488 2.015008189333334
13.37959 2.0181887733333332
13.41045 2.0213514346666663
13.44138 2.024496173333333
13.47238 2.027620232
13.50345 2.030756698666667
13.53459 2.033909709333333
13.56581 2.037040661333333
13.5971 2.040149554666667
13.62846 2.0432336319999997
13.65989 2.0462956506666665
13.6914 2.049331474666667
13.72297 2.0523424826666665
13.75462 2.055328674666667
13.78635 2.058287293333333
13.81814 2.061250048
13.85001 2.0642210746666665
13.88196 2.0671603920000003
13.91397 2.0700693786666666
13.94607 2.0729466559999996
13.97823 2.075792224
14.01047 2.078604704
14.04278 2.081384096
14.07517 2.0841276426666666
14.10763 2.0868381013333335
14.14017 2.0895444239999996
14.17279 2.0922493679999996
14.20547 2.0949143306666667
14.23824 2.097539312
14.27108 2.1001229333333336
14.30399 2.102665194666667
14.33698 2.105166096
14.37005 2.1076242586666667
14.40319 2.110038304
14.43641 2.1124096106666665
14.46971 2.114762994666667
14.50308 2.1170956986666667
14.53653 2.119380149333333
14.57006 2.121614968
14.60366 2.1238001546666663
14.63734 2.125932952
14.6711 2.128016117333333
14.70494 2.130048272
14.73885 2.1320294160000004
14.77285 2.1339581706666664
14.80692 2.1358469440000003
14.84107 2.1376929786666663
14.8753 2.139481109333333
14.90961 2.1412127146666666
14.944 2.1428877946666667
14.97846 2.144504970666666
15.01301 2.1460656213333333
15.04763 2.147569746666666
15.08234 2.1490173466666667
15.11713 2.1504084213333328
15.15199 2.1517126400000004
15.18694 2.1529175946666665
15.22196 2.1540618879999998
15.25707 2.1551441413333334
15.29226 2.156165733333333
15.32753 2.1571266639999997
15.36288 2.1580269333333333
15.39832 2.1588692986666667
15.43383 2.15965376
15.46943 2.160380317333333
15.50511 2.160953842666667
15.54087 2.161361928
15.57671 2.1617079733333333
15.61264 2.1619933573333334
15.64864 2.1622180799999997
15.68474 2.162382141333333
15.72091 2.1624882986666667
15.75717 2.162536552
15.79351 2.162526901333333
15.82994 2.1624607253333332
15.86645 2.161978192
15.90304 2.1610351839999997
15.93972 2.1600204853333334
15.97648 2.1589313386666666
16.01333 2.157767744
16.05027 2.1565283226666665
16.08728 2.155213074666667
16.12439 2.1538206213333333
16.16158 2.152349584
16.19885 2.1507985840000003
16.23621 2.148253565333333
16.27366 2.144606992
16.31119 2.140806008
16.34881 2.1368437200000003
16.38652 2.132715992
16.42431 2.1284145519999997
16.46219 2.1239338853333334
16.50016 2.1192670986666666
16.53822 2.114407298666667
16.57636 2.1093489706666664
16.61459 2.1013499466666667
16.65291 2.0901386293333335
16.69132 2.0785150906666665
16.72982 2.066475194666667
16.7684 2.054017562666667
16.80708 2.041140816
16.84584 2.0278421973333334
16.8847 2.014121706666667
16.92364 1.999976586666667
16.96267 1.985409594666667
17.00179 1.9659386853333334
17.04101 1.9415404213333332
17.08031 1.9168512586666668
17.1197 1.8918960133333336
17.15919 1.8667063946666667
17.19876 1.8413099760000002
17.23843 1.8157357093333333
17.27819 1.7900111680000004
17.31804 1.7641653039999998
17.35798 1.7382256906666667
17.39802 1.7196302346666668
17.43814 1.7077461280000001
17.47836 1.6949176346666663
17.51867 1.6811378613333332
17.55908 1.6663944
17.59958 1.6506720853333332
17.64017 1.633955752
17.68085 1.6162260986666666
17.72163 1.59746796
17.76251 1.577668928
17.80347 1.5728697893333334
17.84453 1.5827534506666665
17.88569 1.5915975973333334
17.92694 1.599449104
17.96829 1.6063520879999997
18.00973 1.6123465306666667
18.05127 1.6174682773333333
18.0929 1.6217490373333332
18.13463 1.6252150053333332
18.17646 1.6278868613333333
18.21838 1.637024664
18.2604 1.6530751013333336
18.30251 1.669297872
18.34473 1.6856957333333333
18.38704 1.7022714426666667
18.42944 1.7190236213333334
18.47195 1.735953648
18.51455 1.7530587653333334
18.55726 1.7703389733333335
18.60006 1.7877846213333335
18.64295 1.8029664986666667
18.68595 1.8158294586666663
18.72905 1.8285848826666666
18.77225 1.8412079546666669
18.81554 1.8536779946666666
18.85894 1.8659660506666669
18.90243 1.878045928
18.94603 1.8898900533333332
18.98973 1.901469474666667
19.03353 1.912753861333333
19.07742 1.921515288
19.12142 1.92793436
19.16553 1.934043232
19.20973 1.9398322533333332
19.25403 1.9452903946666666
19.29844 1.9504080053333333
19.34295 1.9551781919999998
19.38756 1.9595926826666663
19.43228 1.9636432053333335
19.4771 1.9673242453333337
19.52202 1.9696155893333334
19.56704 1.9706909493333329
19.61217 1.9714988479999997
19.65741 1.9720406639999999
19.70275 1.9723191546666665
19.74819 1.9723370773333337
19.79373 1.9720958106666666
19.83939 1.9715994906666665
19.88514 1.970853632
19.93101 1.9698596133333333
19.97698 1.9682410586666665
20.02305 1.9660930959999998
20.06923 1.9637755573333333
20.11552 1.9612925786666668
20.16191 1.9586510533333332
20.20841 1.9558523600000002
20.25502 1.9529047706666665
20.30174 1.9498110426666664
20.34856 1.9465780693333334
20.39549 1.9432086079999997
20.44253 1.9395716853333334
20.48968 1.9357127973333332
20.53694 1.9317629173333333
20.58431 1.9277248026666665
20.63178 1.9236039679999999
20.67937 1.919403170666667
20.72706 1.915127925333333
20.77487 1.9107823679999998
20.82278 1.9063692559999996
20.87081 1.901894104
20.91894 1.8973086586666665
20.96719 1.892636357333333
21.01555 1.8879213173333333
21.06402 1.8831690533333332
21.1126 1.878380944
21.1613 1.8735611253333333
21.2101 1.8687123546666666
21.25902 1.8638373893333335
21.30805 1.858937608
21.3572 1.854015768
21.40646 1.8490498106666666
21.45583 1.8440466293333335
21.50531 1.8390365546666665
21.55491 1.8340195866666666
21.60463 1.8289984826666668
21.65445 1.8239746213333332
21.7044 1.8189507599999999
21.75446 1.8139268986666668
21.80463 1.8089044160000003
21.85492 1.8038860693333334
21.90533 1.798853936
21.95585 1.7938149093333335
22.00649 1.788788290666667
22.05724 1.7837754586666663
22.10812 1.778776413333333
22.15911 1.7737911546666663
22.21021 1.76882244
22.26144 1.7638702693333335
22.31278 1.7589346426666668
22.36425 1.7540169386666666
22.41583 1.7491047493333332
22.46753 1.7442035893333332
22.51935 1.7393244879999998
22.57128 1.7344688240000001
22.62334 1.729636597333333
22.67552 1.7248278080000001
22.72782 1.720042456
22.78024 1.7152791626666666
22.83278 1.7105406853333334
22.88544 1.7058242666666665
22.93822 1.701124392
22.99113 1.6964438186666666
23.04415 1.6917880613333331
23.0973 1.68715712
23.15057 1.6825482373333334
23.20397 1.677962792
23.25749 1.6733994053333332
23.31113 1.6688580773333335
23.36489 1.6643374293333335
23.41878 1.6598360826666667
23.47279 1.6553471439999998
23.52693 1.650867856
23.58119 1.646405112
23.63558 1.6419561546666666
23.69009 1.637520984
23.74473 1.6330968426666668
23.7995 1.6286837306666666
23.85439 1.6242802693333334
23.9094 1.61988508
23.96455 1.6154954053333335
24.01982 1.6110740213333334
24.07522 1.6066181706666667
24.13075 1.6021554266666667
24.1864 1.5976816533333331
24.24219 1.5931968506666665
24.2981 1.5886982613333334
24.35414 1.5841845066666667
24.41031 1.579654208
24.46661 1.5751059866666663
24.52304 1.5705357066666668
24.5796 1.5658055013333334
24.63629 1.5609291573333335
24.69311 1.5560031813333333
24.75006 1.5510234373333336
24.80714 1.5459885466666665
24.86436 1.5408971306666666
24.92171 1.5357464319999998
24.97919 1.530535072
25.0368 1.5252589146666666
25.09454 1.51991796
25.15242 1.5141592693333334
25.21043 1.5080448826666668
25.26858 1.501821581333333
25.32686 1.4954852293333332
25.38527 1.4890358266666668
25.44382 1.4824719946666667
25.5025 1.4757923546666665
25.56132 1.468995528
25.62027 1.462080136
25.67936 1.4550448
25.73859 1.447180885333333
25.79795 1.438662104
25.85745 1.4299833973333334
25.91709 1.4211475226666666
25.97687 1.4121544799999999
26.03678 1.4030056479999997
26.09683 1.3937051626666668
26.15702 1.3842516453333333
26.21735 1.3746485426666666
26.27782 1.3648983362666665
26.33842 1.3537509890666666
26.39917 1.3416155514666668
26.46006 1.3293757488
26.52108 1.3170379229333333
26.58225 1.3046077264
26.64356 1.2920915010666667
26.70501 1.2794953130666666
26.7666 1.2668252285333335
26.82834 1.2540874514666667
26.89022 1.2412880480000001
26.95223 1.2281179210666666
27.0144 1.2148206810666666
27.0767 1.2016457288
27.13915 1.1885918234666664
27.20175 1.1756575863999998
27.26448 1.1628413632
27.32737 1.1501416373333333
27.39039 1.1375564786666665
27.45357 1.1250840949333332
27.51689 1.112722831733333
27.58035 1.1029147213333332
27.64396 1.0948963959999998
27.70772 1.0870386853333334
27.77162 1.079332628
27.83568 1.0717684354666666
27.89988 1.0643357677333334
27.96422 1.0570234576
28.02872 1.0498202
28.09337 1.0427138626666668
28.15816 1.0356917618666666
28.2231 1.0329415976
28.2882 1.0329435277333332
28.35344 1.0329359450666666
28.41884 1.0329207797333333
28.48438 1.0328978938666669
28.55008 1.0328653573333333
28.61592 1.0328188962666667
28.68192 1.0327523066666666
28.74808 1.0326570408
28.81438 1.0325220693333332
28.88084 1.0372532397333334
28.94745 1.0450930277333332
29.01421 1.0529081376
29.08113 1.0607167677333333
29.1482 1.0685351864000001
29.21543 1.0763781453333334
29.28281 1.0842584661333332
29.35035 1.0921866266666667
29.41804 1.1001707610666667
29.48589 1.1082158325333333
29.5539 1.1189454437333333
29.62206 1.1313385541333332
29.69038 1.143742556
29.75886 1.1561595173333334
29.8275 1.1685905410666666
29.89629 1.1810363165333333
29.96524 1.1934964301333333
30.03435 1.2059700546666665
30.10362 1.2184548464
30.17306 1.2309477722666666
30.24265 1.2406000933333334
30.3124 1.2482537613333335
30.38231 1.2555748949333334
30.45238 1.2625385402666665
30.52262 1.2691185026666665
30.59302 1.2752888632000001
30.66358 1.2810231514666666
30.7343 1.2862948970666668
30.80518 1.2910774917333334
30.87623 1.2953448786666664
30.94744 1.2971033680000001
31.01882 1.2971527242666667
31.09036 1.2966728104
31.16207 1.2956545272
31.23394 1.2940902920000001
31.30598 1.2919739008
31.37818 1.289300804
31.45055 1.2860681064
31.52309 1.2822745672
31.5958 1.2779204621333333
31.66867 1.2719518005333332
31.74171 1.2649643042666665
31.81492 1.2576257994666666
31.88829 1.2499474533333332
31.96184 1.2419413981333334
32.03556 1.2336203176
32.10944 1.2249974469333333
32.1835 1.2160864349333333
32.25773 1.2069014818666668
32.33213 1.1974569258666667
32.4067 1.1879066261333333
32.48144 1.1783306832
32.55636 1.1686867719999998
32.63144 1.1589837159999998
32.70671 1.1492302008
32.78214 1.1394347741333333
32.85775 1.1296055701333332
32.93353 1.1197505850666667
33.00949 1.1098775394666667
33.08562 1.0999940160000001
33.16193 1.0905119602666666
33.23841 1.0812849578666668
33.31508 1.0720943522666666
33.39191 1.0629440037333335
33.46893 1.0538374968000002
33.54612 1.0447785538666665
33.62349 1.035770208
33.70104 1.0268156301333333
33.77877 1.0179178533333335
33.85667 1.0090797728
33.93476 1.0006069010666665
34.01303 0.992369092
34.09148 0.9842011813333333
34.1701 0.9761042719999999
34.24891 0.9680794669333332
34.32791 0.9601280069333334
34.40708 0.9522505813333332
34.48644 0.9444480173333334
34.56597 0.9367211421333334
34.6457 0.9290705072
34.7256 0.9218631135999998
34.80569 0.9149252493333334
34.88597 0.9080579728000001
34.96643 0.9012611461333333
35.04708 0.8945347693333333
35.12791 0.8878788424
35.20893 0.8812929517333332
35.29013 0.8747770973333333
35.37153 0.8683310034666666
35.45311 0.8619543944
35.53488 0.8558633072000001
35.61683 0.8499492407999999
35.69898 0.8440965250666669
35.78132 0.8383046085333333
35.86384 0.8325732154666666
35.94656 0.8269017944
36.02946 0.8212900696000001
36.11256 0.8157376274666666
36.19585 0.8102439165333334
36.27933 0.8048085232
36.36301 0.7995314008
36.44688 0.7943604357333334
36.53094 0.7892424114666666
36.61519 0.7841770522666667
36.69964 0.7791639445333334
36.78428 0.7742023989333333
36.86912 0.7692922776
36.95416 0.7644327533333334
37.03939 0.7596236882666666
37.12482 0.7548642552
37.21044 0.7502953538666667
37.29626 0.7458412954666667
37.38228 0.7414294242666666
37.4685 0.7370594645333334
37.55492 0.7327311405333334
37.64153 0.7284437629333332
37.72835 0.7241970560000001
37.81537 0.7199906061333332
37.90258 0.7158241376
37.99 0.7116970989333334
38.07762 0.7076552618666665
38.16544 0.7036729831999999
38.25347 0.6997266877333332
38.3417 0.6958159618666666
38.43013 0.6919405298666667
38.51876 0.6881001159999999
38.6076 0.6842940309333333
38.69665 0.6805222746666667
38.7859 0.6767844336000001
38.87535 0.6730799562666666
38.96501 0.6694481346666666
39.05488 0.6658663586666667
39.14496 0.6623149133333334
39.23524 0.6587936608
39.32573 0.6553021874666667
39.41643 0.6518403554666666
39.50734 0.6484077511999999
39.59846 0.6450039610666667
39.68979 0.6416289850666665
39.78133 0.6382822717333334
39.87308 0.6350015965333333
39.96505 0.6317649007999999
40.05722 0.6285535725333333
40.14961 0.625367336
40.24221 0.6222059154666667
40.33502 0.6190691730666665
40.42805 0.6159566952000001
40.5213 0.6128684818666666
40.61475 0.6098041194666667
40.70843 0.606763608
40.80232 0.6037510834666666
40.89642 0.6007636506666666
40.99075 0.5977986901333333
41.08529 0.5948559261333333
41.18005 0.5919353586666667
41.27502 0.5890365741333333
41.37022 0.5861595725333333
41.46564 0.5833039402666667
41.56127 0.5804695394666667
41.65713 0.5776562322666667
41.75321 0.5748864909333333
41.84951 0.5721463909333333
41.94603 0.5694250408
42.04277 0.5667225784
42.13974 0.5640385901333334
42.23693 0.561373076
42.33434 0.5587257602666666
42.43198 0.5560963672
42.52985 0.5534850346666667
42.62794 0.5508913490666667
42.72625 0.5483131045333333
42.8248 0.5457512661333332
42.92357 0.5432065232000001
43.02257 0.5406786
43.12179 0.5381676343999999
43.22125 0.5356733506666668
43.32094 0.5331956109333333
43.42085 0.5307341394666666
43.521 0.5282890741333334
43.62137 0.5258600013333333
43.72198 0.5234540901333333
43.82282 0.5210663773333333
43.92389 0.518693692
44.0252 0.5163356205333334
44.12674 0.5139924386666667
44.22851 0.5116635949333334
44.33052 0.5093493650666666
44.43276 0.5070493354666666
44.53524 0.5047635061333333
44.63796 0.5024917392
44.74091 0.5002312773333333
44.8441 0.4979834992
44.94753 0.4957493698666666
45.0512 0.4935286136
45.1551 0.49132136826666667
45.25925 0.4891273581333333
45.36363 0.4869464453333333
45.46826 0.48477862986666664
45.57313 0.4826237738666667
45.67824 0.48048187733333336
45.78359 0.47835349173333336
45.88918 0.4762377898666667
45.99502 0.4741342202666667
46.10111 0.4720426450666666
46.20743 0.4699630642666666
46.314 0.46789533999999994
46.42082 0.4658393344
46.52789 0.46379504746666667
46.6352 0.4617623413333333
46.74276 0.459741216
46.85057 0.4577279490666666
46.95862 0.45572474640000005
47.06693 0.4537325730666666
47.17548 0.4517515669333333
47.28429 0.44978172800000005
47.39334 0.44782264266666666
47.50265 0.44587458666666674
47.61221 0.4439371464
47.72202 0.4420104597333333
47.83209 0.4400943888
47.94241 0.43818727919999995
48.05298 0.4362896824
48.16381 0.4344022877333333
48.2749 0.4325248194666667
48.38624 0.4306575533333334
48.49783 0.42880007573333323
48.60969 0.4269523866666667
48.7218 0.425114624
48.83417 0.42328651199999995
48.9468 0.4214679128
49.05969 0.41965524186666664
49.17285 0.41785070506666666
49.28626 0.41605554319999993
49.39993 0.4142698941333333
49.51387 0.41249348213333337
49.62807 0.4107263072
49.74253 0.4089683693333333
49.85725 0.4072196685333333
49.97224 0.40547992906666663
50.0875 0.4037492888
50.20302 0.40202485253333337
50.31881 0.4003081368
50.43486 0.3986001066666667
50.55119 0.39690062426666667
50.66778 0.39520968959999997
50.78464 0.3935273026666666
50.90177 0.39185332559999997
51.01917 0.39018762053333333
51.13684 0.38853032533333326
51.25478 0.38688116426666663
51.37299 0.3852368285333333
51.49148 0.3835992482666667
51.61024 0.38196993999999995
51.72927 0.38034876586666666
51.84858 0.37873558799999996
51.96816 0.37713040639999995
52.08802 0.3755330832
52.20816 0.37394375626666665
52.32857 0.37236228773333335
52.44926 0.37078853973333337
52.57023 0.3692192034666667
52.69147 0.36765634693333327
52.813 0.3661010730666666
52.93481 0.36455324400000005
53.0569 0.3630128597333334
53.17927 0.3614797824
53.30192 0.35995414986666663
53.42486 0.35843568639999995
53.54807 0.3569246677333333
53.67158 0.3554206802666666
53.79536 0.3539208288
53.91944 0.35242704346666665
54.0438 0.3509404272
54.16844 0.3494608421333333
54.29338 0.34798828826666667
54.4186 0.3465226277333333
54.54411 0.34506399839999996
54.66991 0.3436122624
54.796 0.3421674197333333
54.92238 0.3407293325333333
55.04905 0.33929496773333334
55.17602 0.33786611759999996
55.30328 0.33644388506666667
55.43083 0.33502840799999994
55.55867 0.3336195485333333
55.68681 0.33221716879999996
55.81525 0.33082140666666665
55.94398 0.32943198640000004
56.07301 0.3280490458666666
56.20233 0.32667258506666663
56.33196 0.3252992952
56.46188 0.32393124426666664
56.59211 0.32256953520000003
56.72263 0.32121403013333333
56.85345 0.31986472906666663
56.98458 0.318521632
57.11601 0.3171847389333334
57.24774 0.31585391199999996
57.37978 0.31452915119999997
57.51212 0.3132105944
57.64476 0.3118954842666667
57.77771 0.31058561306666665
57.91097 0.309281808
58.04454 0.30798393119999995
58.17841 0.3066918448
58.31259 0.30540582453333337
58.44709 0.3041255946666666
58.58189 0.30285115519999994
58.717 0.3015825061333333
58.85243 0.3003196474666666
58.98816 0.2990588568
59.12421 0.29780247786666664
59.26058 0.2965518893333333
59.39725 0.2953066776
59.53425 0.29406711840000005
59.67156 0.2928332117333333
59.80918 0.29160468186666666
59.94713 0.29038166666666665
60.08539 0.2891640282666667
60.22397 0.28795176666666666
60.36287 0.2867430896
60.50209 0.2855391
60.64163 0.2843404872
60.78149 0.2831471133333333
60.92168 0.2819591162666667
61.06219 0.280776496
61.20302 0.27959911466666665
61.34418 0.2784268344
61.48566 0.27725993093333334
61.62747 0.2760979906666666
61.76961 0.27493880773333335
61.91208 0.27378403653333333
62.05487 0.27263422853333336
62.19799 0.27148952159999995
62.34145 0.27034991573333333
62.48523 0.26921541093333334
62.62934 0.2680857314666667
62.77379 0.2669611530666667
62.91857 0.26584153786666664
63.06369 0.264726748
63.20914 0.2636140261333333
63.35492 0.26250544026666667
63.50104 0.26140167973333334
63.6475 0.26030274453333335
63.7943 0.2592086346666667
63.94143 0.2581192122666667
64.08891 0.2570346152
64.23672 0.25595484346666664
64.38488 0.2548796213333333
64.53337 0.2538090866666667
64.68221 0.2527418608
64.8314 0.25167877093333335
64.98092 0.2506205064
65.13079 0.2495666536
65.28101 0.24851748826666667
65.43158 0.2474730104
65.58249 0.24643294426666662
65.73374 0.24539742773333334
65.88535 0.24436646080000002
66.03731 0.24333990560000004
66.18962 0.24231514266666665
66.34228 0.24129424
66.49529 0.24027761120000002
66.64865 0.2392653941333333
66.80237 0.2382575888
66.95644 0.23725419519999996
67.11087 0.2362550754666667
67.26566 0.2352602296
67.4208 0.23426979546666668
67.5763 0.2332834973333333
67.73215 0.2322994050666667
67.88837 0.23131903520000002
68.04495 0.2303429392
68.20189 0.22937097920000002
68.35919 0.2284031552
68.51685 0.22743960506666663
68.67488 0.22648005306666666
68.83327 0.2255247749333333
68.99202 0.22457363279999995
69.15115 0.22362648880000002
69.31064 0.2226823778666667
69.47049 0.22174212720000003
69.63072 0.22080587466666662
69.79132 0.21987375813333335
69.95228 0.21894563973333334
70.11362 0.21802151946666667
70.27533 0.21710125946666667
70.43741 0.2161849976
70.59987 0.21527273386666668
70.7627 0.2143644682666666
70.9259 0.21345758133333334
71.08949 0.2125540032
71.25345 0.2116542853333333
71.41779 0.2107584277333333
71.5825 0.2098662925333333
71.7476 0.20897815546666668
71.91308 0.20809374079999998
72.07894 0.2072131864
72.24518 0.20633621653333337
72.41181 0.20546310693333336
72.57882 0.20459192746666666
72.74621 0.20372405679999997
72.91399 0.20285990853333333
73.08216 0.20199934479999998
73.25072 0.20114264133333332
73.41966 0.20028938453333334
73.589 0.19943985013333332
73.75872 0.19859403813333332
73.92884 0.19775167280000003
74.09935 0.19691302986666664
74.27025 0.19607728213333334
74.44155 0.19524498106666666
74.61324 0.1944161266666667
74.78533 0.19359085680000002
74.95781 0.19276917146666667
75.13069 0.19195107066666667
75.30397 0.19113627866666663
75.47765 0.1903250712
75.65173 0.18951731039999997
75.82622 0.18871299626666665
76.0011 0.18791047439999997
76.17639 0.1871109856
76.35208 0.18631494346666666
76.52818 0.18552234799999998
76.70469 0.1847330613333333
76.8816 0.18394722133333333
77.05892 0.18316469013333334
77.23664 0.18238546773333333
77.41478 0.18160955413333332
77.59333 0.18083694933333336
77.77229 0.18006544746666664
77.95166 0.17929684080000002
78.13145 0.17853154293333334
78.31165 0.177769416
78.49227 0.17701059786666665
78.6733 0.17625508853333333
78.85476 0.17550261226666666
79.03663 0.1747534448
79.21892 0.17400744826666667
79.40163 0.17326462266666665
79.58476 0.1725245544
79.76831 0.17178751920000002
79.95229 0.17105365493333333
80.13669 0.1703229616
80.32152 0.16959530133333334
80.50677 0.16887081199999998
80.69245 0.16814935573333334
80.87856 0.16743093253333335
81.0651 0.16671568026666664
81.25206 0.16600346106666666
81.43946 0.16529386133333332
81.62729 0.16458729466666666
81.81556 0.1638837610666667
82.00426 0.16318312266666665
82.19339 0.1624856552
82.38296 0.16179108293333336
82.57297 0.16109940586666668
82.76341 0.16041076186666664
82.9543 0.15972501306666667
83.14562 0.15904229733333333
83.33739 0.15835944373333333
83.5296 0.15767893386666665
83.72225 0.15700145706666668
83.91535 0.1563267376
84.10889 0.15565491333333334
84.30288 0.15498598426666665
84.49731 0.15431981253333335
84.6922 0.15365667386666665
84.88753 0.15299615466666666
85.08332 0.15233853066666667
85.27955 0.15168325039999997
85.47624 0.15103072746666665
85.67338 0.15038096186666666
85.87098 0.1497339536
86.06903 0.14908970266666666
86.26754 0.1484483469333333
86.4665 0.14780947279999998
86.66593 0.14717349386666667
86.86582 0.1465401344
87.06616 0.14590953226666667
87.26697 0.14528154959999998
87.46824 0.1446561864
87.66998 0.14403344266666665
87.87218 0.14341345626666666
88.07485 0.14279595146666665
88.27798 0.14218120399999998
88.48159 0.14156907600000002
88.68566 0.14095956746666663
88.8902 0.14035267839999999
89.09522 0.13974827093333334
89.30071 0.13914606933333332
89.50667 0.1385463493333333
89.71311 0.1379491109333333
89.92002 0.13735443685333332
90.12741 0.13676234087999997
90.33528 0.13617276786666668
90.54363 0.13558571781333334
90.75246 0.13500117693333333
90.96177 0.13441914522666665
91.17157 0.13383959511999996
91.38184 0.13325992093333333
91.5926 0.13268228717333333
91.80385 0.13210712122666668
92.01559 0.13153442309333332
92.22781 0.13096417898666668
92.44053 0.13039636133333335
92.65373 0.12983098392
92.86743 0.12926801917333333
93.08162 0.12870745330666666
93.2963 0.12814930010666667
93.51148 0.127593532
93.72715 0.12704016277333333
93.94332 0.12648915106666667
94.15999 0.12594051066666667
94.37716 0.125394214
94.59483 0.12485026106666668
94.81301 0.12430863807999999
95.03168 0.12376934503999999
95.25086 0.12323235437333334
95.47055 0.12269765229333335
95.69074 0.12216530773333333
95.91144 0.12163523797333332
96.13265 0.1211074568
96.35437 0.12058193664000001
96.5766 0.12005867749333334
96.79934 0.11953765178666666
97.0226 0.11901887330666666
97.24637 0.11850231448
97.47066 0.11798797530666666
97.69547 0.117475842
97.92079 0.11696598349333331
98.14664 0.11645833085333335
98.373 0.11595285650666666
98.59989 0.11544954666666665
98.8273 0.11494841512000001
99.05523 0.11444943429333332
99.28369 0.11395259040000001
99.51268 0.11345789722666666
99.74219 0.11296531341333335
99.97224 0.11247485274666667
100.2028 0.11198357866666665
100.4339 0.11149400034666668
100.6656 0.11100653138666665
100.8977 0.11052117178666665
101.1304 0.11003788018666667
101.3637 0.10955668415999999
101.5975 0.10907755613333334
101.8318 0.10860049610666668
102.0667 0.10812547650666667
102.3021 0.10765251111999999
102.538 0.10718173781333333
102.7745 0.10671301872
103.0116 0.10624631248
103.2491 0.10578163288000002
103.4873 0.10531893855999999
103.726 0.10485824330666667
103.9652 0.10439954711999999
104.205 0.10394282242666666
104.4453 0.10348805544
104.6862 0.10303525994666667
104.9276 0.10258457381333333
105.1696 0.10213585917333334
105.4122 0.10168907466666666
105.6553 0.10124423408000001
105.899 0.10080129605333334
106.1433 0.10036027437333334
106.3881 0.09992116904
106.6334 0.09948395248000001
106.8794 0.09904862469333332
107.1259 0.09861517189333334
107.373 0.09818377330666667
107.6206 0.09775426349333331
107.8688 0.09732661488
108.1176 0.09690081367999999
108.367 0.09647684610666665
108.6169 0.09605472594666667
108.8674 0.09563442562666666
109.1185 0.09521593135999999
109.3702 0.09479925693333333
109.6224 0.09438438855999999
109.8753 0.09397020952000001
110.1287 0.09355769866666667
110.3827 0.09314696629333333
110.6373 0.09273802618666666
110.8924 0.09233085077333333
111.1482 0.09192544005333332
111.4046 0.09152179402666666
111.6615 0.09111988512
111.919 0.09071972712
112.1772 0.09032129245333333
112.4359 0.08992309216000001
112.6952 0.08952647733333333
112.9551 0.08913157205333333
113.2156 0.08873837631999999
113.4768 0.08834689013333334
113.7385 0.08795711349333334
114.0008 0.08756903261333332
114.2637 0.08718261992
114.5273 0.08679790298666666
114.7914 0.08641485423999999
115.0562 0.08603370805333334
115.3215 0.08565424384
115.5875 0.08527643402666668
115.8541 0.08490026482666667
116.1213 0.08452572245333333
116.3891 0.08415282069333334
116.6576 0.08378154575999999
116.9266 0.08341188386666666
117.1963 0.08304382122666666
117.4666 0.08267737162666666
117.7375 0.08231275565333333
118.0091 0.08194973893333334
118.2813 0.08158832146666666
118.5541 0.08122847568
118.8275 0.08087018778666666
119.1016 0.08051345778666667
119.3763 0.08015829946666667
119.6516 0.07980467146666667
119.9275 0.07945258757333333
120.2041 0.07910204778666667
120.4814 0.07875327269333332
120.7593 0.07840602792
121.0378 0.07806031346666667
121.3169 0.07771610176
121.5967 0.0773733928
121.8772 0.0770321728
122.1583 0.07669244176
122.44 0.07635419968
122.7224 0.07601741898666665
123.0055 0.07568211346666667
123.2892 0.07534758000000001
123.5735 0.07501446655999999
123.8585 0.07468280072
124.1442 0.07435258248
124.4305 0.07402379805333333
124.7175 0.07369646122666668
125.0052 0.07337055821333334
125.2935 0.07304607522666667
125.5824 0.07272299848
125.8721 0.07240134175999999
126.1624 0.07207934037333334
126.4534 0.07175862114666666
126.745 0.07143930816
127.0374 0.07112138762666666
127.3304 0.07080487333333334
127.624 0.07048973770666667
127.9184 0.07017599453333333
128.2134 0.06986361624
128.5091 0.06955261661333333
128.8055 0.06924296808
129.1026 0.06893497394666666
129.4003 0.06862834469333332
129.6988 0.06832306653333332
129.9979 0.06801912568
130.2978 0.06771652213333335
130.5983 0.06741524210666666
130.8995 0.0671152856
131.2014 0.06681665261333333
131.504 0.06651931557333332
131.8073 0.06622330205333334
132.1113 0.06592886021333334
132.416 0.06563572810666667
132.7214 0.06534389194666666
133.0275 0.06505333794666668
133.3343 0.06476406610666667
133.6418 0.06447606264
133.9501 0.06418931375999999
134.259 0.06390383325333332
134.5687 0.06361960733333333
134.879 0.06333662221333333
135.1901 0.06305516741333334
135.5019 0.06277495341333333
135.8144 0.06249598021333333
136.1277 0.06221822024
136.4416 0.06194170106666667
136.7563 0.06166638133333334
137.0717 0.06139227482666667
137.3879 0.061119381546666664
137.7048 0.060847673920000005
138.0224 0.060577179519999996
138.3407 0.060308132720000004
138.6598 0.06004027157333334
138.9796 0.05977360986666667
139.3001 0.05950810624
139.6214 0.05924377447999999
139.9434 0.058980600800000005
140.2662 0.05871859898666667
140.5897 0.058457741466666664
140.9139 0.05819802824
141.2389 0.05793945930666666
141.5647 0.05768082144
141.8912 0.05742327272
142.2185 0.05716686829333334
142.5465 0.05691159437333333
142.8752 0.05665743717333334
143.2048 0.05640441047999999
143.535 0.056152500506666675
143.8661 0.05590169346666666
144.1979 0.05565200314666666
144.5305 0.05540341576
144.8638 0.05515484216
145.1979 0.05490734392000001
145.5328 0.05466093482666667
145.8685 0.05441561488
146.2049 0.054171384079999996
146.5421 0.05392822864
146.8801 0.05368616234666666
147.2189 0.053445171413333326
147.5584 0.05320524205333334
147.8987 0.052966374266666665
148.2398 0.052728857573333336
148.5817 0.05249240245333333
148.9244 0.052256995120000004
149.2679 0.05202263557333334
149.6122 0.05178931002666666
149.9572 0.051557032266666664
150.3031 0.05132577472000001
150.6498 0.05109553738666667
150.9972 0.05086632026666667
151.3455 0.05063812336
151.6945 0.050411236186666666
152.0444 0.05018534165333333
152.3951 0.049960467333333335
152.7466 0.04973658565333334
153.0989 0.04951368282666667
153.452 0.04929178642666667
153.8059 0.04907086888
154.1606 0.04885093018666666
154.5162 0.04863195656
154.8726 0.04841396178666667
155.2298 0.04819720781333333
155.5878 0.04798141890666667
155.9466 0.04776659506666667
156.3063 0.047552722506666666
156.6668 0.047339787439999996
157.0281 0.04712780365333334
157.3903 0.04691675735999999
157.7533 0.04670664856
158.1171 0.046497477253333336
158.4818 0.04628922965333334
158.8473 0.04608215392
159.2137 0.04587601568
159.5809 0.04567078736
159.949 0.045466468960000006
160.3179 0.045263060480000006
160.6876 0.04506054813333334
161.0582 0.04485893192
161.4297 0.04465821183999999
161.802 0.044458387893333326
162.1752 0.04425944629333333
162.5493 0.04406163519999999
162.9242 0.04386472024
163.2999 0.04366867384
163.6766 0.04347348221333334
164.0541 0.04327917293333333
164.4324 0.04308571842666666
164.8117 0.042893118693333336
165.1918 0.04270138752
165.5728 0.042510497333333334
165.9547 0.042320448133333334
166.3374 0.042129337360000005
166.7211 0.041939053786666666
167.1056 0.041749624986666664
167.491 0.04156103717333333
167.8773 0.04137329034666667
168.2645 0.04118639829333333
168.6526 0.041000333439999995
169.0416 0.040815095786666665
169.4314 0.04063068533333333
169.8222 0.040447102080000005
170.2139 0.04026415301333333
170.6065 0.04008201735999999
170.9999 0.03990068133333334
171.3943 0.039720172506666665
171.7896 0.03954047709333334
172.1859 0.039361581306666664
172.583 0.03918348514666666
172.981 0.03900618861333333
173.38 0.03882967792
173.7799 0.03865396685333333
174.1807 0.03847930357333334
174.5824 0.038305426133333334
174.9851 0.03813233453333334
175.3886 0.037960001199999996
175.7932 0.03778845370666667
176.1986 0.03761766448
176.605 0.037447647306666665
177.0123 0.0372783884
177.4206 0.03710988776
177.8298 0.03694214538666667
178.2399 0.036775409440000004
178.651 0.03660941797333333
179.0631 0.036444157199999994
179.476 0.03627965469333334
179.89 0.03611586909333333
180.3049 0.03595282797333333
180.7207 0.03579051754666667
181.1375 0.03562893781333333
181.5553 0.03546807498666666
181.9741 0.03530792906666667
182.3938 0.03514874821333334
182.8144 0.03499027048
183.2361 0.03483250965333333
183.6587 0.03467543816
184.0823 0.03451908357333333
184.5068 0.03436343210666666
184.9324 0.03420846997333333
185.3589 0.03405421096
185.7864 0.03390062749333333
186.2149 0.033747747146666666
186.6444 0.033595762933333335
187.0749 0.033444468053333336
187.5064 0.03329384872
187.9388 0.03314390493333333
188.3723 0.03299462290666666
188.8067 0.032846016426666666
189.2422 0.032698071706666665
189.6787 0.03255078874666667
190.1161 0.03240415376
190.5546 0.032258194319999996
190.9941 0.032113089653333336
191.4346 0.03196864674666666
191.8761 0.03182483802666667
192.3187 0.03168167728
192.7623 0.03153915072
193.2068 0.031397272133333334
193.6524 0.03125601394666666
194.0991 0.03111540373333333
194.5468 0.03097540013333333
194.9955 0.030836044506666663
195.4452 0.030697516079999997
195.896 0.030559594266666667
196.3478 0.03042229285333333
196.8006 0.03028559805333333
197.2545 0.030149523653333336
197.7095 0.030014055866666667
198.1655 0.02987919469333333
198.6225 0.029744926346666666
199.0806 0.029611264613333334
199.5398 0.02947815434666667
200.0 0.029343789493333335
