2001 4.83 2.0
0.2 0.03526455128
2.0 0.03526455128
2.004613 0.03523145612000001
2.009236 0.035197633240000005
2.01387 0.03516308908000001
2.018515 0.0351278494
2.023171 0.0350919142
2.027837 0.03505530280000001
2.032514 0.03501802164000001
2.037202 0.034980102920000006
2.0419 0.03494154664
2.04661 0.034902372120000004
2.05133 0.034862585800000005
2.056061 0.034822187680000005
2.060803 0.034781177760000004
2.065556 0.034739575360000004
2.07032 0.03469738047999999
2.075095 0.03465462532000001
2.079881 0.0346113292
2.084678 0.03456751144
2.089486 0.03452318492
2.094305 0.034478375400000004
2.099136 0.03443308288000001
2.103977 0.03438730736
2.10883 0.034341055280000005
2.113693 0.03429431376
2.118568 0.03424708924
2.123455 0.03419940104000001
2.128352 0.0341512556
2.133261 0.0341026658
2.138181 0.034053631640000005
2.143113 0.034004159560000004
2.148056 0.03395426244
2.15301 0.03400527368
2.157975 0.03411602236
2.162953 0.034220182919999995
2.167941 0.03431830276000001
2.172941 0.03441087132
2.177953 0.034498294320000004
2.182976 0.03458090664
2.188011 0.03465890792
2.193057 0.034732401200000006
2.198115 0.03480139292000001
2.203185 0.034865979680000006
2.208267 0.03492638044
2.21336 0.03498294296
2.218465 0.035036008560000005
2.223581 0.035085892800000004
2.22871 0.035132840400000004
2.23385 0.035177051
2.239002 0.03521864052
2.244166 0.03525759608
2.249342 0.0352937438
2.25453 0.03532679388
2.25973 0.035356540240000005
2.264942 0.035383188960000006
2.270165 0.035410958240000005
2.275401 0.035541014040000006
2.280649 0.03567894596000001
2.285909 0.03582508888000001
2.291182 0.03597865068000001
2.296466 0.0361380278
2.301763 0.036301223839999994
2.307071 0.03646615868
2.312392 0.03663085524
2.317726 0.0367935554
2.323071 0.03695266204
2.328429 0.037106726160000006
2.333799 0.037254421120000006
2.339182 0.037394523320000005
2.344577 0.037525822040000004
2.349985 0.037646861840000004
2.355405 0.037696649480000004
2.360837 0.03773749840000001
2.366282 0.03776754744
2.37174 0.037785508599999997
2.37721 0.03779150424000001
2.382693 0.03778684812
2.388188 0.037773060080000004
2.393696 0.03775109324
2.399217 0.037721585159999994
2.40475 0.037684658200000005
2.410297 0.03763945584000001
2.415856 0.037585707600000004
2.421428 0.037525532240000006
2.427013 0.037462381600000004
2.43261 0.03739867712
2.438221 0.037335011280000004
2.443844 0.037270707880000004
2.449481 0.03720450468000001
2.45513 0.03713499776
2.460793 0.03706088624
2.466468 0.03698113328000001
2.472157 0.03689513352
2.477859 0.036802829
2.483574 0.03670479932
2.489302 0.036602306720000005
2.495043 0.036497231680000006
2.500797 0.03639263964000001
2.506565 0.0362961298
2.512346 0.036208049920000006
2.518141 0.03613223824
2.523949 0.036072668239999994
2.52977 0.036033571
2.535605 0.036018849160000005
2.541453 0.036030486240000006
2.547314 0.03606732948
2.553189 0.036125830440000006
2.559078 0.03620211224
2.56498 0.036292497640000004
2.570896 0.036391963439999994
2.576826 0.036492697920000004
2.582769 0.03658401068
2.588726 0.03665333728
2.594696 0.03668705712
2.600681 0.0366684262
2.606679 0.036581634319999994
2.612691 0.036432941159999996
2.618717 0.03624231072000001
2.624757 0.036023853040000005
2.63081 0.035791433440000006
2.636878 0.03555988968
2.64296 0.03533769036
2.649055 0.03512638752
2.655165 0.03493362544
2.661289 0.03477158216
2.667427 0.03462380348000001
2.673579 0.03444591136000001
2.679745 0.034250818
2.685926 0.03408069896
2.692121 0.03394640564
2.69833 0.03384466652000001
2.704553 0.03377136
2.710791 0.033723246760000006
2.717043 0.03369464028
2.72331 0.033664224160000006
2.729591 0.03357977644
2.735886 0.03340552936
2.742196 0.03318484344000001
2.748521 0.032963841960000004
2.75486 0.0327338438
2.761214 0.032498390960000005
2.767582 0.032258037280000006
2.773965 0.032017226360000005
2.780363 0.03178564396
2.786776 0.03157246064
2.793203 0.03138427096
2.799645 0.031225563600000006
2.806103 0.03109924944
2.812574 0.031006513440000005
2.819061 0.030946067600000005
2.825563 0.03091344256
2.83208 0.03090176684
2.838612 0.03090448452
2.845159 0.03091830476
2.851721 0.030944683000000004
2.858298 0.030989325080000005
2.864891 0.03105891572
2.871498 0.031155225919999998
2.878121 0.031274494720000004
2.884759 0.03141871852
2.891412 0.031602284280000004
2.898081 0.0318345622
2.904765 0.03209142804
2.911465 0.032311064240000006
2.91818 0.03241365344000001
2.92491 0.03235751596
2.931656 0.03214054592
2.938418 0.031758344800000005
2.945195 0.031232988920000003
2.951988 0.030636103959999997
2.958796 0.030046521960000003
2.96562 0.029516413360000004
2.97246 0.029071267680000002
2.979316 0.028720635440000003
2.986187 0.02846770444
2.993075 0.028309209600000003
2.999978 0.02819916932
3.006897 0.028043958879999997
3.013832 0.027804010919999997
3.020783 0.02753765252
3.02775 0.027303062640000004
3.034733 0.02709109004
3.041733 0.026898534039999998
3.048748 0.026770455319999997
3.05578 0.026717132120000004
3.062828 0.026716443040000003
3.069892 0.02678152568
3.076972 0.026902842400000005
3.084069 0.026950356720000002
3.091182 0.026958638560000005
3.098311 0.026898540479999997
3.105457 0.02681752528
3.11262 0.02664544204
3.119798 0.026438821080000004
3.126994 0.026184280080000004
3.134206 0.025783654120000003
3.141435 0.025249385279999998
3.14868 0.024708418840000003
3.155942 0.024247005720000006
3.163221 0.023874232760000003
3.170517 0.02359342944
3.177829 0.023429215880000007
3.185158 0.023377953480000005
3.192505 0.023401736399999998
3.199868 0.023471913080000004
3.207248 0.023623542880000004
3.214645 0.023935251760000005
3.222059 0.0243563698
3.229491 0.024710048160000005
3.236939 0.024942995840000003
3.244405 0.02521700496
3.251888 0.025628784999999994
3.259388 0.026013111320000004
3.266905 0.026153149120000007
3.27444 0.026074909560000005
3.281992 0.02594485376
3.289562 0.025854056200000003
3.297149 0.02578841328
3.304753 0.025736764480000007
3.312375 0.025717914600000003
3.320015 0.025711249199999998
3.327672 0.025660257279999998
3.335347 0.02546397896
3.34304 0.025096319359999997
3.35075 0.024720757880000003
3.358478 0.024514819559999998
3.366224 0.0243587204
3.373988 0.024178812560000006
3.38177 0.02397114188
3.38957 0.0238225582
3.397387 0.023818133920000005
3.405223 0.023960876520000004
3.413077 0.02417367988
3.420949 0.024386528320000003
3.428839 0.024622844120000004
3.436747 0.024961665400000006
3.444673 0.0254343936
3.452618 0.025958055759999998
3.460581 0.026404901600000006
3.468563 0.026708225600000003
3.476563 0.026861523359999997
3.484581 0.026887534520000003
3.492618 0.026840329319999995
3.500673 0.02679037424
3.508747 0.026758045439999996
3.51684 0.0267448692
3.524951 0.0267006586
3.533081 0.02658267136
3.541229 0.0263760182
3.549397 0.02609010796
3.557583 0.025742727920000007
3.565788 0.025358086040000002
3.574012 0.024984604679999998
3.582256 0.02465606164
3.590518 0.024343399640000006
3.598799 0.024058094760000003
3.607099 0.023803399200000002
3.615418 0.023544408160000002
3.623757 0.023281063680000002
3.632115 0.0230694646
3.640492 0.022981416920000004
3.648888 0.02302884752
3.657304 0.023178770720000002
3.665739 0.02346097152
3.674194 0.023855382880000005
3.682668 0.024286817800000002
3.691162 0.024649943640000005
3.699675 0.02489754232
3.708208 0.0250840254
3.71676 0.025285706880000005
3.725333 0.025546050320000003
3.733925 0.025846141440000005
3.742537 0.02612634584
3.751168 0.026336534560000003
3.75982 0.026459963600000004
3.768492 0.026533283
3.777183 0.026567801400000004
3.785895 0.02655212644
3.794627 0.02645665988
3.803379 0.02626666056
3.812151 0.02600882872
3.820943 0.025731902280000003
3.829756 0.025471816440000003
3.838589 0.025240356400000004
3.847442 0.02503246032
3.856316 0.02483430152
3.86521 0.02462890416
3.874124 0.024411386720000004
3.88306 0.024209788960000003
3.892016 0.02408017752
3.900992 0.024073054880000003
3.909989 0.02420371604
3.919007 0.024441513039999998
3.928046 0.02472227772
3.937106 0.024985177839999997
3.946186 0.02521449336
3.955288 0.02545200056
3.96441 0.025756020080000004
3.973554 0.02614428124
3.982718 0.026581499279999997
3.991904 0.0270075568
4.001111 0.027366670519999997
4.010339 0.027614597640000002
4.019588 0.02774149784
4.028859 0.027750185400000005
4.038151 0.027663110159999997
4.047465 0.027511151920000004
4.0568 0.027322569400000003
4.066156 0.027118414960000004
4.075534 0.026914015800000007
4.084934 0.02671369316
4.094356 0.02651382776
4.103799 0.026310594240000002
4.113264 0.026098782640000002
4.122751 0.02587006604
4.132259 0.025612195560000005
4.14179 0.025312510160000003
4.151343 0.024970288559999994
4.160917 0.02460492804
4.170514 0.024249394960000004
4.180133 0.02393672008
4.189774 0.023689185800000002
4.199437 0.02351197632
4.209123 0.023391728640000005
4.21883 0.023302231960000003
4.228561 0.02321712092
4.238313 0.02312774016
4.248089 0.02305644936
4.257886 0.0230478262
4.267707 0.02314038188
4.27755 0.023340021880000006
4.287416 0.02360904
4.297304 0.02387901768
4.307215 0.024088575280000003
4.317149 0.024219487600000002
4.327106 0.02429893144
4.337086 0.024374176400000003
4.347089 0.02448647068
4.357116 0.024652171880000004
4.367165 0.02485332528
4.377237 0.02504458684
4.387333 0.025177070520000004
4.397452 0.025226446000000003
4.407594 0.025203532479999995
4.41776 0.025140343199999998
4.427949 0.025068659560000005
4.438161 0.02500541876
4.448397 0.024946582920000005
4.458657 0.024871170520000003
4.468941 0.024755488800000003
4.479248 0.02458931104
4.489579 0.02438136988
4.499933 0.024150418600000004
4.510312 0.023911835920000006
4.520715 0.023672841080000003
4.531141 0.02344431124
4.541592 0.023228983400000007
4.552066 0.02304716932
4.562565 0.022923225079999998
4.573088 0.022875788039999997
4.583636 0.022910139000000003
4.594207 0.02301542012
4.604803 0.023167558680000002
4.615424 0.02333619652
4.626069 0.023495213
4.636738 0.02363735024
4.647432 0.0237823726
4.658151 0.023966137999999998
4.668895 0.024218721239999998
4.679663 0.02454853296
4.690456 0.02493761844
4.701274 0.025346770959999997
4.712117 0.02572948728
4.722985 0.026050360280000004
4.733878 0.026298004040000003
4.744796 0.02648490572
4.75574 0.026636561279999995
4.766708 0.02677701124
4.777702 0.026916495200000005
4.788722 0.0270467442
4.799766 0.02714874092
4.810836 0.027209940239999997
4.821932 0.027233794000000002
4.833053 0.027235397560000003
4.8442 0.0272264524
4.855373 0.027206784640000002
4.866571 0.027174784280000003
4.877796 0.027141367119999996
4.889046 0.027121956960000002
4.900322 0.02712184104
4.911624 0.027138488440000004
4.922952 0.027172246920000004
4.934306 0.027230103880000002
4.945687 0.027319555480000004
4.957093 0.027438586
4.968526 0.027570271120000003
4.979986 0.027693127
4.991471 0.02780694756
5.002984 0.02794153068
5.014523 0.028129810519999996
5.026088 0.028382921839999995
5.03768 0.028681654120000004
5.049299 0.028988790600000005
5.060945 0.029263688440000005
5.072617 0.029473671080000003
5.084317 0.02960138272
5.096043 0.029649373600000004
5.107797 0.029639829519999997
5.119577 0.029606212720000004
5.131385 0.029580130720000007
5.14322 0.0295815926
5.155082 0.029616729239999997
5.166972 0.029680884520000003
5.178889 0.02976308468
5.190834 0.02985006332
5.202806 0.029930093200000008
5.214805 0.029995993719999996
5.226833 0.030045555960000005
5.238888 0.030079159880000005
5.250971 0.0300969858
5.263082 0.030098235159999997
5.27522 0.030082450720000004
5.287387 0.03005059204
5.299582 0.030004546040000003
5.311805 0.029945517
5.324056 0.029878843680000003
5.336335 0.029811668040000003
5.348643 0.029753617880000003
5.360979 0.02971432744
5.373343 0.029700314
5.385737 0.02971304588
5.398158 0.029749380360000004
5.410608 0.029804777239999993
5.423087 0.02987738180000001
5.435595 0.029969332120000004
5.448132 0.03008379668
5.460697 0.030220711080000004
5.473292 0.03037549648
5.485915 0.030542440600000005
5.498568 0.03072036492
5.51125 0.030915232880000004
5.523961 0.031137174600000005
5.536701 0.03139493560000001
5.549471 0.03169143964
5.562271 0.032020903600000004
5.575099 0.032368026040000004
5.587958 0.03271076928
5.600846 0.03302683160000001
5.613763 0.03329939816000001
5.626711 0.03352504932
5.639688 0.03370545304000001
5.652696 0.03384520748
5.665733 0.03394900096000001
5.6788 0.03402060088000001
5.691898 0.03406263476
5.705026 0.03407641636
5.718184 0.03406191348
5.731372 0.03401835332000001
5.744591 0.033945536240000004
5.75784 0.03384547152
5.77112 0.033723491480000006
5.784431 0.03358835452000001
5.797772 0.03345163976
5.811144 0.033326529880000004
5.824546 0.033226123839999996
5.83798 0.03316138896
5.851445 0.03313987936
5.864941 0.03316541396
5.878467 0.03323805072
5.892025 0.0333542412
5.905615 0.03350816364
5.919235 0.03369256660000001
5.932888 0.033899728520000005
5.946571 0.034122018000000004
5.960286 0.034351282
5.974033 0.034579766760000005
5.987811 0.03480167628
6.001622 0.035014073920000006
6.015464 0.03521563304
6.029338 0.03540297264
6.043244 0.035566870640000005
6.057182 0.03569199984
6.071152 0.03576204772
6.085155 0.03576822368
6.099189 0.035715711920000004
6.113256 0.035623613479999997
6.127356 0.03551873808000001
6.141488 0.03542719348000001
6.155653 0.03536798412000001
6.16985 0.035350428680000004
6.18408 0.035374791200000005
6.198343 0.03543415512
6.212639 0.035516129880000004
6.226968 0.0356044094
6.24133 0.035681367400000004
6.255725 0.03573199224
6.270153 0.03574818884
6.284614 0.03573098116
6.299109 0.035689398080000004
6.313637 0.035636738200000004
6.328199 0.035586506200000007
6.342794 0.0355495406
6.357423 0.03553273220000001
6.372086 0.0355386248
6.386782 0.03556585956000001
6.401513 0.03561043724
6.416277 0.035667804760000005
6.431076 0.03573538612
6.445908 0.035814565920000006
6.460775 0.03591117236
6.475676 0.03603365472
6.490612 0.03618939968
6.505582 0.03638101544
6.520586 0.03660453496000001
6.535625 0.036850349760000005
6.550699 0.0371061208
6.565807 0.03735977308000001
6.580951 0.037601285959999994
6.596129 0.03782338868000001
6.611342 0.038022275200000004
6.62659 0.03819820956000001
6.641874 0.0383549656
6.657193 0.03849730248000001
6.672547 0.03862782840000001
6.687936 0.038745068599999995
6.703361 0.03884361992
6.718822 0.03891575436
6.734318 0.03895353784
6.74985 0.03895058188000001
6.765418 0.038907974840000005
6.781022 0.0388211572
6.796661 0.03869293036
6.812337 0.038529541120000003
6.828049 0.03834040476
6.843797 0.03813751256
6.859582 0.037934472239999996
6.875403 0.03774516844
6.89126 0.037582210680000006
6.907154 0.03745563248000001
6.923084 0.03737213144
6.939052 0.03733483740000001
6.955056 0.037343473440000004
6.971097 0.0373945362
6.987175 0.03748165008
7.00329 0.03759643664
7.019443 0.03773016324
7.035632 0.03787617092000001
7.051859 0.038031812840000005
7.068124 0.0381985702
7.084425 0.03837966944
7.100765 0.038576353480000006
7.117142 0.03878478408
7.133557 0.03899521108000001
7.15001 0.03919348580000001
7.1665 0.0393642424
7.183029 0.03949432396000001
7.199596 0.039575294080000004
7.216201 0.03960424188000001
7.232845 0.03958306072000001
7.249526 0.03951684464
7.266247 0.039412316999999995
7.283005 0.03927657468
7.299803 0.03911661796
7.316639 0.03893946
7.333514 0.038752539
7.350428 0.03856414324
7.367381 0.03838334668
7.384373 0.03821935208
7.401404 0.03808047992
7.418475 0.03797297700000001
7.435585 0.03790015992
7.452734 0.037861938520000006
7.469923 0.037854964
7.487152 0.03787338884
7.50442 0.03791001312
7.521728 0.03795764980000001
7.539076 0.03801023884
7.556464 0.03806245436
7.573893 0.03811058048
7.591361 0.038153342080000006
7.60887 0.03818801504
7.626419 0.0382121586
7.644008 0.03822461356
7.661638 0.038226674360000004
7.679309 0.038222572079999996
7.69702 0.03821875316
7.714773 0.03822201824
7.732566 0.0382372746
7.7504 0.03826577804000001
7.768276 0.038304476000000004
7.786193 0.038346696640000004
7.804151 0.03838408728
7.82215 0.038409074480000006
7.840191 0.038417169560000006
7.858274 0.03840815356
7.876398 0.03838593556
7.894564 0.038357271119999994
7.912772 0.03832983672
7.931022 0.03831042656
7.949314 0.03830347136000001
7.967648 0.03831017540000001
7.986025 0.0383282074
8.004444 0.03835191948
8.022905 0.038373132840000004
8.041409 0.03838228408
8.059956 0.0383699386
8.078545 0.038328252480000005
8.097177 0.03825235064
8.115853 0.038141363680000005
8.134571 0.037998988160000004
8.153332 0.03783345440000001
8.172137 0.03765677944
8.190985 0.0374834082
8.209877 0.03732840384
8.228812 0.037205631680000004
8.247791 0.037126155640000005
8.266814 0.03709263544000001
8.28588 0.03711116976
8.304991 0.03718036112
8.324145 0.0372939112
8.343344 0.0374420634
8.362587 0.0376130454
8.381874 0.037794859480000005
8.401206 0.0379770986
8.420583 0.03815218288
8.440004 0.03831576532
8.45947 0.038466268119999994
8.478981 0.03860385228
8.498537 0.03872925196
8.518138 0.038842718320000004
8.537784 0.03894329824
8.557475 0.03902842216
8.577212 0.03909402
8.596995 0.03913508788
8.616823 0.03914658972
8.636696 0.03912450052
8.656616 0.0390667144
8.676582 0.038973514720000005
8.696593 0.038847773720000006
8.716651 0.038692737160000004
8.736755 0.038517028200000004
8.756905 0.0383295598
8.777102 0.038139631320000006
8.797346 0.03795665804
8.817636 0.037789520720000004
8.837973 0.03764597312
8.858357 0.03753217188
8.878787 0.037452283680000004
8.899265 0.03740825340000001
8.919791 0.037399617360000005
8.940363 0.03742353552
8.960983 0.0374750362
8.981651 0.03754754416
9.002366 0.03763367272
9.023129 0.03772557796
9.04394 0.03781853936
9.064799 0.03790863496000001
9.085706 0.03799385548
9.106661 0.03807373724
9.127664 0.038148724599999996
9.148716 0.03821930700000001
9.169817 0.03828543936000001
9.190966 0.038346104160000005
9.212164 0.03839937584
9.233411 0.03844276212000001
9.254707 0.038473732079999996
9.276052 0.03849032152
9.297446 0.03849153224000001
9.31889 0.038477119520000005
9.340383 0.038448577440000006
9.361925 0.03840785732
9.383517 0.0383571552
9.405159 0.03829853188000001
9.426851 0.038233636
9.448593 0.03816358168
9.470386 0.038089012920000005
9.492228 0.038010329
9.514121 0.037927929199999995
9.536064 0.03784244464000001
9.558058 0.03775487352
9.580103 0.037666587560000006
9.602198 0.03757928692
9.624345 0.03749489716
9.646542 0.03741547908
9.668791 0.03734313856
9.691091 0.03727983336000001
9.713442 0.0372271606
9.735845 0.037186009000000006
9.7583 0.03715647516
9.780807 0.03713752224
9.803365 0.037126761000000015
9.825975 0.03712149952
9.848638 0.0371190008
9.871353 0.03711705592000001
9.89412 0.03711443484
9.91694 0.03711107316
9.939812 0.037107962640000006
9.962737 0.037106764800000004
9.985715 0.03710928284
10.00875 0.03711734572000001
10.03183 0.03713168116
10.05497 0.03715075
10.07816 0.037172452800000005
10.1014 0.03719353736
10.1247 0.03720992072000001
10.14805 0.03721717216
10.17146 0.03721097688
10.19492 0.03718769628
10.21843 0.03714470928000001
10.242 0.03708066348
10.26562 0.03699547516
10.2893 0.03689018116
10.31303 0.03676661044000001
10.33681 0.03662712004
10.36065 0.03647433748000001
10.38455 0.03631114788
10.4085 0.036140693960000005
10.43251 0.03596651128000001
10.45657 0.03579259908
10.48069 0.035623394520000004
10.50486 0.03546397232000001
10.52909 0.03532010916
10.55337 0.03519480608
10.57771 0.0350918176
10.60211 0.03501400952
10.62656 0.03496322368000001
10.65107 0.034940239320000004
10.67563 0.03494476664
10.70026 0.034975446800000004
10.72494 0.03502987124
10.74967 0.0351045366
10.77446 0.03519477388
10.79931 0.03529474844000001
10.82422 0.03539746644
10.84919 0.03549501312
10.87421 0.03557891988000001
10.89929 0.035640840480000005
10.92443 0.03567334316
10.94962 0.03567083156
10.97488 0.03563028532
11.00019 0.03555182036000001
11.02556 0.035439648440000006
11.05099 0.035299076119999995
11.07648 0.0351383144
11.10202 0.03496666264000001
11.12763 0.03479350392
11.15329 0.034627422760000005
11.17902 0.03447552248
11.2048 0.034343071
11.23064 0.034233333399999996
11.25655 0.03414762988
11.28251 0.034085541840000004
11.30853 0.034045182359999995
11.33461 0.03402358904
11.36075 0.03401709752
11.38696 0.03402177296000001
11.41322 0.03403409912
11.43954 0.034050727200000006
11.46593 0.034068733440000006
11.49237 0.034086340400000005
11.51888 0.03410258208
11.54545 0.03411709140000001
11.57207 0.03412983616
11.59876 0.03414075196
11.62551 0.03414949748
11.65233 0.03415523552
11.6792 0.03415662012
11.70614 0.03415195112
11.73314 0.034139438200000004
11.7602 0.03411758728
11.78732 0.03408552896
11.81451 0.03404328256
11.84176 0.033991865600000004
11.86907 0.03393322940000001
11.89644 0.03387000791999999
11.92388 0.03380524084000001
11.95138 0.03374196784
11.97895 0.033682919480000004
12.00658 0.03363030468
12.03427 0.0335855982
12.06202 0.0335492444
12.08984 0.03352103076
12.11773 0.033500068560000006
12.14568 0.03348498608000001
12.17369 0.03347413468
12.20177 0.033465788440000005
12.22991 0.03345835024
12.25812 0.03345042904000001
12.28639 0.033440930040000004
12.31472 0.03342899028
12.34313 0.03341392068
12.37159 0.033395122320000005
12.40013 0.03337196408
12.42873 0.03334375044
12.45739 0.0333097086
12.48613 0.033269052880000004
12.51492 0.033221062
12.54379 0.03316527228
12.57272 0.03310157424
12.60172 0.033030367160000004
12.63078 0.03295258484000001
12.65991 0.03286965052000001
12.68911 0.03278338672
12.71838 0.03269548072
12.74771 0.03260810280000001
12.77711 0.03252333308
12.80658 0.03244274936000001
12.83612 0.03236757524
12.86572 0.03229866724
12.8954 0.03223656632
12.92514 0.0321815816
12.95495 0.03213386764
12.98483 0.03209350172
13.01478 0.032060528920000005
13.04479 0.0320350072
13.07488 0.03201696876
13.10504 0.03200640716000001
13.13526 0.032003206480000004
13.16556 0.03200710912
13.19592 0.0320176192
13.22636 0.032034009
13.25686 0.03205525456
13.28744 0.03208007432
13.31808 0.03210696776000001
13.3488 0.03213429268
13.37959 0.0321603618
13.41045 0.032183578000000004
13.44138 0.03220252448000001
13.47238 0.032216061360000006
13.50345 0.03222331924
13.53459 0.03222326772000001
13.56581 0.032216531480000005
13.5971 0.032203438960000004
13.62846 0.032184627720000004
13.65989 0.032161005799999996
13.6914 0.0321337002
13.72297 0.03210398604
13.75462 0.03207324148
13.78635 0.03204287688
13.81814 0.032014257520000006
13.85001 0.0319886392
13.88196 0.0319670974
13.91397 0.03195045644
13.94607 0.03193925084
13.97823 0.03193366736000001
14.01047 0.031933557880000005
14.04278 0.03193842652000001
14.07517 0.03194746828
14.10763 0.03195963988
14.14017 0.031973704840000006
14.17279 0.03198836871999999
14.20547 0.03200231776
14.23824 0.03201433480000001
14.27108 0.03202336368
14.30399 0.03202852212000001
14.33698 0.03202915968
14.37005 0.032024793360000005
14.40319 0.03201511404000001
14.43641 0.03199989632
14.46971 0.03197897920000001
14.50308 0.03195221456
14.53653 0.031919415640000004
14.57006 0.03188036348
14.60366 0.03183479404
14.63734 0.031782404640000005
14.6711 0.03172289904000001
14.70494 0.031656013200000006
14.73885 0.03158154104
14.77285 0.031499373080000004
14.80692 0.031409522200000005
14.84107 0.03131215584
14.8753 0.03120757668000001
14.90961 0.031096267720000004
14.944 0.030978827879999997
14.97846 0.03085601708
15.01301 0.030729000960000002
15.04763 0.030598938719999996
15.08234 0.030466248960000004
15.11713 0.030331936319999996
15.15199 0.030196960360000004
15.18694 0.03006221624
15.22196 0.029928508960000006
15.25707 0.02979651472
15.29226 0.0296667616
15.32753 0.029539629560000006
15.36288 0.029415318240000002
15.39832 0.029293872720000003
15.43383 0.02917517708
15.46943 0.0290589544
15.50511 0.028944837600000002
15.54087 0.02883235656
15.57671 0.02872098964
15.61264 0.028610228079999998
15.64864 0.028499576
15.68474 0.02838864056
15.72091 0.028277125519999998
15.75717 0.028164902080000002
15.79351 0.02805200888
15.82994 0.027938651999999998
15.86645 0.0278252436
15.90304 0.0277123504
15.93972 0.02760071944
15.97648 0.027491207240000003
16.01333 0.027384779799999998
16.05027 0.027282467519999996
16.08728 0.027185313680000003
16.12439 0.02709435512
16.16158 0.027010551400000003
16.19885 0.0269347848
16.23621 0.026867776599999997
16.27366 0.026810112840000008
16.31119 0.026762154160000003
16.34881 0.02672404868
16.38652 0.02669571912000001
16.42431 0.026676817720000003
16.46219 0.026666777759999996
16.50016 0.02666478136
16.53822 0.026674042079999998
16.57636 0.026689015080000003
16.61459 0.02670823848
16.65291 0.026730115159999998
16.69132 0.0267529836
16.72982 0.0267751694
16.7684 0.026795049680000002
16.80708 0.026811123920000002
16.84584 0.02682206548
16.8847 0.02682676668
16.92364 0.026824416080000003
16.96267 0.026814485600000007
17.00179 0.026796782040000005
17.04101 0.026771402000000003
17.08031 0.026738751199999997
17.1197 0.026699473640000002
17.15919 0.02665444516
17.19876 0.02660466396
17.23843 0.026551263480000007
17.27819 0.026495377160000007
17.31804 0.026438157759999997
17.35798 0.026380687200000003
17.39802 0.02632393792
17.43814 0.026268779320000005
17.47836 0.026215913360000002
17.51867 0.026165893880000006
17.55908 0.026119107279999998
17.59958 0.02607579828
17.64017 0.026036050599999996
17.68085 0.025999832040000004
17.72163 0.0259670138
17.76251 0.025937389800000002
17.80347 0.025910721759999998
17.84453 0.02588675208
17.88569 0.025865268240000003
17.92694 0.025846128560000008
17.96829 0.025829268640000003
18.00973 0.025815280960000003
18.05127 0.025805563000000004
18.0929 0.025798781679999997
18.13463 0.02579543288
18.17646 0.025796134840000002
18.21838 0.025801615280000006
18.2604 0.025812659879999998
18.30251 0.025830112280000005
18.34473 0.025854822559999997
18.38704 0.025887602160000002
18.42944 0.02592921744
18.47195 0.02598033172
18.51455 0.02604151816
18.55726 0.02611322112
18.60006 0.026195756160000003
18.64295 0.0262893358
18.68595 0.02639403732
18.72905 0.02650985428
18.77225 0.026636709400000003
18.81554 0.026774461
18.85894 0.026922960960000002
18.90243 0.02708206116
18.94603 0.027251665000000005
18.98973 0.027431720960000003
19.03353 0.027633840360000002
19.07742 0.027851132400000003
19.12142 0.028080460800000005
19.16553 0.02832224416
19.20973 0.02857700412
19.25403 0.02884534604
19.29844 0.029127959
19.34295 0.029425544959999998
19.38756 0.029738799439999998
19.43228 0.030068398640000004
19.4771 0.030414928600000002
19.52202 0.03077886588000001
19.56704 0.031160571120000004
19.61217 0.031560243960000005
19.65741 0.031977916599999996
19.70275 0.032413421600000006
19.74819 0.032866424080000005
19.79373 0.03333635088000001
19.83939 0.03382244208
19.88514 0.034323705919999996
19.93101 0.03483893812
19.97698 0.03536669612
20.02305 0.035914604880000006
20.06923 0.036476572160000005
20.11552 0.03703966644
20.16191 0.037601485600000005
20.20841 0.038159530920000004
20.25502 0.03871125216000001
20.30174 0.03925409264000001
20.34856 0.03978549568
20.39549 0.040302988320000004
20.44253 0.040804207079999995
20.48968 0.041286930160000006
20.53694 0.04174912252000001
20.58431 0.04218896164000001
20.63178 0.04260486328
20.67937 0.04299549436
20.72706 0.04335977296000001
20.77487 0.0436968812
20.82278 0.044006252360000005
20.87081 0.04428757732000001
20.91894 0.044540765919999996
20.96719 0.04476595984
21.01555 0.0449537116
21.06402 0.045096383360000006
21.1126 0.045216296159999995
21.1613 0.04531369472
21.2101 0.045388933240000005
21.25902 0.04544248184000001
21.30805 0.04547493300000001
21.3572 0.045486975799999996
21.40646 0.04547940880000001
21.45583 0.0454531336
21.50531 0.04540915484000001
21.55491 0.045348599520000005
21.60463 0.04527266548000001
21.65445 0.04518267292
21.7044 0.045080019320000005
21.75446 0.04496619232000001
21.80463 0.04484276972
21.85492 0.04471138084000001
21.90533 0.04457373228
21.95585 0.0444315564
22.00649 0.0442866242
22.05724 0.044140726
22.10812 0.04399563924
22.15911 0.04385314136
22.21021 0.04371495828
22.26144 0.04358277084
22.31278 0.0434582148
22.36425 0.043342835760000004
22.41583 0.04323808916000001
22.46753 0.04314536604
22.51935 0.043065928639999994
22.57128 0.04300094904
22.62334 0.04295150272000001
22.67552 0.04291856212000001
22.72782 0.042902977319999994
22.78024 0.042905527560000004
22.83278 0.04292687616000001
22.88544 0.042967615599999995
22.93822 0.0430282482
22.99113 0.04310919256
23.04415 0.0431470018
23.0973 0.04318699420000001
23.15057 0.04324172132
23.20397 0.04331142144
23.25749 0.04339630064
23.31113 0.04349653280000001
23.36489 0.04361229180000001
23.41878 0.0437437
23.47279 0.0438908862
23.52693 0.044053966320000006
23.58119 0.044233024079999995
23.63558 0.04442816252
23.69009 0.044639446039999996
23.74473 0.04486695836
23.7995 0.04511076388000001
23.85439 0.04537094632
23.9094 0.04564756364
23.96455 0.04594069312
24.01982 0.046250412039999994
24.07522 0.046576791240000005
24.13075 0.04691991444
24.1864 0.04727987824
24.24219 0.047656772800000004
24.2981 0.048050694719999995
24.35414 0.04846176636
24.41031 0.04889010364
24.46661 0.04933582892
24.52304 0.04979907744
24.5796 0.050280003760000004
24.63629 0.050778756
24.69311 0.0512955016
24.75006 0.05183041444000001
24.80714 0.05238367483999999
24.86436 0.05295548888
24.92171 0.05354604976
24.97919 0.05415557644
25.0368 0.05470083192
25.09454 0.055230599199999994
25.15242 0.05579594748000001
25.21043 0.056398100359999995
25.26858 0.05703835872000001
25.32686 0.05771808140000001
25.38527 0.058438691640000005
25.44382 0.05920170928
25.5025 0.06000871856
25.56132 0.06086141964
25.62027 0.06176158352
25.67936 0.06271111000000001
25.73859 0.06371198260000001
25.79795 0.06476630720000001
25.85745 0.06587637
25.91709 0.06704445720000002
25.97687 0.068273016
26.03678 0.06956475120000001
26.09683 0.07092230320000001
26.15702 0.07234857
26.21735 0.0738464496
26.27782 0.0754190332
26.33842 0.07706960519999999
26.39917 0.0788013212
26.46006 0.0806175944
26.52108 0.08297141440000001
26.58225 0.08629381039999999
26.64356 0.08974365400000002
26.70501 0.09331856240000003
26.7666 0.0970149292
26.82834 0.1008277312
26.89022 0.10475052839999999
26.95223 0.1087753352
27.0144 0.1128924916
27.0767 0.11709092080000001
27.13915 0.12135774279999999
27.20175 0.1256787896
27.26448 0.130038412
27.32737 0.13441960840000003
27.39039 0.13880441119999998
27.45357 0.1431738868
27.51689 0.14727475000000004
27.58035 0.15068646880000003
27.64396 0.1540446068
27.70772 0.1573383448
27.77162 0.16055686360000002
27.83568 0.1636894084
27.89988 0.16672554639999998
27.96422 0.16965490920000004
28.02872 0.1724674504
28.09337 0.1751533812
28.15816 0.17770336360000002
28.2231 0.1801082528
28.2882 0.18235922600000004
28.35344 0.1844479756
28.41884 0.1863663872
28.48438 0.18810699040000006
28.55008 0.1896624436
28.61592 0.19102604920000005
28.68192 0.19219149600000002
28.74808 0.19315298800000003
28.81438 0.19390517999999998
28.88084 0.1944434996
28.94745 0.194763954
29.01421 0.1948631944
29.08113 0.19473890240000002
29.1482 0.1943895324
29.21543 0.19381463359999998
29.28281 0.1930147212
29.35035 0.19199166280000002
29.41804 0.1907484852
29.48589 0.1892896964
29.5539 0.1860884368
29.62206 0.1817923772
29.69038 0.17682848960000003
29.75886 0.17130123079999998
29.8275 0.16532748680000003
29.89629 0.15902993960000003
29.96524 0.15252985440000003
30.03435 0.14594102600000003
30.10362 0.1393648844
30.17306 0.1328874036
30.24265 0.1265780068
30.3124 0.1204893732
30.38231 0.1146592412
30.45238 0.10911188960000003
30.52262 0.10386064919999999
30.59302 0.0989098348
30.66358 0.09425725680000002
30.7343 0.0898955092
30.80518 0.08581383719999999
30.87623 0.08199916760000002
30.94744 0.0784370104
31.01882 0.07511242480000001
31.09036 0.0720100192
31.16207 0.069115046
31.23394 0.06641295080000001
31.30598 0.06388993912000002
31.37818 0.06153306656
31.45055 0.05933011644
31.52309 0.05818885828000001
31.5958 0.05903999444
31.66867 0.059851028720000005
31.74171 0.060618547919999995
31.81492 0.061339229
31.88829 0.062009890600000006
31.96184 0.06262749304000001
32.03556 0.06318922204
32.10944 0.06369246296000002
32.1835 0.06413488452
32.25773 0.0645144388
32.33213 0.0648292904
32.4067 0.06507813200000001
32.48144 0.0652598044
32.55636 0.06537359920000001
32.63144 0.06541913
32.70671 0.06539633239999999
32.78214 0.0653056572
32.85775 0.06514761960000001
32.93353 0.06492325000000002
33.00949 0.0646339008
33.08562 0.06428102744
33.16193 0.0646702868
33.23841 0.06526315320000001
33.31508 0.0658813932
33.39191 0.06652552200000002
33.46893 0.06719611919999999
33.54612 0.06789369999999999
33.62349 0.0686189084
33.70104 0.06937219520000001
33.77877 0.07015407559999999
33.85667 0.0709651292
33.93476 0.07180580680000001
34.01303 0.07267655920000002
34.09148 0.07357770840000001
34.1701 0.0745097696
34.24891 0.075472936
34.32791 0.0764675296
34.40708 0.0774936792
34.48644 0.0785515136
34.56597 0.07821161039999999
34.6457 0.0774372004
34.7256 0.076508166
34.80569 0.0754279848
34.88597 0.0742020664
34.96643 0.07283768800000001
35.04708 0.071343608
35.12791 0.0697302592
35.20893 0.06800936240000001
35.29013 0.06619366880000002
35.37153 0.06429677324000001
35.45311 0.06233263764000001
35.53488 0.0603154944
35.61683 0.05825944068
35.69898 0.05617821944
35.78132 0.054084961839999994
35.86384 0.051992000480000015
35.94656 0.04991068908000001
36.02946 0.047381230960000006
36.11256 0.044336720960000006
36.19585 0.0417172574
36.27933 0.039456405240000006
36.36301 0.037499901040000005
36.44688 0.035803295920000006
36.53094 0.03433005576
36.61519 0.033050009160000005
36.69964 0.0319381496
36.78428 0.030973624360000004
36.86912 0.030138987480000004
36.95416 0.029419536440000005
37.03939 0.029739746120000004
37.12482 0.03118601556
37.21044 0.03263342488000001
37.29626 0.034067922
37.38228 0.03547382552
37.4685 0.03683405656
37.55492 0.03813051228
37.64153 0.03934454244000001
37.72835 0.04045749036
37.81537 0.041451343360000004
37.90258 0.042309363880000006
37.99 0.04301670128
38.07762 0.04356097788
38.16544 0.04393272044
38.25347 0.04412564352000001
38.3417 0.0441367976
38.43013 0.04396653688000001
38.51876 0.04385135104000001
38.6076 0.04457269544000001
38.69665 0.045359991880000006
38.7859 0.04622104564000001
38.87535 0.04716399044
38.96501 0.04819735284000001
39.05488 0.049330084440000005
39.14496 0.050571587640000006
39.23524 0.05193168988
39.32573 0.053420656520000005
39.41643 0.05504906203999999
39.50734 0.05682767412000001
39.59846 0.058767189600000005
39.68979 0.060877848080000005
39.78133 0.06316889740000001
39.87308 0.06564775
39.96505 0.06831912640000001
40.05722 0.0688364516
40.14961 0.0678410852
40.24221 0.06671202440000003
40.33502 0.06545841399999999
40.42805 0.06409100236000001
40.5213 0.06262174212
40.61475 0.061063474640000004
40.70843 0.05942964020000001
40.80232 0.05773400108
40.89642 0.05599030668
40.99075 0.05421202304
41.08529 0.0524120688
41.18005 0.050602628440000005
41.27502 0.04879494620000001
41.37022 0.04699924880000001
41.46564 0.04522463596
41.56127 0.04347904176
41.65713 0.04176926684
41.75321 0.04010097840000001
41.84951 0.03847878104
41.94603 0.03690627472
42.04277 0.03616783212000001
42.13974 0.03642202536
42.23693 0.03666203128000001
42.33434 0.036887193000000006
42.43198 0.03709688584
42.52985 0.037290498000000005
42.62794 0.037467437000000006
42.72625 0.03762713612
42.8248 0.03776904796
42.92357 0.0378926702
43.02257 0.03799750696
43.12179 0.03808312676
43.22125 0.038149098119999995
43.32094 0.03819504752
43.42085 0.03828632808
43.521 0.038408024760000006
43.62137 0.038537443000000005
43.72198 0.03867483396
43.82282 0.038820461679999994
43.92389 0.03897457732
44.0252 0.039137457800000004
44.12674 0.039309399360000004
44.22851 0.039490691800000005
44.33052 0.03968164424000001
44.43276 0.03988259156
44.53524 0.04009387508
44.63796 0.04031584256
44.74091 0.0405488804
44.8441 0.04079336856000001
44.94753 0.04104972564
45.0512 0.04131838312
45.1551 0.04159979180000001
45.25925 0.04189444112000001
45.36363 0.04220282052000001
45.46826 0.04252546452
45.57313 0.04252301732
45.67824 0.04178964943999999
45.78359 0.04105816848000001
45.88918 0.04032928284
45.99502 0.03960368160000001
46.10111 0.03888200232
46.20743 0.03816486968
46.314 0.03745286328
46.42082 0.036746517640000004
46.52789 0.03604634796
46.6352 0.03535282436
46.74276 0.03466638476000001
46.85057 0.03398743487999999
46.95862 0.03331634824
47.06693 0.03265345328
47.17548 0.031999072
47.28429 0.031353462000000006
47.39334 0.030716880880000005
47.50265 0.03008954116
47.61221 0.029471623159999998
47.72202 0.02886330076
47.83209 0.028264702760000003
47.94241 0.027675938640000005
48.05298 0.027097105000000007
48.16381 0.02652826624
48.2749 0.025969473880000007
48.38624 0.02542074724
48.49783 0.0248820992
48.60969 0.02435352976
48.7218 0.02383500672
48.83417 0.023326504320000004
48.9468 0.022827964600000004
49.05969 0.022339329600000003
49.17285 0.02186052204
49.28626 0.021391471080000002
49.39993 0.020932067240000005
49.51387 0.020482213920000006
49.62807 0.02004180808
49.74253 0.019610733800000002
49.85725 0.019188862280000003
49.97224 0.01877607116
50.0875 0.01840068356
50.20302 0.018040900080000002
50.31881 0.017687331200000003
50.43486 0.017339944720000004
50.55119 0.016998689119999997
50.66778 0.0166635322
50.78464 0.016334409560000002
50.90177 0.016011276120000004
51.01917 0.01569407392
51.13684 0.015382738560000003
51.25478 0.015077212080000001
51.37299 0.014777423639999999
51.49148 0.0144833024
51.61024 0.0141947904
51.72927 0.01391180392
51.84858 0.01363427212
51.96816 0.01336211772
52.08802 0.013095269880000001
52.20816 0.01283364488
52.32857 0.01257716544
52.44926 0.012325760720000002
52.57023 0.012079340559999999
52.69147 0.011837827680000001
52.813 0.011601144800000001
52.93481 0.011369208200000001
53.0569 0.011141940600000002
53.17927 0.01091926472
53.30192 0.010701090400000002
53.42486 0.0104873468
53.54807 0.010277943760000002
53.67158 0.010072816880000002
53.79536 0.00987188244
53.91944 0.009675056720000002
54.0438 0.00948226888
54.16844 0.00929344164
54.29338 0.009108491280000002
54.4186 0.008927359840000001
54.54411 0.00874995716
54.66991 0.008576218840000002
54.796 0.008406074040000001
54.92238 0.008239445480000001
55.04905 0.008076262320000001
55.17602 0.007916466600000002
55.30328 0.0077599746
55.43083 0.0076067348
55.55867 0.007456669920000001
55.68681 0.00730971556
55.81525 0.00716581376
55.94398 0.00702489368
56.07301 0.006886903799999999
56.20233 0.006751773280000001
56.33196 0.006619450600000001
56.46188 0.00648987136
56.59211 0.0063629776
56.72263 0.006238717156
56.85345 0.006117032068
56.98458 0.005997868884
57.11601 0.0058811735080000005
57.24774 0.005766893776
57.37978 0.005654977524000001
57.51212 0.005545375808
57.64476 0.00543803904
57.77771 0.0053329176320000005
57.91097 0.0052299658600000005
58.04454 0.005129136068000001
58.17841 0.005030383176
58.31259 0.004933662748
58.44709 0.0048389309919999995
58.58189 0.004746146048
58.717 0.0046552647680000005
58.85243 0.004566247224
58.98816 0.004479052844000001
59.12421 0.004393642988000001
59.26058 0.004309979016
59.39725 0.004228022931999999
59.53425 0.004147738028
59.67156 0.004069088884
59.80918 0.00399204008
59.94713 0.003916557484000001
60.08539 0.00385301658
60.22397 0.0037971257519999998
60.36287 0.003742332944
60.50209 0.003688611108
60.64163 0.00363593384
60.78149 0.0035842766680000008
60.92168 0.003533614476
61.06219 0.0034839227920000003
61.20302 0.00343517972
61.34418 0.0033873620760000002
61.48566 0.0033404479640000008
61.62747 0.003294415488
61.76961 0.003249245328
61.91208 0.0032049168760000008
62.05487 0.003161410168
62.19799 0.003118707172
62.34145 0.003076787924
62.48523 0.0030356363240000004
62.62934 0.0029952336959999997
62.77379 0.002955562652
62.91857 0.0029166083800000004
63.06369 0.0028783528480000003
63.20914 0.0028407818880000005
63.35492 0.0028038800440000006
63.50104 0.0027676318600000005
63.6475 0.0027320231680000003
63.7943 0.0026970398000000003
63.94143 0.002662668876
64.08891 0.0026288962280000007
64.23672 0.0025957089760000004
64.38488 0.0025630948840000005
64.53337 0.002531041072
64.68221 0.0024995359480000003
64.8314 0.00246856792
64.98092 0.002438125396
65.13079 0.0024081974280000004
65.28101 0.002378773068
65.43158 0.0023498420120000004
65.58249 0.0023213933120000006
65.73374 0.0022934173080000004
65.88535 0.0022659043400000004
66.03731 0.0022388447480000003
66.18962 0.0022122295160000006
66.34228 0.002186048984
66.49529 0.00216029478
66.64865 0.002134958532
66.80237 0.002110031224
66.95644 0.0020855044840000004
67.11087 0.0020613705839999997
67.26566 0.002037621796
67.4208 0.002014250392
67.5763 0.001991249288
67.73215 0.0019686107560000004
67.88837 0.0019463270680000005
68.04495 0.0019243924280000003
68.20189 0.0019027991080000004
68.35919 0.0018815413119999999
68.51685 0.0018606119560000002
68.67488 0.0018400046
68.83327 0.001819713448
68.99202 0.0017997327039999999
69.15115 0.001780055928
69.31064 0.001760677324
69.47049 0.0017415917400000003
69.63072 0.00172279338
69.79132 0.001704276448
69.95228 0.001686036436
70.11362 0.001673422408
70.27533 0.0016631963320000002
70.43741 0.0016530836
70.59987 0.0016430809919999998
70.7627 0.0016331872200000003
70.9259 0.0016234016399999998
71.08949 0.0016137216760000002
71.25345 0.001604146684
71.41779 0.001594674732
71.5825 0.0015853045320000003
71.7476 0.0015760347959999999
71.91308 0.001566863592
72.07894 0.001557790276
72.24518 0.0015488129160000001
72.41181 0.001539930224
72.57882 0.001531140912
72.74621 0.0015224443360000004
72.91399 0.0015138385640000003
73.08216 0.001505322308
73.25072 0.0014968949240000001
73.41966 0.00148855448
73.589 0.0014803003320000001
73.75872 0.001472131192
73.92884 0.0014640464160000004
74.09935 0.001456043428
74.27025 0.001448122872
74.44155 0.0014402828160000002
74.61324 0.001432521972
74.78533 0.0014248396960000003
74.95781 0.0014172347
75.13069 0.00140970634
75.30397 0.001402253328
75.47765 0.001394874376
75.65173 0.0013875694840000002
75.82622 0.0013803367200000004
76.0011 0.0013731754400000001
76.17639 0.0013660856440000002
76.35208 0.0013590647560000001
76.52818 0.0013521127759999999
76.70469 0.0013452290599999998
76.8816 0.0013384129640000002
77.05892 0.0013316625560000001
77.23664 0.0013249778360000003
77.41478 0.0013183575160000004
77.59333 0.001311800952
77.77229 0.0013053075
77.95166 0.0012988765160000001
78.13145 0.001292506712
78.31165 0.001286198088
78.49227 0.0012799493560000002
78.6733 0.0012737592280000001
78.85476 0.0012676283480000002
79.03663 0.001261554784
79.21892 0.001255538536
79.40163 0.0012495783160000004
79.58476 0.0012436741240000003
79.76831 0.0012378246720000001
79.95229 0.00123202996
80.13669 0.0012262886999999999
80.32152 0.0012206008920000002
80.50677 0.001214965248
80.69245 0.0012093811240000002
80.87856 0.00120384852
81.0651 0.0011983667920000003
81.25206 0.001192934652
81.43946 0.0011875521
81.62729 0.001182217848
81.81556 0.0011769325400000001
82.00426 0.0011716942440000001
82.19339 0.0011665036040000001
82.38296 0.001161359332
82.57297 0.0011562614280000002
82.76341 0.001151208604
82.9543 0.001146201504
83.14562 0.0011412381960000002
83.33739 0.0011363186800000002
83.5296 0.0011314429560000002
83.72225 0.0011266103800000001
83.91535 0.001121820308
84.10889 0.001117072096
84.30288 0.0011123651000000002
84.49731 0.00110769932
84.6922 0.001103074112
84.88753 0.0010984894759999999
85.08332 0.0010949732360000003
85.27955 0.001092877016
85.47624 0.0010908046240000002
85.67338 0.0010887567040000002
85.87098 0.001086733256
86.06903 0.001084732992
86.26754 0.0010827565559999998
86.4665 0.001080803304
86.66593 0.001078873236
86.86582 0.0010769657080000002
87.06616 0.001075081364
87.26697 0.0010732189160000002
87.46824 0.0010713790080000003
87.66998 0.0010695609960000001
87.87218 0.00106776488
88.07485 0.0010659900159999999
88.27798 0.001064237048
88.48159 0.001062505332
88.68566 0.001060794224
88.8902 0.0010591043680000002
89.09522 0.00105743512
89.30071 0.001055785836
89.50667 0.00105415716
89.71311 0.0010525490920000001
89.92002 0.001050960344
90.12741 0.00104939156
90.33528 0.0010478420960000003
90.54363 0.001046312596
90.75246 0.001044801772
90.96177 0.001043310268
91.17157 0.00104183744
91.38184 0.0010403832880000001
91.5926 0.001038947812
91.80385 0.0010375310120000001
92.01559 0.0010361322439999998
92.22781 0.0010347515080000001
92.44053 0.0010333888040000001
92.65373 0.001032044132
92.86743 0.001030716204
93.08162 0.0010294069520000002
93.2963 0.001028114444
93.51148 0.00102683868
93.72715 0.001025580948
93.94332 0.001024339316
94.15999 0.0010231144280000003
94.37716 0.001021906928
94.59483 0.0010207155280000002
94.81301 0.001019540228
95.03168 0.0010183810280000002
95.25086 0.0010172385720000003
95.47055 0.001016111572
95.69074 0.0010150006720000002
95.91144 0.001013905228
96.13265 0.00101282524
96.35437 0.001011761352
96.5766 0.0010107122760000002
96.79934 0.001009678656
97.0226 0.001008659848
97.24637 0.0010076558520000002
97.47066 0.0010066673120000002
97.69547 0.0010056929400000002
97.92079 0.0010047333799999998
98.14664 0.0010037886320000001
98.373 0.001002857408
98.59989 0.0010019409960000001
98.8273 0.0010010387520000001
99.05523 0.0010001506760000001
99.28369 0.000999276768
99.51268 0.0009984163840000002
99.74219 0.000997569524
99.97224 0.0009967361880000001
100.2028 0.000996218412
100.4339 0.0009957528000000002
100.6656 0.000995299424
100.8977 0.000994856352
101.1304 0.0009944248720000002
101.3637 0.0009940049840000001
101.5975 0.0009935954
101.8318 0.000993196764
102.0667 0.00099280972
102.3021 0.0009924329800000001
102.538 0.000992067188
102.7745 0.0009917117000000002
103.0116 0.0009913671600000002
103.2491 0.000991032924
103.4873 0.000990708992
103.726 0.000990396008
103.9652 0.000990093328
104.205 0.000989800308
104.4453 0.000989517592
104.6862 0.0009892451800000003
104.9276 0.0009889830719999998
105.1696 0.000988730624
105.4122 0.00098848848
105.6553 0.000988255996
105.899 0.000988033172
106.1433 0.000987814856
106.3881 0.00098760298
106.6334 0.0009873994760000002
106.8794 0.0009872056320000002
107.1259 0.0009870214480000002
107.373 0.000986845636
107.6206 0.0009866794839999999
107.8688 0.000986522348
108.1176 0.000986373584
108.367 0.0009862338360000001
108.6169 0.0009861031040000001
108.8674 0.0009859813879999999
109.1185 0.000985868044
109.3702 0.000985763716
109.6224 0.0009856677600000002
109.8753 0.0009855801760000002
110.1287 0.000985425616
110.3827 0.0009852060120000001
110.6373 0.0009849941360000002
110.8924 0.000984790632
111.1482 0.0009845948560000001
111.4046 0.0009844074520000002
111.6615 0.000984227132
111.919 0.0009840558280000001
112.1772 0.0009838916080000001
112.4359 0.000983735116
112.6952 0.000983586996
112.9551 0.00098344596
113.2156 0.000983312652
113.4768 0.000983187072
113.7385 0.0009830692200000002
114.0008 0.000982958452
114.2637 0.000982855412
114.5273 0.0009827594560000003
114.7914 0.000982671228
115.0562 0.0009825520880000001
115.3215 0.0009823015720000002
115.5875 0.0009820574960000001
115.8541 0.0009818205040000002
116.1213 0.000981590596
116.3891 0.000981367772
116.6576 0.000981151388
116.9266 0.0009809427320000002
117.1963 0.000980739872
117.4666 0.000980544096
117.7375 0.000980355404
118.0091 0.000980173152
118.2813 0.0009799973400000002
118.5541 0.000979828612
118.8275 0.00097966568
119.1016 0.000979509832
119.3763 0.00097935978
119.6516 0.0009792168120000002
119.9275 0.00097907964
120.2041 0.0009788091600000002
120.4814 0.0009784948880000002
120.7593 0.000978187056
121.0378 0.00097788502
121.3169 0.000977589424
121.5967 0.000977299624
121.8772 0.000977016264
122.1583 0.000976738056
122.44 0.000976466288
122.7224 0.0009762003160000001
123.0055 0.000975940784
123.2892 0.0009756864040000003
123.5735 0.00097543782
123.8585 0.0009751950320000001
124.1442 0.00097495804
124.4305 0.0009747262000000002
124.7175 0.0009745008
125.0052 0.000974280552
125.2935 0.0009740654560000002
125.5824 0.0009738561560000002
125.8721 0.0009736526520000001
126.1624 0.0009734536560000001
126.4534 0.0009732604560000001
126.745 0.000973073052
127.0374 0.0009728701920000001
127.3304 0.0009725346680000002
127.624 0.0009722042960000002
127.9184 0.0009718790760000002
128.2134 0.0009715590080000003
128.5091 0.0009712440920000001
128.8055 0.0009709343279999999
129.1026 0.000970629072
129.4003 0.0009703296120000002
129.6988 0.00097003466
129.9979 0.0009697448600000002
130.2978 0.0009694595680000001
130.5983 0.0009691794280000002
130.8995 0.0009689044400000001
131.2014 0.0009686339600000001
131.504 0.000968367988
131.8073 0.0009681071680000001
132.1113 0.0009678502119999999
132.416 0.0009675984080000002
132.7214 0.0009673517560000001
133.0275 0.0009670986640000001
133.3343 0.000966749616
133.6418 0.000966404432
133.9501 0.0009660637560000002
134.259 0.0009657282320000001
134.5687 0.0009653965720000001
134.879 0.0009650694200000001
135.1901 0.0009647461320000001
135.5019 0.0009644279959999999
135.8144 0.000964113724
136.1277 0.0009638039599999999
136.4416 0.0009634980600000001
136.7563 0.000963196668
137.0717 0.0009628991400000002
137.3879 0.0009626054760000001
137.7048 0.0009623163200000001
138.0224 0.000962031672
138.3407 0.0009617502440000003
138.6598 0.000961473324
138.9796 0.000961199624
139.3001 0.000960930432
139.6214 0.0009606651040000003
139.9434 0.00096040364
140.2662 0.0009601453960000001
140.5897 0.0009598916600000001
140.9139 0.0009596411440000001
141.2389 0.0009593571400000001
141.5647 0.000959063476
141.8912 0.0009587736760000001
142.2185 0.0009584870960000002
142.5465 0.0009582043799999999
142.8752 0.000957925528
143.2048 0.0009576492520000001
143.535 0.0009573768400000001
143.8661 0.0009571082919999999
144.1979 0.000956842964
144.5305 0.0009565808559999999
144.8638 0.000956321968
145.1979 0.0009560437600000001
145.5328 0.0009557533159999999
145.8685 0.000955466092
146.2049 0.000955181444
146.5421 0.00095490066
146.8801 0.0009546230960000001
147.2189 0.0009543481079999999
147.5584 0.00095407634
147.8987 0.000953807792
148.2398 0.0009535424640000001
148.5817 0.000953279712
148.9244 0.0009530201800000001
149.2679 0.0009527632240000001
149.6122 0.0009525094880000001
149.9572 0.0009522589720000001
150.3031 0.000951961444
150.6498 0.0009516606960000002
150.9972 0.000951362524
151.3455 0.0009510669280000001
151.6945 0.0009507739079999999
152.0444 0.0009504834640000001
152.3951 0.0009501962400000001
152.7466 0.000949910948
153.0989 0.000949628876
153.452 0.0009493493800000002
153.8059 0.0009490718160000001
154.1606 0.0009487974719999999
154.5162 0.00094852506
154.8726 0.000948255224
155.2298 0.000947746464
155.5878 0.0009471063280000002
155.9466 0.0009464694120000001
156.3063 0.0009458344280000001
156.6668 0.00094520202
157.0281 0.0009445728320000001
157.3903 0.000943945576
157.7533 0.0009433208960000001
158.1171 0.000942698792
158.4818 0.0009420792640000001
158.8473 0.0009414623120000001
159.2137 0.000940847936
159.5809 0.0009402361359999999
159.949 0.000939626268
160.3179 0.0009390183319999999
160.6876 0.0009384136160000001
161.0582 0.0009378108320000001
161.4297 0.000937210624
161.802 0.0009366123479999999
162.1752 0.0009360160040000001
162.5493 0.00093542288
162.9242 0.0009348310439999999
163.2999 0.000934241784
163.6766 0.000933654456
164.0541 0.0009330697040000001
164.4324 0.00093248624
164.8117 0.0009319053519999999
165.1918 0.0009313270400000001
165.5728 0.0009307500160000002
165.9547 0.000930174924
166.3374 0.0009296024080000001
166.7211 0.000929031824
167.1056 0.0009284625280000001
167.491 0.0009278958079999999
167.8773 0.000927330376
168.2645 0.0009267675200000002
168.6526 0.0009262059519999999
169.0416 0.0009256463160000002
169.4314 0.0009250886120000001
169.8222 0.00092453284
170.2139 0.0009239783560000002
170.6065 0.0009234258040000001
170.9999 0.000922875184
171.3943 0.000922326496
171.7896 0.0009217790960000001
172.1859 0.0009212329840000001
172.583 0.0009206888040000002
172.981 0.0009201465560000001
173.38 0.0009196055960000001
173.7799 0.000919065924
174.1807 0.0009185281840000001
174.5824 0.000917991732
174.9851 0.0009174572120000001
175.3886 0.0009169233359999999
175.7932 0.0009163913920000001
176.1986 0.0009158613800000001
176.605 0.0009153320119999999
177.0123 0.0009148039320000001
177.4206 0.0009142777839999999
177.8298 0.000913752924
178.2399 0.0009132293520000001
178.651 0.0009127064239999999
179.0631 0.000912185428
179.476 0.0009116657199999999
179.89 0.0009111473000000003
180.3049 0.000910629524
180.7207 0.0009101130360000001
181.1375 0.0009095984800000001
181.5553 0.000909084568
181.9741 0.0009085713
182.3938 0.0009080599640000002
182.8144 0.000907549272
183.2361 0.0009070398680000001
183.6587 0.0009065311080000001
184.0823 0.000906023636
184.5068 0.000905517452
184.9324 0.000905011912
185.3589 0.00090450766
185.7864 0.000904004052
186.2149 0.000903501088
186.6444 0.000902999412
187.0749 0.00090249838
187.5064 0.0009019986360000002
187.9388 0.0009014995359999999
188.3723 0.00090100108
188.8067 0.0009005032680000001
189.2422 0.0009000067440000001
189.6787 0.000899510864
190.1161 0.0008990156280000002
190.5546 0.0008985210360000001
190.9941 0.0008980270880000001
191.4346 0.0008975337840000001
191.8761 0.0008970411240000002
192.3187 0.000896549752
192.7623 0.00089605838
193.2068 0.000895567652
193.6524 0.0008950775680000002
194.0991 0.000894588128
194.5468 0.0008940993320000001
194.9955 0.000893610536
195.4452 0.000893123028
195.896 0.00089263552
196.3478 0.000892148012
196.8006 0.0008916617920000001
197.2545 0.0008911755720000001
197.7095 0.0008906899960000003
198.1655 0.0008902044200000001
198.6225 0.000889719488
199.0806 0.0008892351999999999
199.5398 0.0008887502680000001
200.0 0.0008882666240000001
