#============================================================================
# Opacities computed by OpTool        <a^n>=  1.6612E-1  2.1167E-1  3.5518E-1
# Method:   DHS  fmax=  0.700
# Parameters:
#   amin [um]=      0.100 amax [um]=     10.000  na  =   31    apow=   3.5    
#   lmin [um]=      0.100 lmax [um]=    100.000  nlam= 1500    nang=   180
#   porosity =      0.000 p_mantle =      0.000  fmax= 0.70    chop=   0.0
# Composition:
#  Where   mfrac  rho   Material
#  -----   -----  ----  -----------------------------------------------------
#  core    1.000  7.87  fe-c
#  - - -   - - -  -  -  - - - - - - - - - - - - - - - - - - - - - - - - - - -
#  grain   1.000  7.87  mixture of  1 materials
#----------------------------------------------------------------------------
# Command: optool fe-c -a 0.1 10 -l 0.1 100 1500 -dhs 0.7
#============================================================================
# Standard output file, no scattering matrix
#    iformat
#    nlambda
#    lambda[um]  kabs [cm^2/g]  ksca [cm^2/g]    g_asymmetry
#============================================================================
           3
        1500
   1.000000E-01   1.296834E+03   1.749761E+03   8.590778E-01
   1.004619E-01   1.296976E+03   1.751043E+03   8.585667E-01
   1.009259E-01   1.297118E+03   1.752329E+03   8.580547E-01
   1.013921E-01   1.297260E+03   1.753618E+03   8.575413E-01
   1.018604E-01   1.297403E+03   1.754911E+03   8.570262E-01
   1.023309E-01   1.297544E+03   1.756207E+03   8.565093E-01
   1.028035E-01   1.297685E+03   1.757507E+03   8.559901E-01
   1.032784E-01   1.297825E+03   1.758812E+03   8.554686E-01
   1.037554E-01   1.297963E+03   1.760121E+03   8.549450E-01
   1.042346E-01   1.298100E+03   1.761435E+03   8.544191E-01
   1.047161E-01   1.298236E+03   1.762754E+03   8.538906E-01
   1.051997E-01   1.298357E+03   1.764072E+03   8.533616E-01
   1.056856E-01   1.298455E+03   1.765386E+03   8.528331E-01
   1.061738E-01   1.298554E+03   1.766705E+03   8.523030E-01
   1.066642E-01   1.298654E+03   1.768028E+03   8.517720E-01
   1.071569E-01   1.298755E+03   1.769356E+03   8.512405E-01
   1.076518E-01   1.298858E+03   1.770687E+03   8.507081E-01
   1.081490E-01   1.298962E+03   1.772022E+03   8.501743E-01
   1.086486E-01   1.299066E+03   1.773361E+03   8.496391E-01
   1.091504E-01   1.299171E+03   1.774704E+03   8.491026E-01
   1.096546E-01   1.299276E+03   1.776052E+03   8.485648E-01
   1.101610E-01   1.299382E+03   1.777405E+03   8.480260E-01
   1.106699E-01   1.299487E+03   1.778763E+03   8.474862E-01
   1.111810E-01   1.299593E+03   1.780125E+03   8.469454E-01
   1.116946E-01   1.299701E+03   1.781492E+03   8.464038E-01
   1.122105E-01   1.299809E+03   1.782862E+03   8.458618E-01
   1.127287E-01   1.299918E+03   1.784235E+03   8.453193E-01
   1.132494E-01   1.300028E+03   1.785611E+03   8.447765E-01
   1.137725E-01   1.300138E+03   1.786991E+03   8.442331E-01
   1.142980E-01   1.300249E+03   1.788373E+03   8.436889E-01
   1.148259E-01   1.300359E+03   1.789759E+03   8.431432E-01
   1.153563E-01   1.300469E+03   1.791150E+03   8.425957E-01
   1.158891E-01   1.300578E+03   1.792546E+03   8.420466E-01
   1.164244E-01   1.300687E+03   1.793945E+03   8.414962E-01
   1.169622E-01   1.300797E+03   1.795350E+03   8.409450E-01
   1.175024E-01   1.300907E+03   1.796758E+03   8.403934E-01
   1.180451E-01   1.301017E+03   1.798169E+03   8.398409E-01
   1.185904E-01   1.301128E+03   1.799584E+03   8.392873E-01
   1.191381E-01   1.301240E+03   1.801002E+03   8.387323E-01
   1.196884E-01   1.301350E+03   1.802423E+03   8.381757E-01
   1.202412E-01   1.301461E+03   1.803849E+03   8.376171E-01
   1.207966E-01   1.301570E+03   1.805279E+03   8.370567E-01
   1.213545E-01   1.301679E+03   1.806714E+03   8.364947E-01
   1.219151E-01   1.301788E+03   1.808154E+03   8.359309E-01
   1.224782E-01   1.301897E+03   1.809599E+03   8.353655E-01
   1.230439E-01   1.302007E+03   1.811049E+03   8.347989E-01
   1.236122E-01   1.302117E+03   1.812504E+03   8.342316E-01
   1.241832E-01   1.302229E+03   1.813963E+03   8.336639E-01
   1.247567E-01   1.302342E+03   1.815426E+03   8.330964E-01
   1.253330E-01   1.302459E+03   1.816893E+03   8.325286E-01
   1.259119E-01   1.302579E+03   1.818362E+03   8.319597E-01
   1.264935E-01   1.302699E+03   1.819836E+03   8.313893E-01
   1.270777E-01   1.302818E+03   1.821312E+03   8.308173E-01
   1.276647E-01   1.302936E+03   1.822794E+03   8.302435E-01
   1.282543E-01   1.303052E+03   1.824279E+03   8.296679E-01
   1.288467E-01   1.303167E+03   1.825770E+03   8.290904E-01
   1.294419E-01   1.303281E+03   1.827264E+03   8.285108E-01
   1.300397E-01   1.303393E+03   1.828763E+03   8.279292E-01
   1.306404E-01   1.303504E+03   1.830265E+03   8.273459E-01
   1.312438E-01   1.303613E+03   1.831771E+03   8.267607E-01
   1.318500E-01   1.303721E+03   1.833280E+03   8.261738E-01
   1.324590E-01   1.303828E+03   1.834792E+03   8.255848E-01
   1.330708E-01   1.303932E+03   1.836307E+03   8.249936E-01
   1.336854E-01   1.304034E+03   1.837827E+03   8.243998E-01
   1.343029E-01   1.304134E+03   1.839350E+03   8.238030E-01
   1.349232E-01   1.304232E+03   1.840879E+03   8.232036E-01
   1.355464E-01   1.304328E+03   1.842412E+03   8.226021E-01
   1.361725E-01   1.304423E+03   1.843949E+03   8.219990E-01
   1.368015E-01   1.304517E+03   1.845490E+03   8.213947E-01
   1.374333E-01   1.304611E+03   1.847035E+03   8.207894E-01
   1.380681E-01   1.304704E+03   1.848583E+03   8.201828E-01
   1.387058E-01   1.304798E+03   1.850134E+03   8.195747E-01
   1.393465E-01   1.304890E+03   1.851688E+03   8.189651E-01
   1.399901E-01   1.304982E+03   1.853245E+03   8.183539E-01
   1.406367E-01   1.305076E+03   1.854808E+03   8.177411E-01
   1.412863E-01   1.305169E+03   1.856375E+03   8.171274E-01
   1.419389E-01   1.305263E+03   1.857947E+03   8.165128E-01
   1.425945E-01   1.305357E+03   1.859522E+03   8.158977E-01
   1.432531E-01   1.305452E+03   1.861102E+03   8.152824E-01
   1.439148E-01   1.305548E+03   1.862686E+03   8.146674E-01
   1.445795E-01   1.305646E+03   1.864273E+03   8.140531E-01
   1.452473E-01   1.305746E+03   1.865863E+03   8.134398E-01
   1.459182E-01   1.305847E+03   1.867455E+03   8.128275E-01
   1.465922E-01   1.305951E+03   1.869049E+03   8.122155E-01
   1.472692E-01   1.306055E+03   1.870646E+03   8.116034E-01
   1.479495E-01   1.306159E+03   1.872245E+03   8.109910E-01
   1.486328E-01   1.306263E+03   1.873847E+03   8.103782E-01
   1.493193E-01   1.306367E+03   1.875453E+03   8.097650E-01
   1.500090E-01   1.306470E+03   1.877062E+03   8.091513E-01
   1.507019E-01   1.306573E+03   1.878674E+03   8.085371E-01
   1.513980E-01   1.306674E+03   1.880290E+03   8.079221E-01
   1.520973E-01   1.306775E+03   1.881908E+03   8.073062E-01
   1.527998E-01   1.306875E+03   1.883528E+03   8.066893E-01
   1.535056E-01   1.306972E+03   1.885151E+03   8.060711E-01
   1.542146E-01   1.307067E+03   1.886776E+03   8.054510E-01
   1.549269E-01   1.307159E+03   1.888404E+03   8.048286E-01
   1.556425E-01   1.307249E+03   1.890034E+03   8.042034E-01
   1.563614E-01   1.307336E+03   1.891669E+03   8.035749E-01
   1.570836E-01   1.307419E+03   1.893307E+03   8.029430E-01
   1.578091E-01   1.307497E+03   1.894950E+03   8.023080E-01
   1.585380E-01   1.307573E+03   1.896597E+03   8.016702E-01
   1.592703E-01   1.307644E+03   1.898248E+03   8.010301E-01
   1.600059E-01   1.307713E+03   1.899902E+03   8.003876E-01
   1.607450E-01   1.307778E+03   1.901559E+03   7.997424E-01
   1.614874E-01   1.307840E+03   1.903219E+03   7.990944E-01
   1.622333E-01   1.307899E+03   1.904882E+03   7.984435E-01
   1.629827E-01   1.307954E+03   1.906548E+03   7.977895E-01
   1.637355E-01   1.308006E+03   1.908218E+03   7.971326E-01
   1.644917E-01   1.308055E+03   1.909893E+03   7.964732E-01
   1.652515E-01   1.308101E+03   1.911571E+03   7.958117E-01
   1.660148E-01   1.308145E+03   1.913254E+03   7.951484E-01
   1.667816E-01   1.308187E+03   1.914940E+03   7.944836E-01
   1.675519E-01   1.308229E+03   1.916630E+03   7.938178E-01
   1.683258E-01   1.308271E+03   1.918323E+03   7.931514E-01
   1.691033E-01   1.308312E+03   1.920018E+03   7.924848E-01
   1.698844E-01   1.308353E+03   1.921715E+03   7.918181E-01
   1.706690E-01   1.308394E+03   1.923415E+03   7.911508E-01
   1.714573E-01   1.308434E+03   1.925116E+03   7.904827E-01
   1.722493E-01   1.308474E+03   1.926819E+03   7.898135E-01
   1.730449E-01   1.308512E+03   1.928525E+03   7.891433E-01
   1.738442E-01   1.308550E+03   1.930233E+03   7.884723E-01
   1.746471E-01   1.308586E+03   1.931945E+03   7.878006E-01
   1.754538E-01   1.308622E+03   1.933659E+03   7.871282E-01
   1.762642E-01   1.308658E+03   1.935376E+03   7.864549E-01
   1.770783E-01   1.308692E+03   1.937095E+03   7.857809E-01
   1.778962E-01   1.308726E+03   1.938816E+03   7.851061E-01
   1.787179E-01   1.308758E+03   1.940538E+03   7.844304E-01
   1.795434E-01   1.308787E+03   1.942261E+03   7.837533E-01
   1.803727E-01   1.308814E+03   1.943987E+03   7.830744E-01
   1.812058E-01   1.308838E+03   1.945714E+03   7.823932E-01
   1.820428E-01   1.308859E+03   1.947444E+03   7.817096E-01
   1.828836E-01   1.308876E+03   1.949178E+03   7.810235E-01
   1.837283E-01   1.308890E+03   1.950915E+03   7.803352E-01
   1.845769E-01   1.308901E+03   1.952655E+03   7.796453E-01
   1.854295E-01   1.308910E+03   1.954399E+03   7.789539E-01
   1.862860E-01   1.308917E+03   1.956144E+03   7.782613E-01
   1.871464E-01   1.308921E+03   1.957892E+03   7.775674E-01
   1.880108E-01   1.308924E+03   1.959642E+03   7.768719E-01
   1.888792E-01   1.308923E+03   1.961394E+03   7.761748E-01
   1.897516E-01   1.308920E+03   1.963148E+03   7.754760E-01
   1.906280E-01   1.308914E+03   1.964906E+03   7.747757E-01
   1.915085E-01   1.308906E+03   1.966666E+03   7.740741E-01
   1.923931E-01   1.308895E+03   1.968430E+03   7.733717E-01
   1.932817E-01   1.308883E+03   1.970198E+03   7.726688E-01
   1.941745E-01   1.308868E+03   1.971968E+03   7.719653E-01
   1.950713E-01   1.308853E+03   1.973741E+03   7.712617E-01
   1.959723E-01   1.308835E+03   1.975516E+03   7.705579E-01
   1.968775E-01   1.308817E+03   1.977294E+03   7.698541E-01
   1.977869E-01   1.308796E+03   1.979073E+03   7.691501E-01
   1.987004E-01   1.308773E+03   1.980853E+03   7.684456E-01
   1.996182E-01   1.308748E+03   1.982636E+03   7.677399E-01
   2.005402E-01   1.308720E+03   1.984419E+03   7.670330E-01
   2.014665E-01   1.308689E+03   1.986204E+03   7.663245E-01
   2.023970E-01   1.308654E+03   1.987992E+03   7.656146E-01
   2.033319E-01   1.308616E+03   1.989782E+03   7.649033E-01
   2.042710E-01   1.308575E+03   1.991574E+03   7.641908E-01
   2.052145E-01   1.308531E+03   1.993368E+03   7.634770E-01
   2.061624E-01   1.308483E+03   1.995164E+03   7.627619E-01
   2.071146E-01   1.308433E+03   1.996962E+03   7.620452E-01
   2.080713E-01   1.308379E+03   1.998761E+03   7.613269E-01
   2.090323E-01   1.308322E+03   2.000561E+03   7.606066E-01
   2.099978E-01   1.308261E+03   2.002363E+03   7.598841E-01
   2.109678E-01   1.308195E+03   2.004167E+03   7.591591E-01
   2.119422E-01   1.308125E+03   2.005973E+03   7.584313E-01
   2.129212E-01   1.308052E+03   2.007783E+03   7.577009E-01
   2.139046E-01   1.307974E+03   2.009596E+03   7.569683E-01
   2.148926E-01   1.307894E+03   2.011411E+03   7.562338E-01
   2.158852E-01   1.307811E+03   2.013229E+03   7.554977E-01
   2.168823E-01   1.307726E+03   2.015050E+03   7.547603E-01
   2.178841E-01   1.307639E+03   2.016872E+03   7.540216E-01
   2.188905E-01   1.307549E+03   2.018696E+03   7.532814E-01
   2.199015E-01   1.307458E+03   2.020521E+03   7.525397E-01
   2.209172E-01   1.307363E+03   2.022347E+03   7.517968E-01
   2.219376E-01   1.307267E+03   2.024175E+03   7.510526E-01
   2.229627E-01   1.307169E+03   2.026005E+03   7.503074E-01
   2.239925E-01   1.307069E+03   2.027839E+03   7.495615E-01
   2.250271E-01   1.306967E+03   2.029675E+03   7.488154E-01
   2.260665E-01   1.306865E+03   2.031513E+03   7.480690E-01
   2.271106E-01   1.306762E+03   2.033354E+03   7.473224E-01
   2.281596E-01   1.306657E+03   2.035196E+03   7.465758E-01
   2.292135E-01   1.306552E+03   2.037040E+03   7.458290E-01
   2.302722E-01   1.306445E+03   2.038885E+03   7.450818E-01
   2.313358E-01   1.306336E+03   2.040732E+03   7.443339E-01
   2.324043E-01   1.306224E+03   2.042580E+03   7.435848E-01
   2.334777E-01   1.306109E+03   2.044430E+03   7.428340E-01
   2.345562E-01   1.305991E+03   2.046281E+03   7.420813E-01
   2.356395E-01   1.305870E+03   2.048135E+03   7.413266E-01
   2.367279E-01   1.305744E+03   2.049990E+03   7.405701E-01
   2.378213E-01   1.305616E+03   2.051848E+03   7.398118E-01
   2.389198E-01   1.305483E+03   2.053708E+03   7.390516E-01
   2.400234E-01   1.305347E+03   2.055569E+03   7.382894E-01
   2.411320E-01   1.305207E+03   2.057431E+03   7.375249E-01
   2.422458E-01   1.305063E+03   2.059294E+03   7.367578E-01
   2.433647E-01   1.304913E+03   2.061159E+03   7.359878E-01
   2.444887E-01   1.304759E+03   2.063025E+03   7.352144E-01
   2.456180E-01   1.304598E+03   2.064892E+03   7.344373E-01
   2.467525E-01   1.304432E+03   2.066762E+03   7.336566E-01
   2.478922E-01   1.304259E+03   2.068635E+03   7.328720E-01
   2.490372E-01   1.304081E+03   2.070510E+03   7.320837E-01
   2.501874E-01   1.303897E+03   2.072386E+03   7.312922E-01
   2.513430E-01   1.303705E+03   2.074261E+03   7.304977E-01
   2.525040E-01   1.303508E+03   2.076137E+03   7.297001E-01
   2.536702E-01   1.303305E+03   2.078014E+03   7.288993E-01
   2.548419E-01   1.303097E+03   2.079893E+03   7.280952E-01
   2.560190E-01   1.302883E+03   2.081773E+03   7.272877E-01
   2.572015E-01   1.302663E+03   2.083655E+03   7.264769E-01
   2.583895E-01   1.302437E+03   2.085539E+03   7.256627E-01
   2.595830E-01   1.302206E+03   2.087425E+03   7.248455E-01
   2.607819E-01   1.301969E+03   2.089313E+03   7.240257E-01
   2.619865E-01   1.301728E+03   2.091203E+03   7.232037E-01
   2.631965E-01   1.301482E+03   2.093096E+03   7.223797E-01
   2.644122E-01   1.301231E+03   2.094989E+03   7.215536E-01
   2.656335E-01   1.300975E+03   2.096885E+03   7.207257E-01
   2.668604E-01   1.300715E+03   2.098781E+03   7.198956E-01
   2.680930E-01   1.300450E+03   2.100679E+03   7.190634E-01
   2.693313E-01   1.300179E+03   2.102578E+03   7.182288E-01
   2.705753E-01   1.299902E+03   2.104479E+03   7.173916E-01
   2.718251E-01   1.299620E+03   2.106381E+03   7.165515E-01
   2.730806E-01   1.299332E+03   2.108285E+03   7.157082E-01
   2.743419E-01   1.299037E+03   2.110191E+03   7.148619E-01
   2.756091E-01   1.298737E+03   2.112100E+03   7.140128E-01
   2.768821E-01   1.298432E+03   2.114010E+03   7.131612E-01
   2.781610E-01   1.298122E+03   2.115923E+03   7.123071E-01
   2.794458E-01   1.297807E+03   2.117837E+03   7.114506E-01
   2.807365E-01   1.297487E+03   2.119753E+03   7.105916E-01
   2.820332E-01   1.297162E+03   2.121671E+03   7.097299E-01
   2.833359E-01   1.296833E+03   2.123590E+03   7.088655E-01
   2.846445E-01   1.296498E+03   2.125511E+03   7.079980E-01
   2.859593E-01   1.296159E+03   2.127435E+03   7.071274E-01
   2.872801E-01   1.295814E+03   2.129361E+03   7.062538E-01
   2.886070E-01   1.295466E+03   2.131290E+03   7.053776E-01
   2.899400E-01   1.295113E+03   2.133222E+03   7.044988E-01
   2.912792E-01   1.294757E+03   2.135156E+03   7.036177E-01
   2.926246E-01   1.294399E+03   2.137093E+03   7.027346E-01
   2.939762E-01   1.294037E+03   2.139032E+03   7.018497E-01
   2.953341E-01   1.293673E+03   2.140973E+03   7.009631E-01
   2.966982E-01   1.293307E+03   2.142916E+03   7.000750E-01
   2.980686E-01   1.292939E+03   2.144861E+03   6.991853E-01
   2.994453E-01   1.292569E+03   2.146808E+03   6.982944E-01
   3.008284E-01   1.292195E+03   2.148753E+03   6.974025E-01
   3.022179E-01   1.291818E+03   2.150697E+03   6.965100E-01
   3.036138E-01   1.291441E+03   2.152644E+03   6.956173E-01
   3.050162E-01   1.291063E+03   2.154592E+03   6.947248E-01
   3.064250E-01   1.290686E+03   2.156542E+03   6.938329E-01
   3.078404E-01   1.290309E+03   2.158494E+03   6.929417E-01
   3.092622E-01   1.289933E+03   2.160447E+03   6.920512E-01
   3.106907E-01   1.289558E+03   2.162402E+03   6.911614E-01
   3.121257E-01   1.289183E+03   2.164357E+03   6.902722E-01
   3.135674E-01   1.288807E+03   2.166313E+03   6.893835E-01
   3.150157E-01   1.288432E+03   2.168271E+03   6.884952E-01
   3.164707E-01   1.288057E+03   2.170229E+03   6.876071E-01
   3.179325E-01   1.287680E+03   2.172189E+03   6.867188E-01
   3.194010E-01   1.287299E+03   2.174148E+03   6.858301E-01
   3.208762E-01   1.286918E+03   2.176109E+03   6.849416E-01
   3.223583E-01   1.286536E+03   2.178070E+03   6.840534E-01
   3.238473E-01   1.286155E+03   2.180033E+03   6.831656E-01
   3.253431E-01   1.285774E+03   2.181997E+03   6.822782E-01
   3.268458E-01   1.285393E+03   2.183961E+03   6.813909E-01
   3.283555E-01   1.285011E+03   2.185926E+03   6.805033E-01
   3.298721E-01   1.284629E+03   2.187891E+03   6.796154E-01
   3.313957E-01   1.284246E+03   2.189857E+03   6.787268E-01
   3.329264E-01   1.283861E+03   2.191823E+03   6.778372E-01
   3.344641E-01   1.283476E+03   2.193790E+03   6.769467E-01
   3.360090E-01   1.283088E+03   2.195757E+03   6.760553E-01
   3.375610E-01   1.282700E+03   2.197725E+03   6.751631E-01
   3.391201E-01   1.282311E+03   2.199694E+03   6.742699E-01
   3.406865E-01   1.281920E+03   2.201662E+03   6.733758E-01
   3.422601E-01   1.281528E+03   2.203629E+03   6.724807E-01
   3.438409E-01   1.281134E+03   2.205596E+03   6.715844E-01
   3.454291E-01   1.280738E+03   2.207561E+03   6.706871E-01
   3.470246E-01   1.280341E+03   2.209525E+03   6.697885E-01
   3.486274E-01   1.279941E+03   2.211488E+03   6.688888E-01
   3.502377E-01   1.279538E+03   2.213449E+03   6.679877E-01
   3.518554E-01   1.279127E+03   2.215400E+03   6.670853E-01
   3.534806E-01   1.278713E+03   2.217350E+03   6.661820E-01
   3.551133E-01   1.278298E+03   2.219298E+03   6.652783E-01
   3.567535E-01   1.277881E+03   2.221243E+03   6.643743E-01
   3.584013E-01   1.277462E+03   2.223186E+03   6.634699E-01
   3.600567E-01   1.277042E+03   2.225125E+03   6.625652E-01
   3.617198E-01   1.276619E+03   2.227061E+03   6.616599E-01
   3.633905E-01   1.276193E+03   2.228994E+03   6.607539E-01
   3.650690E-01   1.275765E+03   2.230923E+03   6.598468E-01
   3.667552E-01   1.275333E+03   2.232848E+03   6.589385E-01
   3.684492E-01   1.274897E+03   2.234770E+03   6.580289E-01
   3.701510E-01   1.274456E+03   2.236689E+03   6.571176E-01
   3.718607E-01   1.274012E+03   2.238605E+03   6.562044E-01
   3.735783E-01   1.273563E+03   2.240517E+03   6.552895E-01
   3.753038E-01   1.273111E+03   2.242427E+03   6.543729E-01
   3.770372E-01   1.272654E+03   2.244332E+03   6.534545E-01
   3.787787E-01   1.272192E+03   2.246235E+03   6.525343E-01
   3.805283E-01   1.271725E+03   2.248133E+03   6.516119E-01
   3.822859E-01   1.271254E+03   2.250028E+03   6.506868E-01
   3.840516E-01   1.270776E+03   2.251919E+03   6.497587E-01
   3.858255E-01   1.270293E+03   2.253807E+03   6.488275E-01
   3.876076E-01   1.269804E+03   2.255692E+03   6.478928E-01
   3.893979E-01   1.269308E+03   2.257573E+03   6.469543E-01
   3.911965E-01   1.268805E+03   2.259452E+03   6.460121E-01
   3.930034E-01   1.268296E+03   2.261327E+03   6.450661E-01
   3.948186E-01   1.267780E+03   2.263199E+03   6.441160E-01
   3.966422E-01   1.267257E+03   2.265068E+03   6.431618E-01
   3.984743E-01   1.266726E+03   2.266934E+03   6.422030E-01
   4.003148E-01   1.266187E+03   2.268793E+03   6.412395E-01
   4.021638E-01   1.265633E+03   2.270637E+03   6.402708E-01
   4.040213E-01   1.265070E+03   2.272478E+03   6.392974E-01
   4.058874E-01   1.264500E+03   2.274315E+03   6.383189E-01
   4.077622E-01   1.263922E+03   2.276149E+03   6.373355E-01
   4.096456E-01   1.263336E+03   2.277980E+03   6.363471E-01
   4.115377E-01   1.262743E+03   2.279807E+03   6.353538E-01
   4.134385E-01   1.262143E+03   2.281632E+03   6.343559E-01
   4.153481E-01   1.261535E+03   2.283452E+03   6.333537E-01
   4.172666E-01   1.260921E+03   2.285270E+03   6.323471E-01
   4.191939E-01   1.260299E+03   2.287084E+03   6.313362E-01
   4.211301E-01   1.259671E+03   2.288895E+03   6.303207E-01
   4.230752E-01   1.259035E+03   2.290702E+03   6.293003E-01
   4.250294E-01   1.258392E+03   2.292507E+03   6.282751E-01
   4.269925E-01   1.257742E+03   2.294309E+03   6.272448E-01
   4.289648E-01   1.257084E+03   2.296109E+03   6.262095E-01
   4.309461E-01   1.256418E+03   2.297908E+03   6.251688E-01
   4.329366E-01   1.255745E+03   2.299705E+03   6.241227E-01
   4.349363E-01   1.255065E+03   2.301500E+03   6.230712E-01
   4.369452E-01   1.254378E+03   2.303295E+03   6.220145E-01
   4.389634E-01   1.253684E+03   2.305089E+03   6.209524E-01
   4.409909E-01   1.252983E+03   2.306882E+03   6.198848E-01
   4.430278E-01   1.252275E+03   2.308675E+03   6.188117E-01
   4.450741E-01   1.251560E+03   2.310467E+03   6.177326E-01
   4.471298E-01   1.250838E+03   2.312260E+03   6.166472E-01
   4.491950E-01   1.250108E+03   2.314053E+03   6.155553E-01
   4.512698E-01   1.249361E+03   2.315831E+03   6.144558E-01
   4.533542E-01   1.248600E+03   2.317601E+03   6.133487E-01
   4.554482E-01   1.247831E+03   2.319372E+03   6.122348E-01
   4.575518E-01   1.247055E+03   2.321143E+03   6.111139E-01
   4.596652E-01   1.246272E+03   2.322916E+03   6.099859E-01
   4.617883E-01   1.245481E+03   2.324689E+03   6.088504E-01
   4.639213E-01   1.244683E+03   2.326464E+03   6.077074E-01
   4.660641E-01   1.243878E+03   2.328240E+03   6.065567E-01
   4.682168E-01   1.243066E+03   2.330017E+03   6.053983E-01
   4.703794E-01   1.242246E+03   2.331795E+03   6.042321E-01
   4.725520E-01   1.241419E+03   2.333575E+03   6.030581E-01
   4.747347E-01   1.240586E+03   2.335356E+03   6.018764E-01
   4.769274E-01   1.239746E+03   2.337140E+03   6.006870E-01
   4.791303E-01   1.238900E+03   2.338925E+03   5.994901E-01
   4.813433E-01   1.238048E+03   2.340712E+03   5.982859E-01
   4.835666E-01   1.237191E+03   2.342501E+03   5.970748E-01
   4.858001E-01   1.236328E+03   2.344292E+03   5.958568E-01
   4.880440E-01   1.235462E+03   2.346085E+03   5.946321E-01
   4.902982E-01   1.234590E+03   2.347879E+03   5.934007E-01
   4.925628E-01   1.233715E+03   2.349676E+03   5.921626E-01
   4.948379E-01   1.232835E+03   2.351475E+03   5.909176E-01
   4.971235E-01   1.231951E+03   2.353277E+03   5.896660E-01
   4.994197E-01   1.231063E+03   2.355082E+03   5.884078E-01
   5.017264E-01   1.230172E+03   2.356889E+03   5.871430E-01
   5.040438E-01   1.229277E+03   2.358701E+03   5.858716E-01
   5.063720E-01   1.228380E+03   2.360515E+03   5.845938E-01
   5.087108E-01   1.227480E+03   2.362333E+03   5.833098E-01
   5.110605E-01   1.226577E+03   2.364155E+03   5.820196E-01
   5.134210E-01   1.225673E+03   2.365981E+03   5.807233E-01
   5.157925E-01   1.224766E+03   2.367810E+03   5.794207E-01
   5.181748E-01   1.223857E+03   2.369644E+03   5.781118E-01
   5.205682E-01   1.222946E+03   2.371481E+03   5.767963E-01
   5.229727E-01   1.222033E+03   2.373322E+03   5.754743E-01
   5.253882E-01   1.221118E+03   2.375167E+03   5.741456E-01
   5.278149E-01   1.220201E+03   2.377016E+03   5.728103E-01
   5.302528E-01   1.219281E+03   2.378868E+03   5.714681E-01
   5.327020E-01   1.218350E+03   2.380705E+03   5.701181E-01
   5.351625E-01   1.217418E+03   2.382546E+03   5.687612E-01
   5.376343E-01   1.216484E+03   2.384389E+03   5.673974E-01
   5.401176E-01   1.215548E+03   2.386236E+03   5.660267E-01
   5.426123E-01   1.214610E+03   2.388085E+03   5.646489E-01
   5.451186E-01   1.213671E+03   2.389937E+03   5.632643E-01
   5.476364E-01   1.212730E+03   2.391791E+03   5.618728E-01
   5.501659E-01   1.211787E+03   2.393647E+03   5.604744E-01
   5.527070E-01   1.210842E+03   2.395505E+03   5.590694E-01
   5.552599E-01   1.209897E+03   2.397364E+03   5.576578E-01
   5.578246E-01   1.208951E+03   2.399225E+03   5.562401E-01
   5.604011E-01   1.208004E+03   2.401086E+03   5.548165E-01
   5.629895E-01   1.207057E+03   2.402949E+03   5.533873E-01
   5.655899E-01   1.206111E+03   2.404811E+03   5.519528E-01
   5.682023E-01   1.205165E+03   2.406673E+03   5.505132E-01
   5.708268E-01   1.204200E+03   2.408497E+03   5.490655E-01
   5.734634E-01   1.203192E+03   2.410239E+03   5.476058E-01
   5.761121E-01   1.202185E+03   2.411979E+03   5.461415E-01
   5.787731E-01   1.201180E+03   2.413718E+03   5.446729E-01
   5.814464E-01   1.200177E+03   2.415454E+03   5.432000E-01
   5.841320E-01   1.199175E+03   2.417188E+03   5.417232E-01
   5.868300E-01   1.198176E+03   2.418920E+03   5.402426E-01
   5.895405E-01   1.197179E+03   2.420648E+03   5.387587E-01
   5.922636E-01   1.196185E+03   2.422374E+03   5.372717E-01
   5.949991E-01   1.195194E+03   2.424096E+03   5.357817E-01
   5.977474E-01   1.194206E+03   2.425815E+03   5.342889E-01
   6.005083E-01   1.193220E+03   2.427528E+03   5.327933E-01
   6.032820E-01   1.192237E+03   2.429237E+03   5.312951E-01
   6.060685E-01   1.191256E+03   2.430941E+03   5.297941E-01
   6.088678E-01   1.190278E+03   2.432639E+03   5.282905E-01
   6.116801E-01   1.189302E+03   2.434331E+03   5.267843E-01
   6.145054E-01   1.188328E+03   2.436017E+03   5.252756E-01
   6.173437E-01   1.187356E+03   2.437695E+03   5.237644E-01
   6.201951E-01   1.186385E+03   2.439364E+03   5.222508E-01
   6.230597E-01   1.185415E+03   2.441026E+03   5.207347E-01
   6.259376E-01   1.184446E+03   2.442677E+03   5.192161E-01
   6.288287E-01   1.183478E+03   2.444319E+03   5.176952E-01
   6.317332E-01   1.182511E+03   2.445950E+03   5.161720E-01
   6.346511E-01   1.181544E+03   2.447569E+03   5.146466E-01
   6.375825E-01   1.180577E+03   2.449177E+03   5.131191E-01
   6.405274E-01   1.179611E+03   2.450771E+03   5.115897E-01
   6.434859E-01   1.178644E+03   2.452352E+03   5.100586E-01
   6.464581E-01   1.177677E+03   2.453919E+03   5.085259E-01
   6.494440E-01   1.176710E+03   2.455470E+03   5.069921E-01
   6.524437E-01   1.176447E+03   2.456304E+03   5.055935E-01
   6.554572E-01   1.176346E+03   2.456961E+03   5.042258E-01
   6.584847E-01   1.176248E+03   2.457601E+03   5.028582E-01
   6.615262E-01   1.176152E+03   2.458223E+03   5.014910E-01
   6.645817E-01   1.176058E+03   2.458827E+03   5.001246E-01
   6.676513E-01   1.175968E+03   2.459413E+03   4.987592E-01
   6.707351E-01   1.175879E+03   2.459979E+03   4.973952E-01
   6.738331E-01   1.175793E+03   2.460525E+03   4.960326E-01
   6.769455E-01   1.175710E+03   2.461050E+03   4.946719E-01
   6.800722E-01   1.175628E+03   2.461555E+03   4.933134E-01
   6.832134E-01   1.175548E+03   2.462038E+03   4.919572E-01
   6.863691E-01   1.175471E+03   2.462500E+03   4.906037E-01
   6.895393E-01   1.175396E+03   2.462939E+03   4.892533E-01
   6.927242E-01   1.175322E+03   2.463355E+03   4.879060E-01
   6.959238E-01   1.175250E+03   2.463747E+03   4.865620E-01
   6.991382E-01   1.175179E+03   2.464115E+03   4.852215E-01
   7.023674E-01   1.175108E+03   2.464458E+03   4.838844E-01
   7.056116E-01   1.175038E+03   2.464776E+03   4.825508E-01
   7.088707E-01   1.174968E+03   2.465068E+03   4.812207E-01
   7.121449E-01   1.174897E+03   2.465334E+03   4.798942E-01
   7.154342E-01   1.174824E+03   2.465572E+03   4.785712E-01
   7.187387E-01   1.174750E+03   2.465783E+03   4.772518E-01
   7.220585E-01   1.174674E+03   2.465965E+03   4.759359E-01
   7.253936E-01   1.174595E+03   2.466118E+03   4.746234E-01
   7.287441E-01   1.174512E+03   2.466241E+03   4.733144E-01
   7.321101E-01   1.174313E+03   2.466622E+03   4.719878E-01
   7.354916E-01   1.174042E+03   2.467144E+03   4.706521E-01
   7.388887E-01   1.173766E+03   2.467634E+03   4.693199E-01
   7.423016E-01   1.173485E+03   2.468094E+03   4.679913E-01
   7.457302E-01   1.173199E+03   2.468522E+03   4.666664E-01
   7.491746E-01   1.172907E+03   2.468917E+03   4.653451E-01
   7.526350E-01   1.172608E+03   2.469279E+03   4.640276E-01
   7.561113E-01   1.172304E+03   2.469609E+03   4.627140E-01
   7.596037E-01   1.171992E+03   2.469904E+03   4.614047E-01
   7.631122E-01   1.171675E+03   2.470165E+03   4.600999E-01
   7.666369E-01   1.171350E+03   2.470392E+03   4.587997E-01
   7.701779E-01   1.171019E+03   2.470584E+03   4.575045E-01
   7.737353E-01   1.170681E+03   2.470740E+03   4.562144E-01
   7.773091E-01   1.170336E+03   2.470860E+03   4.549296E-01
   7.808994E-01   1.169984E+03   2.470945E+03   4.536504E-01
   7.845062E-01   1.169625E+03   2.470993E+03   4.523769E-01
   7.881298E-01   1.169258E+03   2.471005E+03   4.511092E-01
   7.917700E-01   1.168883E+03   2.470981E+03   4.498477E-01
   7.954271E-01   1.168501E+03   2.470919E+03   4.485924E-01
   7.991011E-01   1.168110E+03   2.470821E+03   4.473436E-01
   8.027921E-01   1.167712E+03   2.470686E+03   4.461015E-01
   8.065001E-01   1.167306E+03   2.470513E+03   4.448662E-01
   8.102252E-01   1.166891E+03   2.470303E+03   4.436377E-01
   8.139675E-01   1.166467E+03   2.470054E+03   4.424161E-01
   8.177271E-01   1.166034E+03   2.469768E+03   4.412012E-01
   8.215041E-01   1.165591E+03   2.469444E+03   4.399932E-01
   8.252985E-01   1.165137E+03   2.469081E+03   4.387918E-01
   8.291105E-01   1.164673E+03   2.468679E+03   4.375971E-01
   8.329400E-01   1.164198E+03   2.468239E+03   4.364088E-01
   8.367873E-01   1.163710E+03   2.467760E+03   4.352270E-01
   8.406523E-01   1.163211E+03   2.467241E+03   4.340514E-01
   8.445352E-01   1.162698E+03   2.466683E+03   4.328820E-01
   8.484360E-01   1.162172E+03   2.466086E+03   4.317186E-01
   8.523548E-01   1.161642E+03   2.465487E+03   4.305630E-01
   8.562917E-01   1.161104E+03   2.464873E+03   4.294143E-01
   8.602468E-01   1.160552E+03   2.464220E+03   4.282715E-01
   8.642202E-01   1.159985E+03   2.463528E+03   4.271343E-01
   8.682119E-01   1.159402E+03   2.462795E+03   4.260028E-01
   8.722221E-01   1.158804E+03   2.462023E+03   4.248769E-01
   8.762508E-01   1.158189E+03   2.461211E+03   4.237566E-01
   8.802981E-01   1.157559E+03   2.460359E+03   4.226420E-01
   8.843641E-01   1.156913E+03   2.459467E+03   4.215331E-01
   8.884488E-01   1.156250E+03   2.458535E+03   4.204302E-01
   8.925525E-01   1.155571E+03   2.457564E+03   4.193332E-01
   8.966751E-01   1.154876E+03   2.456552E+03   4.182424E-01
   9.008167E-01   1.154164E+03   2.455501E+03   4.171579E-01
   9.049775E-01   1.153436E+03   2.454410E+03   4.160797E-01
   9.091574E-01   1.152692E+03   2.453280E+03   4.150080E-01
   9.133567E-01   1.151931E+03   2.452110E+03   4.139429E-01
   9.175754E-01   1.151154E+03   2.450902E+03   4.128844E-01
   9.218136E-01   1.150360E+03   2.449654E+03   4.118327E-01
   9.260713E-01   1.149549E+03   2.448367E+03   4.107880E-01
   9.303487E-01   1.148722E+03   2.447042E+03   4.097503E-01
   9.346459E-01   1.147879E+03   2.445679E+03   4.087197E-01
   9.389629E-01   1.147019E+03   2.444277E+03   4.076964E-01
   9.432999E-01   1.146142E+03   2.442838E+03   4.066802E-01
   9.476568E-01   1.145248E+03   2.441360E+03   4.056713E-01
   9.520339E-01   1.144337E+03   2.439845E+03   4.046694E-01
   9.564313E-01   1.143408E+03   2.438292E+03   4.036745E-01
   9.608489E-01   1.142462E+03   2.436701E+03   4.026865E-01
   9.652870E-01   1.141497E+03   2.435073E+03   4.017052E-01
   9.697455E-01   1.140514E+03   2.433408E+03   4.007304E-01
   9.742246E-01   1.139511E+03   2.431706E+03   3.997621E-01
   9.787245E-01   1.138490E+03   2.429967E+03   3.988000E-01
   9.832451E-01   1.137449E+03   2.428191E+03   3.978439E-01
   9.877866E-01   1.136388E+03   2.426378E+03   3.968938E-01
   9.923490E-01   1.135307E+03   2.424529E+03   3.959494E-01
   9.969326E-01   1.134206E+03   2.422644E+03   3.950106E-01
   1.001537E+00   1.132938E+03   2.420886E+03   3.940509E-01
   1.006163E+00   1.131358E+03   2.419417E+03   3.930435E-01
   1.010811E+00   1.129754E+03   2.417912E+03   3.920413E-01
   1.015479E+00   1.128128E+03   2.416370E+03   3.910443E-01
   1.020170E+00   1.126479E+03   2.414792E+03   3.900524E-01
   1.024882E+00   1.124807E+03   2.413177E+03   3.890656E-01
   1.029616E+00   1.123111E+03   2.411527E+03   3.880840E-01
   1.034371E+00   1.121393E+03   2.409841E+03   3.871076E-01
   1.039149E+00   1.119653E+03   2.408119E+03   3.861366E-01
   1.043949E+00   1.117890E+03   2.406362E+03   3.851709E-01
   1.048770E+00   1.116104E+03   2.404570E+03   3.842106E-01
   1.053615E+00   1.114296E+03   2.402743E+03   3.832559E-01
   1.058481E+00   1.112466E+03   2.400882E+03   3.823067E-01
   1.063370E+00   1.110613E+03   2.398986E+03   3.813632E-01
   1.068282E+00   1.108739E+03   2.397057E+03   3.804254E-01
   1.073216E+00   1.106844E+03   2.395094E+03   3.794934E-01
   1.078173E+00   1.104927E+03   2.393098E+03   3.785673E-01
   1.083153E+00   1.102988E+03   2.391069E+03   3.776472E-01
   1.088156E+00   1.101029E+03   2.389008E+03   3.767332E-01
   1.093182E+00   1.099049E+03   2.386914E+03   3.758254E-01
   1.098231E+00   1.097047E+03   2.384788E+03   3.749237E-01
   1.103304E+00   1.095026E+03   2.382631E+03   3.740281E-01
   1.108400E+00   1.092983E+03   2.380442E+03   3.731385E-01
   1.113519E+00   1.090919E+03   2.378221E+03   3.722548E-01
   1.118663E+00   1.088835E+03   2.375969E+03   3.713769E-01
   1.123830E+00   1.086729E+03   2.373687E+03   3.705047E-01
   1.129020E+00   1.084602E+03   2.371374E+03   3.696378E-01
   1.134235E+00   1.082454E+03   2.369030E+03   3.687763E-01
   1.139474E+00   1.080284E+03   2.366656E+03   3.679199E-01
   1.144737E+00   1.078093E+03   2.364252E+03   3.670684E-01
   1.150025E+00   1.075880E+03   2.361818E+03   3.662218E-01
   1.155336E+00   1.073612E+03   2.359306E+03   3.653747E-01
   1.160673E+00   1.071322E+03   2.356765E+03   3.645324E-01
   1.166034E+00   1.069011E+03   2.354194E+03   3.636946E-01
   1.171420E+00   1.066680E+03   2.351593E+03   3.628613E-01
   1.176830E+00   1.064328E+03   2.348964E+03   3.620323E-01
   1.182266E+00   1.061955E+03   2.346306E+03   3.612075E-01
   1.187727E+00   1.059561E+03   2.343619E+03   3.603870E-01
   1.193213E+00   1.057147E+03   2.340905E+03   3.595706E-01
   1.198724E+00   1.054713E+03   2.338162E+03   3.587584E-01
   1.204261E+00   1.052259E+03   2.335392E+03   3.579504E-01
   1.209823E+00   1.049786E+03   2.332596E+03   3.571467E-01
   1.215411E+00   1.047293E+03   2.329772E+03   3.563473E-01
   1.221025E+00   1.044781E+03   2.326922E+03   3.555522E-01
   1.226665E+00   1.042250E+03   2.324047E+03   3.547615E-01
   1.232330E+00   1.039701E+03   2.321146E+03   3.539751E-01
   1.238022E+00   1.037133E+03   2.318219E+03   3.531933E-01
   1.243741E+00   1.034548E+03   2.315268E+03   3.524159E-01
   1.249485E+00   1.031945E+03   2.312293E+03   3.516432E-01
   1.255257E+00   1.029326E+03   2.309293E+03   3.508751E-01
   1.261054E+00   1.026689E+03   2.306270E+03   3.501118E-01
   1.266879E+00   1.024037E+03   2.303224E+03   3.493533E-01
   1.272731E+00   1.021368E+03   2.300155E+03   3.485997E-01
   1.278609E+00   1.018684E+03   2.297063E+03   3.478510E-01
   1.284515E+00   1.015984E+03   2.293948E+03   3.471071E-01
   1.290448E+00   1.013268E+03   2.290812E+03   3.463681E-01
   1.296408E+00   1.010538E+03   2.287653E+03   3.456337E-01
   1.302396E+00   1.007783E+03   2.284496E+03   3.449024E-01
   1.308412E+00   1.004999E+03   2.281350E+03   3.441732E-01
   1.314455E+00   1.002200E+03   2.278183E+03   3.434483E-01
   1.320527E+00   9.993853E+02   2.274995E+03   3.427273E-01
   1.326626E+00   9.965553E+02   2.271786E+03   3.420103E-01
   1.332754E+00   9.937101E+02   2.268556E+03   3.412971E-01
   1.338909E+00   9.908498E+02   2.265306E+03   3.405875E-01
   1.345094E+00   9.879746E+02   2.262036E+03   3.398815E-01
   1.351306E+00   9.850805E+02   2.258752E+03   3.391782E-01
   1.357548E+00   9.821561E+02   2.255468E+03   3.384759E-01
   1.363818E+00   9.792171E+02   2.252165E+03   3.377767E-01
   1.370118E+00   9.762636E+02   2.248842E+03   3.370807E-01
   1.376446E+00   9.732959E+02   2.245500E+03   3.363878E-01
   1.382804E+00   9.703142E+02   2.242140E+03   3.356978E-01
   1.389191E+00   9.673188E+02   2.238761E+03   3.350108E-01
   1.395607E+00   9.643101E+02   2.235364E+03   3.343268E-01
   1.402053E+00   9.612678E+02   2.231971E+03   3.336428E-01
   1.408529E+00   9.581683E+02   2.228608E+03   3.329551E-01
   1.415035E+00   9.550560E+02   2.225226E+03   3.322705E-01
   1.421571E+00   9.519314E+02   2.221828E+03   3.315890E-01
   1.428137E+00   9.487946E+02   2.218412E+03   3.309105E-01
   1.434733E+00   9.456462E+02   2.214980E+03   3.302353E-01
   1.441360E+00   9.424865E+02   2.211532E+03   3.295632E-01
   1.448018E+00   9.393158E+02   2.208068E+03   3.288944E-01
   1.454706E+00   9.361347E+02   2.204589E+03   3.282290E-01
   1.461425E+00   9.329434E+02   2.201094E+03   3.275670E-01
   1.468175E+00   9.297424E+02   2.197584E+03   3.269084E-01
   1.474956E+00   9.265322E+02   2.194060E+03   3.262535E-01
   1.481769E+00   9.233131E+02   2.190521E+03   3.256021E-01
   1.488613E+00   9.200854E+02   2.186968E+03   3.249544E-01
   1.495489E+00   9.168494E+02   2.183401E+03   3.243103E-01
   1.502396E+00   9.136052E+02   2.179820E+03   3.236698E-01
   1.509336E+00   9.103531E+02   2.176226E+03   3.230327E-01
   1.516307E+00   9.070932E+02   2.172618E+03   3.223990E-01
   1.523311E+00   9.038256E+02   2.168996E+03   3.217684E-01
   1.530347E+00   9.005453E+02   2.165366E+03   3.211402E-01
   1.537415E+00   8.971588E+02   2.161803E+03   3.205009E-01
   1.544516E+00   8.937649E+02   2.158227E+03   3.198645E-01
   1.551650E+00   8.903636E+02   2.154637E+03   3.192309E-01
   1.558817E+00   8.869552E+02   2.151034E+03   3.185999E-01
   1.566017E+00   8.835400E+02   2.147418E+03   3.179716E-01
   1.573250E+00   8.801180E+02   2.143789E+03   3.173457E-01
   1.580517E+00   8.766896E+02   2.140147E+03   3.167223E-01
   1.587817E+00   8.732549E+02   2.136493E+03   3.161012E-01
   1.595151E+00   8.698141E+02   2.132826E+03   3.154823E-01
   1.602519E+00   8.663674E+02   2.129147E+03   3.148657E-01
   1.609921E+00   8.629152E+02   2.125456E+03   3.142511E-01
   1.617357E+00   8.594578E+02   2.121754E+03   3.136388E-01
   1.624827E+00   8.559955E+02   2.118040E+03   3.130287E-01
   1.632332E+00   8.525286E+02   2.114315E+03   3.124208E-01
   1.639872E+00   8.490573E+02   2.110579E+03   3.118151E-01
   1.647446E+00   8.455820E+02   2.106833E+03   3.112115E-01
   1.655055E+00   8.420264E+02   2.103127E+03   3.105998E-01
   1.662700E+00   8.384286E+02   2.099436E+03   3.099850E-01
   1.670380E+00   8.348276E+02   2.095735E+03   3.093726E-01
   1.678095E+00   8.312239E+02   2.092023E+03   3.087626E-01
   1.685846E+00   8.276178E+02   2.088301E+03   3.081551E-01
   1.693633E+00   8.240098E+02   2.084570E+03   3.075502E-01
   1.701455E+00   8.204001E+02   2.080829E+03   3.069479E-01
   1.709314E+00   8.167891E+02   2.077078E+03   3.063483E-01
   1.717209E+00   8.131772E+02   2.073318E+03   3.057515E-01
   1.725141E+00   8.095649E+02   2.069550E+03   3.051574E-01
   1.733109E+00   8.059523E+02   2.065772E+03   3.045663E-01
   1.741114E+00   8.023397E+02   2.061986E+03   3.039779E-01
   1.749156E+00   7.987274E+02   2.058191E+03   3.033924E-01
   1.757235E+00   7.951155E+02   2.054387E+03   3.028095E-01
   1.765352E+00   7.915041E+02   2.050575E+03   3.022292E-01
   1.773506E+00   7.878933E+02   2.046755E+03   3.016513E-01
   1.781697E+00   7.842832E+02   2.042926E+03   3.010758E-01
   1.789927E+00   7.806741E+02   2.039090E+03   3.005025E-01
   1.798194E+00   7.770662E+02   2.035245E+03   2.999314E-01
   1.806500E+00   7.733825E+02   2.031434E+03   2.993522E-01
   1.814844E+00   7.696790E+02   2.027626E+03   2.987722E-01
   1.823226E+00   7.659775E+02   2.023810E+03   2.981942E-01
   1.831647E+00   7.622781E+02   2.019985E+03   2.976182E-01
   1.840108E+00   7.585809E+02   2.016152E+03   2.970441E-01
   1.848607E+00   7.548862E+02   2.012311E+03   2.964717E-01
   1.857145E+00   7.511941E+02   2.008462E+03   2.959011E-01
   1.865723E+00   7.475049E+02   2.004606E+03   2.953322E-01
   1.874341E+00   7.438189E+02   2.000742E+03   2.947651E-01
   1.882998E+00   7.401363E+02   1.996871E+03   2.941997E-01
   1.891696E+00   7.364574E+02   1.992993E+03   2.936360E-01
   1.900433E+00   7.327791E+02   1.989109E+03   2.930737E-01
   1.909211E+00   7.290433E+02   1.985247E+03   2.925049E-01
   1.918029E+00   7.253120E+02   1.981379E+03   2.919380E-01
   1.926888E+00   7.215855E+02   1.977503E+03   2.913729E-01
   1.935788E+00   7.178641E+02   1.973622E+03   2.908096E-01
   1.944730E+00   7.141480E+02   1.969734E+03   2.902483E-01
   1.953712E+00   7.104376E+02   1.965840E+03   2.896889E-01
   1.962736E+00   7.067332E+02   1.961940E+03   2.891316E-01
   1.971802E+00   7.030349E+02   1.958035E+03   2.885763E-01
   1.980909E+00   6.993431E+02   1.954125E+03   2.880231E-01
   1.990059E+00   6.956581E+02   1.950209E+03   2.874722E-01
   1.999251E+00   6.919801E+02   1.946289E+03   2.869234E-01
   2.008485E+00   6.882442E+02   1.942391E+03   2.863685E-01
   2.017762E+00   6.845104E+02   1.938490E+03   2.858152E-01
   2.027082E+00   6.807847E+02   1.934584E+03   2.852642E-01
   2.036445E+00   6.770672E+02   1.930672E+03   2.847156E-01
   2.045851E+00   6.733580E+02   1.926756E+03   2.841692E-01
   2.055300E+00   6.696571E+02   1.922834E+03   2.836249E-01
   2.064793E+00   6.659648E+02   1.918908E+03   2.830826E-01
   2.074330E+00   6.622810E+02   1.914977E+03   2.825422E-01
   2.083911E+00   6.586060E+02   1.911041E+03   2.820038E-01
   2.093537E+00   6.549398E+02   1.907100E+03   2.814671E-01
   2.103207E+00   6.512828E+02   1.903155E+03   2.809322E-01
   2.112921E+00   6.476350E+02   1.899205E+03   2.803991E-01
   2.122680E+00   6.439965E+02   1.895250E+03   2.798676E-01
   2.132485E+00   6.403674E+02   1.891291E+03   2.793377E-01
   2.142334E+00   6.367478E+02   1.887328E+03   2.788093E-01
   2.152230E+00   6.331234E+02   1.883365E+03   2.782803E-01
   2.162170E+00   6.294589E+02   1.879414E+03   2.777463E-01
   2.172157E+00   6.258048E+02   1.875459E+03   2.772137E-01
   2.182190E+00   6.221614E+02   1.871500E+03   2.766826E-01
   2.192269E+00   6.185287E+02   1.867537E+03   2.761530E-01
   2.202395E+00   6.149069E+02   1.863570E+03   2.756249E-01
   2.212568E+00   6.112961E+02   1.859599E+03   2.750984E-01
   2.222787E+00   6.076964E+02   1.855625E+03   2.745732E-01
   2.233054E+00   6.041079E+02   1.851648E+03   2.740496E-01
   2.243368E+00   6.005309E+02   1.847668E+03   2.735275E-01
   2.253730E+00   5.969655E+02   1.843685E+03   2.730069E-01
   2.264140E+00   5.934120E+02   1.839700E+03   2.724880E-01
   2.274598E+00   5.898548E+02   1.835716E+03   2.719686E-01
   2.285104E+00   5.862902E+02   1.831735E+03   2.714483E-01
   2.295658E+00   5.827381E+02   1.827751E+03   2.709298E-01
   2.306262E+00   5.791988E+02   1.823766E+03   2.704131E-01
   2.316914E+00   5.756725E+02   1.819778E+03   2.698983E-01
   2.327616E+00   5.721593E+02   1.815789E+03   2.693854E-01
   2.338367E+00   5.686593E+02   1.811798E+03   2.688745E-01
   2.349167E+00   5.651727E+02   1.807805E+03   2.683656E-01
   2.360018E+00   5.616682E+02   1.803817E+03   2.678543E-01
   2.370918E+00   5.581749E+02   1.799829E+03   2.673447E-01
   2.381869E+00   5.546955E+02   1.795838E+03   2.668368E-01
   2.392871E+00   5.512299E+02   1.791846E+03   2.663308E-01
   2.403923E+00   5.477783E+02   1.787852E+03   2.658264E-01
   2.415027E+00   5.443407E+02   1.783856E+03   2.653236E-01
   2.426181E+00   5.409171E+02   1.779859E+03   2.648225E-01
   2.437388E+00   5.375077E+02   1.775860E+03   2.643229E-01
   2.448646E+00   5.341125E+02   1.771860E+03   2.638248E-01
   2.459956E+00   5.307315E+02   1.767859E+03   2.633281E-01
   2.471318E+00   5.273649E+02   1.763856E+03   2.628328E-01
   2.482733E+00   5.240125E+02   1.759851E+03   2.623389E-01
   2.494200E+00   5.206745E+02   1.755846E+03   2.618462E-01
   2.505720E+00   5.173281E+02   1.751843E+03   2.613515E-01
   2.517294E+00   5.139734E+02   1.747843E+03   2.608548E-01
   2.528921E+00   5.106338E+02   1.743842E+03   2.603594E-01
   2.540602E+00   5.073093E+02   1.739840E+03   2.598653E-01
   2.552337E+00   5.039999E+02   1.735837E+03   2.593724E-01
   2.564126E+00   5.007058E+02   1.731834E+03   2.588808E-01
   2.575969E+00   4.974268E+02   1.727830E+03   2.583905E-01
   2.587867E+00   4.941631E+02   1.723826E+03   2.579013E-01
   2.599820E+00   4.909146E+02   1.719821E+03   2.574135E-01
   2.611828E+00   4.876816E+02   1.715817E+03   2.569269E-01
   2.623892E+00   4.844640E+02   1.711813E+03   2.564417E-01
   2.636011E+00   4.812620E+02   1.707810E+03   2.559579E-01
   2.648187E+00   4.780756E+02   1.703807E+03   2.554756E-01
   2.660419E+00   4.749047E+02   1.699804E+03   2.549947E-01
   2.672707E+00   4.717496E+02   1.695803E+03   2.545153E-01
   2.685052E+00   4.686102E+02   1.691803E+03   2.540375E-01
   2.697454E+00   4.654867E+02   1.687804E+03   2.535612E-01
   2.709913E+00   4.623790E+02   1.683805E+03   2.530866E-01
   2.722429E+00   4.592873E+02   1.679809E+03   2.526136E-01
   2.735004E+00   4.562116E+02   1.675813E+03   2.521423E-01
   2.747637E+00   4.531518E+02   1.671819E+03   2.516725E-01
   2.760328E+00   4.500824E+02   1.667827E+03   2.512004E-01
   2.773077E+00   4.470234E+02   1.663836E+03   2.507289E-01
   2.785886E+00   4.439807E+02   1.659847E+03   2.502588E-01
   2.798753E+00   4.409543E+02   1.655859E+03   2.497901E-01
   2.811681E+00   4.379441E+02   1.651873E+03   2.493228E-01
   2.824667E+00   4.349503E+02   1.647887E+03   2.488569E-01
   2.837714E+00   4.319727E+02   1.643903E+03   2.483921E-01
   2.850821E+00   4.290113E+02   1.639920E+03   2.479287E-01
   2.863989E+00   4.260662E+02   1.635939E+03   2.474664E-01
   2.877217E+00   4.231373E+02   1.631959E+03   2.470052E-01
   2.890507E+00   4.202245E+02   1.627980E+03   2.465451E-01
   2.903858E+00   4.173227E+02   1.624003E+03   2.460851E-01
   2.917270E+00   4.144248E+02   1.620026E+03   2.456240E-01
   2.930745E+00   4.115432E+02   1.616052E+03   2.451640E-01
   2.944281E+00   4.086780E+02   1.612079E+03   2.447050E-01
   2.957881E+00   4.058292E+02   1.608108E+03   2.442469E-01
   2.971543E+00   4.029966E+02   1.604139E+03   2.437899E-01
   2.985268E+00   4.001804E+02   1.600172E+03   2.433339E-01
   2.999057E+00   3.973803E+02   1.596208E+03   2.428788E-01
   3.012909E+00   3.945965E+02   1.592246E+03   2.424247E-01
   3.026825E+00   3.918288E+02   1.588286E+03   2.419716E-01
   3.040806E+00   3.890774E+02   1.584330E+03   2.415196E-01
   3.054851E+00   3.863422E+02   1.580376E+03   2.410687E-01
   3.068961E+00   3.836231E+02   1.576425E+03   2.406189E-01
   3.083136E+00   3.809203E+02   1.572478E+03   2.401704E-01
   3.097376E+00   3.782335E+02   1.568534E+03   2.397230E-01
   3.111683E+00   3.755499E+02   1.564590E+03   2.392744E-01
   3.126055E+00   3.728797E+02   1.560650E+03   2.388265E-01
   3.140494E+00   3.702260E+02   1.556713E+03   2.383800E-01
   3.155000E+00   3.675887E+02   1.552780E+03   2.379348E-01
   3.169572E+00   3.649677E+02   1.548850E+03   2.374910E-01
   3.184212E+00   3.623630E+02   1.544924E+03   2.370486E-01
   3.198920E+00   3.597746E+02   1.541001E+03   2.366074E-01
   3.213695E+00   3.572023E+02   1.537082E+03   2.361676E-01
   3.228539E+00   3.546461E+02   1.533167E+03   2.357289E-01
   3.243451E+00   3.521060E+02   1.529255E+03   2.352914E-01
   3.258432E+00   3.495818E+02   1.525347E+03   2.348550E-01
   3.273482E+00   3.470736E+02   1.521442E+03   2.344197E-01
   3.288602E+00   3.445813E+02   1.517541E+03   2.339854E-01
   3.303792E+00   3.421048E+02   1.513644E+03   2.335521E-01
   3.319052E+00   3.396440E+02   1.509750E+03   2.331197E-01
   3.334382E+00   3.371989E+02   1.505860E+03   2.326882E-01
   3.349783E+00   3.347693E+02   1.501974E+03   2.322576E-01
   3.365255E+00   3.323515E+02   1.498087E+03   2.318265E-01
   3.380799E+00   3.299492E+02   1.494204E+03   2.313961E-01
   3.396414E+00   3.275624E+02   1.490325E+03   2.309665E-01
   3.412102E+00   3.251911E+02   1.486450E+03   2.305376E-01
   3.427862E+00   3.228351E+02   1.482579E+03   2.301094E-01
   3.443695E+00   3.204945E+02   1.478712E+03   2.296820E-01
   3.459601E+00   3.181692E+02   1.474849E+03   2.292552E-01
   3.475580E+00   3.158591E+02   1.470991E+03   2.288292E-01
   3.491634E+00   3.135641E+02   1.467137E+03   2.284039E-01
   3.507761E+00   3.112791E+02   1.463286E+03   2.279783E-01
   3.523963E+00   3.090040E+02   1.459440E+03   2.275524E-01
   3.540240E+00   3.067441E+02   1.455598E+03   2.271273E-01
   3.556592E+00   3.044993E+02   1.451761E+03   2.267031E-01
   3.573019E+00   3.022695E+02   1.447929E+03   2.262798E-01
   3.589523E+00   3.000547E+02   1.444102E+03   2.258575E-01
   3.606102E+00   2.978548E+02   1.440280E+03   2.254361E-01
   3.622758E+00   2.956699E+02   1.436463E+03   2.250156E-01
   3.639491E+00   2.934997E+02   1.432652E+03   2.245963E-01
   3.656302E+00   2.913443E+02   1.428846E+03   2.241779E-01
   3.673190E+00   2.892037E+02   1.425045E+03   2.237607E-01
   3.690156E+00   2.870777E+02   1.421250E+03   2.233444E-01
   3.707200E+00   2.849663E+02   1.417460E+03   2.229292E-01
   3.724323E+00   2.828693E+02   1.413675E+03   2.225150E-01
   3.741525E+00   2.807868E+02   1.409896E+03   2.221018E-01
   3.758807E+00   2.787175E+02   1.406119E+03   2.216887E-01
   3.776169E+00   2.766615E+02   1.402345E+03   2.212759E-01
   3.793610E+00   2.746197E+02   1.398576E+03   2.208639E-01
   3.811132E+00   2.725922E+02   1.394812E+03   2.204527E-01
   3.828736E+00   2.705788E+02   1.391053E+03   2.200423E-01
   3.846420E+00   2.685794E+02   1.387300E+03   2.196326E-01
   3.864186E+00   2.665939E+02   1.383552E+03   2.192236E-01
   3.882034E+00   2.646224E+02   1.379809E+03   2.188152E-01
   3.899965E+00   2.626646E+02   1.376072E+03   2.184073E-01
   3.917978E+00   2.607205E+02   1.372339E+03   2.180000E-01
   3.936075E+00   2.587900E+02   1.368612E+03   2.175932E-01
   3.954255E+00   2.568730E+02   1.364891E+03   2.171868E-01
   3.972520E+00   2.549695E+02   1.361174E+03   2.167810E-01
   3.990868E+00   2.530794E+02   1.357464E+03   2.163755E-01
   4.009301E+00   2.512043E+02   1.353755E+03   2.159701E-01
   4.027820E+00   2.493442E+02   1.350047E+03   2.155646E-01
   4.046424E+00   2.474972E+02   1.346346E+03   2.151596E-01
   4.065114E+00   2.456633E+02   1.342650E+03   2.147550E-01
   4.083890E+00   2.438425E+02   1.338961E+03   2.143509E-01
   4.102753E+00   2.420346E+02   1.335277E+03   2.139474E-01
   4.121703E+00   2.402397E+02   1.331600E+03   2.135445E-01
   4.140741E+00   2.384575E+02   1.327929E+03   2.131421E-01
   4.159866E+00   2.366882E+02   1.324264E+03   2.127404E-01
   4.179080E+00   2.349315E+02   1.320605E+03   2.123394E-01
   4.198383E+00   2.331875E+02   1.316953E+03   2.119390E-01
   4.217775E+00   2.314560E+02   1.313308E+03   2.115394E-01
   4.237256E+00   2.297370E+02   1.309669E+03   2.111406E-01
   4.256828E+00   2.280304E+02   1.306036E+03   2.107425E-01
   4.276489E+00   2.263362E+02   1.302410E+03   2.103452E-01
   4.296242E+00   2.246543E+02   1.298790E+03   2.099487E-01
   4.316086E+00   2.229846E+02   1.295177E+03   2.095530E-01
   4.336021E+00   2.213270E+02   1.291570E+03   2.091579E-01
   4.356049E+00   2.196815E+02   1.287970E+03   2.087636E-01
   4.376169E+00   2.180479E+02   1.284376E+03   2.083699E-01
   4.396382E+00   2.164262E+02   1.280788E+03   2.079768E-01
   4.416688E+00   2.148163E+02   1.277206E+03   2.075842E-01
   4.437088E+00   2.132181E+02   1.273631E+03   2.071922E-01
   4.457583E+00   2.116316E+02   1.270062E+03   2.068007E-01
   4.478172E+00   2.100566E+02   1.266499E+03   2.064096E-01
   4.498856E+00   2.084931E+02   1.262942E+03   2.060189E-01
   4.519635E+00   2.069410E+02   1.259391E+03   2.056285E-01
   4.540511E+00   2.054024E+02   1.255841E+03   2.052374E-01
   4.561483E+00   2.038751E+02   1.252296E+03   2.048465E-01
   4.582552E+00   2.023589E+02   1.248758E+03   2.044558E-01
   4.603718E+00   2.008539E+02   1.245226E+03   2.040654E-01
   4.624982E+00   1.993599E+02   1.241701E+03   2.036752E-01
   4.646345E+00   1.978769E+02   1.238182E+03   2.032852E-01
   4.667805E+00   1.964047E+02   1.234669E+03   2.028954E-01
   4.689365E+00   1.949434E+02   1.231162E+03   2.025057E-01
   4.711025E+00   1.934928E+02   1.227663E+03   2.021163E-01
   4.732785E+00   1.920529E+02   1.224169E+03   2.017271E-01
   4.754645E+00   1.906235E+02   1.220683E+03   2.013381E-01
   4.776606E+00   1.892047E+02   1.217203E+03   2.009495E-01
   4.798668E+00   1.877964E+02   1.213730E+03   2.005611E-01
   4.820833E+00   1.864032E+02   1.210260E+03   2.001730E-01
   4.843100E+00   1.850206E+02   1.206797E+03   1.997853E-01
   4.865469E+00   1.836483E+02   1.203341E+03   1.993981E-01
   4.887942E+00   1.822861E+02   1.199891E+03   1.990113E-01
   4.910519E+00   1.809340E+02   1.196449E+03   1.986249E-01
   4.933200E+00   1.795920E+02   1.193014E+03   1.982391E-01
   4.955986E+00   1.782599E+02   1.189586E+03   1.978538E-01
   4.978877E+00   1.769378E+02   1.186165E+03   1.974690E-01
   5.001874E+00   1.756259E+02   1.182751E+03   1.970847E-01
   5.024977E+00   1.743277E+02   1.179340E+03   1.967007E-01
   5.048187E+00   1.730392E+02   1.175936E+03   1.963172E-01
   5.071504E+00   1.717604E+02   1.172540E+03   1.959342E-01
   5.094928E+00   1.704910E+02   1.169150E+03   1.955515E-01
   5.118461E+00   1.692311E+02   1.165767E+03   1.951692E-01
   5.142103E+00   1.679806E+02   1.162390E+03   1.947872E-01
   5.165854E+00   1.667394E+02   1.159021E+03   1.944055E-01
   5.189714E+00   1.655074E+02   1.155658E+03   1.940240E-01
   5.213685E+00   1.642846E+02   1.152302E+03   1.936426E-01
   5.237766E+00   1.630710E+02   1.148952E+03   1.932614E-01
   5.261959E+00   1.618663E+02   1.145610E+03   1.928803E-01
   5.286263E+00   1.606706E+02   1.142273E+03   1.924993E-01
   5.310680E+00   1.594864E+02   1.138942E+03   1.921183E-01
   5.335209E+00   1.583144E+02   1.135616E+03   1.917373E-01
   5.359852E+00   1.571511E+02   1.132296E+03   1.913563E-01
   5.384608E+00   1.559964E+02   1.128982E+03   1.909753E-01
   5.409479E+00   1.548503E+02   1.125676E+03   1.905941E-01
   5.434465E+00   1.537127E+02   1.122376E+03   1.902130E-01
   5.459566E+00   1.525835E+02   1.119083E+03   1.898317E-01
   5.484783E+00   1.514627E+02   1.115797E+03   1.894505E-01
   5.510116E+00   1.503503E+02   1.112518E+03   1.890692E-01
   5.535567E+00   1.492461E+02   1.109246E+03   1.886879E-01
   5.561135E+00   1.481501E+02   1.105981E+03   1.883067E-01
   5.586821E+00   1.470623E+02   1.102723E+03   1.879255E-01
   5.612626E+00   1.459850E+02   1.099471E+03   1.875444E-01
   5.638550E+00   1.449182E+02   1.096223E+03   1.871634E-01
   5.664594E+00   1.438594E+02   1.092983E+03   1.867826E-01
   5.690758E+00   1.428085E+02   1.089751E+03   1.864020E-01
   5.717043E+00   1.417654E+02   1.086525E+03   1.860217E-01
   5.743449E+00   1.407301E+02   1.083307E+03   1.856415E-01
   5.769977E+00   1.397025E+02   1.080096E+03   1.852617E-01
   5.796628E+00   1.386826E+02   1.076892E+03   1.848821E-01
   5.823402E+00   1.376703E+02   1.073695E+03   1.845027E-01
   5.850300E+00   1.366655E+02   1.070505E+03   1.841236E-01
   5.877322E+00   1.356683E+02   1.067323E+03   1.837447E-01
   5.904468E+00   1.346803E+02   1.064146E+03   1.833660E-01
   5.931740E+00   1.337090E+02   1.060971E+03   1.829876E-01
   5.959138E+00   1.327450E+02   1.057803E+03   1.826092E-01
   5.986663E+00   1.317880E+02   1.054642E+03   1.822310E-01
   6.014314E+00   1.308382E+02   1.051487E+03   1.818527E-01
   6.042094E+00   1.298954E+02   1.048340E+03   1.814745E-01
   6.070001E+00   1.289596E+02   1.045200E+03   1.810962E-01
   6.098038E+00   1.280308E+02   1.042066E+03   1.807177E-01
   6.126204E+00   1.271088E+02   1.038939E+03   1.803391E-01
   6.154500E+00   1.261936E+02   1.035819E+03   1.799603E-01
   6.182927E+00   1.252852E+02   1.032705E+03   1.795813E-01
   6.211485E+00   1.243835E+02   1.029599E+03   1.792020E-01
   6.240175E+00   1.234884E+02   1.026499E+03   1.788224E-01
   6.268998E+00   1.226000E+02   1.023406E+03   1.784425E-01
   6.297954E+00   1.217181E+02   1.020319E+03   1.780623E-01
   6.327043E+00   1.208427E+02   1.017240E+03   1.776818E-01
   6.356267E+00   1.199738E+02   1.014167E+03   1.773010E-01
   6.385626E+00   1.191112E+02   1.011101E+03   1.769200E-01
   6.415120E+00   1.182551E+02   1.008042E+03   1.765386E-01
   6.444751E+00   1.174052E+02   1.004990E+03   1.761571E-01
   6.474518E+00   1.165617E+02   1.001945E+03   1.757754E-01
   6.504423E+00   1.157243E+02   9.989069E+02   1.753935E-01
   6.534467E+00   1.148931E+02   9.958759E+02   1.750115E-01
   6.564648E+00   1.140681E+02   9.928519E+02   1.746294E-01
   6.594970E+00   1.132492E+02   9.898350E+02   1.742473E-01
   6.625431E+00   1.124363E+02   9.868251E+02   1.738651E-01
   6.656033E+00   1.116294E+02   9.838222E+02   1.734829E-01
   6.686777E+00   1.108285E+02   9.808264E+02   1.731007E-01
   6.717662E+00   1.100335E+02   9.778376E+02   1.727186E-01
   6.748690E+00   1.092444E+02   9.748558E+02   1.723364E-01
   6.779861E+00   1.084770E+02   9.718739E+02   1.719549E-01
   6.811177E+00   1.077160E+02   9.688988E+02   1.715734E-01
   6.842637E+00   1.069604E+02   9.659307E+02   1.711919E-01
   6.874242E+00   1.062104E+02   9.629695E+02   1.708103E-01
   6.905993E+00   1.054659E+02   9.600152E+02   1.704286E-01
   6.937891E+00   1.047267E+02   9.570677E+02   1.700467E-01
   6.969936E+00   1.039930E+02   9.541271E+02   1.696647E-01
   7.002130E+00   1.032646E+02   9.511932E+02   1.692825E-01
   7.034472E+00   1.025415E+02   9.482660E+02   1.689000E-01
   7.066963E+00   1.018237E+02   9.453454E+02   1.685172E-01
   7.099605E+00   1.011111E+02   9.424315E+02   1.681340E-01
   7.132397E+00   1.004036E+02   9.395242E+02   1.677504E-01
   7.165340E+00   9.970130E+01   9.366234E+02   1.673665E-01
   7.198436E+00   9.900406E+01   9.337292E+02   1.669820E-01
   7.231685E+00   9.831187E+01   9.308416E+02   1.665970E-01
   7.265087E+00   9.762469E+01   9.279604E+02   1.662115E-01
   7.298644E+00   9.694247E+01   9.250859E+02   1.658254E-01
   7.332355E+00   9.626519E+01   9.222178E+02   1.654388E-01
   7.366222E+00   9.559279E+01   9.193564E+02   1.650517E-01
   7.400246E+00   9.492525E+01   9.165015E+02   1.646640E-01
   7.434427E+00   9.426252E+01   9.136533E+02   1.642757E-01
   7.468766E+00   9.360458E+01   9.108117E+02   1.638870E-01
   7.503263E+00   9.295139E+01   9.079768E+02   1.634978E-01
   7.537920E+00   9.230291E+01   9.051486E+02   1.631081E-01
   7.572736E+00   9.166754E+01   9.023240E+02   1.627186E-01
   7.607714E+00   9.104119E+01   8.995045E+02   1.623289E-01
   7.642853E+00   9.041931E+01   8.966919E+02   1.619389E-01
   7.678154E+00   8.980185E+01   8.938861E+02   1.615486E-01
   7.713619E+00   8.918880E+01   8.910872E+02   1.611580E-01
   7.749247E+00   8.858012E+01   8.882951E+02   1.607672E-01
   7.785040E+00   8.797578E+01   8.855098E+02   1.603761E-01
   7.820998E+00   8.737575E+01   8.827313E+02   1.599848E-01
   7.857122E+00   8.677999E+01   8.799596E+02   1.595932E-01
   7.893413E+00   8.618848E+01   8.771946E+02   1.592014E-01
   7.929872E+00   8.560118E+01   8.744363E+02   1.588093E-01
   7.966499E+00   8.501806E+01   8.716846E+02   1.584170E-01
   8.003295E+00   8.443910E+01   8.689394E+02   1.580243E-01
   8.040262E+00   8.386424E+01   8.662008E+02   1.576313E-01
   8.077399E+00   8.329347E+01   8.634687E+02   1.572378E-01
   8.114707E+00   8.272676E+01   8.607430E+02   1.568440E-01
   8.152188E+00   8.216406E+01   8.580237E+02   1.564496E-01
   8.189842E+00   8.160535E+01   8.553107E+02   1.560548E-01
   8.227670E+00   8.105059E+01   8.526040E+02   1.556593E-01
   8.265672E+00   8.050292E+01   8.499025E+02   1.552635E-01
   8.303850E+00   7.996360E+01   8.472056E+02   1.548672E-01
   8.342205E+00   7.942805E+01   8.445149E+02   1.544702E-01
   8.380737E+00   7.889625E+01   8.418306E+02   1.540725E-01
   8.419446E+00   7.836815E+01   8.391525E+02   1.536740E-01
   8.458335E+00   7.784373E+01   8.364806E+02   1.532747E-01
   8.497403E+00   7.732297E+01   8.338150E+02   1.528747E-01
   8.536651E+00   7.680584E+01   8.311556E+02   1.524739E-01
   8.576081E+00   7.629231E+01   8.285025E+02   1.520723E-01
   8.615693E+00   7.578235E+01   8.258557E+02   1.516699E-01
   8.655487E+00   7.527593E+01   8.232152E+02   1.512667E-01
   8.695466E+00   7.477304E+01   8.205810E+02   1.508629E-01
   8.735629E+00   7.427697E+01   8.179519E+02   1.504584E-01
   8.775978E+00   7.378475E+01   8.153289E+02   1.500532E-01
   8.816513E+00   7.329594E+01   8.127123E+02   1.496474E-01
   8.857236E+00   7.281051E+01   8.101021E+02   1.492410E-01
   8.898146E+00   7.232844E+01   8.074984E+02   1.488339E-01
   8.939246E+00   7.184971E+01   8.049010E+02   1.484264E-01
   8.980535E+00   7.137429E+01   8.023100E+02   1.480182E-01
   9.022015E+00   7.090360E+01   7.997248E+02   1.476096E-01
   9.063686E+00   7.043743E+01   7.971454E+02   1.472005E-01
   9.105550E+00   6.997448E+01   7.945724E+02   1.467909E-01
   9.147608E+00   6.951472E+01   7.920057E+02   1.463807E-01
   9.189860E+00   6.905812E+01   7.894453E+02   1.459701E-01
   9.232306E+00   6.860467E+01   7.868912E+02   1.455589E-01
   9.274949E+00   6.815434E+01   7.843432E+02   1.451471E-01
   9.317789E+00   6.770876E+01   7.818008E+02   1.447348E-01
   9.360827E+00   6.726855E+01   7.792636E+02   1.443220E-01
   9.404063E+00   6.683134E+01   7.767325E+02   1.439085E-01
   9.447500E+00   6.639712E+01   7.742074E+02   1.434943E-01
   9.491136E+00   6.596585E+01   7.716884E+02   1.430793E-01
   9.534975E+00   6.553752E+01   7.691754E+02   1.426636E-01
   9.579016E+00   6.511210E+01   7.666683E+02   1.422470E-01
   9.623260E+00   6.468957E+01   7.641671E+02   1.418296E-01
   9.667709E+00   6.426990E+01   7.616719E+02   1.414113E-01
   9.712362E+00   6.385308E+01   7.591825E+02   1.409921E-01
   9.757223E+00   6.343974E+01   7.566987E+02   1.405719E-01
   9.802290E+00   6.303263E+01   7.542194E+02   1.401508E-01
   9.847566E+00   6.262826E+01   7.517460E+02   1.397287E-01
   9.893050E+00   6.222660E+01   7.492784E+02   1.393055E-01
   9.938745E+00   6.182763E+01   7.468167E+02   1.388814E-01
   9.984651E+00   6.143134E+01   7.443609E+02   1.384562E-01
   1.003077E+01   6.104202E+01   7.419095E+02   1.380302E-01
   1.007710E+01   6.065743E+01   7.394632E+02   1.376032E-01
   1.012364E+01   6.027538E+01   7.370229E+02   1.371753E-01
   1.017040E+01   5.989586E+01   7.345885E+02   1.367463E-01
   1.021738E+01   5.951885E+01   7.321601E+02   1.363164E-01
   1.026457E+01   5.914433E+01   7.297376E+02   1.358856E-01
   1.031198E+01   5.877229E+01   7.273211E+02   1.354539E-01
   1.035961E+01   5.840270E+01   7.249106E+02   1.350213E-01
   1.040746E+01   5.803555E+01   7.225060E+02   1.345878E-01
   1.045553E+01   5.767083E+01   7.201074E+02   1.341534E-01
   1.050383E+01   5.730947E+01   7.177144E+02   1.337183E-01
   1.055234E+01   5.696151E+01   7.153246E+02   1.332834E-01
   1.060108E+01   5.661579E+01   7.129408E+02   1.328476E-01
   1.065005E+01   5.627229E+01   7.105629E+02   1.324110E-01
   1.069924E+01   5.593100E+01   7.081909E+02   1.319736E-01
   1.074866E+01   5.559190E+01   7.058247E+02   1.315353E-01
   1.079830E+01   5.525497E+01   7.034645E+02   1.310963E-01
   1.084818E+01   5.492021E+01   7.011101E+02   1.306563E-01
   1.089829E+01   5.458759E+01   6.987614E+02   1.302155E-01
   1.094862E+01   5.425710E+01   6.964185E+02   1.297738E-01
   1.099920E+01   5.392872E+01   6.940813E+02   1.293312E-01
   1.105000E+01   5.361208E+01   6.917478E+02   1.288887E-01
   1.110104E+01   5.329756E+01   6.894199E+02   1.284452E-01
   1.115231E+01   5.298500E+01   6.870977E+02   1.280006E-01
   1.120382E+01   5.267438E+01   6.847811E+02   1.275549E-01
   1.125557E+01   5.236569E+01   6.824700E+02   1.271080E-01
   1.130756E+01   5.205891E+01   6.801645E+02   1.266600E-01
   1.135979E+01   5.175404E+01   6.778645E+02   1.262108E-01
   1.141226E+01   5.145258E+01   6.755697E+02   1.257605E-01
   1.146497E+01   5.115797E+01   6.732796E+02   1.253096E-01
   1.151793E+01   5.086515E+01   6.709949E+02   1.248574E-01
   1.157112E+01   5.057411E+01   6.687158E+02   1.244038E-01
   1.162457E+01   5.028482E+01   6.664421E+02   1.239490E-01
   1.167826E+01   4.999729E+01   6.641739E+02   1.234928E-01
   1.173220E+01   4.971150E+01   6.619112E+02   1.230352E-01
   1.178639E+01   4.942743E+01   6.596540E+02   1.225764E-01
   1.184083E+01   4.914507E+01   6.574023E+02   1.221162E-01
   1.189552E+01   4.886443E+01   6.551561E+02   1.216547E-01
   1.195047E+01   4.858547E+01   6.529154E+02   1.211919E-01
   1.200567E+01   4.830870E+01   6.506801E+02   1.207279E-01
   1.206112E+01   4.803801E+01   6.484494E+02   1.202632E-01
   1.211683E+01   4.776892E+01   6.462243E+02   1.197972E-01
   1.217279E+01   4.750143E+01   6.440047E+02   1.193300E-01
   1.222902E+01   4.723553E+01   6.417906E+02   1.188617E-01
   1.228550E+01   4.697121E+01   6.395820E+02   1.183922E-01
   1.234225E+01   4.670846E+01   6.373789E+02   1.179215E-01
   1.239926E+01   4.644727E+01   6.351813E+02   1.174496E-01
   1.245653E+01   4.618762E+01   6.329892E+02   1.169767E-01
   1.251406E+01   4.592952E+01   6.308025E+02   1.165026E-01
   1.257186E+01   4.567295E+01   6.286212E+02   1.160273E-01
   1.262993E+01   4.541789E+01   6.264452E+02   1.155508E-01
   1.268827E+01   4.516435E+01   6.242747E+02   1.150732E-01
   1.274687E+01   4.491703E+01   6.221083E+02   1.145948E-01
   1.280575E+01   4.467233E+01   6.199470E+02   1.141152E-01
   1.286490E+01   4.442905E+01   6.177909E+02   1.136344E-01
   1.292432E+01   4.418718E+01   6.156401E+02   1.131522E-01
   1.298401E+01   4.394671E+01   6.134945E+02   1.126688E-01
   1.304398E+01   4.370762E+01   6.113541E+02   1.121839E-01
   1.310423E+01   4.346992E+01   6.092189E+02   1.116977E-01
   1.316476E+01   4.323359E+01   6.070888E+02   1.112101E-01
   1.322557E+01   4.299861E+01   6.049637E+02   1.107210E-01
   1.328665E+01   4.276499E+01   6.028438E+02   1.102304E-01
   1.334802E+01   4.253271E+01   6.007289E+02   1.097382E-01
   1.340968E+01   4.230176E+01   5.986191E+02   1.092446E-01
   1.347161E+01   4.207214E+01   5.965143E+02   1.087493E-01
   1.353384E+01   4.184949E+01   5.944134E+02   1.082530E-01
   1.359635E+01   4.163281E+01   5.923165E+02   1.077556E-01
   1.365915E+01   4.141732E+01   5.902247E+02   1.072565E-01
   1.372224E+01   4.120302E+01   5.881380E+02   1.067558E-01
   1.378562E+01   4.098990E+01   5.860562E+02   1.062534E-01
   1.384929E+01   4.077795E+01   5.839795E+02   1.057494E-01
   1.391326E+01   4.056716E+01   5.819078E+02   1.052438E-01
   1.397753E+01   4.035753E+01   5.798412E+02   1.047366E-01
   1.404209E+01   4.014905E+01   5.777796E+02   1.042277E-01
   1.410694E+01   3.994171E+01   5.757230E+02   1.037172E-01
   1.417210E+01   3.973551E+01   5.736714E+02   1.032050E-01
   1.423756E+01   3.953044E+01   5.716248E+02   1.026913E-01
   1.430332E+01   3.932649E+01   5.695833E+02   1.021760E-01
   1.436939E+01   3.912366E+01   5.675467E+02   1.016590E-01
   1.443576E+01   3.892194E+01   5.655151E+02   1.011405E-01
   1.450244E+01   3.872132E+01   5.634885E+02   1.006204E-01
   1.456942E+01   3.852180E+01   5.614669E+02   1.000987E-01
   1.463672E+01   3.832337E+01   5.594502E+02   9.957542E-02
   1.470432E+01   3.812602E+01   5.574384E+02   9.905053E-02
   1.477224E+01   3.792975E+01   5.554316E+02   9.852404E-02
   1.484047E+01   3.773455E+01   5.534296E+02   9.799595E-02
   1.490902E+01   3.754041E+01   5.514325E+02   9.746625E-02
   1.497788E+01   3.734734E+01   5.494403E+02   9.693492E-02
   1.504706E+01   3.716318E+01   5.474516E+02   9.640278E-02
   1.511656E+01   3.698368E+01   5.454670E+02   9.586938E-02
   1.518638E+01   3.680510E+01   5.434872E+02   9.533430E-02
   1.525653E+01   3.662745E+01   5.415123E+02   9.479753E-02
   1.532699E+01   3.645071E+01   5.395421E+02   9.425905E-02
   1.539779E+01   3.627488E+01   5.375768E+02   9.371885E-02
   1.546891E+01   3.609995E+01   5.356162E+02   9.317690E-02
   1.554036E+01   3.592592E+01   5.336603E+02   9.263320E-02
   1.561214E+01   3.575278E+01   5.317092E+02   9.208772E-02
   1.568425E+01   3.558054E+01   5.297628E+02   9.154045E-02
   1.575669E+01   3.540917E+01   5.278210E+02   9.099137E-02
   1.582947E+01   3.523869E+01   5.258840E+02   9.044047E-02
   1.590258E+01   3.506907E+01   5.239516E+02   8.988774E-02
   1.597603E+01   3.490032E+01   5.220238E+02   8.933314E-02
   1.604983E+01   3.473244E+01   5.201006E+02   8.877669E-02
   1.612396E+01   3.456541E+01   5.181821E+02   8.821835E-02
   1.619843E+01   3.439923E+01   5.162682E+02   8.765811E-02
   1.627325E+01   3.423391E+01   5.143589E+02   8.709597E-02
   1.634841E+01   3.406942E+01   5.124541E+02   8.653191E-02
   1.642393E+01   3.390577E+01   5.105539E+02   8.596591E-02
   1.649979E+01   3.374295E+01   5.086582E+02   8.539796E-02
   1.657600E+01   3.359013E+01   5.067656E+02   8.482907E-02
   1.665256E+01   3.343807E+01   5.048775E+02   8.425820E-02
   1.672948E+01   3.328674E+01   5.029940E+02   8.368533E-02
   1.680675E+01   3.313615E+01   5.011150E+02   8.311044E-02
   1.688438E+01   3.298628E+01   4.992404E+02   8.253353E-02
   1.696236E+01   3.283713E+01   4.973704E+02   8.195457E-02
   1.704071E+01   3.268869E+01   4.955048E+02   8.137355E-02
   1.711942E+01   3.254098E+01   4.936438E+02   8.079045E-02
   1.719849E+01   3.239397E+01   4.917871E+02   8.020527E-02
   1.727793E+01   3.224766E+01   4.899349E+02   7.961797E-02
   1.735773E+01   3.210206E+01   4.880871E+02   7.902854E-02
   1.743791E+01   3.195716E+01   4.862438E+02   7.843697E-02
   1.751845E+01   3.181295E+01   4.844048E+02   7.784324E-02
   1.759936E+01   3.166943E+01   4.825702E+02   7.724733E-02
   1.768065E+01   3.152660E+01   4.807400E+02   7.664923E-02
   1.776232E+01   3.138445E+01   4.789142E+02   7.604892E-02
   1.784436E+01   3.124298E+01   4.770927E+02   7.544639E-02
   1.792678E+01   3.110218E+01   4.752756E+02   7.484161E-02
   1.800958E+01   3.096287E+01   4.734626E+02   7.423469E-02
   1.809277E+01   3.083042E+01   4.716531E+02   7.362623E-02
   1.817634E+01   3.069857E+01   4.698480E+02   7.301550E-02
   1.826029E+01   3.056731E+01   4.680471E+02   7.240247E-02
   1.834463E+01   3.043666E+01   4.662506E+02   7.178714E-02
   1.842936E+01   3.030660E+01   4.644584E+02   7.116951E-02
   1.851449E+01   3.017712E+01   4.626705E+02   7.054957E-02
   1.860000E+01   3.004824E+01   4.608868E+02   6.992731E-02
   1.868591E+01   2.991994E+01   4.591075E+02   6.930273E-02
   1.877222E+01   2.979222E+01   4.573324E+02   6.867583E-02
   1.885893E+01   2.966507E+01   4.555616E+02   6.804661E-02
   1.894604E+01   2.953851E+01   4.537951E+02   6.741507E-02
   1.903354E+01   2.941435E+01   4.520325E+02   6.678142E-02
   1.912146E+01   2.929372E+01   4.502738E+02   6.614580E-02
   1.920978E+01   2.917360E+01   4.485194E+02   6.550787E-02
   1.929851E+01   2.905402E+01   4.467691E+02   6.486761E-02
   1.938764E+01   2.893495E+01   4.450231E+02   6.422504E-02
   1.947719E+01   2.881640E+01   4.432813E+02   6.358016E-02
   1.956715E+01   2.869836E+01   4.415438E+02   6.293296E-02
   1.965753E+01   2.858084E+01   4.398104E+02   6.228347E-02
   1.974833E+01   2.846383E+01   4.380812E+02   6.163166E-02
   1.983954E+01   2.834733E+01   4.363562E+02   6.097755E-02
   1.993118E+01   2.823134E+01   4.346353E+02   6.032113E-02
   2.002324E+01   2.811695E+01   4.329185E+02   5.966255E-02
   2.011573E+01   2.800631E+01   4.312053E+02   5.900206E-02
   2.020864E+01   2.789613E+01   4.294963E+02   5.833925E-02
   2.030198E+01   2.778641E+01   4.277914E+02   5.767411E-02
   2.039575E+01   2.767715E+01   4.260906E+02   5.700661E-02
   2.048996E+01   2.756835E+01   4.243938E+02   5.633676E-02
   2.058460E+01   2.746000E+01   4.227011E+02   5.566453E-02
   2.067967E+01   2.735210E+01   4.210125E+02   5.498990E-02
   2.077519E+01   2.724465E+01   4.193278E+02   5.431286E-02
   2.087115E+01   2.713765E+01   4.176471E+02   5.363337E-02
   2.096755E+01   2.703110E+01   4.159704E+02   5.295142E-02
   2.106440E+01   2.692904E+01   4.142972E+02   5.226752E-02
   2.116169E+01   2.682942E+01   4.126276E+02   5.158137E-02
   2.125943E+01   2.673020E+01   4.109620E+02   5.089264E-02
   2.135763E+01   2.663136E+01   4.093003E+02   5.020131E-02
   2.145628E+01   2.653291E+01   4.076425E+02   4.950734E-02
   2.155538E+01   2.643484E+01   4.059885E+02   4.881068E-02
   2.165494E+01   2.633716E+01   4.043383E+02   4.811131E-02
   2.175496E+01   2.623986E+01   4.026920E+02   4.740916E-02
   2.185545E+01   2.614293E+01   4.010494E+02   4.670421E-02
   2.195640E+01   2.604638E+01   3.994107E+02   4.599641E-02
   2.205781E+01   2.595021E+01   3.977757E+02   4.528572E-02
   2.215969E+01   2.585441E+01   3.961445E+02   4.457210E-02
   2.226204E+01   2.575898E+01   3.945170E+02   4.385550E-02
   2.236487E+01   2.566392E+01   3.928933E+02   4.313589E-02
   2.246817E+01   2.556922E+01   3.912733E+02   4.241323E-02
   2.257195E+01   2.547489E+01   3.896570E+02   4.168748E-02
   2.267621E+01   2.538093E+01   3.880444E+02   4.095861E-02
   2.278094E+01   2.528733E+01   3.864355E+02   4.022658E-02
   2.288617E+01   2.519408E+01   3.848303E+02   3.949137E-02
   2.299187E+01   2.510120E+01   3.832288E+02   3.875295E-02
   2.309807E+01   2.501470E+01   3.816304E+02   3.801219E-02
   2.320476E+01   2.492901E+01   3.800357E+02   3.726824E-02
   2.331194E+01   2.484363E+01   3.784446E+02   3.652101E-02
   2.341961E+01   2.475855E+01   3.768573E+02   3.577049E-02
   2.352779E+01   2.467377E+01   3.752736E+02   3.501667E-02
   2.363646E+01   2.458930E+01   3.736937E+02   3.425954E-02
   2.374563E+01   2.450512E+01   3.721174E+02   3.349910E-02
   2.385531E+01   2.442124E+01   3.705449E+02   3.273535E-02
   2.396549E+01   2.433766E+01   3.689761E+02   3.196830E-02
   2.407619E+01   2.425438E+01   3.674110E+02   3.119793E-02
   2.418739E+01   2.417139E+01   3.658496E+02   3.042428E-02
   2.429911E+01   2.408869E+01   3.642920E+02   2.964734E-02
   2.441135E+01   2.400629E+01   3.627380E+02   2.886713E-02
   2.452410E+01   2.392418E+01   3.611878E+02   2.808367E-02
   2.463737E+01   2.384236E+01   3.596413E+02   2.729697E-02
   2.475117E+01   2.376083E+01   3.580985E+02   2.650705E-02
   2.486549E+01   2.367959E+01   3.565594E+02   2.571392E-02
   2.498034E+01   2.359864E+01   3.550241E+02   2.491761E-02
   2.509572E+01   2.352207E+01   3.534921E+02   2.411877E-02
   2.521164E+01   2.344660E+01   3.519637E+02   2.331692E-02
   2.532809E+01   2.337138E+01   3.504391E+02   2.251193E-02
   2.544508E+01   2.329641E+01   3.489181E+02   2.170383E-02
   2.556260E+01   2.322169E+01   3.474009E+02   2.089263E-02
   2.568067E+01   2.314721E+01   3.458873E+02   2.007834E-02
   2.579929E+01   2.307298E+01   3.443774E+02   1.926099E-02
   2.591845E+01   2.299899E+01   3.428712E+02   1.844058E-02
   2.603817E+01   2.292525E+01   3.413686E+02   1.761712E-02
   2.615843E+01   2.285176E+01   3.398697E+02   1.679063E-02
   2.627926E+01   2.277850E+01   3.383744E+02   1.596111E-02
   2.640064E+01   2.270549E+01   3.368827E+02   1.512857E-02
   2.652258E+01   2.263329E+01   3.353946E+02   1.429309E-02
   2.664508E+01   2.256381E+01   3.339098E+02   1.345501E-02
   2.676815E+01   2.249455E+01   3.324287E+02   1.261390E-02
   2.689179E+01   2.242550E+01   3.309510E+02   1.176975E-02
   2.701600E+01   2.235667E+01   3.294769E+02   1.092257E-02
   2.714079E+01   2.228806E+01   3.280064E+02   1.007235E-02
   2.726615E+01   2.221967E+01   3.265393E+02   9.219064E-03
   2.739208E+01   2.215148E+01   3.250757E+02   8.362709E-03
   2.751861E+01   2.208401E+01   3.236155E+02   7.503360E-03
   2.764571E+01   2.201965E+01   3.221586E+02   6.641436E-03
   2.777340E+01   2.195548E+01   3.207051E+02   5.776384E-03
   2.790168E+01   2.189150E+01   3.192550E+02   4.908183E-03
   2.803056E+01   2.182770E+01   3.178082E+02   4.036810E-03
   2.816003E+01   2.176409E+01   3.163649E+02   3.162240E-03
   2.829010E+01   2.170066E+01   3.149249E+02   2.284445E-03
   2.842076E+01   2.163742E+01   3.134882E+02   1.403399E-03
   2.855204E+01   2.157436E+01   3.120549E+02   5.190699E-04
   2.868391E+01   2.151149E+01   3.106248E+02  -3.685721E-04
   2.881640E+01   2.144880E+01   3.091980E+02  -1.259560E-03
   2.894950E+01   2.138629E+01   3.077745E+02  -2.153926E-03
   2.908322E+01   2.132396E+01   3.063542E+02  -3.051706E-03
   2.921755E+01   2.126181E+01   3.049371E+02  -3.952936E-03
   2.935250E+01   2.119984E+01   3.035233E+02  -4.857651E-03
   2.948808E+01   2.113805E+01   3.021126E+02  -5.765890E-03
   2.962428E+01   2.108003E+01   3.007049E+02  -6.676980E-03
   2.976111E+01   2.102250E+01   2.993004E+02  -7.591607E-03
   2.989857E+01   2.096513E+01   2.978990E+02  -8.509877E-03
   3.003667E+01   2.090790E+01   2.965008E+02  -9.431832E-03
   3.017540E+01   2.085083E+01   2.951057E+02  -1.035751E-02
   3.031478E+01   2.079390E+01   2.937137E+02  -1.128695E-02
   3.045480E+01   2.073713E+01   2.923248E+02  -1.222019E-02
   3.059547E+01   2.068050E+01   2.909390E+02  -1.315728E-02
   3.073678E+01   2.062402E+01   2.895563E+02  -1.409824E-02
   3.087875E+01   2.056768E+01   2.881767E+02  -1.504313E-02
   3.102138E+01   2.051149E+01   2.868001E+02  -1.599198E-02
   3.116466E+01   2.045545E+01   2.854266E+02  -1.694484E-02
   3.130861E+01   2.039955E+01   2.840561E+02  -1.790173E-02
   3.145322E+01   2.034380E+01   2.826887E+02  -1.886270E-02
   3.159850E+01   2.029029E+01   2.813242E+02  -1.982733E-02
   3.174445E+01   2.023791E+01   2.799627E+02  -2.079591E-02
   3.189107E+01   2.018565E+01   2.786043E+02  -2.176868E-02
   3.203837E+01   2.013352E+01   2.772489E+02  -2.274569E-02
   3.218635E+01   2.008151E+01   2.758965E+02  -2.372697E-02
   3.233502E+01   2.002962E+01   2.745471E+02  -2.471256E-02
   3.248437E+01   1.997786E+01   2.732007E+02  -2.570250E-02
   3.263441E+01   1.992622E+01   2.718573E+02  -2.669682E-02
   3.278515E+01   1.987469E+01   2.705169E+02  -2.769555E-02
   3.293658E+01   1.982329E+01   2.691795E+02  -2.869874E-02
   3.308871E+01   1.977201E+01   2.678452E+02  -2.970641E-02
   3.324154E+01   1.972283E+01   2.665137E+02  -3.071811E-02
   3.339508E+01   1.967391E+01   2.651853E+02  -3.173433E-02
   3.354933E+01   1.962510E+01   2.638599E+02  -3.275514E-02
   3.370429E+01   1.957640E+01   2.625374E+02  -3.378057E-02
   3.385996E+01   1.952780E+01   2.612180E+02  -3.481065E-02
   3.401636E+01   1.947931E+01   2.599015E+02  -3.584542E-02
   3.417347E+01   1.943092E+01   2.585881E+02  -3.688490E-02
   3.433132E+01   1.938264E+01   2.572776E+02  -3.792913E-02
   3.448989E+01   1.933446E+01   2.559702E+02  -3.897812E-02
   3.464919E+01   1.928816E+01   2.546657E+02  -4.003146E-02
   3.480923E+01   1.924208E+01   2.533642E+02  -4.108960E-02
   3.497001E+01   1.919608E+01   2.520657E+02  -4.215260E-02
   3.513154E+01   1.915018E+01   2.507703E+02  -4.322048E-02
   3.529380E+01   1.910437E+01   2.494778E+02  -4.429326E-02
   3.545682E+01   1.905865E+01   2.481883E+02  -4.537097E-02
   3.562059E+01   1.901303E+01   2.469019E+02  -4.645364E-02
   3.578512E+01   1.896749E+01   2.456185E+02  -4.754127E-02
   3.595041E+01   1.892205E+01   2.443381E+02  -4.863389E-02
   3.611646E+01   1.887771E+01   2.430607E+02  -4.973122E-02
   3.628327E+01   1.883390E+01   2.417863E+02  -5.083344E-02
   3.645086E+01   1.879016E+01   2.405150E+02  -5.194070E-02
   3.661922E+01   1.874651E+01   2.392467E+02  -5.305300E-02
   3.678836E+01   1.870294E+01   2.379815E+02  -5.417034E-02
   3.695828E+01   1.865945E+01   2.367193E+02  -5.529274E-02
   3.712899E+01   1.861708E+01   2.354601E+02  -5.641989E-02
   3.730048E+01   1.857512E+01   2.342040E+02  -5.755200E-02
   3.747277E+01   1.853323E+01   2.329509E+02  -5.868916E-02
   3.764585E+01   1.849141E+01   2.317009E+02  -5.983136E-02
   3.781973E+01   1.844966E+01   2.304540E+02  -6.097861E-02
   3.799442E+01   1.840799E+01   2.292102E+02  -6.213087E-02
   3.816991E+01   1.836639E+01   2.279694E+02  -6.328814E-02
   3.834621E+01   1.832486E+01   2.267317E+02  -6.445040E-02
   3.852333E+01   1.828360E+01   2.254971E+02  -6.561756E-02
   3.870126E+01   1.824368E+01   2.242656E+02  -6.678925E-02
   3.888002E+01   1.820382E+01   2.230371E+02  -6.796584E-02
   3.905960E+01   1.816402E+01   2.218118E+02  -6.914730E-02
   3.924001E+01   1.812429E+01   2.205896E+02  -7.033359E-02
   3.942126E+01   1.808462E+01   2.193705E+02  -7.152467E-02
   3.960334E+01   1.804502E+01   2.181545E+02  -7.272049E-02
   3.978626E+01   1.800548E+01   2.169416E+02  -7.392100E-02
   3.997003E+01   1.796600E+01   2.157318E+02  -7.512614E-02
   4.015465E+01   1.792804E+01   2.145251E+02  -7.633539E-02
   4.034012E+01   1.789043E+01   2.133216E+02  -7.754906E-02
   4.052644E+01   1.785286E+01   2.121211E+02  -7.876717E-02
   4.071363E+01   1.781535E+01   2.109238E+02  -7.998965E-02
   4.090168E+01   1.777790E+01   2.097296E+02  -8.121641E-02
   4.109060E+01   1.774049E+01   2.085385E+02  -8.244739E-02
   4.128039E+01   1.770315E+01   2.073506E+02  -8.368249E-02
   4.147106E+01   1.766585E+01   2.061657E+02  -8.492162E-02
   4.166261E+01   1.762861E+01   2.049840E+02  -8.616469E-02
   4.185505E+01   1.759142E+01   2.038054E+02  -8.741159E-02
   4.204837E+01   1.755477E+01   2.026299E+02  -8.866206E-02
   4.224259E+01   1.751964E+01   2.014575E+02  -8.991566E-02
   4.243770E+01   1.748455E+01   2.002882E+02  -9.117278E-02
   4.263371E+01   1.744951E+01   1.991220E+02  -9.243332E-02
   4.283063E+01   1.741451E+01   1.979589E+02  -9.369714E-02
   4.302846E+01   1.737955E+01   1.967989E+02  -9.496413E-02
   4.322721E+01   1.734463E+01   1.956419E+02  -9.623417E-02
   4.342687E+01   1.731022E+01   1.944881E+02  -9.750690E-02
   4.362745E+01   1.727658E+01   1.933373E+02  -9.878208E-02
   4.382896E+01   1.724297E+01   1.921896E+02  -1.000599E-01
   4.403140E+01   1.720941E+01   1.910449E+02  -1.013403E-01
   4.423478E+01   1.717588E+01   1.899032E+02  -1.026230E-01
   4.443909E+01   1.714239E+01   1.887645E+02  -1.039079E-01
   4.464435E+01   1.710893E+01   1.876289E+02  -1.051950E-01
   4.485056E+01   1.707551E+01   1.864962E+02  -1.064839E-01
   4.505772E+01   1.704212E+01   1.853665E+02  -1.077747E-01
   4.526583E+01   1.700877E+01   1.842397E+02  -1.090670E-01
   4.547491E+01   1.697546E+01   1.831159E+02  -1.103609E-01
   4.568495E+01   1.694292E+01   1.819951E+02  -1.116553E-01
   4.589597E+01   1.691074E+01   1.808773E+02  -1.129504E-01
   4.610795E+01   1.687860E+01   1.797624E+02  -1.142466E-01
   4.632092E+01   1.684648E+01   1.786504E+02  -1.155436E-01
   4.653487E+01   1.681440E+01   1.775411E+02  -1.168413E-01
   4.674981E+01   1.678234E+01   1.764347E+02  -1.181395E-01
   4.696574E+01   1.675032E+01   1.753311E+02  -1.194381E-01
   4.718267E+01   1.671832E+01   1.742303E+02  -1.207368E-01
   4.740060E+01   1.668635E+01   1.731322E+02  -1.220356E-01
   4.761954E+01   1.665442E+01   1.720368E+02  -1.233342E-01
   4.783949E+01   1.662251E+01   1.709441E+02  -1.246325E-01
   4.806045E+01   1.659063E+01   1.698542E+02  -1.259304E-01
   4.828244E+01   1.655878E+01   1.687668E+02  -1.272275E-01
   4.850545E+01   1.652696E+01   1.676821E+02  -1.285239E-01
   4.872949E+01   1.649517E+01   1.666000E+02  -1.298194E-01
   4.895456E+01   1.646341E+01   1.655204E+02  -1.311136E-01
   4.918068E+01   1.643168E+01   1.644434E+02  -1.324067E-01
   4.940784E+01   1.639997E+01   1.633689E+02  -1.336982E-01
   4.963605E+01   1.636830E+01   1.622969E+02  -1.349882E-01
   4.986531E+01   1.633665E+01   1.612273E+02  -1.362764E-01
   5.009563E+01   1.630428E+01   1.601603E+02  -1.375622E-01
   5.032702E+01   1.627091E+01   1.590960E+02  -1.388450E-01
   5.055947E+01   1.623757E+01   1.580341E+02  -1.401257E-01
   5.079300E+01   1.620427E+01   1.569744E+02  -1.414040E-01
   5.102761E+01   1.617100E+01   1.559171E+02  -1.426799E-01
   5.126330E+01   1.613777E+01   1.548620E+02  -1.439531E-01
   5.150008E+01   1.610458E+01   1.538092E+02  -1.452236E-01
   5.173795E+01   1.607143E+01   1.527585E+02  -1.464912E-01
   5.197692E+01   1.603831E+01   1.517101E+02  -1.477558E-01
   5.221699E+01   1.600522E+01   1.506638E+02  -1.490173E-01
   5.245818E+01   1.597217E+01   1.496196E+02  -1.502755E-01
   5.270048E+01   1.593916E+01   1.485775E+02  -1.515303E-01
   5.294389E+01   1.590618E+01   1.475375E+02  -1.527817E-01
   5.318843E+01   1.587324E+01   1.464995E+02  -1.540295E-01
   5.343411E+01   1.584033E+01   1.454635E+02  -1.552737E-01
   5.368091E+01   1.580745E+01   1.444295E+02  -1.565140E-01
   5.392886E+01   1.577461E+01   1.433975E+02  -1.577505E-01
   5.417795E+01   1.574180E+01   1.423674E+02  -1.589831E-01
   5.442819E+01   1.570902E+01   1.413392E+02  -1.602116E-01
   5.467959E+01   1.567628E+01   1.403128E+02  -1.614360E-01
   5.493214E+01   1.564357E+01   1.392884E+02  -1.626562E-01
   5.518587E+01   1.561089E+01   1.382658E+02  -1.638721E-01
   5.544077E+01   1.557824E+01   1.372450E+02  -1.650838E-01
   5.569684E+01   1.554563E+01   1.362260E+02  -1.662911E-01
   5.595410E+01   1.551304E+01   1.352088E+02  -1.674939E-01
   5.621254E+01   1.548048E+01   1.341934E+02  -1.686922E-01
   5.647218E+01   1.544796E+01   1.331797E+02  -1.698861E-01
   5.673302E+01   1.541547E+01   1.321678E+02  -1.710753E-01
   5.699506E+01   1.538300E+01   1.311576E+02  -1.722600E-01
   5.725831E+01   1.535057E+01   1.301491E+02  -1.734400E-01
   5.752278E+01   1.531816E+01   1.291423E+02  -1.746153E-01
   5.778847E+01   1.528578E+01   1.281373E+02  -1.757859E-01
   5.805539E+01   1.525344E+01   1.271339E+02  -1.769519E-01
   5.832354E+01   1.522112E+01   1.261323E+02  -1.781131E-01
   5.859293E+01   1.518882E+01   1.251323E+02  -1.792695E-01
   5.886357E+01   1.515656E+01   1.241341E+02  -1.804212E-01
   5.913545E+01   1.512432E+01   1.231375E+02  -1.815682E-01
   5.940859E+01   1.509212E+01   1.221426E+02  -1.827103E-01
   5.968299E+01   1.505993E+01   1.211495E+02  -1.838477E-01
   5.995866E+01   1.502778E+01   1.201580E+02  -1.849804E-01
   6.023560E+01   1.499345E+01   1.191685E+02  -1.861075E-01
   6.051382E+01   1.495878E+01   1.181808E+02  -1.872297E-01
   6.079333E+01   1.492416E+01   1.171949E+02  -1.883471E-01
   6.107412E+01   1.488957E+01   1.162107E+02  -1.894599E-01
   6.135622E+01   1.485503E+01   1.152282E+02  -1.905679E-01
   6.163961E+01   1.482052E+01   1.142476E+02  -1.916712E-01
   6.192432E+01   1.478606E+01   1.132688E+02  -1.927699E-01
   6.221034E+01   1.475164E+01   1.122918E+02  -1.938639E-01
   6.249768E+01   1.471727E+01   1.113166E+02  -1.949533E-01
   6.278635E+01   1.468293E+01   1.103434E+02  -1.960382E-01
   6.307635E+01   1.464863E+01   1.093721E+02  -1.971184E-01
   6.336770E+01   1.461438E+01   1.084028E+02  -1.981942E-01
   6.366038E+01   1.458016E+01   1.074354E+02  -1.992654E-01
   6.395442E+01   1.454599E+01   1.064700E+02  -2.003322E-01
   6.424982E+01   1.451186E+01   1.055067E+02  -2.013945E-01
   6.454658E+01   1.447777E+01   1.045455E+02  -2.024524E-01
   6.484471E+01   1.444372E+01   1.035865E+02  -2.035060E-01
   6.514422E+01   1.440971E+01   1.026296E+02  -2.045553E-01
   6.544512E+01   1.437574E+01   1.016749E+02  -2.056002E-01
   6.574740E+01   1.434181E+01   1.007225E+02  -2.066410E-01
   6.605108E+01   1.430792E+01   9.977247E+01  -2.076775E-01
   6.635616E+01   1.427408E+01   9.882475E+01  -2.087098E-01
   6.666265E+01   1.424027E+01   9.787945E+01  -2.097381E-01
   6.697056E+01   1.420651E+01   9.693662E+01  -2.107622E-01
   6.727989E+01   1.417278E+01   9.599631E+01  -2.117823E-01
   6.759065E+01   1.413910E+01   9.505857E+01  -2.127984E-01
   6.790284E+01   1.410546E+01   9.412347E+01  -2.138106E-01
   6.821647E+01   1.407186E+01   9.319105E+01  -2.148188E-01
   6.853156E+01   1.403831E+01   9.226139E+01  -2.158231E-01
   6.884809E+01   1.400479E+01   9.133453E+01  -2.168237E-01
   6.916610E+01   1.397132E+01   9.041055E+01  -2.178204E-01
   6.948557E+01   1.393789E+01   8.948950E+01  -2.188133E-01
   6.980651E+01   1.390450E+01   8.857145E+01  -2.198026E-01
   7.012894E+01   1.387097E+01   8.765650E+01  -2.207878E-01
   7.045286E+01   1.383719E+01   8.674474E+01  -2.217688E-01
   7.077827E+01   1.380347E+01   8.583617E+01  -2.227462E-01
   7.110518E+01   1.376978E+01   8.493086E+01  -2.237201E-01
   7.143361E+01   1.373615E+01   8.402888E+01  -2.246905E-01
   7.176355E+01   1.370256E+01   8.313029E+01  -2.256573E-01
   7.209502E+01   1.366902E+01   8.223517E+01  -2.266208E-01
   7.242802E+01   1.363553E+01   8.134359E+01  -2.275808E-01
   7.276255E+01   1.360209E+01   8.045561E+01  -2.285375E-01
   7.309864E+01   1.356870E+01   7.957130E+01  -2.294908E-01
   7.343627E+01   1.353535E+01   7.869074E+01  -2.304409E-01
   7.377546E+01   1.350206E+01   7.781400E+01  -2.313876E-01
   7.411622E+01   1.346881E+01   7.694115E+01  -2.323312E-01
   7.445856E+01   1.343561E+01   7.607226E+01  -2.332715E-01
   7.480247E+01   1.340247E+01   7.520741E+01  -2.342087E-01
   7.514797E+01   1.336938E+01   7.434666E+01  -2.351427E-01
   7.549507E+01   1.333633E+01   7.349008E+01  -2.360737E-01
   7.584378E+01   1.330334E+01   7.263775E+01  -2.370016E-01
   7.619409E+01   1.327040E+01   7.178974E+01  -2.379264E-01
   7.654602E+01   1.323752E+01   7.094612E+01  -2.388482E-01
   7.689958E+01   1.320468E+01   7.010696E+01  -2.397670E-01
   7.725477E+01   1.317190E+01   6.927233E+01  -2.406828E-01
   7.761160E+01   1.313917E+01   6.844229E+01  -2.415957E-01
   7.797007E+01   1.310650E+01   6.761693E+01  -2.425057E-01
   7.833021E+01   1.307388E+01   6.679629E+01  -2.434127E-01
   7.869201E+01   1.304132E+01   6.598046E+01  -2.443169E-01
   7.905548E+01   1.300881E+01   6.516950E+01  -2.452183E-01
   7.942062E+01   1.297636E+01   6.436348E+01  -2.461168E-01
   7.978746E+01   1.294397E+01   6.356246E+01  -2.470124E-01
   8.015599E+01   1.291163E+01   6.276650E+01  -2.479053E-01
   8.052622E+01   1.287935E+01   6.197566E+01  -2.487954E-01
   8.089816E+01   1.284713E+01   6.119002E+01  -2.496827E-01
   8.127182E+01   1.281496E+01   6.040963E+01  -2.505673E-01
   8.164720E+01   1.278285E+01   5.963454E+01  -2.514491E-01
   8.202432E+01   1.275081E+01   5.886482E+01  -2.523282E-01
   8.240318E+01   1.271882E+01   5.810053E+01  -2.532045E-01
   8.278379E+01   1.268689E+01   5.734172E+01  -2.540782E-01
   8.316616E+01   1.265502E+01   5.658845E+01  -2.549491E-01
   8.355029E+01   1.262322E+01   5.584076E+01  -2.558174E-01
   8.393620E+01   1.259147E+01   5.509871E+01  -2.566829E-01
   8.432389E+01   1.255979E+01   5.436236E+01  -2.575458E-01
   8.471337E+01   1.252816E+01   5.363174E+01  -2.584060E-01
   8.510465E+01   1.249661E+01   5.290692E+01  -2.592633E-01
   8.549774E+01   1.246513E+01   5.218795E+01  -2.601172E-01
   8.589264E+01   1.243372E+01   5.147486E+01  -2.609684E-01
   8.628937E+01   1.240237E+01   5.076769E+01  -2.618169E-01
   8.668793E+01   1.237108E+01   5.006647E+01  -2.626628E-01
   8.708833E+01   1.233986E+01   4.937124E+01  -2.635060E-01
   8.749058E+01   1.230870E+01   4.868205E+01  -2.643466E-01
   8.789469E+01   1.227761E+01   4.799891E+01  -2.651844E-01
   8.830067E+01   1.224658E+01   4.732188E+01  -2.660196E-01
   8.870852E+01   1.221562E+01   4.665098E+01  -2.668521E-01
   8.911825E+01   1.218473E+01   4.598624E+01  -2.676819E-01
   8.952988E+01   1.215390E+01   4.532768E+01  -2.685090E-01
   8.994340E+01   1.212314E+01   4.467534E+01  -2.693334E-01
   9.035884E+01   1.209244E+01   4.402923E+01  -2.701551E-01
   9.077620E+01   1.206182E+01   4.338939E+01  -2.709741E-01
   9.119548E+01   1.203126E+01   4.275582E+01  -2.717903E-01
   9.161670E+01   1.200077E+01   4.212855E+01  -2.726038E-01
   9.203987E+01   1.197034E+01   4.150759E+01  -2.734146E-01
   9.246499E+01   1.193999E+01   4.089296E+01  -2.742226E-01
   9.289207E+01   1.190970E+01   4.028467E+01  -2.750278E-01
   9.332113E+01   1.187949E+01   3.968273E+01  -2.758302E-01
   9.375217E+01   1.184934E+01   3.908715E+01  -2.766298E-01
   9.418520E+01   1.181926E+01   3.849794E+01  -2.774266E-01
   9.462023E+01   1.178925E+01   3.791509E+01  -2.782206E-01
   9.505727E+01   1.175932E+01   3.733862E+01  -2.790117E-01
   9.549632E+01   1.172945E+01   3.676853E+01  -2.797999E-01
   9.593741E+01   1.169965E+01   3.620480E+01  -2.805853E-01
   9.638053E+01   1.166992E+01   3.564744E+01  -2.813678E-01
   9.682570E+01   1.164027E+01   3.509645E+01  -2.821473E-01
   9.727293E+01   1.161068E+01   3.455182E+01  -2.829240E-01
   9.772222E+01   1.158117E+01   3.401354E+01  -2.836977E-01
   9.817359E+01   1.155173E+01   3.348160E+01  -2.844684E-01
   9.862704E+01   1.152235E+01   3.295598E+01  -2.852361E-01
   9.908259E+01   1.149305E+01   3.243668E+01  -2.860008E-01
   9.954024E+01   1.146382E+01   3.192368E+01  -2.867625E-01
   1.000000E+02   1.143467E+01   3.141696E+01  -2.875212E-01
