# Opacities computed by OpTool        <a^n>=  1.6612E-1  2.1167E-1  3.5518E-1
# Method:   DHS  fmax=  0.700
# Parameters:
#   amin [um]=      0.100 amax [um]=     10.000  na  =   31    apow=   3.5    
#   lmin [um]=      0.100 lmax [um]=    100.000  nlam= 1500    nang=   180
#   porosity =      0.000 p_mantle =      0.000  fmax= 0.70    chop=   0.0
# Composition:
#  Where   mfrac  rho   Material
#  -----   -----  ----  -----------------------------------------------------
#  core    1.000  7.87  lnk_data/fe3o4-Querry1985.lnk
#  - - -   - - -  -  -  - - - - - - - - - - - - - - - - - - - - - - - - - - -
#  grain   1.000  7.87  mixture of  1 materials
#----------------------------------------------------------------------------
# Command: optool -c lnk_data/fe3o4-Querry1985.lnk 612 7.87 -a 0.1 10 -l \
#   0.1 100 1500 -dhs 0.7
#============================================================================
# Standard output file, no scattering matrix
#    iformat
#    nlambda
#    lambda[um]  kabs [cm^2/g]  ksca [cm^2/g]    g_asymmetry
#============================================================================
           3
        1500
   1.000000E-01   1.155074E+03   1.848087E+03   8.430471E-01
   1.004619E-01   1.154802E+03   1.849812E+03   8.429362E-01
   1.009259E-01   1.154499E+03   1.851632E+03   8.428147E-01
   1.013921E-01   1.154195E+03   1.853429E+03   8.427020E-01
   1.018604E-01   1.153959E+03   1.855097E+03   8.426447E-01
   1.023309E-01   1.153779E+03   1.856711E+03   8.426254E-01
   1.028035E-01   1.153618E+03   1.858380E+03   8.426089E-01
   1.032784E-01   1.153431E+03   1.860112E+03   8.425707E-01
   1.037554E-01   1.153196E+03   1.861824E+03   8.424916E-01
   1.042346E-01   1.152943E+03   1.863479E+03   8.423922E-01
   1.047161E-01   1.152686E+03   1.865160E+03   8.422879E-01
   1.051997E-01   1.152444E+03   1.866949E+03   8.421901E-01
   1.056856E-01   1.152248E+03   1.868810E+03   8.421215E-01
   1.061738E-01   1.152140E+03   1.870687E+03   8.421104E-01
   1.066642E-01   1.152067E+03   1.872581E+03   8.421162E-01
   1.071569E-01   1.151890E+03   1.874542E+03   8.420406E-01
   1.076518E-01   1.151601E+03   1.876624E+03   8.418978E-01
   1.081490E-01   1.151290E+03   1.878740E+03   8.417650E-01
   1.086486E-01   1.150987E+03   1.880829E+03   8.416619E-01
   1.091504E-01   1.150671E+03   1.882973E+03   8.415623E-01
   1.096546E-01   1.150352E+03   1.885209E+03   8.414624E-01
   1.101610E-01   1.150103E+03   1.887412E+03   8.413929E-01
   1.106699E-01   1.149926E+03   1.889556E+03   8.413539E-01
   1.111810E-01   1.149776E+03   1.891681E+03   8.413177E-01
   1.116946E-01   1.149616E+03   1.893828E+03   8.412670E-01
   1.122105E-01   1.149413E+03   1.896027E+03   8.411832E-01
   1.127287E-01   1.149179E+03   1.898200E+03   8.410801E-01
   1.132494E-01   1.148889E+03   1.900351E+03   8.409671E-01
   1.137725E-01   1.148538E+03   1.902500E+03   8.408524E-01
   1.142980E-01   1.148177E+03   1.904662E+03   8.407596E-01
   1.148259E-01   1.147838E+03   1.906863E+03   8.406931E-01
   1.153563E-01   1.147558E+03   1.909067E+03   8.406709E-01
   1.158891E-01   1.147298E+03   1.911308E+03   8.406550E-01
   1.164244E-01   1.146990E+03   1.913670E+03   8.405663E-01
   1.169622E-01   1.146661E+03   1.916155E+03   8.404069E-01
   1.175024E-01   1.146336E+03   1.918772E+03   8.402167E-01
   1.180451E-01   1.146016E+03   1.921446E+03   8.400061E-01
   1.185904E-01   1.145753E+03   1.924027E+03   8.398151E-01
   1.191381E-01   1.145547E+03   1.926521E+03   8.396491E-01
   1.196884E-01   1.145349E+03   1.929015E+03   8.394753E-01
   1.202412E-01   1.145102E+03   1.931541E+03   8.392735E-01
   1.207966E-01   1.144763E+03   1.934021E+03   8.390272E-01
   1.213545E-01   1.144331E+03   1.936399E+03   8.387488E-01
   1.219151E-01   1.143832E+03   1.938719E+03   8.384693E-01
   1.224782E-01   1.143280E+03   1.941097E+03   8.382042E-01
   1.230439E-01   1.142717E+03   1.943548E+03   8.379797E-01
   1.236122E-01   1.142210E+03   1.946024E+03   8.378295E-01
   1.241832E-01   1.141774E+03   1.948527E+03   8.377473E-01
   1.247567E-01   1.141314E+03   1.951095E+03   8.376457E-01
   1.253330E-01   1.140794E+03   1.953795E+03   8.374956E-01
   1.259119E-01   1.140308E+03   1.956581E+03   8.373588E-01
   1.264935E-01   1.139916E+03   1.959361E+03   8.372682E-01
   1.270777E-01   1.139610E+03   1.962163E+03   8.372003E-01
   1.276647E-01   1.139373E+03   1.965055E+03   8.371349E-01
   1.282543E-01   1.139255E+03   1.967931E+03   8.370892E-01
   1.288467E-01   1.139264E+03   1.970714E+03   8.370709E-01
   1.294419E-01   1.139345E+03   1.973419E+03   8.370528E-01
   1.300397E-01   1.139439E+03   1.976069E+03   8.370148E-01
   1.306404E-01   1.139483E+03   1.978695E+03   8.369358E-01
   1.312438E-01   1.139457E+03   1.981234E+03   8.368173E-01
   1.318500E-01   1.139330E+03   1.983651E+03   8.366745E-01
   1.324590E-01   1.139055E+03   1.985972E+03   8.365096E-01
   1.330708E-01   1.138659E+03   1.988209E+03   8.363478E-01
   1.336854E-01   1.138167E+03   1.990408E+03   8.361987E-01
   1.343029E-01   1.137616E+03   1.992569E+03   8.360809E-01
   1.349232E-01   1.137008E+03   1.994716E+03   8.359871E-01
   1.355464E-01   1.136300E+03   1.996957E+03   8.358508E-01
   1.361725E-01   1.135517E+03   1.999343E+03   8.356462E-01
   1.368015E-01   1.134735E+03   2.001896E+03   8.354100E-01
   1.374333E-01   1.133988E+03   2.004610E+03   8.351543E-01
   1.380681E-01   1.133346E+03   2.007354E+03   8.349045E-01
   1.387058E-01   1.132859E+03   2.010088E+03   8.346831E-01
   1.393465E-01   1.132500E+03   2.012890E+03   8.344627E-01
   1.399901E-01   1.132221E+03   2.015806E+03   8.342210E-01
   1.406367E-01   1.131971E+03   2.018782E+03   8.339388E-01
   1.412863E-01   1.131721E+03   2.021735E+03   8.336116E-01
   1.419389E-01   1.131482E+03   2.024654E+03   8.332666E-01
   1.425945E-01   1.131247E+03   2.027636E+03   8.329157E-01
   1.432531E-01   1.131027E+03   2.030708E+03   8.325788E-01
   1.439148E-01   1.130857E+03   2.033819E+03   8.322829E-01
   1.445795E-01   1.130754E+03   2.036938E+03   8.320417E-01
   1.452473E-01   1.130632E+03   2.040074E+03   8.317961E-01
   1.459182E-01   1.130395E+03   2.043278E+03   8.314928E-01
   1.465922E-01   1.130082E+03   2.046541E+03   8.311779E-01
   1.472692E-01   1.129750E+03   2.049757E+03   8.309018E-01
   1.479495E-01   1.129388E+03   2.052908E+03   8.306601E-01
   1.486328E-01   1.128964E+03   2.056073E+03   8.304335E-01
   1.493193E-01   1.128504E+03   2.059208E+03   8.302323E-01
   1.500090E-01   1.128051E+03   2.062222E+03   8.300740E-01
   1.507019E-01   1.127590E+03   2.065127E+03   8.299435E-01
   1.513980E-01   1.127102E+03   2.067967E+03   8.298192E-01
   1.520973E-01   1.126571E+03   2.070788E+03   8.296819E-01
   1.527998E-01   1.126007E+03   2.073581E+03   8.295209E-01
   1.535056E-01   1.125429E+03   2.076295E+03   8.293475E-01
   1.542146E-01   1.124812E+03   2.078959E+03   8.291591E-01
   1.549269E-01   1.124179E+03   2.081585E+03   8.289692E-01
   1.556425E-01   1.123561E+03   2.084206E+03   8.287880E-01
   1.563614E-01   1.122984E+03   2.086840E+03   8.286232E-01
   1.570836E-01   1.122465E+03   2.089479E+03   8.284816E-01
   1.578091E-01   1.121958E+03   2.092202E+03   8.283132E-01
   1.585380E-01   1.121447E+03   2.095078E+03   8.280715E-01
   1.592703E-01   1.120998E+03   2.098114E+03   8.277796E-01
   1.600059E-01   1.120640E+03   2.101323E+03   8.274560E-01
   1.607450E-01   1.120416E+03   2.104601E+03   8.271117E-01
   1.614874E-01   1.120381E+03   2.107857E+03   8.267761E-01
   1.622333E-01   1.120513E+03   2.111136E+03   8.264346E-01
   1.629827E-01   1.120755E+03   2.114493E+03   8.260651E-01
   1.637355E-01   1.121034E+03   2.117894E+03   8.256518E-01
   1.644917E-01   1.121286E+03   2.121246E+03   8.251840E-01
   1.652515E-01   1.121487E+03   2.124499E+03   8.246821E-01
   1.660148E-01   1.121601E+03   2.127710E+03   8.241628E-01
   1.667816E-01   1.121600E+03   2.130933E+03   8.236439E-01
   1.675519E-01   1.121486E+03   2.134129E+03   8.231503E-01
   1.683258E-01   1.121271E+03   2.137260E+03   8.227090E-01
   1.691033E-01   1.120909E+03   2.140332E+03   8.222946E-01
   1.698844E-01   1.120300E+03   2.143396E+03   8.218472E-01
   1.706690E-01   1.119472E+03   2.146499E+03   8.213878E-01
   1.714573E-01   1.118523E+03   2.149577E+03   8.209708E-01
   1.722493E-01   1.117505E+03   2.152604E+03   8.206067E-01
   1.730449E-01   1.116429E+03   2.155663E+03   8.202766E-01
   1.738442E-01   1.115333E+03   2.158786E+03   8.199784E-01
   1.746471E-01   1.114300E+03   2.161888E+03   8.197286E-01
   1.754538E-01   1.113356E+03   2.164964E+03   8.195200E-01
   1.762642E-01   1.112498E+03   2.168057E+03   8.193277E-01
   1.770783E-01   1.111727E+03   2.171206E+03   8.191325E-01
   1.778962E-01   1.111046E+03   2.174436E+03   8.189150E-01
   1.787179E-01   1.110483E+03   2.177682E+03   8.186785E-01
   1.795434E-01   1.110022E+03   2.180951E+03   8.184218E-01
   1.803727E-01   1.109655E+03   2.184255E+03   8.181472E-01
   1.812058E-01   1.109408E+03   2.187607E+03   8.178669E-01
   1.820428E-01   1.109288E+03   2.191029E+03   8.175831E-01
   1.828836E-01   1.109306E+03   2.194498E+03   8.173081E-01
   1.837283E-01   1.109415E+03   2.198053E+03   8.170130E-01
   1.845769E-01   1.109562E+03   2.201764E+03   8.166458E-01
   1.854295E-01   1.109771E+03   2.205632E+03   8.162115E-01
   1.862860E-01   1.110067E+03   2.209662E+03   8.157343E-01
   1.871464E-01   1.110452E+03   2.213780E+03   8.152192E-01
   1.880108E-01   1.110966E+03   2.217861E+03   8.146925E-01
   1.888792E-01   1.111587E+03   2.221897E+03   8.141552E-01
   1.897516E-01   1.112249E+03   2.225933E+03   8.135865E-01
   1.906280E-01   1.112865E+03   2.229955E+03   8.129739E-01
   1.915085E-01   1.113354E+03   2.233865E+03   8.123068E-01
   1.923931E-01   1.113665E+03   2.237586E+03   8.115967E-01
   1.932817E-01   1.113765E+03   2.241133E+03   8.108676E-01
   1.941745E-01   1.113621E+03   2.244569E+03   8.101362E-01
   1.950713E-01   1.113232E+03   2.247887E+03   8.094267E-01
   1.959723E-01   1.112634E+03   2.251049E+03   8.087690E-01
   1.968775E-01   1.111832E+03   2.254068E+03   8.081629E-01
   1.977869E-01   1.110767E+03   2.257002E+03   8.075558E-01
   1.987004E-01   1.109455E+03   2.259938E+03   8.069416E-01
   1.996182E-01   1.108017E+03   2.262872E+03   8.063691E-01
   2.005402E-01   1.106550E+03   2.265780E+03   8.058607E-01
   2.014665E-01   1.105093E+03   2.268736E+03   8.054020E-01
   2.023970E-01   1.103685E+03   2.271831E+03   8.049823E-01
   2.033319E-01   1.102410E+03   2.275012E+03   8.046129E-01
   2.042710E-01   1.101316E+03   2.278255E+03   8.042945E-01
   2.052145E-01   1.100401E+03   2.281600E+03   8.040049E-01
   2.061624E-01   1.099662E+03   2.285083E+03   8.037257E-01
   2.071146E-01   1.099088E+03   2.288738E+03   8.034372E-01
   2.080713E-01   1.098693E+03   2.292513E+03   8.031345E-01
   2.090323E-01   1.098466E+03   2.296380E+03   8.028201E-01
   2.099978E-01   1.098371E+03   2.300349E+03   8.024897E-01
   2.109678E-01   1.098420E+03   2.304410E+03   8.021549E-01
   2.119422E-01   1.098607E+03   2.308580E+03   8.018173E-01
   2.129212E-01   1.098931E+03   2.312830E+03   8.014864E-01
   2.139046E-01   1.099357E+03   2.317161E+03   8.011517E-01
   2.148926E-01   1.099811E+03   2.321628E+03   8.007663E-01
   2.158852E-01   1.100287E+03   2.326243E+03   8.003159E-01
   2.168823E-01   1.100807E+03   2.330998E+03   7.998252E-01
   2.178841E-01   1.101369E+03   2.335855E+03   7.993002E-01
   2.188905E-01   1.102001E+03   2.340686E+03   7.987581E-01
   2.199015E-01   1.102710E+03   2.345446E+03   7.982120E-01
   2.209172E-01   1.104928E+03   2.346883E+03   7.976322E-01
   2.219376E-01   1.107278E+03   2.347940E+03   7.970275E-01
   2.229627E-01   1.109550E+03   2.348921E+03   7.963901E-01
   2.239925E-01   1.111710E+03   2.349763E+03   7.957177E-01
   2.250271E-01   1.113756E+03   2.350445E+03   7.950266E-01
   2.260665E-01   1.115674E+03   2.351022E+03   7.943251E-01
   2.271106E-01   1.117463E+03   2.351515E+03   7.936262E-01
   2.281596E-01   1.119144E+03   2.351899E+03   7.929460E-01
   2.292135E-01   1.120737E+03   2.352161E+03   7.922980E-01
   2.302722E-01   1.121747E+03   2.352899E+03   7.916265E-01
   2.313358E-01   1.121222E+03   2.355252E+03   7.908241E-01
   2.324043E-01   1.120542E+03   2.357556E+03   7.900140E-01
   2.334777E-01   1.119767E+03   2.359774E+03   7.892258E-01
   2.345562E-01   1.118931E+03   2.361874E+03   7.884691E-01
   2.356395E-01   1.118035E+03   2.363913E+03   7.877335E-01
   2.367279E-01   1.117092E+03   2.365944E+03   7.870152E-01
   2.378213E-01   1.116153E+03   2.367927E+03   7.863227E-01
   2.389198E-01   1.115240E+03   2.369851E+03   7.856521E-01
   2.400234E-01   1.114298E+03   2.371807E+03   7.849866E-01
   2.411320E-01   1.111130E+03   2.376356E+03   7.841370E-01
   2.422458E-01   1.107964E+03   2.380928E+03   7.832810E-01
   2.433647E-01   1.104824E+03   2.385504E+03   7.824174E-01
   2.444887E-01   1.101706E+03   2.390099E+03   7.815406E-01
   2.456180E-01   1.098600E+03   2.394723E+03   7.806410E-01
   2.467525E-01   1.095530E+03   2.399365E+03   7.797236E-01
   2.478922E-01   1.092523E+03   2.404062E+03   7.787984E-01
   2.490372E-01   1.089620E+03   2.408792E+03   7.778888E-01
   2.501874E-01   1.086470E+03   2.413990E+03   7.769678E-01
   2.513430E-01   1.081605E+03   2.421559E+03   7.759034E-01
   2.525040E-01   1.076769E+03   2.429276E+03   7.747860E-01
   2.536702E-01   1.071996E+03   2.437142E+03   7.736348E-01
   2.548419E-01   1.067293E+03   2.445163E+03   7.724614E-01
   2.560190E-01   1.062677E+03   2.453263E+03   7.712745E-01
   2.572015E-01   1.058151E+03   2.461381E+03   7.700768E-01
   2.583895E-01   1.053671E+03   2.469564E+03   7.688442E-01
   2.595830E-01   1.049207E+03   2.477867E+03   7.675686E-01
   2.607819E-01   1.044980E+03   2.486343E+03   7.662994E-01
   2.619865E-01   1.040826E+03   2.494879E+03   7.650076E-01
   2.631965E-01   1.036597E+03   2.503375E+03   7.636741E-01
   2.644122E-01   1.032270E+03   2.511872E+03   7.622940E-01
   2.656335E-01   1.027862E+03   2.520396E+03   7.608838E-01
   2.668604E-01   1.023399E+03   2.528956E+03   7.594649E-01
   2.680930E-01   1.018930E+03   2.537552E+03   7.580624E-01
   2.693313E-01   1.014477E+03   2.546186E+03   7.566827E-01
   2.705753E-01   1.010482E+03   2.554536E+03   7.553503E-01
   2.718251E-01   1.007019E+03   2.562616E+03   7.540765E-01
   2.730806E-01   1.003561E+03   2.570741E+03   7.528263E-01
   2.743419E-01   1.000116E+03   2.578787E+03   7.516170E-01
   2.756091E-01   9.965993E+02   2.586837E+03   7.504269E-01
   2.768821E-01   9.929825E+02   2.594986E+03   7.492598E-01
   2.781610E-01   9.893444E+02   2.603142E+03   7.481331E-01
   2.794458E-01   9.856950E+02   2.611310E+03   7.470298E-01
   2.807365E-01   9.848863E+02   2.616433E+03   7.462174E-01
   2.820332E-01   9.862446E+02   2.619280E+03   7.456187E-01
   2.833359E-01   9.876425E+02   2.622199E+03   7.450124E-01
   2.846445E-01   9.890961E+02   2.625166E+03   7.444004E-01
   2.859593E-01   9.905520E+02   2.628186E+03   7.437564E-01
   2.872801E-01   9.920203E+02   2.631178E+03   7.430775E-01
   2.886070E-01   9.935311E+02   2.634148E+03   7.423746E-01
   2.899400E-01   9.951369E+02   2.637100E+03   7.416805E-01
   2.912792E-01   9.967126E+02   2.639772E+03   7.409745E-01
   2.926246E-01   9.983022E+02   2.642332E+03   7.402454E-01
   2.939762E-01   9.998456E+02   2.644849E+03   7.394564E-01
   2.953341E-01   1.001355E+03   2.647316E+03   7.386237E-01
   2.966982E-01   1.002826E+03   2.649729E+03   7.377717E-01
   2.980686E-01   1.004240E+03   2.652027E+03   7.369048E-01
   2.994453E-01   1.005608E+03   2.654079E+03   7.360335E-01
   3.008284E-01   1.007494E+03   2.655204E+03   7.352017E-01
   3.022179E-01   1.009664E+03   2.655703E+03   7.343824E-01
   3.036138E-01   1.011685E+03   2.656083E+03   7.335403E-01
   3.050162E-01   1.013530E+03   2.656285E+03   7.326724E-01
   3.064250E-01   1.015206E+03   2.656245E+03   7.317833E-01
   3.078404E-01   1.016728E+03   2.656026E+03   7.308755E-01
   3.092622E-01   1.018130E+03   2.655700E+03   7.299605E-01
   3.106907E-01   1.019884E+03   2.654754E+03   7.290883E-01
   3.121257E-01   1.022068E+03   2.653174E+03   7.282767E-01
   3.135674E-01   1.024273E+03   2.651585E+03   7.275115E-01
   3.150157E-01   1.026456E+03   2.650007E+03   7.267607E-01
   3.164707E-01   1.028601E+03   2.648502E+03   7.260177E-01
   3.179325E-01   1.030749E+03   2.647066E+03   7.253042E-01
   3.194010E-01   1.032943E+03   2.645627E+03   7.246384E-01
   3.208762E-01   1.033624E+03   2.645953E+03   7.238446E-01
   3.223583E-01   1.033257E+03   2.647593E+03   7.229672E-01
   3.238473E-01   1.032956E+03   2.649332E+03   7.221306E-01
   3.253431E-01   1.032758E+03   2.651137E+03   7.213311E-01
   3.268458E-01   1.032667E+03   2.653050E+03   7.205575E-01
   3.283555E-01   1.032702E+03   2.655083E+03   7.198077E-01
   3.298721E-01   1.032863E+03   2.657269E+03   7.190701E-01
   3.313957E-01   1.033650E+03   2.659034E+03   7.183906E-01
   3.329264E-01   1.034618E+03   2.660895E+03   7.177162E-01
   3.344641E-01   1.035708E+03   2.662884E+03   7.170299E-01
   3.360090E-01   1.036935E+03   2.664966E+03   7.163331E-01
   3.375610E-01   1.038322E+03   2.667160E+03   7.156385E-01
   3.391201E-01   1.039908E+03   2.669425E+03   7.149703E-01
   3.406865E-01   1.041645E+03   2.671716E+03   7.143085E-01
   3.422601E-01   1.043461E+03   2.674046E+03   7.136117E-01
   3.438409E-01   1.045369E+03   2.676462E+03   7.128789E-01
   3.454291E-01   1.047385E+03   2.678941E+03   7.121283E-01
   3.470246E-01   1.049500E+03   2.681463E+03   7.113679E-01
   3.486274E-01   1.051722E+03   2.683936E+03   7.106048E-01
   3.502377E-01   1.053849E+03   2.686471E+03   7.098095E-01
   3.518554E-01   1.054956E+03   2.689916E+03   7.088403E-01
   3.534806E-01   1.056071E+03   2.693347E+03   7.078388E-01
   3.551133E-01   1.057163E+03   2.696741E+03   7.068066E-01
   3.567535E-01   1.058203E+03   2.700013E+03   7.057445E-01
   3.584013E-01   1.059164E+03   2.703116E+03   7.046577E-01
   3.600567E-01   1.059917E+03   2.706185E+03   7.035311E-01
   3.617198E-01   1.057911E+03   2.712443E+03   7.020854E-01
   3.633905E-01   1.055774E+03   2.718566E+03   7.006252E-01
   3.650690E-01   1.053512E+03   2.724553E+03   6.991618E-01
   3.667552E-01   1.051124E+03   2.730400E+03   6.977014E-01
   3.684492E-01   1.048586E+03   2.736103E+03   6.962328E-01
   3.701510E-01   1.045444E+03   2.742278E+03   6.947071E-01
   3.718607E-01   1.037519E+03   2.754319E+03   6.926795E-01
   3.735783E-01   1.029485E+03   2.766161E+03   6.906709E-01
   3.753038E-01   1.021337E+03   2.777803E+03   6.886763E-01
   3.770372E-01   1.013049E+03   2.789300E+03   6.866907E-01
   3.787787E-01   1.004655E+03   2.800615E+03   6.847294E-01
   3.805283E-01   9.948700E+02   2.813328E+03   6.826768E-01
   3.822859E-01   9.819520E+02   2.829515E+03   6.803838E-01
   3.840516E-01   9.688765E+02   2.845383E+03   6.781222E-01
   3.858255E-01   9.556496E+02   2.860964E+03   6.758845E-01
   3.876076E-01   9.423407E+02   2.876259E+03   6.736851E-01
   3.893979E-01   9.289356E+02   2.891368E+03   6.715039E-01
   3.911965E-01   9.120625E+02   2.910250E+03   6.690588E-01
   3.930034E-01   8.934223E+02   2.930850E+03   6.664883E-01
   3.948186E-01   8.748084E+02   2.951251E+03   6.639582E-01
   3.966422E-01   8.562899E+02   2.971541E+03   6.615208E-01
   3.984743E-01   8.378380E+02   2.991762E+03   6.591355E-01
   4.003148E-01   8.191147E+02   3.012338E+03   6.567134E-01
   4.021638E-01   7.990555E+02   3.034833E+03   6.542270E-01
   4.040213E-01   7.793884E+02   3.057603E+03   6.517547E-01
   4.058874E-01   7.601483E+02   3.080757E+03   6.492830E-01
   4.077622E-01   7.413292E+02   3.104095E+03   6.468222E-01
   4.096456E-01   7.227474E+02   3.127563E+03   6.443182E-01
   4.115377E-01   7.015641E+02   3.154505E+03   6.415390E-01
   4.134385E-01   6.801960E+02   3.182239E+03   6.386956E-01
   4.153481E-01   6.593307E+02   3.209776E+03   6.358825E-01
   4.172666E-01   6.386117E+02   3.236704E+03   6.330586E-01
   4.191939E-01   6.176179E+02   3.262533E+03   6.301911E-01
   4.211301E-01   5.980742E+02   3.285131E+03   6.274814E-01
   4.230752E-01   5.797703E+02   3.305213E+03   6.249374E-01
   4.250294E-01   5.615116E+02   3.324617E+03   6.224946E-01
   4.269925E-01   5.435968E+02   3.343592E+03   6.202587E-01
   4.289648E-01   5.262415E+02   3.362085E+03   6.181217E-01
   4.309461E-01   5.173203E+02   3.372338E+03   6.165504E-01
   4.329366E-01   5.175502E+02   3.373683E+03   6.156548E-01
   4.349363E-01   5.185916E+02   3.374260E+03   6.148670E-01
   4.369452E-01   5.189346E+02   3.373518E+03   6.141479E-01
   4.389634E-01   5.183897E+02   3.372162E+03   6.136483E-01
   4.409909E-01   5.236206E+02   3.363253E+03   6.138019E-01
   4.430278E-01   5.347052E+02   3.347022E+03   6.144848E-01
   4.450741E-01   5.462541E+02   3.331489E+03   6.152018E-01
   4.471298E-01   5.579423E+02   3.316573E+03   6.158969E-01
   4.491950E-01   5.696654E+02   3.302272E+03   6.166491E-01
   4.512698E-01   5.843026E+02   3.285569E+03   6.175779E-01
   4.533542E-01   6.008935E+02   3.267019E+03   6.186078E-01
   4.554482E-01   6.180512E+02   3.248331E+03   6.196176E-01
   4.575518E-01   6.361869E+02   3.229727E+03   6.206644E-01
   4.596652E-01   6.550545E+02   3.211057E+03   6.218000E-01
   4.617883E-01   6.735202E+02   3.193034E+03   6.228424E-01
   4.639213E-01   6.922384E+02   3.174757E+03   6.238982E-01
   4.660641E-01   7.113273E+02   3.156047E+03   6.249745E-01
   4.682168E-01   7.307964E+02   3.136734E+03   6.261021E-01
   4.703794E-01   7.492197E+02   3.118377E+03   6.271644E-01
   4.725520E-01   7.615443E+02   3.106717E+03   6.275981E-01
   4.747347E-01   7.738679E+02   3.094535E+03   6.280662E-01
   4.769274E-01   7.862007E+02   3.081921E+03   6.285666E-01
   4.791303E-01   7.986041E+02   3.068938E+03   6.291198E-01
   4.813433E-01   8.064671E+02   3.061145E+03   6.292657E-01
   4.835666E-01   8.113364E+02   3.056588E+03   6.291231E-01
   4.858001E-01   8.162564E+02   3.051623E+03   6.289948E-01
   4.880440E-01   8.212319E+02   3.046326E+03   6.288840E-01
   4.902982E-01   8.262630E+02   3.040712E+03   6.288401E-01
   4.925628E-01   8.312410E+02   3.034605E+03   6.289834E-01
   4.948379E-01   8.362785E+02   3.028077E+03   6.292206E-01
   4.971235E-01   8.412733E+02   3.021088E+03   6.295262E-01
   4.994197E-01   8.460621E+02   3.013643E+03   6.298522E-01
   5.017264E-01   8.522413E+02   3.003788E+03   6.303824E-01
   5.040438E-01   8.587750E+02   2.992777E+03   6.310384E-01
   5.063720E-01   8.651328E+02   2.981332E+03   6.317537E-01
   5.087108E-01   8.713364E+02   2.969686E+03   6.325154E-01
   5.110605E-01   8.773010E+02   2.958108E+03   6.333097E-01
   5.134210E-01   8.830753E+02   2.946599E+03   6.341286E-01
   5.157925E-01   8.888975E+02   2.934968E+03   6.349793E-01
   5.181748E-01   8.947827E+02   2.923245E+03   6.358526E-01
   5.205682E-01   9.011573E+02   2.911043E+03   6.367540E-01
   5.229727E-01   9.089910E+02   2.897412E+03   6.377146E-01
   5.253882E-01   9.169443E+02   2.883712E+03   6.386692E-01
   5.278149E-01   9.249942E+02   2.869948E+03   6.396087E-01
   5.302528E-01   9.330836E+02   2.856201E+03   6.405283E-01
   5.327020E-01   9.407224E+02   2.843223E+03   6.413538E-01
   5.351625E-01   9.484576E+02   2.830176E+03   6.421890E-01
   5.376343E-01   9.562662E+02   2.817028E+03   6.430327E-01
   5.401176E-01   9.639695E+02   2.803971E+03   6.438445E-01
   5.426123E-01   9.693021E+02   2.793942E+03   6.443458E-01
   5.451186E-01   9.746324E+02   2.783904E+03   6.448281E-01
   5.476364E-01   9.799589E+02   2.773855E+03   6.453007E-01
   5.501659E-01   9.853412E+02   2.763669E+03   6.457708E-01
   5.527070E-01   9.914188E+02   2.752535E+03   6.463087E-01
   5.552599E-01   9.975128E+02   2.741304E+03   6.468423E-01
   5.578246E-01   1.003605E+03   2.730005E+03   6.473697E-01
   5.604011E-01   1.009477E+03   2.718885E+03   6.478597E-01
   5.629895E-01   1.014267E+03   2.709071E+03   6.481870E-01
   5.655899E-01   1.018996E+03   2.699104E+03   6.485036E-01
   5.682023E-01   1.023647E+03   2.689019E+03   6.488167E-01
   5.708268E-01   1.028436E+03   2.678563E+03   6.491582E-01
   5.734634E-01   1.033628E+03   2.667405E+03   6.495648E-01
   5.761121E-01   1.038752E+03   2.656128E+03   6.499945E-01
   5.787731E-01   1.043788E+03   2.644744E+03   6.504367E-01
   5.814464E-01   1.048119E+03   2.634268E+03   6.507570E-01
   5.841320E-01   1.051855E+03   2.624577E+03   6.509819E-01
   5.868300E-01   1.055538E+03   2.614811E+03   6.512248E-01
   5.895405E-01   1.059190E+03   2.604966E+03   6.514873E-01
   5.922636E-01   1.061996E+03   2.596093E+03   6.516794E-01
   5.949991E-01   1.064626E+03   2.587406E+03   6.518695E-01
   5.977474E-01   1.067276E+03   2.578680E+03   6.520767E-01
   6.005083E-01   1.069942E+03   2.570037E+03   6.522739E-01
   6.032820E-01   1.072575E+03   2.561892E+03   6.523793E-01
   6.060685E-01   1.075228E+03   2.553749E+03   6.524861E-01
   6.088678E-01   1.077902E+03   2.545616E+03   6.525896E-01
   6.116801E-01   1.079572E+03   2.538565E+03   6.526158E-01
   6.145054E-01   1.080565E+03   2.532250E+03   6.525858E-01
   6.173437E-01   1.081576E+03   2.525941E+03   6.525475E-01
   6.201951E-01   1.082670E+03   2.519612E+03   6.525013E-01
   6.230597E-01   1.084563E+03   2.512900E+03   6.524240E-01
   6.259376E-01   1.086500E+03   2.506194E+03   6.523509E-01
   6.288287E-01   1.088463E+03   2.499502E+03   6.522734E-01
   6.317332E-01   1.086965E+03   2.497438E+03   6.517304E-01
   6.346511E-01   1.083126E+03   2.498513E+03   6.508687E-01
   6.375825E-01   1.079306E+03   2.499611E+03   6.499986E-01
   6.405274E-01   1.074849E+03   2.501113E+03   6.491373E-01
   6.434859E-01   1.067388E+03   2.504409E+03   6.483386E-01
   6.464581E-01   1.059952E+03   2.507652E+03   6.475352E-01
   6.494440E-01   1.052519E+03   2.510862E+03   6.467208E-01
   6.524437E-01   1.049334E+03   2.508402E+03   6.464513E-01
   6.554572E-01   1.047077E+03   2.504628E+03   6.462907E-01
   6.584847E-01   1.044766E+03   2.500789E+03   6.461121E-01
   6.615262E-01   1.041926E+03   2.497988E+03   6.457606E-01
   6.645817E-01   1.038556E+03   2.496236E+03   6.452426E-01
   6.676513E-01   1.035130E+03   2.494425E+03   6.447266E-01
   6.707351E-01   1.031164E+03   2.492901E+03   6.442145E-01
   6.738331E-01   1.025576E+03   2.492436E+03   6.436958E-01
   6.769455E-01   1.019911E+03   2.491876E+03   6.431808E-01
   6.800722E-01   1.014150E+03   2.491230E+03   6.426673E-01
   6.832134E-01   1.008125E+03   2.490398E+03   6.422096E-01
   6.863691E-01   1.002049E+03   2.489439E+03   6.417751E-01
   6.895393E-01   9.959277E+02   2.488362E+03   6.413631E-01
   6.927242E-01   9.905083E+02   2.486085E+03   6.411018E-01
   6.959238E-01   9.852042E+02   2.483546E+03   6.408868E-01
   6.991382E-01   9.799164E+02   2.480930E+03   6.406951E-01
   7.023674E-01   9.753483E+02   2.476993E+03   6.406849E-01
   7.056116E-01   9.710664E+02   2.472576E+03   6.407460E-01
   7.088707E-01   9.668208E+02   2.468172E+03   6.408105E-01
   7.121449E-01   9.625831E+02   2.463805E+03   6.408735E-01
   7.154342E-01   9.583758E+02   2.459471E+03   6.409306E-01
   7.187387E-01   9.542198E+02   2.455164E+03   6.409775E-01
   7.220585E-01   9.508026E+02   2.449928E+03   6.411259E-01
   7.253936E-01   9.478692E+02   2.444154E+03   6.413381E-01
   7.287441E-01   9.450104E+02   2.438414E+03   6.415545E-01
   7.321101E-01   9.421809E+02   2.432704E+03   6.417682E-01
   7.354916E-01   9.393480E+02   2.427058E+03   6.419568E-01
   7.388887E-01   9.365200E+02   2.421488E+03   6.421182E-01
   7.423016E-01   9.344832E+02   2.414668E+03   6.424320E-01
   7.457302E-01   9.328356E+02   2.407251E+03   6.428146E-01
   7.491746E-01   9.312213E+02   2.399812E+03   6.431933E-01
   7.526350E-01   9.305672E+02   2.391564E+03   6.436138E-01
   7.561113E-01   9.302153E+02   2.383070E+03   6.440413E-01
   7.596037E-01   9.298439E+02   2.374566E+03   6.444576E-01
   7.631122E-01   9.294134E+02   2.365664E+03   6.449231E-01
   7.666369E-01   9.289101E+02   2.356623E+03   6.453830E-01
   7.701779E-01   9.284362E+02   2.347364E+03   6.458509E-01
   7.737353E-01   9.301306E+02   2.335538E+03   6.465517E-01
   7.773091E-01   9.317201E+02   2.323649E+03   6.472691E-01
   7.808994E-01   9.337881E+02   2.310973E+03   6.480858E-01
   7.845062E-01   9.374597E+02   2.296107E+03   6.491400E-01
   7.881298E-01   9.410302E+02   2.281247E+03   6.501891E-01
   7.917700E-01   9.450779E+02   2.266766E+03   6.511223E-01
   7.954271E-01   9.496986E+02   2.252674E+03   6.519472E-01
   7.991011E-01   9.543591E+02   2.238612E+03   6.527925E-01
   8.027921E-01   9.538005E+02   2.229532E+03   6.532745E-01
   8.065001E-01   9.516015E+02   2.222074E+03   6.536527E-01
   8.102252E-01   9.497537E+02   2.214270E+03   6.540896E-01
   8.139675E-01   9.521977E+02   2.200974E+03   6.551510E-01
   8.177271E-01   9.547004E+02   2.187752E+03   6.562097E-01
   8.215041E-01   9.576482E+02   2.174314E+03   6.572702E-01
   8.252985E-01   9.612377E+02   2.160490E+03   6.583357E-01
   8.291105E-01   9.648367E+02   2.146710E+03   6.593897E-01
   8.329400E-01   9.691685E+02   2.132482E+03   6.604515E-01
   8.367873E-01   9.737288E+02   2.118164E+03   6.615132E-01
   8.406523E-01   9.782702E+02   2.103874E+03   6.625823E-01
   8.445352E-01   9.826628E+02   2.089466E+03   6.637037E-01
   8.484360E-01   9.870770E+02   2.075132E+03   6.648192E-01
   8.523548E-01   9.914200E+02   2.061399E+03   6.658250E-01
   8.562917E-01   9.957103E+02   2.048086E+03   6.667493E-01
   8.602468E-01   9.999885E+02   2.034841E+03   6.676609E-01
   8.642202E-01   1.004110E+03   2.021746E+03   6.685585E-01
   8.682119E-01   1.008216E+03   2.008655E+03   6.694512E-01
   8.722221E-01   1.012187E+03   1.995188E+03   6.704244E-01
   8.762508E-01   1.016012E+03   1.981429E+03   6.714549E-01
   8.802981E-01   1.019883E+03   1.967578E+03   6.724768E-01
   8.843641E-01   1.025290E+03   1.952443E+03   6.735604E-01
   8.884488E-01   1.030631E+03   1.937334E+03   6.746329E-01
   8.925525E-01   1.035755E+03   1.922139E+03   6.757427E-01
   8.966751E-01   1.040752E+03   1.906920E+03   6.768805E-01
   9.008167E-01   1.045882E+03   1.891778E+03   6.780052E-01
   9.049775E-01   1.051581E+03   1.876785E+03   6.790571E-01
   9.091574E-01   1.057291E+03   1.861864E+03   6.801075E-01
   9.133567E-01   1.062789E+03   1.847209E+03   6.811384E-01
   9.175754E-01   1.068244E+03   1.832690E+03   6.821589E-01
   9.218136E-01   1.073266E+03   1.818673E+03   6.831454E-01
   9.260713E-01   1.077703E+03   1.805287E+03   6.840906E-01
   9.303487E-01   1.082145E+03   1.791981E+03   6.850361E-01
   9.346459E-01   1.086442E+03   1.778862E+03   6.859769E-01
   9.389629E-01   1.090749E+03   1.765815E+03   6.869156E-01
   9.432999E-01   1.096650E+03   1.750678E+03   6.880971E-01
   9.476568E-01   1.103045E+03   1.734980E+03   6.893382E-01
   9.520339E-01   1.108979E+03   1.720399E+03   6.904113E-01
   9.564313E-01   1.114387E+03   1.707065E+03   6.912976E-01
   9.608489E-01   1.119882E+03   1.693652E+03   6.921901E-01
   9.652870E-01   1.125749E+03   1.679621E+03   6.931634E-01
   9.697455E-01   1.131612E+03   1.665699E+03   6.941162E-01
   9.742246E-01   1.137870E+03   1.651494E+03   6.950777E-01
   9.787245E-01   1.144140E+03   1.637385E+03   6.960143E-01
   9.832451E-01   1.150698E+03   1.623726E+03   6.968222E-01
   9.877866E-01   1.157359E+03   1.610314E+03   6.975628E-01
   9.923490E-01   1.163527E+03   1.597634E+03   6.982106E-01
   9.969326E-01   1.169229E+03   1.585638E+03   6.987736E-01
   1.001537E+00   1.175032E+03   1.573493E+03   6.993509E-01
   1.006163E+00   1.181056E+03   1.560954E+03   6.999764E-01
   1.010811E+00   1.186927E+03   1.548787E+03   7.005437E-01
   1.015479E+00   1.192117E+03   1.537957E+03   7.009253E-01
   1.020170E+00   1.197288E+03   1.527224E+03   7.012868E-01
   1.024882E+00   1.202253E+03   1.516728E+03   7.016250E-01
   1.029616E+00   1.207209E+03   1.506327E+03   7.019448E-01
   1.034371E+00   1.211985E+03   1.496145E+03   7.022444E-01
   1.039149E+00   1.216743E+03   1.486070E+03   7.025275E-01
   1.043949E+00   1.221377E+03   1.476526E+03   7.027243E-01
   1.048770E+00   1.225984E+03   1.467169E+03   7.028910E-01
   1.053615E+00   1.230469E+03   1.457988E+03   7.030413E-01
   1.058481E+00   1.234911E+03   1.448930E+03   7.031750E-01
   1.063370E+00   1.239246E+03   1.440037E+03   7.032917E-01
   1.068282E+00   1.243534E+03   1.431269E+03   7.033922E-01
   1.073216E+00   1.247730E+03   1.422653E+03   7.034777E-01
   1.078173E+00   1.251880E+03   1.414160E+03   7.035493E-01
   1.083153E+00   1.255962E+03   1.406065E+03   7.035536E-01
   1.088156E+00   1.260005E+03   1.398234E+03   7.035133E-01
   1.093182E+00   1.263970E+03   1.390539E+03   7.034587E-01
   1.098231E+00   1.267889E+03   1.382959E+03   7.033884E-01
   1.103304E+00   1.271404E+03   1.375445E+03   7.033605E-01
   1.108400E+00   1.274704E+03   1.368000E+03   7.033484E-01
   1.113519E+00   1.278605E+03   1.360554E+03   7.032535E-01
   1.118663E+00   1.282779E+03   1.353163E+03   7.031081E-01
   1.123830E+00   1.286859E+03   1.345919E+03   7.029441E-01
   1.129020E+00   1.290906E+03   1.338788E+03   7.027597E-01
   1.134235E+00   1.294502E+03   1.332324E+03   7.024987E-01
   1.139474E+00   1.297993E+03   1.326073E+03   7.022065E-01
   1.144737E+00   1.301798E+03   1.319734E+03   7.018849E-01
   1.150025E+00   1.305635E+03   1.313464E+03   7.015419E-01
   1.155336E+00   1.308930E+03   1.307552E+03   7.012010E-01
   1.160673E+00   1.312270E+03   1.301742E+03   7.008306E-01
   1.166034E+00   1.315924E+03   1.296205E+03   7.003562E-01
   1.171420E+00   1.319441E+03   1.290810E+03   6.998702E-01
   1.176830E+00   1.322575E+03   1.285665E+03   6.993867E-01
   1.182266E+00   1.325839E+03   1.280203E+03   6.989489E-01
   1.187727E+00   1.329289E+03   1.274286E+03   6.985785E-01
   1.193213E+00   1.333669E+03   1.268983E+03   6.979381E-01
   1.198724E+00   1.338702E+03   1.264159E+03   6.970949E-01
   1.204261E+00   1.342111E+03   1.261536E+03   6.960257E-01
   1.209823E+00   1.345023E+03   1.259577E+03   6.948862E-01
   1.215411E+00   1.347064E+03   1.256141E+03   6.941943E-01
   1.221025E+00   1.349069E+03   1.252696E+03   6.935103E-01
   1.226665E+00   1.351040E+03   1.249303E+03   6.928201E-01
   1.232330E+00   1.352995E+03   1.245955E+03   6.921235E-01
   1.238022E+00   1.354926E+03   1.242654E+03   6.914207E-01
   1.243741E+00   1.357085E+03   1.239321E+03   6.906899E-01
   1.249485E+00   1.359363E+03   1.235994E+03   6.899397E-01
   1.255257E+00   1.361252E+03   1.232831E+03   6.892154E-01
   1.261054E+00   1.363166E+03   1.229698E+03   6.884821E-01
   1.266879E+00   1.365361E+03   1.226527E+03   6.877136E-01
   1.272731E+00   1.367362E+03   1.223452E+03   6.869556E-01
   1.278609E+00   1.369140E+03   1.220475E+03   6.862118E-01
   1.284515E+00   1.371174E+03   1.217751E+03   6.853705E-01
   1.290448E+00   1.373253E+03   1.215138E+03   6.844961E-01
   1.296408E+00   1.374953E+03   1.212654E+03   6.836527E-01
   1.302396E+00   1.376640E+03   1.210059E+03   6.828353E-01
   1.308412E+00   1.378312E+03   1.207288E+03   6.820597E-01
   1.314455E+00   1.379961E+03   1.204558E+03   6.812773E-01
   1.320527E+00   1.381628E+03   1.201888E+03   6.804763E-01
   1.326626E+00   1.383588E+03   1.199527E+03   6.795542E-01
   1.332754E+00   1.385362E+03   1.197392E+03   6.786069E-01
   1.338909E+00   1.386907E+03   1.195519E+03   6.776329E-01
   1.345094E+00   1.388437E+03   1.193391E+03   6.767187E-01
   1.351306E+00   1.389954E+03   1.191231E+03   6.758115E-01
   1.357548E+00   1.391447E+03   1.189107E+03   6.748979E-01
   1.363818E+00   1.392911E+03   1.187228E+03   6.739289E-01
   1.370118E+00   1.394352E+03   1.185512E+03   6.729223E-01
   1.376446E+00   1.395763E+03   1.183829E+03   6.719104E-01
   1.382804E+00   1.397006E+03   1.182186E+03   6.709145E-01
   1.389191E+00   1.398036E+03   1.180585E+03   6.699418E-01
   1.395607E+00   1.399345E+03   1.178982E+03   6.689210E-01
   1.402053E+00   1.400675E+03   1.177507E+03   6.678632E-01
   1.408529E+00   1.401965E+03   1.176290E+03   6.667466E-01
   1.415035E+00   1.402705E+03   1.175129E+03   6.657063E-01
   1.421571E+00   1.403363E+03   1.173904E+03   6.646937E-01
   1.428137E+00   1.404283E+03   1.172425E+03   6.636982E-01
   1.434733E+00   1.405164E+03   1.171207E+03   6.626424E-01
   1.441360E+00   1.405952E+03   1.170102E+03   6.615722E-01
   1.448018E+00   1.406455E+03   1.169020E+03   6.605426E-01
   1.454706E+00   1.407175E+03   1.167945E+03   6.594724E-01
   1.461425E+00   1.407909E+03   1.166883E+03   6.583949E-01
   1.468175E+00   1.408362E+03   1.165839E+03   6.573587E-01
   1.474956E+00   1.408799E+03   1.164805E+03   6.563207E-01
   1.481769E+00   1.409213E+03   1.163866E+03   6.552603E-01
   1.488613E+00   1.409582E+03   1.163180E+03   6.541394E-01
   1.495489E+00   1.409703E+03   1.162237E+03   6.531255E-01
   1.502396E+00   1.409866E+03   1.161236E+03   6.521180E-01
   1.509336E+00   1.410229E+03   1.160247E+03   6.510707E-01
   1.516307E+00   1.410242E+03   1.159555E+03   6.500013E-01
   1.523311E+00   1.410072E+03   1.158738E+03   6.489932E-01
   1.530347E+00   1.409776E+03   1.157733E+03   6.480544E-01
   1.537415E+00   1.410128E+03   1.156452E+03   6.470768E-01
   1.544516E+00   1.410171E+03   1.155785E+03   6.459812E-01
   1.551650E+00   1.409900E+03   1.155311E+03   6.448818E-01
   1.558817E+00   1.409194E+03   1.154322E+03   6.439939E-01
   1.566017E+00   1.409015E+03   1.153364E+03   6.430029E-01
   1.573250E+00   1.408809E+03   1.152267E+03   6.420518E-01
   1.580517E+00   1.408462E+03   1.151014E+03   6.411654E-01
   1.587817E+00   1.408352E+03   1.150084E+03   6.401447E-01
   1.595151E+00   1.407964E+03   1.149366E+03   6.391078E-01
   1.602519E+00   1.407470E+03   1.148630E+03   6.380905E-01
   1.609921E+00   1.407002E+03   1.147687E+03   6.371240E-01
   1.617357E+00   1.406580E+03   1.146440E+03   6.362346E-01
   1.624827E+00   1.406315E+03   1.145415E+03   6.352517E-01
   1.632332E+00   1.406030E+03   1.144508E+03   6.342354E-01
   1.639872E+00   1.405514E+03   1.143585E+03   6.332608E-01
   1.647446E+00   1.404985E+03   1.142667E+03   6.322842E-01
   1.655055E+00   1.404444E+03   1.141753E+03   6.313060E-01
   1.662700E+00   1.403979E+03   1.140964E+03   6.302754E-01
   1.670380E+00   1.403630E+03   1.140396E+03   6.291560E-01
   1.678095E+00   1.402667E+03   1.139764E+03   6.281568E-01
   1.685846E+00   1.401928E+03   1.139159E+03   6.271082E-01
   1.693633E+00   1.401253E+03   1.138563E+03   6.260427E-01
   1.701455E+00   1.400505E+03   1.137960E+03   6.249879E-01
   1.709314E+00   1.399489E+03   1.137327E+03   6.239846E-01
   1.717209E+00   1.398461E+03   1.136693E+03   6.229797E-01
   1.725141E+00   1.397469E+03   1.135861E+03   6.220268E-01
   1.733109E+00   1.396464E+03   1.135041E+03   6.210696E-01
   1.741114E+00   1.395357E+03   1.134400E+03   6.200704E-01
   1.749156E+00   1.393971E+03   1.133723E+03   6.191264E-01
   1.757235E+00   1.392575E+03   1.133045E+03   6.181809E-01
   1.765352E+00   1.391168E+03   1.132365E+03   6.172342E-01
   1.773506E+00   1.389919E+03   1.131571E+03   6.162935E-01
   1.781697E+00   1.388802E+03   1.130682E+03   6.153573E-01
   1.789927E+00   1.387362E+03   1.129998E+03   6.144060E-01
   1.798194E+00   1.385437E+03   1.129866E+03   6.133522E-01
   1.806500E+00   1.383279E+03   1.128726E+03   6.126611E-01
   1.814844E+00   1.381595E+03   1.127380E+03   6.119541E-01
   1.823226E+00   1.380261E+03   1.126204E+03   6.111284E-01
   1.831647E+00   1.378787E+03   1.125265E+03   6.102444E-01
   1.840108E+00   1.376977E+03   1.124532E+03   6.093442E-01
   1.848607E+00   1.374851E+03   1.123757E+03   6.085068E-01
   1.857145E+00   1.372500E+03   1.121906E+03   6.080652E-01
   1.865723E+00   1.371059E+03   1.119562E+03   6.076356E-01
   1.874341E+00   1.370379E+03   1.117753E+03   6.068962E-01
   1.882998E+00   1.369691E+03   1.116791E+03   6.058696E-01
   1.891696E+00   1.368433E+03   1.116038E+03   6.048642E-01
   1.900433E+00   1.367063E+03   1.114782E+03   6.040472E-01
   1.909211E+00   1.365593E+03   1.113811E+03   6.031464E-01
   1.918029E+00   1.363831E+03   1.112798E+03   6.023067E-01
   1.926888E+00   1.362276E+03   1.111818E+03   6.014187E-01
   1.935788E+00   1.360845E+03   1.110657E+03   6.005711E-01
   1.944730E+00   1.359388E+03   1.109550E+03   5.997066E-01
   1.953712E+00   1.357618E+03   1.108544E+03   5.988569E-01
   1.962736E+00   1.355601E+03   1.107406E+03   5.980928E-01
   1.971802E+00   1.353949E+03   1.106048E+03   5.973444E-01
   1.980909E+00   1.352635E+03   1.104466E+03   5.966185E-01
   1.990059E+00   1.351422E+03   1.102631E+03   5.959658E-01
   1.999251E+00   1.352031E+03   1.102044E+03   5.945583E-01
   2.008485E+00   1.349925E+03   1.103001E+03   5.930335E-01
   2.017762E+00   1.347254E+03   1.102728E+03   5.920435E-01
   2.027082E+00   1.344600E+03   1.101967E+03   5.912256E-01
   2.036445E+00   1.342178E+03   1.101170E+03   5.903785E-01
   2.045851E+00   1.339723E+03   1.100176E+03   5.896069E-01
   2.055300E+00   1.337188E+03   1.099053E+03   5.888936E-01
   2.064793E+00   1.334861E+03   1.097809E+03   5.881885E-01
   2.074330E+00   1.332685E+03   1.096578E+03   5.874506E-01
   2.083911E+00   1.330362E+03   1.095368E+03   5.867266E-01
   2.093537E+00   1.328033E+03   1.093976E+03   5.860702E-01
   2.103207E+00   1.325856E+03   1.092712E+03   5.853367E-01
   2.112921E+00   1.323537E+03   1.091541E+03   5.845877E-01
   2.122680E+00   1.321164E+03   1.090147E+03   5.839305E-01
   2.132485E+00   1.319041E+03   1.088714E+03   5.832431E-01
   2.142334E+00   1.316974E+03   1.087136E+03   5.826006E-01
   2.152230E+00   1.314880E+03   1.085792E+03   5.818680E-01
   2.162170E+00   1.312886E+03   1.084466E+03   5.811091E-01
   2.172157E+00   1.310466E+03   1.083078E+03   5.804430E-01
   2.182190E+00   1.308314E+03   1.081665E+03   5.797398E-01
   2.192269E+00   1.306227E+03   1.080093E+03   5.790875E-01
   2.202395E+00   1.304068E+03   1.078679E+03   5.783820E-01
   2.212568E+00   1.302048E+03   1.077130E+03   5.777060E-01
   2.222787E+00   1.300197E+03   1.075757E+03   5.769300E-01
   2.233054E+00   1.298396E+03   1.074261E+03   5.761943E-01
   2.243368E+00   1.296602E+03   1.072987E+03   5.753665E-01
   2.253730E+00   1.294757E+03   1.072042E+03   5.744108E-01
   2.264140E+00   1.292434E+03   1.071371E+03   5.734196E-01
   2.274598E+00   1.289878E+03   1.070427E+03   5.725765E-01
   2.285104E+00   1.286917E+03   1.069596E+03   5.717517E-01
   2.295658E+00   1.283934E+03   1.068434E+03   5.710666E-01
   2.306262E+00   1.281149E+03   1.066836E+03   5.705293E-01
   2.316914E+00   1.278619E+03   1.065153E+03   5.699845E-01
   2.327616E+00   1.276419E+03   1.063520E+03   5.693619E-01
   2.338367E+00   1.274202E+03   1.062127E+03   5.686389E-01
   2.349167E+00   1.271833E+03   1.061044E+03   5.678065E-01
   2.360018E+00   1.268858E+03   1.059926E+03   5.670892E-01
   2.370918E+00   1.266143E+03   1.058208E+03   5.665845E-01
   2.381869E+00   1.263818E+03   1.056316E+03   5.660881E-01
   2.392871E+00   1.261339E+03   1.054743E+03   5.654786E-01
   2.403923E+00   1.258917E+03   1.053299E+03   5.648021E-01
   2.415027E+00   1.256786E+03   1.051697E+03   5.641433E-01
   2.426181E+00   1.254397E+03   1.050235E+03   5.634651E-01
   2.437388E+00   1.252103E+03   1.048721E+03   5.627913E-01
   2.448646E+00   1.249853E+03   1.047346E+03   5.620460E-01
   2.459956E+00   1.247160E+03   1.046258E+03   5.612455E-01
   2.471318E+00   1.244123E+03   1.045094E+03   5.605333E-01
   2.482733E+00   1.241414E+03   1.043431E+03   5.599867E-01
   2.494200E+00   1.238722E+03   1.041997E+03   5.593309E-01
   2.505720E+00   1.235337E+03   1.040447E+03   5.588447E-01
   2.517294E+00   1.233774E+03   1.038273E+03   5.583281E-01
   2.528921E+00   1.231030E+03   1.036647E+03   5.577637E-01
   2.540602E+00   1.228431E+03   1.035332E+03   5.570290E-01
   2.552337E+00   1.225433E+03   1.033948E+03   5.563928E-01
   2.564126E+00   1.222954E+03   1.031786E+03   5.560268E-01
   2.575969E+00   1.220204E+03   1.029699E+03   5.556743E-01
   2.587867E+00   1.218439E+03   1.028202E+03   5.548756E-01
   2.599820E+00   1.216398E+03   1.026437E+03   5.542505E-01
   2.611828E+00   1.213084E+03   1.025097E+03   5.536468E-01
   2.623892E+00   1.210796E+03   1.023417E+03   5.530257E-01
   2.636011E+00   1.208242E+03   1.021711E+03   5.524645E-01
   2.648187E+00   1.205971E+03   1.020004E+03   5.518548E-01
   2.660419E+00   1.203424E+03   1.018182E+03   5.513501E-01
   2.672707E+00   1.201619E+03   1.016507E+03   5.506450E-01
   2.685052E+00   1.198700E+03   1.015609E+03   5.497580E-01
   2.697454E+00   1.196029E+03   1.013923E+03   5.492089E-01
   2.709913E+00   1.193002E+03   1.013054E+03   5.483218E-01
   2.722429E+00   1.190453E+03   1.010442E+03   5.482051E-01
   2.735004E+00   1.187831E+03   1.008632E+03   5.477082E-01
   2.747637E+00   1.184881E+03   1.007549E+03   5.469090E-01
   2.760328E+00   1.183136E+03   1.005305E+03   5.464707E-01
   2.773077E+00   1.179613E+03   1.003662E+03   5.460497E-01
   2.785886E+00   1.177670E+03   1.001936E+03   5.453878E-01
   2.798753E+00   1.174460E+03   1.000345E+03   5.448841E-01
   2.811681E+00   1.172767E+03   9.977158E+02   5.446322E-01
   2.824667E+00   1.171029E+03   9.966964E+02   5.435741E-01
   2.837714E+00   1.169137E+03   9.951542E+02   5.428060E-01
   2.850821E+00   1.164888E+03   9.938047E+02   5.423587E-01
   2.863989E+00   1.162520E+03   9.918139E+02   5.419018E-01
   2.877217E+00   1.160012E+03   9.900044E+02   5.413761E-01
   2.890507E+00   1.157509E+03   9.885620E+02   5.406577E-01
   2.903858E+00   1.153692E+03   9.870871E+02   5.401911E-01
   2.917270E+00   1.151849E+03   9.845518E+02   5.399193E-01
   2.930745E+00   1.149174E+03   9.830581E+02   5.392530E-01
   2.944281E+00   1.146510E+03   9.813173E+02   5.387129E-01
   2.957881E+00   1.142614E+03   9.789283E+02   5.387403E-01
   2.971543E+00   1.141767E+03   9.779902E+02   5.374404E-01
   2.985268E+00   1.138777E+03   9.764883E+02   5.368294E-01
   2.999057E+00   1.135970E+03   9.748088E+02   5.362792E-01
   3.012909E+00   1.133237E+03   9.723751E+02   5.361226E-01
   3.026825E+00   1.131694E+03   9.706012E+02   5.353939E-01
   3.040806E+00   1.128408E+03   9.693820E+02   5.346862E-01
   3.054851E+00   1.125676E+03   9.672838E+02   5.343559E-01
   3.068961E+00   1.123657E+03   9.650458E+02   5.339737E-01
   3.083136E+00   1.120972E+03   9.638533E+02   5.331438E-01
   3.097376E+00   1.118373E+03   9.619032E+02   5.327161E-01
   3.111683E+00   1.115360E+03   9.601447E+02   5.322624E-01
   3.126055E+00   1.113214E+03   9.580260E+02   5.318486E-01
   3.140494E+00   1.110694E+03   9.565859E+02   5.311282E-01
   3.155000E+00   1.107665E+03   9.551023E+02   5.305273E-01
   3.169572E+00   1.104817E+03   9.526244E+02   5.304535E-01
   3.184212E+00   1.103467E+03   9.503984E+02   5.299566E-01
   3.198920E+00   1.100998E+03   9.487649E+02   5.293371E-01
   3.213695E+00   1.098688E+03   9.470581E+02   5.287285E-01
   3.228539E+00   1.095534E+03   9.458114E+02   5.280165E-01
   3.243451E+00   1.092124E+03   9.441670E+02   5.275806E-01
   3.258432E+00   1.089711E+03   9.419112E+02   5.273069E-01
   3.273482E+00   1.087372E+03   9.397529E+02   5.269641E-01
   3.288602E+00   1.085801E+03   9.374414E+02   5.265639E-01
   3.303792E+00   1.082878E+03   9.363540E+02   5.257103E-01
   3.319052E+00   1.080959E+03   9.344587E+02   5.251335E-01
   3.334382E+00   1.077270E+03   9.331299E+02   5.245640E-01
   3.349783E+00   1.075122E+03   9.309120E+02   5.242198E-01
   3.365255E+00   1.072008E+03   9.294090E+02   5.236396E-01
   3.380799E+00   1.070168E+03   9.272327E+02   5.232104E-01
   3.396414E+00   1.067478E+03   9.255335E+02   5.226618E-01
   3.412102E+00   1.065134E+03   9.232804E+02   5.223768E-01
   3.427862E+00   1.062646E+03   9.221503E+02   5.214436E-01
   3.443695E+00   1.058784E+03   9.202693E+02   5.212318E-01
   3.459601E+00   1.056947E+03   9.179893E+02   5.208639E-01
   3.475580E+00   1.054518E+03   9.160572E+02   5.204025E-01
   3.491634E+00   1.052255E+03   9.141926E+02   5.198680E-01
   3.507761E+00   1.049773E+03   9.123450E+02   5.193675E-01
   3.523963E+00   1.047115E+03   9.102765E+02   5.190404E-01
   3.540240E+00   1.044750E+03   9.083060E+02   5.185978E-01
   3.556592E+00   1.042098E+03   9.064771E+02   5.181281E-01
   3.573019E+00   1.039487E+03   9.043942E+02   5.178123E-01
   3.589523E+00   1.038042E+03   9.020114E+02   5.174550E-01
   3.606102E+00   1.035915E+03   9.008221E+02   5.164886E-01
   3.622758E+00   1.032107E+03   8.994862E+02   5.159535E-01
   3.639491E+00   1.030061E+03   8.968918E+02   5.158636E-01
   3.656302E+00   1.028065E+03   8.946466E+02   5.155467E-01
   3.673190E+00   1.026227E+03   8.929373E+02   5.148586E-01
   3.690156E+00   1.023294E+03   8.910471E+02   5.145106E-01
   3.707200E+00   1.021699E+03   8.891113E+02   5.139213E-01
   3.724323E+00   1.019011E+03   8.875248E+02   5.133304E-01
   3.741525E+00   1.016099E+03   8.855507E+02   5.130377E-01
   3.758807E+00   1.014599E+03   8.834807E+02   5.125194E-01
   3.776169E+00   1.012156E+03   8.819344E+02   5.118536E-01
   3.793610E+00   1.009784E+03   8.801422E+02   5.113338E-01
   3.811132E+00   1.006682E+03   8.788080E+02   5.106631E-01
   3.828736E+00   1.003688E+03   8.766737E+02   5.104990E-01
   3.846420E+00   1.001848E+03   8.743729E+02   5.102069E-01
   3.864186E+00   1.000147E+03   8.723775E+02   5.096841E-01
   3.882034E+00   9.980683E+02   8.709133E+02   5.088845E-01
   3.899965E+00   9.945726E+02   8.692712E+02   5.084985E-01
   3.917978E+00   9.919299E+02   8.672752E+02   5.081724E-01
   3.936075E+00   9.895688E+02   8.652574E+02   5.078019E-01
   3.954255E+00   9.879414E+02   8.633673E+02   5.071898E-01
   3.972520E+00   9.852991E+02   8.614183E+02   5.068314E-01
   3.990868E+00   9.830376E+02   8.591728E+02   5.065958E-01
   4.009301E+00   9.811962E+02   8.572973E+02   5.060181E-01
   4.027820E+00   9.787754E+02   8.559168E+02   5.052215E-01
   4.046424E+00   9.764360E+02   8.539012E+02   5.048456E-01
   4.065114E+00   9.740201E+02   8.523080E+02   5.041934E-01
   4.083890E+00   9.716163E+02   8.501850E+02   5.039092E-01
   4.102753E+00   9.691378E+02   8.486832E+02   5.032085E-01
   4.121703E+00   9.666226E+02   8.466378E+02   5.028999E-01
   4.140741E+00   9.645059E+02   8.447380E+02   5.024072E-01
   4.159866E+00   9.618871E+02   8.428544E+02   5.020157E-01
   4.179080E+00   9.596058E+02   8.406960E+02   5.017520E-01
   4.198383E+00   9.580187E+02   8.388358E+02   5.011298E-01
   4.217775E+00   9.554978E+02   8.376941E+02   5.001980E-01
   4.237256E+00   9.528984E+02   8.355883E+02   4.999805E-01
   4.256828E+00   9.509268E+02   8.338898E+02   4.993355E-01
   4.276489E+00   9.475956E+02   8.324113E+02   4.988321E-01
   4.296242E+00   9.454802E+02   8.303447E+02   4.984926E-01
   4.316086E+00   9.428465E+02   8.285653E+02   4.980612E-01
   4.336021E+00   9.408406E+02   8.263080E+02   4.978447E-01
   4.356049E+00   9.387555E+02   8.244571E+02   4.973491E-01
   4.376169E+00   9.359912E+02   8.226200E+02   4.969975E-01
   4.396382E+00   9.339404E+02   8.205013E+02   4.966973E-01
   4.416688E+00   9.318435E+02   8.186343E+02   4.962218E-01
   4.437088E+00   9.297662E+02   8.166267E+02   4.958485E-01
   4.457583E+00   9.277175E+02   8.149209E+02   4.952431E-01
   4.478172E+00   9.250843E+02   8.131058E+02   4.948526E-01
   4.498856E+00   9.229845E+02   8.108660E+02   4.946634E-01
   4.519635E+00   9.210155E+02   8.091776E+02   4.940273E-01
   4.540511E+00   9.186271E+02   8.074187E+02   4.935399E-01
   4.561483E+00   9.167333E+02   8.053082E+02   4.932086E-01
   4.582552E+00   9.146251E+02   8.036936E+02   4.925459E-01
   4.603718E+00   9.117972E+02   8.022707E+02   4.918985E-01
   4.624982E+00   9.094433E+02   8.001629E+02   4.916710E-01
   4.646345E+00   9.074780E+02   7.981831E+02   4.912552E-01
   4.667805E+00   9.050529E+02   7.964257E+02   4.907727E-01
   4.689365E+00   9.031447E+02   7.943605E+02   4.904112E-01
   4.711025E+00   9.009289E+02   7.927203E+02   4.897882E-01
   4.732785E+00   8.985006E+02   7.907751E+02   4.894553E-01
   4.754645E+00   8.967084E+02   7.886148E+02   4.891466E-01
   4.776606E+00   8.949286E+02   7.868093E+02   4.885565E-01
   4.798668E+00   8.926141E+02   7.852868E+02   4.878678E-01
   4.820833E+00   8.902433E+02   7.835832E+02   4.873396E-01
   4.843100E+00   8.877440E+02   7.819371E+02   4.867994E-01
   4.865469E+00   8.852711E+02   7.802742E+02   4.862709E-01
   4.887942E+00   8.829210E+02   7.784677E+02   4.858347E-01
   4.910519E+00   8.803672E+02   7.766501E+02   4.854622E-01
   4.933200E+00   8.779365E+02   7.746745E+02   4.851959E-01
   4.955986E+00   8.759646E+02   7.727593E+02   4.847757E-01
   4.978877E+00   8.737604E+02   7.711560E+02   4.841591E-01
   5.001874E+00   8.708068E+02   7.696226E+02   4.836700E-01
   5.024977E+00   8.682146E+02   7.671953E+02   4.838419E-01
   5.048187E+00   8.664590E+02   7.649488E+02   4.836638E-01
   5.071504E+00   8.646287E+02   7.628194E+02   4.834109E-01
   5.094928E+00   8.631918E+02   7.606778E+02   4.830753E-01
   5.118461E+00   8.613724E+02   7.588879E+02   4.825416E-01
   5.142103E+00   8.593103E+02   7.570531E+02   4.821077E-01
   5.165854E+00   8.572251E+02   7.550811E+02   4.817977E-01
   5.189714E+00   8.551957E+02   7.531862E+02   4.814105E-01
   5.213685E+00   8.532486E+02   7.514065E+02   4.809059E-01
   5.237766E+00   8.512308E+02   7.495664E+02   4.804712E-01
   5.261959E+00   8.490605E+02   7.479363E+02   4.798949E-01
   5.286263E+00   8.467683E+02   7.459060E+02   4.796944E-01
   5.310680E+00   8.451014E+02   7.438127E+02   4.793933E-01
   5.335209E+00   8.432187E+02   7.419468E+02   4.789503E-01
   5.359852E+00   8.410280E+02   7.402660E+02   4.784237E-01
   5.384608E+00   8.388373E+02   7.384294E+02   4.780325E-01
   5.409479E+00   8.369477E+02   7.362261E+02   4.778871E-01
   5.434465E+00   8.354159E+02   7.343458E+02   4.773689E-01
   5.459566E+00   8.333615E+02   7.326049E+02   4.768601E-01
   5.484783E+00   8.311850E+02   7.308749E+02   4.763727E-01
   5.510116E+00   8.291729E+02   7.290105E+02   4.759635E-01
   5.535567E+00   8.272488E+02   7.271066E+02   4.755690E-01
   5.561135E+00   8.252478E+02   7.253104E+02   4.751001E-01
   5.586821E+00   8.231287E+02   7.236743E+02   4.745203E-01
   5.612626E+00   8.211836E+02   7.216418E+02   4.742569E-01
   5.638550E+00   8.195169E+02   7.196687E+02   4.738745E-01
   5.664594E+00   8.176762E+02   7.178394E+02   4.734125E-01
   5.690758E+00   8.156743E+02   7.161361E+02   4.728829E-01
   5.717043E+00   8.137115E+02   7.144818E+02   4.723040E-01
   5.743449E+00   8.116981E+02   7.127486E+02   4.718162E-01
   5.769977E+00   8.094043E+02   7.109581E+02   4.714602E-01
   5.796628E+00   8.074552E+02   7.089651E+02   4.712086E-01
   5.823402E+00   8.056966E+02   7.069818E+02   4.709049E-01
   5.850300E+00   8.038638E+02   7.052322E+02   4.704083E-01
   5.877322E+00   8.023407E+02   7.033792E+02   4.699313E-01
   5.904468E+00   7.999576E+02   7.017341E+02   4.694893E-01
   5.931740E+00   7.979196E+02   6.998662E+02   4.691700E-01
   5.959138E+00   7.962683E+02   6.978749E+02   4.688689E-01
   5.986663E+00   7.943475E+02   6.962313E+02   4.683130E-01
   6.014314E+00   7.919620E+02   6.944611E+02   4.680035E-01
   6.042094E+00   7.902649E+02   6.924694E+02   4.677245E-01
   6.070001E+00   7.886923E+02   6.904952E+02   4.673981E-01
   6.098038E+00   7.866073E+02   6.887837E+02   4.669585E-01
   6.126204E+00   7.847690E+02   6.870546E+02   4.664707E-01
   6.154500E+00   7.829054E+02   6.851619E+02   4.661490E-01
   6.182927E+00   7.811555E+02   6.832452E+02   4.658215E-01
   6.211485E+00   7.796279E+02   6.814199E+02   4.653463E-01
   6.240175E+00   7.778468E+02   6.797726E+02   4.647660E-01
   6.268998E+00   7.758001E+02   6.780936E+02   4.642876E-01
   6.297954E+00   7.737085E+02   6.763696E+02   4.638655E-01
   6.327043E+00   7.718318E+02   6.745767E+02   4.634529E-01
   6.356267E+00   7.696352E+02   6.728106E+02   4.631014E-01
   6.385626E+00   7.678158E+02   6.708512E+02   4.628400E-01
   6.415120E+00   7.663085E+02   6.687733E+02   4.626134E-01
   6.444751E+00   7.647351E+02   6.668935E+02   4.622097E-01
   6.474518E+00   7.631862E+02   6.651855E+02   4.616294E-01
   6.504423E+00   7.612915E+02   6.636357E+02   4.609864E-01
   6.534467E+00   7.587865E+02   6.622707E+02   4.603260E-01
   6.564648E+00   7.572037E+02   6.601487E+02   4.601841E-01
   6.594970E+00   7.554631E+02   6.583113E+02   4.598033E-01
   6.625431E+00   7.535575E+02   6.567167E+02   4.592267E-01
   6.656033E+00   7.517973E+02   6.547304E+02   4.590178E-01
   6.686777E+00   7.500897E+02   6.529261E+02   4.586154E-01
   6.717662E+00   7.483292E+02   6.511974E+02   4.581567E-01
   6.748690E+00   7.462498E+02   6.493850E+02   4.578809E-01
   6.779861E+00   7.444846E+02   6.475519E+02   4.575459E-01
   6.811177E+00   7.428635E+02   6.456746E+02   4.572232E-01
   6.842637E+00   7.413311E+02   6.436961E+02   4.569879E-01
   6.874242E+00   7.399336E+02   6.419211E+02   4.565069E-01
   6.905993E+00   7.383459E+02   6.402386E+02   4.559865E-01
   6.937891E+00   7.362215E+02   6.386430E+02   4.555293E-01
   6.969936E+00   7.344005E+02   6.368711E+02   4.551766E-01
   7.002130E+00   7.326747E+02   6.350375E+02   4.548665E-01
   7.034472E+00   7.309921E+02   6.331581E+02   4.545963E-01
   7.066963E+00   7.292557E+02   6.314301E+02   4.541826E-01
   7.099605E+00   7.275199E+02   6.297078E+02   4.537644E-01
   7.132397E+00   7.258422E+02   6.278389E+02   4.534895E-01
   7.165340E+00   7.243600E+02   6.259602E+02   4.531714E-01
   7.198436E+00   7.229500E+02   6.240888E+02   4.528270E-01
   7.231685E+00   7.214073E+02   6.222835E+02   4.524505E-01
   7.265087E+00   7.197421E+02   6.206244E+02   4.519510E-01
   7.298644E+00   7.179807E+02   6.190798E+02   4.513538E-01
   7.332355E+00   7.161297E+02   6.172506E+02   4.510938E-01
   7.366222E+00   7.143229E+02   6.154854E+02   4.507515E-01
   7.400246E+00   7.125857E+02   6.138251E+02   4.502741E-01
   7.434427E+00   7.110187E+02   6.119727E+02   4.499605E-01
   7.468766E+00   7.094295E+02   6.101178E+02   4.496577E-01
   7.503263E+00   7.075223E+02   6.084760E+02   4.492117E-01
   7.537920E+00   7.058879E+02   6.066320E+02   4.489140E-01
   7.572736E+00   7.044755E+02   6.046256E+02   4.487373E-01
   7.607714E+00   7.029535E+02   6.028354E+02   4.483549E-01
   7.642853E+00   7.014365E+02   6.010540E+02   4.479665E-01
   7.678154E+00   6.999590E+02   5.992331E+02   4.476173E-01
   7.713619E+00   6.985337E+02   5.974130E+02   4.472591E-01
   7.749247E+00   6.971441E+02   5.955951E+02   4.468959E-01
   7.785040E+00   6.957370E+02   5.938814E+02   4.464271E-01
   7.820998E+00   6.942456E+02   5.921715E+02   4.459859E-01
   7.857122E+00   6.924817E+02   5.904392E+02   4.456570E-01
   7.893413E+00   6.909046E+02   5.886435E+02   4.453545E-01
   7.929872E+00   6.894897E+02   5.867936E+02   4.450746E-01
   7.966499E+00   6.881404E+02   5.849445E+02   4.447820E-01
   8.003295E+00   6.868147E+02   5.831125E+02   4.444694E-01
   8.040262E+00   6.855679E+02   5.814208E+02   4.439768E-01
   8.077399E+00   6.840989E+02   5.797784E+02   4.434962E-01
   8.114707E+00   6.822133E+02   5.782237E+02   4.430385E-01
   8.152188E+00   6.806189E+02   5.764515E+02   4.427547E-01
   8.189842E+00   6.792277E+02   5.745300E+02   4.425915E-01
   8.227670E+00   6.780430E+02   5.726448E+02   4.423293E-01
   8.265672E+00   6.768971E+02   5.707801E+02   4.420356E-01
   8.303850E+00   6.755182E+02   5.691662E+02   4.415162E-01
   8.342205E+00   6.740928E+02   5.675350E+02   4.410325E-01
   8.380737E+00   6.725137E+02   5.658380E+02   4.406735E-01
   8.419446E+00   6.709742E+02   5.641037E+02   4.403492E-01
   8.458335E+00   6.694901E+02   5.623155E+02   4.400750E-01
   8.497403E+00   6.682932E+02   5.604397E+02   4.398237E-01
   8.536651E+00   6.673013E+02   5.585046E+02   4.395862E-01
   8.576081E+00   6.661697E+02   5.567173E+02   4.392136E-01
   8.615693E+00   6.649882E+02   5.549858E+02   4.387899E-01
   8.655487E+00   6.635041E+02   5.533855E+02   4.382959E-01
   8.695466E+00   6.619777E+02   5.518066E+02   4.377886E-01
   8.735629E+00   6.604961E+02   5.501836E+02   4.373228E-01
   8.775978E+00   6.590362E+02   5.485363E+02   4.368819E-01
   8.816513E+00   6.577553E+02   5.466488E+02   4.366858E-01
   8.857236E+00   6.565409E+02   5.447986E+02   4.364298E-01
   8.898146E+00   6.556070E+02   5.430938E+02   4.359210E-01
   8.939246E+00   6.545601E+02   5.414077E+02   4.354276E-01
   8.980535E+00   6.531904E+02   5.397608E+02   4.349839E-01
   9.022015E+00   6.518148E+02   5.381444E+02   4.345110E-01
   9.063686E+00   6.504230E+02   5.365898E+02   4.339730E-01
   9.105550E+00   6.490361E+02   5.349492E+02   4.335476E-01
   9.147608E+00   6.476568E+02   5.331464E+02   4.333304E-01
   9.189860E+00   6.464742E+02   5.313330E+02   4.330795E-01
   9.232306E+00   6.456265E+02   5.295003E+02   4.327669E-01
   9.274949E+00   6.446617E+02   5.277649E+02   4.323734E-01
   9.317789E+00   6.434927E+02   5.261906E+02   4.318413E-01
   9.360827E+00   6.423105E+02   5.245915E+02   4.313500E-01
   9.404063E+00   6.411032E+02   5.229422E+02   4.309345E-01
   9.447500E+00   6.399921E+02   5.212743E+02   4.305213E-01
   9.491136E+00   6.390928E+02   5.195610E+02   4.301128E-01
   9.534975E+00   6.380571E+02   5.179520E+02   4.296144E-01
   9.579016E+00   6.366214E+02   5.166326E+02   4.288595E-01
   9.623260E+00   6.351680E+02   5.152651E+02   4.281723E-01
   9.667709E+00   6.336337E+02   5.136682E+02   4.278037E-01
   9.712362E+00   6.321299E+02   5.120691E+02   4.274319E-01
   9.757223E+00   6.309479E+02   5.104135E+02   4.270474E-01
   9.802290E+00   6.297665E+02   5.087626E+02   4.266591E-01
   9.847566E+00   6.285052E+02   5.070393E+02   4.263888E-01
   9.893050E+00   6.272420E+02   5.053177E+02   4.261190E-01
   9.938745E+00   6.263815E+02   5.036821E+02   4.256299E-01
   9.984651E+00   6.256046E+02   5.020712E+02   4.250887E-01
   1.003077E+01   6.243825E+02   5.005668E+02   4.245293E-01
   1.007710E+01   6.229392E+02   4.991153E+02   4.239599E-01
   1.012364E+01   6.216385E+02   4.975849E+02   4.234564E-01
   1.017040E+01   6.204883E+02   4.959721E+02   4.230225E-01
   1.021738E+01   6.193399E+02   4.943741E+02   4.225704E-01
   1.026457E+01   6.181951E+02   4.928069E+02   4.220791E-01
   1.031198E+01   6.170458E+02   4.912459E+02   4.215837E-01
   1.035961E+01   6.158107E+02   4.897164E+02   4.210727E-01
   1.040746E+01   6.145770E+02   4.881909E+02   4.205602E-01
   1.045553E+01   6.134022E+02   4.866162E+02   4.201032E-01
   1.050383E+01   6.122428E+02   4.850333E+02   4.196596E-01
   1.055234E+01   6.109976E+02   4.835035E+02   4.191738E-01
   1.060108E+01   6.096786E+02   4.820194E+02   4.186523E-01
   1.065005E+01   6.084142E+02   4.804935E+02   4.181798E-01
   1.069924E+01   6.073185E+02   4.788288E+02   4.178589E-01
   1.074866E+01   6.062249E+02   4.771688E+02   4.175390E-01
   1.079830E+01   6.052477E+02   4.755255E+02   4.171744E-01
   1.084818E+01   6.042821E+02   4.738887E+02   4.168056E-01
   1.089829E+01   6.033407E+02   4.722796E+02   4.164000E-01
   1.094862E+01   6.024172E+02   4.706928E+02   4.159661E-01
   1.099920E+01   6.014453E+02   4.691266E+02   4.155225E-01
   1.105000E+01   6.002798E+02   4.676237E+02   4.150461E-01
   1.110104E+01   5.991153E+02   4.661248E+02   4.145685E-01
   1.115231E+01   5.981808E+02   4.644725E+02   4.142492E-01
   1.120382E+01   5.973032E+02   4.627875E+02   4.139657E-01
   1.125557E+01   5.964010E+02   4.611675E+02   4.136033E-01
   1.130756E+01   5.954567E+02   4.596503E+02   4.131132E-01
   1.135979E+01   5.945122E+02   4.581386E+02   4.126187E-01
   1.141226E+01   5.934799E+02   4.565603E+02   4.122403E-01
   1.146497E+01   5.924413E+02   4.549814E+02   4.118670E-01
   1.151793E+01   5.915624E+02   4.533600E+02   4.115166E-01
   1.157112E+01   5.908819E+02   4.516868E+02   4.111940E-01
   1.162457E+01   5.902017E+02   4.500210E+02   4.108639E-01
   1.167826E+01   5.895482E+02   4.484593E+02   4.103861E-01
   1.173220E+01   5.888956E+02   4.469120E+02   4.098908E-01
   1.178639E+01   5.881785E+02   4.453620E+02   4.094167E-01
   1.184083E+01   5.873657E+02   4.438027E+02   4.089795E-01
   1.189552E+01   5.865529E+02   4.422497E+02   4.085360E-01
   1.195047E+01   5.859031E+02   4.407099E+02   4.080408E-01
   1.200567E+01   5.852859E+02   4.391798E+02   4.075292E-01
   1.206112E+01   5.846167E+02   4.376770E+02   4.069956E-01
   1.211683E+01   5.837770E+02   4.362435E+02   4.064069E-01
   1.217279E+01   5.829371E+02   4.348163E+02   4.058146E-01
   1.222902E+01   5.821928E+02   4.333042E+02   4.053266E-01
   1.228550E+01   5.815126E+02   4.317391E+02   4.049062E-01
   1.234225E+01   5.808334E+02   4.301813E+02   4.044829E-01
   1.239926E+01   5.802877E+02   4.286949E+02   4.039402E-01
   1.245653E+01   5.797503E+02   4.272216E+02   4.033856E-01
   1.251406E+01   5.792011E+02   4.257473E+02   4.028428E-01
   1.257186E+01   5.786166E+02   4.242504E+02   4.023463E-01
   1.262993E+01   5.780320E+02   4.227618E+02   4.018457E-01
   1.268827E+01   5.776008E+02   4.212460E+02   4.013611E-01
   1.274687E+01   5.773139E+02   4.197080E+02   4.008887E-01
   1.280575E+01   5.770265E+02   4.181818E+02   4.004079E-01
   1.286490E+01   5.767124E+02   4.167096E+02   3.998643E-01
   1.292432E+01   5.763881E+02   4.152631E+02   3.992939E-01
   1.298401E+01   5.760621E+02   4.138285E+02   3.987142E-01
   1.304398E+01   5.759537E+02   4.124250E+02   3.980610E-01
   1.310423E+01   5.758533E+02   4.110385E+02   3.973909E-01
   1.316476E+01   5.757456E+02   4.096780E+02   3.966934E-01
   1.322557E+01   5.756048E+02   4.084131E+02   3.958763E-01
   1.328665E+01   5.754576E+02   4.071646E+02   3.950447E-01
   1.334802E+01   5.753135E+02   4.059535E+02   3.941682E-01
   1.340968E+01   5.751917E+02   4.048267E+02   3.931799E-01
   1.347161E+01   5.750598E+02   4.037183E+02   3.921752E-01
   1.353384E+01   5.748379E+02   4.026576E+02   3.911239E-01
   1.359635E+01   5.744405E+02   4.016736E+02   3.899963E-01
   1.365915E+01   5.740312E+02   4.007039E+02   3.888553E-01
   1.372224E+01   5.735460E+02   3.997670E+02   3.876833E-01
   1.378562E+01   5.729417E+02   3.988734E+02   3.864697E-01
   1.384929E+01   5.723251E+02   3.979914E+02   3.852450E-01
   1.391326E+01   5.716698E+02   3.971050E+02   3.840336E-01
   1.397753E+01   5.709609E+02   3.962028E+02   3.828520E-01
   1.404209E+01   5.702413E+02   3.953106E+02   3.816615E-01
   1.410694E+01   5.695486E+02   3.944145E+02   3.804778E-01
   1.417210E+01   5.689169E+02   3.935031E+02   3.793142E-01
   1.423756E+01   5.682742E+02   3.926030E+02   3.781420E-01
   1.430332E+01   5.676389E+02   3.917383E+02   3.769278E-01
   1.436939E+01   5.670406E+02   3.909530E+02   3.756119E-01
   1.443576E+01   5.664265E+02   3.901812E+02   3.742866E-01
   1.450244E+01   5.657579E+02   3.894198E+02   3.729579E-01
   1.456942E+01   5.648474E+02   3.886521E+02   3.716570E-01
   1.463672E+01   5.639242E+02   3.878925E+02   3.703505E-01
   1.470432E+01   5.629882E+02   3.871412E+02   3.690385E-01
   1.477224E+01   5.623348E+02   3.863401E+02   3.677859E-01
   1.484047E+01   5.616736E+02   3.855502E+02   3.665258E-01
   1.490902E+01   5.609972E+02   3.847729E+02   3.652564E-01
   1.497788E+01   5.602966E+02   3.840363E+02   3.639414E-01
   1.504706E+01   5.595761E+02   3.833213E+02   3.626053E-01
   1.511656E+01   5.588377E+02   3.826190E+02   3.612592E-01
   1.518638E+01   5.582034E+02   3.819337E+02   3.598966E-01
   1.525653E+01   5.576704E+02   3.812691E+02   3.585141E-01
   1.532699E+01   5.571143E+02   3.806222E+02   3.571171E-01
   1.539779E+01   5.565993E+02   3.800075E+02   3.556875E-01
   1.546891E+01   5.563378E+02   3.794801E+02   3.541602E-01
   1.554036E+01   5.560413E+02   3.789805E+02   3.526101E-01
   1.561214E+01   5.557083E+02   3.785087E+02   3.510371E-01
   1.568425E+01   5.549670E+02   3.784118E+02   3.490044E-01
   1.575669E+01   5.540853E+02   3.784180E+02   3.468557E-01
   1.582947E+01   5.531401E+02   3.784513E+02   3.446865E-01
   1.590258E+01   5.520856E+02   3.784468E+02   3.425712E-01
   1.597603E+01   5.509105E+02   3.783685E+02   3.405484E-01
   1.604983E+01   5.496831E+02   3.783088E+02   3.385104E-01
   1.612396E+01   5.484024E+02   3.782674E+02   3.364573E-01
   1.619843E+01   5.477779E+02   3.785246E+02   3.341261E-01
   1.627325E+01   5.471019E+02   3.788528E+02   3.317388E-01
   1.634841E+01   5.463167E+02   3.792319E+02   3.293147E-01
   1.642393E+01   5.451361E+02   3.800125E+02   3.264430E-01
   1.649979E+01   5.433484E+02   3.813739E+02   3.229241E-01
   1.657600E+01   5.413322E+02   3.828002E+02   3.193658E-01
   1.665256E+01   5.390797E+02   3.842885E+02   3.157698E-01
   1.672948E+01   5.349894E+02   3.866674E+02   3.110849E-01
   1.680675E+01   5.301883E+02   3.892640E+02   3.061510E-01
   1.688438E+01   5.250230E+02   3.918819E+02   3.012112E-01
   1.696236E+01   5.186643E+02   3.946949E+02   2.959532E-01
   1.704071E+01   5.079324E+02   3.983101E+02   2.891925E-01
   1.711942E+01   4.969950E+02   4.017663E+02   2.825276E-01
   1.719849E+01   4.858865E+02   4.050598E+02   2.759627E-01
   1.727793E+01   4.728956E+02   4.072817E+02   2.696812E-01
   1.735773E+01   4.583013E+02   4.083381E+02   2.635906E-01
   1.743791E+01   4.443615E+02   4.093182E+02   2.574429E-01
   1.751845E+01   4.310626E+02   4.102193E+02   2.512512E-01
   1.759936E+01   4.223830E+02   4.079462E+02   2.483640E-01
   1.768065E+01   4.152562E+02   4.048002E+02   2.463942E-01
   1.776232E+01   4.078118E+02   4.022801E+02   2.436953E-01
   1.784436E+01   4.001876E+02   4.003316E+02   2.402776E-01
   1.792678E+01   3.990897E+02   3.961300E+02   2.414491E-01
   1.800958E+01   3.983343E+02   3.919677E+02   2.430311E-01
   1.809277E+01   3.967752E+02   3.883438E+02   2.440566E-01
   1.817634E+01   3.945440E+02   3.852375E+02   2.445231E-01
   1.826029E+01   3.955503E+02   3.815568E+02   2.474898E-01
   1.834463E+01   3.964865E+02   3.779227E+02   2.506290E-01
   1.842936E+01   3.971043E+02   3.743995E+02   2.537438E-01
   1.851449E+01   3.974149E+02   3.709890E+02   2.568337E-01
   1.860000E+01   3.984107E+02   3.680429E+02   2.594758E-01
   1.868591E+01   3.994106E+02   3.651076E+02   2.621365E-01
   1.877222E+01   4.003708E+02   3.621630E+02   2.648369E-01
   1.885893E+01   4.012899E+02   3.592091E+02   2.675754E-01
   1.894604E+01   4.019957E+02   3.567790E+02   2.692872E-01
   1.903354E+01   4.026881E+02   3.544071E+02   2.708774E-01
   1.912146E+01   4.033893E+02   3.520324E+02   2.724659E-01
   1.920978E+01   4.040994E+02   3.496548E+02   2.740519E-01
   1.929851E+01   4.045129E+02   3.476037E+02   2.749702E-01
   1.938764E+01   4.048405E+02   3.456607E+02   2.756673E-01
   1.947719E+01   4.051775E+02   3.437245E+02   2.763487E-01
   1.956715E+01   4.055240E+02   3.417953E+02   2.770150E-01
   1.965753E+01   4.057289E+02   3.399932E+02   2.774270E-01
   1.974833E+01   4.058165E+02   3.382986E+02   2.776272E-01
   1.983954E+01   4.059096E+02   3.366139E+02   2.778125E-01
   1.993118E+01   4.060085E+02   3.349390E+02   2.779834E-01
   2.002324E+01   4.060640E+02   3.333195E+02   2.780513E-01
   2.011573E+01   4.059769E+02   3.318460E+02   2.778406E-01
   2.020864E+01   4.058907E+02   3.303849E+02   2.776143E-01
   2.030198E+01   4.058050E+02   3.289363E+02   2.773724E-01
   2.039575E+01   4.057197E+02   3.275002E+02   2.771148E-01
   2.048996E+01   4.053930E+02   3.262347E+02   2.765329E-01
   2.058460E+01   4.050244E+02   3.250060E+02   2.758891E-01
   2.067967E+01   4.046501E+02   3.237899E+02   2.752302E-01
   2.077519E+01   4.042698E+02   3.225865E+02   2.745557E-01
   2.087115E+01   4.037766E+02   3.214357E+02   2.737839E-01
   2.096755E+01   4.031122E+02   3.203571E+02   2.728737E-01
   2.106440E+01   4.024398E+02   3.192883E+02   2.719513E-01
   2.116169E+01   4.017590E+02   3.182292E+02   2.710164E-01
   2.125943E+01   4.010697E+02   3.171799E+02   2.700686E-01
   2.135763E+01   4.002515E+02   3.161694E+02   2.690425E-01
   2.145628E+01   3.993994E+02   3.151730E+02   2.679916E-01
   2.155538E+01   3.985388E+02   3.141843E+02   2.669297E-01
   2.165494E+01   3.976695E+02   3.132031E+02   2.658565E-01
   2.175496E+01   3.967830E+02   3.122307E+02   2.647689E-01
   2.185545E+01   3.958431E+02   3.112713E+02   2.636538E-01
   2.195640E+01   3.948947E+02   3.103185E+02   2.625281E-01
   2.205781E+01   3.939378E+02   3.093724E+02   2.613918E-01
   2.215969E+01   3.929722E+02   3.084328E+02   2.602448E-01
   2.226204E+01   3.919750E+02   3.075144E+02   2.590596E-01
   2.236487E+01   3.909326E+02   3.066252E+02   2.578206E-01
   2.246817E+01   3.898803E+02   3.057422E+02   2.565717E-01
   2.257195E+01   3.888181E+02   3.048655E+02   2.553132E-01
   2.267621E+01   3.877459E+02   3.039948E+02   2.540453E-01
   2.278094E+01   3.866467E+02   3.031260E+02   2.527715E-01
   2.288617E+01   3.855220E+02   3.022587E+02   2.514926E-01
   2.299187E+01   3.843885E+02   3.013964E+02   2.502064E-01
   2.309807E+01   3.832462E+02   3.005393E+02   2.489132E-01
   2.320476E+01   3.820951E+02   2.996871E+02   2.476135E-01
   2.331194E+01   3.809882E+02   2.988718E+02   2.462716E-01
   2.341961E+01   3.799157E+02   2.980932E+02   2.448881E-01
   2.352779E+01   3.788271E+02   2.973230E+02   2.434948E-01
   2.363646E+01   3.777223E+02   2.965610E+02   2.420918E-01
   2.374563E+01   3.766010E+02   2.958071E+02   2.406793E-01
   2.385531E+01   3.754103E+02   2.951036E+02   2.391825E-01
   2.396549E+01   3.741249E+02   2.944677E+02   2.375715E-01
   2.407619E+01   3.728167E+02   2.938401E+02   2.359502E-01
   2.418739E+01   3.714853E+02   2.932208E+02   2.343186E-01
   2.429911E+01   3.701305E+02   2.926095E+02   2.326765E-01
   2.441135E+01   3.687288E+02   2.920328E+02   2.309814E-01
   2.452410E+01   3.671960E+02   2.915803E+02   2.290909E-01
   2.463737E+01   3.656272E+02   2.911377E+02   2.271873E-01
   2.475117E+01   3.640219E+02   2.907048E+02   2.252706E-01
   2.486549E+01   3.623797E+02   2.902812E+02   2.233408E-01
   2.498034E+01   3.607003E+02   2.898666E+02   2.213981E-01
   2.509572E+01   3.585828E+02   2.896259E+02   2.191067E-01
   2.521164E+01   3.563388E+02   2.894236E+02   2.167383E-01
   2.532809E+01   3.540503E+02   2.892249E+02   2.143625E-01
   2.544508E+01   3.517174E+02   2.890293E+02   2.119795E-01
   2.556260E+01   3.493403E+02   2.888364E+02   2.095897E-01
   2.568067E+01   3.467909E+02   2.886999E+02   2.070864E-01
   2.579929E+01   3.439391E+02   2.886701E+02   2.043679E-01
   2.591845E+01   3.410376E+02   2.886377E+02   2.016477E-01
   2.603817E+01   3.380873E+02   2.886022E+02   1.989262E-01
   2.615843E+01   3.350890E+02   2.885629E+02   1.962039E-01
   2.627926E+01   3.320438E+02   2.885192E+02   1.934812E-01
   2.640064E+01   3.281515E+02   2.887163E+02   1.901899E-01
   2.652258E+01   3.238734E+02   2.889982E+02   1.866702E-01
   2.664508E+01   3.195594E+02   2.892555E+02   1.831712E-01
   2.676815E+01   3.152127E+02   2.894875E+02   1.796936E-01
   2.689179E+01   3.108367E+02   2.896937E+02   1.762377E-01
   2.701600E+01   3.064348E+02   2.898735E+02   1.728043E-01
   2.714079E+01   3.005172E+02   2.900968E+02   1.685212E-01
   2.726615E+01   2.945608E+02   2.902661E+02   1.642121E-01
   2.739208E+01   2.887174E+02   2.903745E+02   1.599637E-01
   2.751861E+01   2.829879E+02   2.904240E+02   1.557765E-01
   2.764571E+01   2.773731E+02   2.904162E+02   1.516508E-01
   2.777340E+01   2.718731E+02   2.903529E+02   1.475867E-01
   2.790168E+01   2.666176E+02   2.893470E+02   1.436068E-01
   2.803056E+01   2.615563E+02   2.883363E+02   1.395726E-01
   2.816003E+01   2.566819E+02   2.873498E+02   1.354885E-01
   2.829010E+01   2.519900E+02   2.863836E+02   1.313624E-01
   2.842076E+01   2.474762E+02   2.854340E+02   1.272029E-01
   2.855204E+01   2.431360E+02   2.844973E+02   1.230186E-01
   2.868391E+01   2.429955E+02   2.820314E+02   1.216295E-01
   2.881640E+01   2.431401E+02   2.795206E+02   1.203433E-01
   2.894950E+01   2.428861E+02   2.772403E+02   1.186503E-01
   2.908322E+01   2.422931E+02   2.751790E+02   1.165618E-01
   2.921755E+01   2.414186E+02   2.733223E+02   1.140959E-01
   2.935250E+01   2.403165E+02   2.716526E+02   1.112769E-01
   2.948808E+01   2.406645E+02   2.697021E+02   1.102634E-01
   2.962428E+01   2.420503E+02   2.675098E+02   1.107418E-01
   2.976111E+01   2.431947E+02   2.654122E+02   1.110929E-01
   2.989857E+01   2.441106E+02   2.634096E+02   1.113174E-01
   3.003667E+01   2.448110E+02   2.615017E+02   1.114167E-01
   3.017540E+01   2.453090E+02   2.596876E+02   1.113927E-01
   3.031478E+01   2.456331E+02   2.579663E+02   1.113244E-01
   3.045480E+01   2.460226E+02   2.562935E+02   1.120413E-01
   3.059547E+01   2.463728E+02   2.546304E+02   1.127767E-01
   3.073678E+01   2.466835E+02   2.529771E+02   1.135307E-01
   3.087875E+01   2.469545E+02   2.513335E+02   1.143032E-01
   3.102138E+01   2.471853E+02   2.496997E+02   1.150939E-01
   3.116466E+01   2.473759E+02   2.480756E+02   1.159022E-01
   3.130861E+01   2.474201E+02   2.465259E+02   1.165544E-01
   3.145322E+01   2.472986E+02   2.450729E+02   1.169623E-01
   3.159850E+01   2.471781E+02   2.436194E+02   1.173748E-01
   3.174445E+01   2.470588E+02   2.421652E+02   1.177914E-01
   3.189107E+01   2.469406E+02   2.407103E+02   1.182118E-01
   3.203837E+01   2.468237E+02   2.392546E+02   1.186360E-01
   3.218635E+01   2.467082E+02   2.377980E+02   1.190641E-01
   3.233502E+01   2.464142E+02   2.364356E+02   1.191275E-01
   3.248437E+01   2.459537E+02   2.351635E+02   1.188423E-01
   3.263441E+01   2.454954E+02   2.338937E+02   1.185513E-01
   3.278515E+01   2.450392E+02   2.326262E+02   1.182548E-01
   3.293658E+01   2.445854E+02   2.313610E+02   1.179531E-01
   3.308871E+01   2.441339E+02   2.300981E+02   1.176464E-01
   3.324154E+01   2.436848E+02   2.288375E+02   1.173349E-01
   3.339508E+01   2.431689E+02   2.276121E+02   1.168848E-01
   3.354933E+01   2.425515E+02   2.264382E+02   1.162304E-01
   3.370429E+01   2.419356E+02   2.252670E+02   1.155707E-01
   3.385996E+01   2.413212E+02   2.240984E+02   1.149059E-01
   3.401636E+01   2.407082E+02   2.229325E+02   1.142358E-01
   3.417347E+01   2.400966E+02   2.217693E+02   1.135606E-01
   3.433132E+01   2.394865E+02   2.206087E+02   1.128803E-01
   3.448989E+01   2.388713E+02   2.194542E+02   1.121816E-01
   3.464919E+01   2.381172E+02   2.183744E+02   1.111965E-01
   3.480923E+01   2.373637E+02   2.172975E+02   1.102058E-01
   3.497001E+01   2.366108E+02   2.162233E+02   1.092095E-01
   3.513154E+01   2.358586E+02   2.151518E+02   1.082076E-01
   3.529380E+01   2.351069E+02   2.140832E+02   1.072000E-01
   3.545682E+01   2.343559E+02   2.130173E+02   1.061868E-01
   3.562059E+01   2.336054E+02   2.119541E+02   1.051679E-01
   3.578512E+01   2.327960E+02   2.109142E+02   1.040434E-01
   3.595041E+01   2.319091E+02   2.099035E+02   1.027820E-01
   3.611646E+01   2.310241E+02   2.088945E+02   1.015166E-01
   3.628327E+01   2.301410E+02   2.078871E+02   1.002473E-01
   3.645086E+01   2.292598E+02   2.068815E+02   9.897408E-02
   3.661922E+01   2.283805E+02   2.058775E+02   9.769681E-02
   3.678836E+01   2.275032E+02   2.048753E+02   9.641551E-02
   3.695828E+01   2.266277E+02   2.038747E+02   9.513016E-02
   3.712899E+01   2.257774E+02   2.028619E+02   9.389032E-02
   3.730048E+01   2.249490E+02   2.018391E+02   9.268882E-02
   3.747277E+01   2.241226E+02   2.008181E+02   9.148306E-02
   3.764585E+01   2.232982E+02   1.997990E+02   9.027304E-02
   3.781973E+01   2.224757E+02   1.987818E+02   8.905873E-02
   3.799442E+01   2.216552E+02   1.977664E+02   8.784011E-02
   3.816991E+01   2.208366E+02   1.967529E+02   8.661717E-02
   3.834621E+01   2.200200E+02   1.957413E+02   8.538989E-02
   3.852333E+01   2.191794E+02   1.947491E+02   8.409965E-02
   3.870126E+01   2.182915E+02   1.937914E+02   8.269537E-02
   3.888002E+01   2.174045E+02   1.928356E+02   8.128652E-02
   3.905960E+01   2.165184E+02   1.918816E+02   7.987307E-02
   3.924001E+01   2.156331E+02   1.909293E+02   7.845500E-02
   3.942126E+01   2.147487E+02   1.899789E+02   7.703230E-02
   3.960334E+01   2.138652E+02   1.890303E+02   7.560495E-02
   3.978626E+01   2.129825E+02   1.880835E+02   7.417295E-02
   3.997003E+01   2.121007E+02   1.871385E+02   7.273629E-02
   4.015465E+01   2.110757E+02   1.862328E+02   7.103441E-02
   4.034012E+01   2.100276E+02   1.853352E+02   6.927840E-02
   4.052644E+01   2.089847E+02   1.844382E+02   6.751897E-02
   4.071363E+01   2.079470E+02   1.835418E+02   6.575617E-02
   4.090168E+01   2.069145E+02   1.826461E+02   6.399001E-02
   4.109060E+01   2.058871E+02   1.817510E+02   6.222055E-02
   4.128039E+01   2.048649E+02   1.808567E+02   6.044782E-02
   4.147106E+01   2.038477E+02   1.799630E+02   5.867187E-02
   4.166261E+01   2.028357E+02   1.790700E+02   5.689274E-02
   4.185505E+01   2.020370E+02   1.780955E+02   5.553034E-02
   4.204837E+01   2.012451E+02   1.771211E+02   5.417281E-02
   4.224259E+01   2.004554E+02   1.761485E+02   5.281103E-02
   4.243770E+01   1.996679E+02   1.751778E+02   5.144504E-02
   4.263371E+01   1.988826E+02   1.742090E+02   5.007489E-02
   4.283063E+01   1.980995E+02   1.732420E+02   4.870063E-02
   4.302846E+01   1.973186E+02   1.722770E+02   4.732231E-02
   4.322721E+01   1.965399E+02   1.713138E+02   4.594000E-02
   4.342687E+01   1.957634E+02   1.703526E+02   4.455376E-02
   4.362745E+01   1.948467E+02   1.694546E+02   4.287202E-02
   4.382896E+01   1.938845E+02   1.685787E+02   4.108754E-02
   4.403140E+01   1.929262E+02   1.677034E+02   3.930146E-02
   4.423478E+01   1.919718E+02   1.668289E+02   3.751390E-02
   4.443909E+01   1.910213E+02   1.659550E+02   3.572496E-02
   4.464435E+01   1.900746E+02   1.650819E+02   3.393475E-02
   4.485056E+01   1.891318E+02   1.642095E+02   3.214338E-02
   4.505772E+01   1.881928E+02   1.633378E+02   3.035097E-02
   4.526583E+01   1.872578E+02   1.624670E+02   2.855766E-02
   4.547491E+01   1.863329E+02   1.615934E+02   2.677307E-02
   4.568495E+01   1.854709E+02   1.606895E+02   2.507421E-02
   4.589597E+01   1.846126E+02   1.597874E+02   2.337174E-02
   4.610795E+01   1.837581E+02   1.588873E+02   2.166580E-02
   4.632092E+01   1.829073E+02   1.579890E+02   1.995655E-02
   4.653487E+01   1.820603E+02   1.570927E+02   1.824416E-02
   4.674981E+01   1.812170E+02   1.561982E+02   1.652879E-02
   4.696574E+01   1.803775E+02   1.553055E+02   1.481060E-02
   4.718267E+01   1.795417E+02   1.544147E+02   1.308978E-02
   4.740060E+01   1.787096E+02   1.535257E+02   1.136650E-02
   4.761954E+01   1.778812E+02   1.526386E+02   9.640831E-03
   4.783949E+01   1.770201E+02   1.517702E+02   7.869185E-03
   4.806045E+01   1.761629E+02   1.509029E+02   6.097878E-03
   4.828244E+01   1.753096E+02   1.500367E+02   4.327097E-03
   4.850545E+01   1.744603E+02   1.491715E+02   2.557028E-03
   4.872949E+01   1.736148E+02   1.483075E+02   7.878610E-04
   4.895456E+01   1.727731E+02   1.474445E+02  -9.802121E-04
   4.918068E+01   1.719354E+02   1.465826E+02  -2.746999E-03
   4.940784E+01   1.711014E+02   1.457218E+02  -4.512307E-03
   4.963605E+01   1.702713E+02   1.448620E+02  -6.275941E-03
   4.986531E+01   1.694450E+02   1.440034E+02  -8.037709E-03
   5.009563E+01   1.686034E+02   1.431533E+02  -9.877633E-03
   5.032702E+01   1.677399E+02   1.423151E+02  -1.183025E-02
   5.055947E+01   1.668817E+02   1.414783E+02  -1.378280E-02
   5.079300E+01   1.660287E+02   1.406429E+02  -1.573502E-02
   5.102761E+01   1.651809E+02   1.398088E+02  -1.768666E-02
   5.126330E+01   1.643384E+02   1.389760E+02  -1.963749E-02
   5.150008E+01   1.635010E+02   1.381445E+02  -2.158724E-02
   5.173795E+01   1.626687E+02   1.373141E+02  -2.353568E-02
   5.197692E+01   1.618416E+02   1.364850E+02  -2.548258E-02
   5.221699E+01   1.610196E+02   1.356571E+02  -2.742768E-02
   5.245818E+01   1.602026E+02   1.348302E+02  -2.937077E-02
   5.270048E+01   1.594160E+02   1.339955E+02  -3.125845E-02
   5.294389E+01   1.586969E+02   1.331398E+02  -3.301163E-02
   5.318843E+01   1.579805E+02   1.322864E+02  -3.476550E-02
   5.343411E+01   1.572666E+02   1.314352E+02  -3.651984E-02
   5.368091E+01   1.565554E+02   1.305863E+02  -3.827443E-02
   5.392886E+01   1.558469E+02   1.297394E+02  -4.002906E-02
   5.417795E+01   1.551410E+02   1.288947E+02  -4.178352E-02
   5.442819E+01   1.544378E+02   1.280520E+02  -4.353761E-02
   5.467959E+01   1.537373E+02   1.272113E+02  -4.529112E-02
   5.493214E+01   1.530394E+02   1.263725E+02  -4.704387E-02
   5.518587E+01   1.523443E+02   1.255357E+02  -4.879567E-02
   5.544077E+01   1.516519E+02   1.247006E+02  -5.054634E-02
   5.569684E+01   1.509622E+02   1.238674E+02  -5.229569E-02
   5.595410E+01   1.502752E+02   1.230358E+02  -5.404357E-02
   5.621254E+01   1.495910E+02   1.222060E+02  -5.578981E-02
   5.647218E+01   1.489094E+02   1.213778E+02  -5.753425E-02
   5.673302E+01   1.482306E+02   1.205513E+02  -5.927673E-02
   5.699506E+01   1.475545E+02   1.197263E+02  -6.101712E-02
   5.725831E+01   1.468811E+02   1.189028E+02  -6.275527E-02
   5.752278E+01   1.462104E+02   1.180807E+02  -6.449105E-02
   5.778847E+01   1.455424E+02   1.172601E+02  -6.622434E-02
   5.805539E+01   1.448771E+02   1.164409E+02  -6.795500E-02
   5.832354E+01   1.442145E+02   1.156231E+02  -6.968293E-02
   5.859293E+01   1.435546E+02   1.148066E+02  -7.140802E-02
   5.886357E+01   1.428975E+02   1.139914E+02  -7.313016E-02
   5.913545E+01   1.422429E+02   1.131774E+02  -7.484925E-02
   5.940859E+01   1.415911E+02   1.123646E+02  -7.656520E-02
   5.968299E+01   1.409420E+02   1.115530E+02  -7.827792E-02
   5.995866E+01   1.402955E+02   1.107426E+02  -7.998733E-02
   6.023560E+01   1.396516E+02   1.099333E+02  -8.169335E-02
   6.051382E+01   1.390105E+02   1.091252E+02  -8.339591E-02
   6.079333E+01   1.383719E+02   1.083181E+02  -8.509494E-02
   6.107412E+01   1.377360E+02   1.075121E+02  -8.679037E-02
   6.135622E+01   1.371027E+02   1.067071E+02  -8.848214E-02
   6.163961E+01   1.364720E+02   1.059032E+02  -9.017021E-02
   6.192432E+01   1.358440E+02   1.051002E+02  -9.185451E-02
   6.221034E+01   1.352185E+02   1.042983E+02  -9.353500E-02
   6.249768E+01   1.345956E+02   1.034974E+02  -9.521163E-02
   6.278635E+01   1.339753E+02   1.026974E+02  -9.688436E-02
   6.307635E+01   1.333576E+02   1.018984E+02  -9.855316E-02
   6.336770E+01   1.327425E+02   1.011004E+02  -1.002180E-01
   6.366038E+01   1.321299E+02   1.003033E+02  -1.018788E-01
   6.395442E+01   1.315198E+02   9.950719E+01  -1.035356E-01
   6.424982E+01   1.309123E+02   9.871203E+01  -1.051883E-01
   6.454658E+01   1.303074E+02   9.791784E+01  -1.068370E-01
   6.484471E+01   1.297049E+02   9.712462E+01  -1.084815E-01
   6.514422E+01   1.291050E+02   9.633237E+01  -1.101219E-01
   6.544512E+01   1.285076E+02   9.554109E+01  -1.117581E-01
   6.574740E+01   1.279127E+02   9.475081E+01  -1.133902E-01
   6.605108E+01   1.273203E+02   9.396154E+01  -1.150181E-01
   6.635616E+01   1.267303E+02   9.317328E+01  -1.166418E-01
   6.666265E+01   1.261429E+02   9.238606E+01  -1.182613E-01
   6.697056E+01   1.255579E+02   9.159989E+01  -1.198765E-01
   6.727989E+01   1.249755E+02   9.081480E+01  -1.214875E-01
   6.759065E+01   1.243954E+02   9.003080E+01  -1.230943E-01
   6.790284E+01   1.238179E+02   8.924793E+01  -1.246968E-01
   6.821647E+01   1.232428E+02   8.846620E+01  -1.262950E-01
   6.853156E+01   1.226701E+02   8.768565E+01  -1.278890E-01
   6.884809E+01   1.220999E+02   8.690631E+01  -1.294787E-01
   6.916610E+01   1.215322E+02   8.612820E+01  -1.310640E-01
   6.948557E+01   1.209669E+02   8.535137E+01  -1.326451E-01
   6.980651E+01   1.204040E+02   8.457585E+01  -1.342219E-01
   7.012894E+01   1.198436E+02   8.380167E+01  -1.357943E-01
   7.045286E+01   1.192856E+02   8.302888E+01  -1.373624E-01
   7.077827E+01   1.187300E+02   8.225752E+01  -1.389261E-01
   7.110518E+01   1.181769E+02   8.148763E+01  -1.404855E-01
   7.143361E+01   1.176262E+02   8.071925E+01  -1.420406E-01
   7.176355E+01   1.170779E+02   7.995243E+01  -1.435912E-01
   7.209502E+01   1.165320E+02   7.918722E+01  -1.451375E-01
   7.242802E+01   1.159886E+02   7.842367E+01  -1.466794E-01
   7.276255E+01   1.154476E+02   7.766182E+01  -1.482168E-01
   7.309864E+01   1.149090E+02   7.690174E+01  -1.497498E-01
   7.343627E+01   1.143728E+02   7.614347E+01  -1.512784E-01
   7.377546E+01   1.138391E+02   7.538708E+01  -1.528025E-01
   7.411622E+01   1.133078E+02   7.463261E+01  -1.543222E-01
   7.445856E+01   1.127789E+02   7.388012E+01  -1.558373E-01
   7.480247E+01   1.122524E+02   7.312969E+01  -1.573479E-01
   7.514797E+01   1.117284E+02   7.238136E+01  -1.588540E-01
   7.549507E+01   1.112068E+02   7.163519E+01  -1.603555E-01
   7.584378E+01   1.106876E+02   7.089126E+01  -1.618524E-01
   7.619409E+01   1.101708E+02   7.014963E+01  -1.633447E-01
   7.654602E+01   1.096565E+02   6.941035E+01  -1.648324E-01
   7.689958E+01   1.091446E+02   6.867351E+01  -1.663153E-01
   7.725477E+01   1.086351E+02   6.793916E+01  -1.677936E-01
   7.761160E+01   1.081281E+02   6.720738E+01  -1.692670E-01
   7.797007E+01   1.076235E+02   6.647823E+01  -1.707357E-01
   7.833021E+01   1.071214E+02   6.575178E+01  -1.721996E-01
   7.869201E+01   1.066217E+02   6.502811E+01  -1.736586E-01
   7.905548E+01   1.061244E+02   6.430729E+01  -1.751127E-01
   7.942062E+01   1.056296E+02   6.358939E+01  -1.765618E-01
   7.978746E+01   1.051372E+02   6.287449E+01  -1.780059E-01
   8.015599E+01   1.046473E+02   6.216265E+01  -1.794450E-01
   8.052622E+01   1.041599E+02   6.145395E+01  -1.808789E-01
   8.089816E+01   1.036749E+02   6.074847E+01  -1.823077E-01
   8.127182E+01   1.031924E+02   6.004627E+01  -1.837312E-01
   8.164720E+01   1.027124E+02   5.934745E+01  -1.851495E-01
   8.202432E+01   1.022348E+02   5.865206E+01  -1.865624E-01
   8.240318E+01   1.017597E+02   5.796019E+01  -1.879698E-01
   8.278379E+01   1.012871E+02   5.727191E+01  -1.893718E-01
   8.316616E+01   1.008169E+02   5.658730E+01  -1.907682E-01
   8.355029E+01   1.003493E+02   5.590643E+01  -1.921590E-01
   8.393620E+01   9.988413E+01   5.522937E+01  -1.935440E-01
   8.432389E+01   9.942147E+01   5.455620E+01  -1.949233E-01
   8.471337E+01   9.896131E+01   5.388699E+01  -1.962967E-01
   8.510465E+01   9.850365E+01   5.322182E+01  -1.976641E-01
   8.549774E+01   9.804850E+01   5.256075E+01  -1.990255E-01
   8.589264E+01   9.759586E+01   5.190386E+01  -2.003807E-01
   8.628937E+01   9.714573E+01   5.125122E+01  -2.017298E-01
   8.668793E+01   9.669812E+01   5.060289E+01  -2.030725E-01
   8.708833E+01   9.625303E+01   4.995895E+01  -2.044088E-01
   8.749058E+01   9.581046E+01   4.931946E+01  -2.057386E-01
   8.789469E+01   9.537043E+01   4.868449E+01  -2.070618E-01
   8.830067E+01   9.493292E+01   4.805410E+01  -2.083783E-01
   8.870852E+01   9.449794E+01   4.742836E+01  -2.096880E-01
   8.911825E+01   9.406550E+01   4.680732E+01  -2.109908E-01
   8.952988E+01   9.363559E+01   4.619105E+01  -2.122866E-01
   8.994340E+01   9.320822E+01   4.557960E+01  -2.135752E-01
   9.035884E+01   9.278339E+01   4.497302E+01  -2.148567E-01
   9.077620E+01   9.236110E+01   4.437138E+01  -2.161308E-01
   9.119548E+01   9.194135E+01   4.377473E+01  -2.173975E-01
   9.161670E+01   9.152413E+01   4.318311E+01  -2.186566E-01
   9.203987E+01   9.110946E+01   4.259658E+01  -2.199081E-01
   9.246499E+01   9.069732E+01   4.201517E+01  -2.211519E-01
   9.289207E+01   9.028772E+01   4.143894E+01  -2.223878E-01
   9.332113E+01   8.988065E+01   4.086792E+01  -2.236158E-01
   9.375217E+01   8.947611E+01   4.030215E+01  -2.248357E-01
   9.418520E+01   8.907410E+01   3.974168E+01  -2.260474E-01
   9.462023E+01   8.867460E+01   3.918653E+01  -2.272508E-01
   9.505727E+01   8.827763E+01   3.863674E+01  -2.284459E-01
   9.549632E+01   8.788316E+01   3.809234E+01  -2.296325E-01
   9.593741E+01   8.749119E+01   3.755335E+01  -2.308105E-01
   9.638053E+01   8.710172E+01   3.701981E+01  -2.319799E-01
   9.682570E+01   8.671474E+01   3.649173E+01  -2.331405E-01
   9.727293E+01   8.633024E+01   3.596913E+01  -2.342922E-01
   9.772222E+01   8.594820E+01   3.545204E+01  -2.354350E-01
   9.817359E+01   8.556862E+01   3.494047E+01  -2.365688E-01
   9.862704E+01   8.519149E+01   3.443443E+01  -2.376934E-01
   9.908259E+01   8.481679E+01   3.393393E+01  -2.388089E-01
   9.954024E+01   8.444452E+01   3.343898E+01  -2.399150E-01
   1.000000E+02   8.407465E+01   3.294960E+01  -2.410118E-01
