#============================================================================
# Opacities computed by OpTool        <a^n>=  1.6612E-1  2.1167E-1  3.5518E-1
# Method:   DHS  fmax=  0.700
# Parameters:
#   amin [um]=      0.100 amax [um]=     10.000  na  =   31    apow=   3.5    
#   lmin [um]=      0.100 lmax [um]=    100.000  nlam= 1500    nang=   180
#   porosity =      0.000 p_mantle =      0.000  fmax= 0.70    chop=   0.0
# Composition:
#  Where   mfrac  rho   Material
#  -----   -----  ----  -----------------------------------------------------
#  core    1.000  4.83  fes
#  - - -   - - -  -  -  - - - - - - - - - - - - - - - - - - - - - - - - - - -
#  grain   1.000  4.83  mixture of  1 materials
#----------------------------------------------------------------------------
# Command: optool fes -a 0.1 10 -l 0.1 100 1500 -dhs 0.7
#============================================================================
# Standard output file, no scattering matrix
#    iformat
#    nlambda
#    lambda[um]  kabs [cm^2/g]  ksca [cm^2/g]    g_asymmetry
#============================================================================
           3
        1500
   1.000000E-01   1.616696E+03   3.270303E+03   7.178753E-01
   1.004619E-01   1.616678E+03   3.271440E+03   7.176279E-01
   1.009259E-01   1.616651E+03   3.272589E+03   7.173764E-01
   1.013921E-01   1.616616E+03   3.273757E+03   7.171214E-01
   1.018604E-01   1.616583E+03   3.274932E+03   7.168667E-01
   1.023309E-01   1.616560E+03   3.276098E+03   7.166155E-01
   1.028035E-01   1.616549E+03   3.277246E+03   7.163666E-01
   1.032784E-01   1.616543E+03   3.278378E+03   7.161171E-01
   1.037554E-01   1.616535E+03   3.279510E+03   7.158650E-01
   1.042346E-01   1.616520E+03   3.280655E+03   7.156083E-01
   1.047161E-01   1.616498E+03   3.281811E+03   7.153467E-01
   1.051997E-01   1.616542E+03   3.282912E+03   7.150973E-01
   1.056856E-01   1.616684E+03   3.283921E+03   7.148679E-01
   1.061738E-01   1.616830E+03   3.284914E+03   7.146376E-01
   1.066642E-01   1.616975E+03   3.285901E+03   7.144049E-01
   1.071569E-01   1.617115E+03   3.286892E+03   7.141687E-01
   1.076518E-01   1.617251E+03   3.287889E+03   7.139299E-01
   1.081490E-01   1.617388E+03   3.288889E+03   7.136901E-01
   1.086486E-01   1.617527E+03   3.289888E+03   7.134508E-01
   1.091504E-01   1.617669E+03   3.290882E+03   7.132124E-01
   1.096546E-01   1.617811E+03   3.291869E+03   7.129739E-01
   1.101610E-01   1.617949E+03   3.292855E+03   7.127335E-01
   1.106699E-01   1.618085E+03   3.293846E+03   7.124912E-01
   1.111810E-01   1.618222E+03   3.294844E+03   7.122492E-01
   1.116946E-01   1.618368E+03   3.295850E+03   7.120102E-01
   1.122105E-01   1.618526E+03   3.296853E+03   7.117764E-01
   1.127287E-01   1.618695E+03   3.297845E+03   7.115479E-01
   1.132494E-01   1.618876E+03   3.298818E+03   7.113233E-01
   1.137725E-01   1.619065E+03   3.299771E+03   7.111011E-01
   1.142980E-01   1.619262E+03   3.300709E+03   7.108810E-01
   1.148259E-01   1.619466E+03   3.301640E+03   7.106632E-01
   1.153563E-01   1.619675E+03   3.302575E+03   7.104480E-01
   1.158891E-01   1.619891E+03   3.303513E+03   7.102351E-01
   1.164244E-01   1.620112E+03   3.304444E+03   7.100224E-01
   1.169622E-01   1.620337E+03   3.305365E+03   7.098081E-01
   1.175024E-01   1.620564E+03   3.306282E+03   7.095917E-01
   1.180451E-01   1.620790E+03   3.307204E+03   7.093733E-01
   1.185904E-01   1.621019E+03   3.308128E+03   7.091544E-01
   1.191381E-01   1.621258E+03   3.309040E+03   7.089379E-01
   1.196884E-01   1.621511E+03   3.309928E+03   7.087242E-01
   1.202412E-01   1.621773E+03   3.310789E+03   7.085104E-01
   1.207966E-01   1.622037E+03   3.311632E+03   7.082935E-01
   1.213545E-01   1.622293E+03   3.312474E+03   7.080707E-01
   1.219151E-01   1.622536E+03   3.313328E+03   7.078393E-01
   1.224782E-01   1.622767E+03   3.314195E+03   7.076003E-01
   1.230439E-01   1.622990E+03   3.315066E+03   7.073559E-01
   1.236122E-01   1.623209E+03   3.315933E+03   7.071075E-01
   1.241832E-01   1.623423E+03   3.316800E+03   7.068551E-01
   1.247567E-01   1.623630E+03   3.317673E+03   7.065979E-01
   1.253330E-01   1.623852E+03   3.318531E+03   7.063412E-01
   1.259119E-01   1.624083E+03   3.319380E+03   7.060845E-01
   1.264935E-01   1.624312E+03   3.320239E+03   7.058248E-01
   1.270777E-01   1.624539E+03   3.321106E+03   7.055631E-01
   1.276647E-01   1.624765E+03   3.321982E+03   7.052996E-01
   1.282543E-01   1.624988E+03   3.322867E+03   7.050340E-01
   1.288467E-01   1.625211E+03   3.323762E+03   7.047664E-01
   1.294419E-01   1.625440E+03   3.324665E+03   7.044992E-01
   1.300397E-01   1.625682E+03   3.325572E+03   7.042353E-01
   1.306404E-01   1.625941E+03   3.326476E+03   7.039770E-01
   1.312438E-01   1.626221E+03   3.327371E+03   7.037255E-01
   1.318500E-01   1.626518E+03   3.328249E+03   7.034795E-01
   1.324590E-01   1.626832E+03   3.329109E+03   7.032375E-01
   1.330708E-01   1.627161E+03   3.329949E+03   7.029991E-01
   1.336854E-01   1.627508E+03   3.330770E+03   7.027650E-01
   1.343029E-01   1.627872E+03   3.331576E+03   7.025362E-01
   1.349232E-01   1.628254E+03   3.332371E+03   7.023132E-01
   1.355464E-01   1.628650E+03   3.333150E+03   7.020946E-01
   1.361725E-01   1.629061E+03   3.333910E+03   7.018782E-01
   1.368015E-01   1.629482E+03   3.334650E+03   7.016626E-01
   1.374333E-01   1.629910E+03   3.335380E+03   7.014472E-01
   1.380681E-01   1.630342E+03   3.336104E+03   7.012321E-01
   1.387058E-01   1.630785E+03   3.336817E+03   7.010189E-01
   1.393465E-01   1.631240E+03   3.337509E+03   7.008092E-01
   1.399901E-01   1.631708E+03   3.338174E+03   7.006015E-01
   1.406367E-01   1.632251E+03   3.338742E+03   7.004085E-01
   1.412863E-01   1.632796E+03   3.339294E+03   7.002130E-01
   1.419389E-01   1.633336E+03   3.339845E+03   7.000122E-01
   1.425945E-01   1.633866E+03   3.340405E+03   6.998050E-01
   1.432531E-01   1.634391E+03   3.340970E+03   6.995930E-01
   1.439148E-01   1.634913E+03   3.341534E+03   6.993777E-01
   1.445795E-01   1.635433E+03   3.342093E+03   6.991597E-01
   1.452473E-01   1.635950E+03   3.342654E+03   6.989381E-01
   1.459182E-01   1.636459E+03   3.343225E+03   6.987115E-01
   1.465922E-01   1.636962E+03   3.343810E+03   6.984797E-01
   1.472692E-01   1.637460E+03   3.344412E+03   6.982435E-01
   1.479495E-01   1.637956E+03   3.345028E+03   6.980042E-01
   1.486328E-01   1.638454E+03   3.345658E+03   6.977631E-01
   1.493193E-01   1.638952E+03   3.346303E+03   6.975203E-01
   1.500090E-01   1.639451E+03   3.346962E+03   6.972756E-01
   1.507019E-01   1.639954E+03   3.347636E+03   6.970301E-01
   1.513980E-01   1.640467E+03   3.348318E+03   6.967857E-01
   1.520973E-01   1.640995E+03   3.349006E+03   6.965446E-01
   1.527998E-01   1.641542E+03   3.349694E+03   6.963084E-01
   1.535056E-01   1.642107E+03   3.350379E+03   6.960761E-01
   1.542146E-01   1.642685E+03   3.351059E+03   6.958461E-01
   1.549269E-01   1.643276E+03   3.351734E+03   6.956174E-01
   1.556425E-01   1.643984E+03   3.352324E+03   6.954091E-01
   1.563614E-01   1.644722E+03   3.352896E+03   6.952060E-01
   1.570836E-01   1.645476E+03   3.353459E+03   6.950069E-01
   1.578091E-01   1.646245E+03   3.354016E+03   6.948112E-01
   1.585380E-01   1.647026E+03   3.354562E+03   6.946165E-01
   1.592703E-01   1.647814E+03   3.355098E+03   6.944205E-01
   1.600059E-01   1.648606E+03   3.355630E+03   6.942218E-01
   1.607450E-01   1.649397E+03   3.356167E+03   6.940198E-01
   1.614874E-01   1.650188E+03   3.356711E+03   6.938152E-01
   1.622333E-01   1.650983E+03   3.357253E+03   6.936098E-01
   1.629827E-01   1.651784E+03   3.357788E+03   6.934039E-01
   1.637355E-01   1.652590E+03   3.358314E+03   6.931960E-01
   1.644917E-01   1.653395E+03   3.358835E+03   6.929849E-01
   1.652515E-01   1.654195E+03   3.359360E+03   6.927683E-01
   1.660148E-01   1.654985E+03   3.359903E+03   6.925443E-01
   1.667816E-01   1.655765E+03   3.360468E+03   6.923137E-01
   1.675519E-01   1.656538E+03   3.361049E+03   6.920782E-01
   1.683258E-01   1.657309E+03   3.361642E+03   6.918392E-01
   1.691033E-01   1.658076E+03   3.362248E+03   6.915969E-01
   1.698844E-01   1.658839E+03   3.362874E+03   6.913510E-01
   1.706690E-01   1.659598E+03   3.363524E+03   6.911010E-01
   1.714573E-01   1.660354E+03   3.364199E+03   6.908477E-01
   1.722493E-01   1.661113E+03   3.364900E+03   6.905928E-01
   1.730449E-01   1.661877E+03   3.365622E+03   6.903383E-01
   1.738442E-01   1.662649E+03   3.366366E+03   6.900850E-01
   1.746471E-01   1.663429E+03   3.367132E+03   6.898329E-01
   1.754538E-01   1.664230E+03   3.367935E+03   6.895834E-01
   1.762642E-01   1.665055E+03   3.368769E+03   6.893383E-01
   1.770783E-01   1.665902E+03   3.369613E+03   6.890996E-01
   1.778962E-01   1.666776E+03   3.370461E+03   6.888695E-01
   1.787179E-01   1.667676E+03   3.371309E+03   6.886487E-01
   1.795434E-01   1.668601E+03   3.372153E+03   6.884354E-01
   1.803727E-01   1.669548E+03   3.372993E+03   6.882285E-01
   1.812058E-01   1.670515E+03   3.373828E+03   6.880275E-01
   1.820428E-01   1.671507E+03   3.374652E+03   6.878332E-01
   1.828836E-01   1.672524E+03   3.375463E+03   6.876471E-01
   1.837283E-01   1.673564E+03   3.376261E+03   6.874695E-01
   1.845769E-01   1.674624E+03   3.377045E+03   6.872982E-01
   1.854295E-01   1.675699E+03   3.377811E+03   6.871305E-01
   1.862860E-01   1.676782E+03   3.378564E+03   6.869639E-01
   1.871464E-01   1.677869E+03   3.379310E+03   6.867967E-01
   1.880108E-01   1.678956E+03   3.380055E+03   6.866280E-01
   1.888792E-01   1.680043E+03   3.380797E+03   6.864579E-01
   1.897516E-01   1.681129E+03   3.381530E+03   6.862861E-01
   1.906280E-01   1.682213E+03   3.382251E+03   6.861107E-01
   1.915085E-01   1.683289E+03   3.382962E+03   6.859295E-01
   1.923931E-01   1.684352E+03   3.383670E+03   6.857398E-01
   1.932817E-01   1.685393E+03   3.384387E+03   6.855388E-01
   1.941745E-01   1.686410E+03   3.385125E+03   6.853252E-01
   1.950713E-01   1.687403E+03   3.385884E+03   6.850995E-01
   1.959723E-01   1.688374E+03   3.386662E+03   6.848629E-01
   1.968775E-01   1.689324E+03   3.387460E+03   6.846161E-01
   1.977869E-01   1.690253E+03   3.388285E+03   6.843592E-01
   1.987004E-01   1.691159E+03   3.389144E+03   6.840920E-01
   1.996182E-01   1.692044E+03   3.390042E+03   6.838149E-01
   2.005402E-01   1.692852E+03   3.391025E+03   6.835185E-01
   2.014665E-01   1.693607E+03   3.392081E+03   6.832082E-01
   2.023970E-01   1.694352E+03   3.393174E+03   6.828935E-01
   2.033319E-01   1.695088E+03   3.394304E+03   6.825751E-01
   2.042710E-01   1.695816E+03   3.395476E+03   6.822535E-01
   2.052145E-01   1.696541E+03   3.396688E+03   6.819305E-01
   2.061624E-01   1.697269E+03   3.397935E+03   6.816084E-01
   2.071146E-01   1.698009E+03   3.399210E+03   6.812904E-01
   2.080713E-01   1.698764E+03   3.400506E+03   6.809786E-01
   2.090323E-01   1.699537E+03   3.401819E+03   6.806729E-01
   2.099978E-01   1.700325E+03   3.403149E+03   6.803725E-01
   2.109678E-01   1.701128E+03   3.404495E+03   6.800771E-01
   2.119422E-01   1.701950E+03   3.405854E+03   6.797870E-01
   2.129212E-01   1.702793E+03   3.407219E+03   6.795043E-01
   2.139046E-01   1.703661E+03   3.408588E+03   6.792304E-01
   2.148926E-01   1.704552E+03   3.409955E+03   6.789647E-01
   2.158852E-01   1.705463E+03   3.411318E+03   6.787047E-01
   2.168823E-01   1.706387E+03   3.412675E+03   6.784480E-01
   2.178841E-01   1.707321E+03   3.414030E+03   6.781924E-01
   2.188905E-01   1.708258E+03   3.415386E+03   6.779361E-01
   2.199015E-01   1.709196E+03   3.416744E+03   6.776783E-01
   2.209172E-01   1.710099E+03   3.418090E+03   6.774138E-01
   2.219376E-01   1.710996E+03   3.419426E+03   6.771447E-01
   2.229627E-01   1.711884E+03   3.420748E+03   6.768693E-01
   2.239925E-01   1.712759E+03   3.422059E+03   6.765848E-01
   2.250271E-01   1.713613E+03   3.423362E+03   6.762883E-01
   2.260665E-01   1.714438E+03   3.424668E+03   6.759772E-01
   2.271106E-01   1.715233E+03   3.425979E+03   6.756510E-01
   2.281596E-01   1.715997E+03   3.427294E+03   6.753100E-01
   2.292135E-01   1.716733E+03   3.428611E+03   6.749549E-01
   2.302722E-01   1.717438E+03   3.429934E+03   6.745864E-01
   2.313358E-01   1.718114E+03   3.431269E+03   6.742046E-01
   2.324043E-01   1.718758E+03   3.432621E+03   6.738101E-01
   2.334777E-01   1.719376E+03   3.433993E+03   6.734039E-01
   2.345562E-01   1.719970E+03   3.435386E+03   6.729883E-01
   2.356395E-01   1.720544E+03   3.436798E+03   6.725656E-01
   2.367279E-01   1.721102E+03   3.438230E+03   6.721372E-01
   2.378213E-01   1.721644E+03   3.439686E+03   6.717038E-01
   2.389198E-01   1.722172E+03   3.441169E+03   6.712666E-01
   2.400234E-01   1.722691E+03   3.442680E+03   6.708276E-01
   2.411320E-01   1.723209E+03   3.444212E+03   6.703898E-01
   2.422458E-01   1.723732E+03   3.445759E+03   6.699561E-01
   2.433647E-01   1.724265E+03   3.447317E+03   6.695277E-01
   2.444887E-01   1.724808E+03   3.448886E+03   6.691044E-01
   2.456180E-01   1.725362E+03   3.450467E+03   6.686861E-01
   2.467525E-01   1.725927E+03   3.452062E+03   6.682729E-01
   2.478922E-01   1.726509E+03   3.453666E+03   6.678664E-01
   2.490372E-01   1.727113E+03   3.455275E+03   6.674692E-01
   2.501874E-01   1.727760E+03   3.456874E+03   6.670854E-01
   2.513430E-01   1.728521E+03   3.458409E+03   6.667279E-01
   2.525040E-01   1.729304E+03   3.459941E+03   6.663785E-01
   2.536702E-01   1.730108E+03   3.461473E+03   6.660356E-01
   2.548419E-01   1.730929E+03   3.463011E+03   6.656982E-01
   2.560190E-01   1.731766E+03   3.464556E+03   6.653658E-01
   2.572015E-01   1.732618E+03   3.466107E+03   6.650384E-01
   2.583895E-01   1.733485E+03   3.467658E+03   6.647151E-01
   2.595830E-01   1.734365E+03   3.469207E+03   6.643948E-01
   2.607819E-01   1.735255E+03   3.470753E+03   6.640760E-01
   2.619865E-01   1.736150E+03   3.472297E+03   6.637567E-01
   2.631965E-01   1.737043E+03   3.473846E+03   6.634346E-01
   2.644122E-01   1.737931E+03   3.475405E+03   6.631084E-01
   2.656335E-01   1.738812E+03   3.476974E+03   6.627779E-01
   2.668604E-01   1.739686E+03   3.478551E+03   6.624431E-01
   2.680930E-01   1.740553E+03   3.480137E+03   6.621045E-01
   2.693313E-01   1.741409E+03   3.481734E+03   6.617619E-01
   2.705753E-01   1.742254E+03   3.483347E+03   6.614151E-01
   2.718251E-01   1.743085E+03   3.484980E+03   6.610640E-01
   2.730806E-01   1.743905E+03   3.486632E+03   6.607094E-01
   2.743419E-01   1.744714E+03   3.488302E+03   6.603526E-01
   2.756091E-01   1.745513E+03   3.489989E+03   6.599942E-01
   2.768821E-01   1.746301E+03   3.491693E+03   6.596342E-01
   2.781610E-01   1.747075E+03   3.493417E+03   6.592719E-01
   2.794458E-01   1.747833E+03   3.495163E+03   6.589074E-01
   2.807365E-01   1.748579E+03   3.496925E+03   6.585415E-01
   2.820332E-01   1.749315E+03   3.498698E+03   6.581755E-01
   2.833359E-01   1.750043E+03   3.500473E+03   6.578098E-01
   2.846445E-01   1.750762E+03   3.502246E+03   6.574430E-01
   2.859593E-01   1.751468E+03   3.504016E+03   6.570732E-01
   2.872801E-01   1.752157E+03   3.505784E+03   6.566984E-01
   2.886070E-01   1.752828E+03   3.507549E+03   6.563176E-01
   2.899400E-01   1.753485E+03   3.509304E+03   6.559313E-01
   2.912792E-01   1.754128E+03   3.511043E+03   6.555398E-01
   2.926246E-01   1.754758E+03   3.512763E+03   6.551417E-01
   2.939762E-01   1.755369E+03   3.514459E+03   6.547346E-01
   2.953341E-01   1.755960E+03   3.516133E+03   6.543158E-01
   2.966982E-01   1.756526E+03   3.517787E+03   6.538832E-01
   2.980686E-01   1.757065E+03   3.519425E+03   6.534354E-01
   2.994453E-01   1.757578E+03   3.521049E+03   6.529717E-01
   3.008284E-01   1.758126E+03   3.522638E+03   6.525008E-01
   3.022179E-01   1.758690E+03   3.524197E+03   6.520185E-01
   3.036138E-01   1.759229E+03   3.525738E+03   6.515183E-01
   3.050162E-01   1.759743E+03   3.527266E+03   6.509998E-01
   3.064250E-01   1.760234E+03   3.528784E+03   6.504629E-01
   3.078404E-01   1.760703E+03   3.530303E+03   6.499086E-01
   3.092622E-01   1.761153E+03   3.531828E+03   6.493389E-01
   3.106907E-01   1.761591E+03   3.533362E+03   6.487571E-01
   3.121257E-01   1.762023E+03   3.534907E+03   6.481668E-01
   3.135674E-01   1.762454E+03   3.536465E+03   6.475713E-01
   3.150157E-01   1.762885E+03   3.538043E+03   6.469732E-01
   3.164707E-01   1.763319E+03   3.539645E+03   6.463741E-01
   3.179325E-01   1.763759E+03   3.541281E+03   6.457751E-01
   3.194010E-01   1.764211E+03   3.542962E+03   6.451771E-01
   3.208762E-01   1.764669E+03   3.544668E+03   6.445828E-01
   3.223583E-01   1.765133E+03   3.546399E+03   6.439921E-01
   3.238473E-01   1.765600E+03   3.548155E+03   6.434046E-01
   3.253431E-01   1.766067E+03   3.549941E+03   6.428194E-01
   3.268458E-01   1.766534E+03   3.551757E+03   6.422365E-01
   3.283555E-01   1.767003E+03   3.553597E+03   6.416566E-01
   3.298721E-01   1.767476E+03   3.555454E+03   6.410803E-01
   3.313957E-01   1.767953E+03   3.557325E+03   6.405066E-01
   3.329264E-01   1.768431E+03   3.559205E+03   6.399340E-01
   3.344641E-01   1.768905E+03   3.561096E+03   6.393605E-01
   3.360090E-01   1.769374E+03   3.562999E+03   6.387844E-01
   3.375610E-01   1.769838E+03   3.564910E+03   6.382054E-01
   3.391201E-01   1.770300E+03   3.566823E+03   6.376241E-01
   3.406865E-01   1.770760E+03   3.568734E+03   6.370399E-01
   3.422601E-01   1.771215E+03   3.570637E+03   6.364509E-01
   3.438409E-01   1.771662E+03   3.572531E+03   6.358550E-01
   3.454291E-01   1.772098E+03   3.574416E+03   6.352498E-01
   3.470246E-01   1.772519E+03   3.576296E+03   6.346339E-01
   3.486274E-01   1.772926E+03   3.578171E+03   6.340063E-01
   3.502377E-01   1.773297E+03   3.580053E+03   6.333628E-01
   3.518554E-01   1.773542E+03   3.582008E+03   6.326842E-01
   3.534806E-01   1.773772E+03   3.583953E+03   6.319924E-01
   3.551133E-01   1.773987E+03   3.585888E+03   6.312871E-01
   3.567535E-01   1.774189E+03   3.587815E+03   6.305681E-01
   3.584013E-01   1.774377E+03   3.589739E+03   6.298359E-01
   3.600567E-01   1.774553E+03   3.591664E+03   6.290919E-01
   3.617198E-01   1.774721E+03   3.593593E+03   6.283381E-01
   3.633905E-01   1.774888E+03   3.595525E+03   6.275775E-01
   3.650690E-01   1.775056E+03   3.597461E+03   6.268128E-01
   3.667552E-01   1.775229E+03   3.599403E+03   6.260468E-01
   3.684492E-01   1.775407E+03   3.601354E+03   6.252811E-01
   3.701510E-01   1.775592E+03   3.603315E+03   6.245168E-01
   3.718607E-01   1.775784E+03   3.605287E+03   6.237555E-01
   3.735783E-01   1.775984E+03   3.607267E+03   6.229984E-01
   3.753038E-01   1.776192E+03   3.609253E+03   6.222457E-01
   3.770372E-01   1.776405E+03   3.611243E+03   6.214972E-01
   3.787787E-01   1.776620E+03   3.613241E+03   6.207520E-01
   3.805283E-01   1.776834E+03   3.615246E+03   6.200094E-01
   3.822859E-01   1.777048E+03   3.617256E+03   6.192696E-01
   3.840516E-01   1.777262E+03   3.619266E+03   6.185331E-01
   3.858255E-01   1.777477E+03   3.621271E+03   6.177993E-01
   3.876076E-01   1.777691E+03   3.623266E+03   6.170670E-01
   3.893979E-01   1.777900E+03   3.625251E+03   6.163347E-01
   3.911965E-01   1.778101E+03   3.627225E+03   6.156006E-01
   3.930034E-01   1.778292E+03   3.629190E+03   6.148634E-01
   3.948186E-01   1.778474E+03   3.631141E+03   6.141232E-01
   3.966422E-01   1.778649E+03   3.633073E+03   6.133799E-01
   3.984743E-01   1.778815E+03   3.634982E+03   6.126320E-01
   4.003148E-01   1.778935E+03   3.636877E+03   6.118729E-01
   4.021638E-01   1.778868E+03   3.638801E+03   6.110806E-01
   4.040213E-01   1.778784E+03   3.640702E+03   6.102782E-01
   4.058874E-01   1.778681E+03   3.642580E+03   6.094646E-01
   4.077622E-01   1.778558E+03   3.644435E+03   6.086388E-01
   4.096456E-01   1.778417E+03   3.646267E+03   6.078001E-01
   4.115377E-01   1.778256E+03   3.648074E+03   6.069475E-01
   4.134385E-01   1.778077E+03   3.649857E+03   6.060806E-01
   4.153481E-01   1.777879E+03   3.651616E+03   6.051988E-01
   4.172666E-01   1.777664E+03   3.653355E+03   6.043021E-01
   4.191939E-01   1.777433E+03   3.655078E+03   6.033910E-01
   4.211301E-01   1.777189E+03   3.656788E+03   6.024665E-01
   4.230752E-01   1.776936E+03   3.658487E+03   6.015301E-01
   4.250294E-01   1.776679E+03   3.660176E+03   6.005842E-01
   4.269925E-01   1.776422E+03   3.661858E+03   5.996308E-01
   4.289648E-01   1.776167E+03   3.663535E+03   5.986715E-01
   4.309461E-01   1.775915E+03   3.665211E+03   5.977074E-01
   4.329366E-01   1.775669E+03   3.666889E+03   5.967398E-01
   4.349363E-01   1.775430E+03   3.668568E+03   5.957697E-01
   4.369452E-01   1.775199E+03   3.670248E+03   5.947975E-01
   4.389634E-01   1.774975E+03   3.671930E+03   5.938234E-01
   4.409909E-01   1.774757E+03   3.673615E+03   5.928468E-01
   4.430278E-01   1.774542E+03   3.675307E+03   5.918670E-01
   4.450741E-01   1.774330E+03   3.677007E+03   5.908837E-01
   4.471298E-01   1.774121E+03   3.678715E+03   5.898970E-01
   4.491950E-01   1.773917E+03   3.680427E+03   5.889071E-01
   4.512698E-01   1.773773E+03   3.682086E+03   5.879240E-01
   4.533542E-01   1.773666E+03   3.683711E+03   5.869428E-01
   4.554482E-01   1.773560E+03   3.685339E+03   5.859552E-01
   4.575518E-01   1.773451E+03   3.686974E+03   5.849599E-01
   4.596652E-01   1.773340E+03   3.688615E+03   5.839564E-01
   4.617883E-01   1.773229E+03   3.690261E+03   5.829447E-01
   4.639213E-01   1.773119E+03   3.691907E+03   5.819247E-01
   4.660641E-01   1.773008E+03   3.693551E+03   5.808953E-01
   4.682168E-01   1.772895E+03   3.695193E+03   5.798549E-01
   4.703794E-01   1.772778E+03   3.696832E+03   5.788018E-01
   4.725520E-01   1.772654E+03   3.698472E+03   5.777347E-01
   4.747347E-01   1.772524E+03   3.700113E+03   5.766528E-01
   4.769274E-01   1.772386E+03   3.701754E+03   5.755553E-01
   4.791303E-01   1.772243E+03   3.703395E+03   5.744418E-01
   4.813433E-01   1.772094E+03   3.705036E+03   5.733115E-01
   4.835666E-01   1.771939E+03   3.706677E+03   5.721640E-01
   4.858001E-01   1.771780E+03   3.708318E+03   5.709991E-01
   4.880440E-01   1.771617E+03   3.709963E+03   5.698172E-01
   4.902982E-01   1.771453E+03   3.711615E+03   5.686187E-01
   4.925628E-01   1.771291E+03   3.713275E+03   5.674047E-01
   4.948379E-01   1.771135E+03   3.714943E+03   5.661771E-01
   4.971235E-01   1.770989E+03   3.716622E+03   5.649378E-01
   4.994197E-01   1.770857E+03   3.718313E+03   5.636886E-01
   5.017264E-01   1.770739E+03   3.720018E+03   5.624309E-01
   5.040438E-01   1.770639E+03   3.721740E+03   5.611662E-01
   5.063720E-01   1.770559E+03   3.723481E+03   5.598956E-01
   5.087108E-01   1.770498E+03   3.725238E+03   5.586203E-01
   5.110605E-01   1.770459E+03   3.727013E+03   5.573408E-01
   5.134210E-01   1.770439E+03   3.728804E+03   5.560571E-01
   5.157925E-01   1.770438E+03   3.730615E+03   5.547690E-01
   5.181748E-01   1.770454E+03   3.732446E+03   5.534761E-01
   5.205682E-01   1.770485E+03   3.734299E+03   5.521788E-01
   5.229727E-01   1.770534E+03   3.736172E+03   5.508772E-01
   5.253882E-01   1.770600E+03   3.738061E+03   5.495715E-01
   5.278149E-01   1.770683E+03   3.739963E+03   5.482613E-01
   5.302528E-01   1.770812E+03   3.741870E+03   5.469494E-01
   5.327020E-01   1.771211E+03   3.743712E+03   5.456624E-01
   5.351625E-01   1.771623E+03   3.745568E+03   5.443687E-01
   5.376343E-01   1.772048E+03   3.747439E+03   5.430683E-01
   5.401176E-01   1.772489E+03   3.749319E+03   5.417615E-01
   5.426123E-01   1.772944E+03   3.751205E+03   5.404482E-01
   5.451186E-01   1.773414E+03   3.753094E+03   5.391274E-01
   5.476364E-01   1.773895E+03   3.754984E+03   5.377978E-01
   5.501659E-01   1.774386E+03   3.756875E+03   5.364583E-01
   5.527070E-01   1.774885E+03   3.758768E+03   5.351083E-01
   5.552599E-01   1.775391E+03   3.760660E+03   5.337472E-01
   5.578246E-01   1.775905E+03   3.762549E+03   5.323748E-01
   5.604011E-01   1.776428E+03   3.764434E+03   5.309907E-01
   5.629895E-01   1.776958E+03   3.766313E+03   5.295946E-01
   5.655899E-01   1.777496E+03   3.768185E+03   5.281864E-01
   5.682023E-01   1.778044E+03   3.770050E+03   5.267663E-01
   5.708268E-01   1.778645E+03   3.771908E+03   5.253398E-01
   5.734634E-01   1.779356E+03   3.773760E+03   5.239140E-01
   5.761121E-01   1.780084E+03   3.775603E+03   5.224801E-01
   5.787731E-01   1.780832E+03   3.777436E+03   5.210399E-01
   5.814464E-01   1.781603E+03   3.779258E+03   5.195953E-01
   5.841320E-01   1.782400E+03   3.781070E+03   5.181480E-01
   5.868300E-01   1.783225E+03   3.782873E+03   5.166997E-01
   5.895405E-01   1.784079E+03   3.784666E+03   5.152518E-01
   5.922636E-01   1.784963E+03   3.786447E+03   5.138056E-01
   5.949991E-01   1.785878E+03   3.788216E+03   5.123619E-01
   5.977474E-01   1.786823E+03   3.789969E+03   5.109215E-01
   6.005083E-01   1.787797E+03   3.791706E+03   5.094842E-01
   6.032820E-01   1.788799E+03   3.793427E+03   5.080502E-01
   6.060685E-01   1.789826E+03   3.795132E+03   5.066197E-01
   6.088678E-01   1.790879E+03   3.796819E+03   5.051931E-01
   6.116801E-01   1.791958E+03   3.798483E+03   5.037707E-01
   6.145054E-01   1.793062E+03   3.800122E+03   5.023525E-01
   6.173437E-01   1.794190E+03   3.801733E+03   5.009383E-01
   6.201951E-01   1.795339E+03   3.803313E+03   4.995274E-01
   6.230597E-01   1.796507E+03   3.804865E+03   4.981193E-01
   6.259376E-01   1.797694E+03   3.806385E+03   4.967141E-01
   6.288287E-01   1.798899E+03   3.807870E+03   4.953120E-01
   6.317332E-01   1.800123E+03   3.809317E+03   4.939132E-01
   6.346511E-01   1.801365E+03   3.810721E+03   4.925173E-01
   6.375825E-01   1.802623E+03   3.812080E+03   4.911236E-01
   6.405274E-01   1.803893E+03   3.813392E+03   4.897312E-01
   6.434859E-01   1.805175E+03   3.814657E+03   4.883396E-01
   6.464581E-01   1.806467E+03   3.815872E+03   4.869484E-01
   6.494440E-01   1.807769E+03   3.817036E+03   4.855575E-01
   6.524437E-01   1.808697E+03   3.818315E+03   4.841320E-01
   6.554572E-01   1.809539E+03   3.819579E+03   4.826985E-01
   6.584847E-01   1.810382E+03   3.820790E+03   4.812652E-01
   6.615262E-01   1.811227E+03   3.821946E+03   4.798321E-01
   6.645817E-01   1.812073E+03   3.823048E+03   4.783997E-01
   6.676513E-01   1.812921E+03   3.824094E+03   4.769689E-01
   6.707351E-01   1.813773E+03   3.825085E+03   4.755406E-01
   6.738331E-01   1.814631E+03   3.826020E+03   4.741160E-01
   6.769455E-01   1.815497E+03   3.826897E+03   4.726965E-01
   6.800722E-01   1.816372E+03   3.827716E+03   4.712835E-01
   6.832134E-01   1.817258E+03   3.828478E+03   4.698782E-01
   6.863691E-01   1.818156E+03   3.829183E+03   4.684817E-01
   6.895393E-01   1.819066E+03   3.829830E+03   4.670952E-01
   6.927242E-01   1.819989E+03   3.830417E+03   4.657194E-01
   6.959238E-01   1.820925E+03   3.830943E+03   4.643548E-01
   6.991382E-01   1.821873E+03   3.831407E+03   4.630017E-01
   7.023674E-01   1.822830E+03   3.831811E+03   4.616600E-01
   7.056116E-01   1.823796E+03   3.832153E+03   4.603298E-01
   7.088707E-01   1.824771E+03   3.832433E+03   4.590113E-01
   7.121449E-01   1.825752E+03   3.832649E+03   4.577045E-01
   7.154342E-01   1.826741E+03   3.832801E+03   4.564094E-01
   7.187387E-01   1.827736E+03   3.832886E+03   4.551259E-01
   7.220585E-01   1.828734E+03   3.832903E+03   4.538535E-01
   7.253936E-01   1.829734E+03   3.832853E+03   4.525917E-01
   7.287441E-01   1.830735E+03   3.832736E+03   4.513401E-01
   7.321101E-01   1.831007E+03   3.832850E+03   4.500029E-01
   7.354916E-01   1.830841E+03   3.833078E+03   4.486179E-01
   7.388887E-01   1.830671E+03   3.833239E+03   4.472415E-01
   7.423016E-01   1.830497E+03   3.833333E+03   4.458734E-01
   7.457302E-01   1.830316E+03   3.833359E+03   4.445129E-01
   7.491746E-01   1.830127E+03   3.833317E+03   4.431596E-01
   7.526350E-01   1.829929E+03   3.833208E+03   4.418130E-01
   7.561113E-01   1.829720E+03   3.833030E+03   4.404728E-01
   7.596037E-01   1.829502E+03   3.832784E+03   4.391389E-01
   7.631122E-01   1.829274E+03   3.832469E+03   4.378109E-01
   7.666369E-01   1.829034E+03   3.832085E+03   4.364887E-01
   7.701779E-01   1.828784E+03   3.831631E+03   4.351723E-01
   7.737353E-01   1.828523E+03   3.831107E+03   4.338615E-01
   7.773091E-01   1.828252E+03   3.830513E+03   4.325568E-01
   7.808994E-01   1.827972E+03   3.829851E+03   4.312583E-01
   7.845062E-01   1.827684E+03   3.829119E+03   4.299667E-01
   7.881298E-01   1.827390E+03   3.828317E+03   4.286825E-01
   7.917700E-01   1.827091E+03   3.827446E+03   4.274065E-01
   7.954271E-01   1.826788E+03   3.826506E+03   4.261394E-01
   7.991011E-01   1.826483E+03   3.825497E+03   4.248820E-01
   8.027921E-01   1.826176E+03   3.824420E+03   4.236349E-01
   8.065001E-01   1.825870E+03   3.823275E+03   4.223988E-01
   8.102252E-01   1.825564E+03   3.822062E+03   4.211742E-01
   8.139675E-01   1.825259E+03   3.820780E+03   4.199613E-01
   8.177271E-01   1.824953E+03   3.819430E+03   4.187602E-01
   8.215041E-01   1.824647E+03   3.818013E+03   4.175709E-01
   8.252985E-01   1.824340E+03   3.816528E+03   4.163933E-01
   8.291105E-01   1.824031E+03   3.814978E+03   4.152274E-01
   8.329400E-01   1.823720E+03   3.813360E+03   4.140733E-01
   8.367873E-01   1.823407E+03   3.811675E+03   4.129308E-01
   8.406523E-01   1.823091E+03   3.809922E+03   4.117997E-01
   8.445352E-01   1.822770E+03   3.808103E+03   4.106796E-01
   8.484360E-01   1.822444E+03   3.806217E+03   4.095700E-01
   8.523548E-01   1.822026E+03   3.804236E+03   4.084258E-01
   8.562917E-01   1.821547E+03   3.802170E+03   4.072616E-01
   8.602468E-01   1.821065E+03   3.800035E+03   4.061071E-01
   8.642202E-01   1.820579E+03   3.797832E+03   4.049619E-01
   8.682119E-01   1.820089E+03   3.795561E+03   4.038258E-01
   8.722221E-01   1.819593E+03   3.793221E+03   4.026983E-01
   8.762508E-01   1.819091E+03   3.790815E+03   4.015789E-01
   8.802981E-01   1.818581E+03   3.788342E+03   4.004671E-01
   8.843641E-01   1.818064E+03   3.785803E+03   3.993627E-01
   8.884488E-01   1.817539E+03   3.783199E+03   3.982654E-01
   8.925525E-01   1.817006E+03   3.780530E+03   3.971749E-01
   8.966751E-01   1.816465E+03   3.777795E+03   3.960910E-01
   9.008167E-01   1.815915E+03   3.774996E+03   3.950133E-01
   9.049775E-01   1.815358E+03   3.772133E+03   3.939418E-01
   9.091574E-01   1.814793E+03   3.769207E+03   3.928765E-01
   9.133567E-01   1.814221E+03   3.766217E+03   3.918174E-01
   9.175754E-01   1.813644E+03   3.763164E+03   3.907647E-01
   9.218136E-01   1.813061E+03   3.760049E+03   3.897187E-01
   9.260713E-01   1.812476E+03   3.756872E+03   3.886798E-01
   9.303487E-01   1.811889E+03   3.753634E+03   3.876484E-01
   9.346459E-01   1.811301E+03   3.750335E+03   3.866251E-01
   9.389629E-01   1.810714E+03   3.746976E+03   3.856104E-01
   9.432999E-01   1.810129E+03   3.743558E+03   3.846048E-01
   9.476568E-01   1.809546E+03   3.740080E+03   3.836088E-01
   9.520339E-01   1.808967E+03   3.736543E+03   3.826224E-01
   9.564313E-01   1.808391E+03   3.732948E+03   3.816458E-01
   9.608489E-01   1.807819E+03   3.729295E+03   3.806791E-01
   9.652870E-01   1.807250E+03   3.725586E+03   3.797222E-01
   9.697455E-01   1.806684E+03   3.721821E+03   3.787753E-01
   9.742246E-01   1.806122E+03   3.718000E+03   3.778384E-01
   9.787245E-01   1.805563E+03   3.714124E+03   3.769114E-01
   9.832451E-01   1.805007E+03   3.710193E+03   3.759941E-01
   9.877866E-01   1.804454E+03   3.706206E+03   3.750862E-01
   9.923490E-01   1.803901E+03   3.702167E+03   3.741872E-01
   9.969326E-01   1.803349E+03   3.698075E+03   3.732971E-01
   1.001537E+00   1.803153E+03   3.693782E+03   3.724484E-01
   1.006163E+00   1.803676E+03   3.689138E+03   3.716740E-01
   1.010811E+00   1.804207E+03   3.684446E+03   3.709081E-01
   1.015479E+00   1.804743E+03   3.679706E+03   3.701505E-01
   1.020170E+00   1.805286E+03   3.674918E+03   3.694005E-01
   1.024882E+00   1.805832E+03   3.670085E+03   3.686579E-01
   1.029616E+00   1.806382E+03   3.665207E+03   3.679221E-01
   1.034371E+00   1.806935E+03   3.660285E+03   3.671929E-01
   1.039149E+00   1.807491E+03   3.655320E+03   3.664698E-01
   1.043949E+00   1.808048E+03   3.650313E+03   3.657527E-01
   1.048770E+00   1.808608E+03   3.645263E+03   3.650411E-01
   1.053615E+00   1.809168E+03   3.640173E+03   3.643347E-01
   1.058481E+00   1.809730E+03   3.635041E+03   3.636333E-01
   1.063370E+00   1.810294E+03   3.629870E+03   3.629367E-01
   1.068282E+00   1.810859E+03   3.624659E+03   3.622450E-01
   1.073216E+00   1.811426E+03   3.619408E+03   3.615580E-01
   1.078173E+00   1.811995E+03   3.614119E+03   3.608759E-01
   1.083153E+00   1.812568E+03   3.608791E+03   3.601990E-01
   1.088156E+00   1.813145E+03   3.603425E+03   3.595276E-01
   1.093182E+00   1.813728E+03   3.598023E+03   3.588622E-01
   1.098231E+00   1.814316E+03   3.592583E+03   3.582031E-01
   1.103304E+00   1.814911E+03   3.587108E+03   3.575509E-01
   1.108400E+00   1.815514E+03   3.581596E+03   3.569059E-01
   1.113519E+00   1.816124E+03   3.576049E+03   3.562683E-01
   1.118663E+00   1.816741E+03   3.570467E+03   3.556381E-01
   1.123830E+00   1.817365E+03   3.564851E+03   3.550155E-01
   1.129020E+00   1.817995E+03   3.559202E+03   3.544007E-01
   1.134235E+00   1.818631E+03   3.553519E+03   3.537937E-01
   1.139474E+00   1.819273E+03   3.547805E+03   3.531946E-01
   1.144737E+00   1.819920E+03   3.542058E+03   3.526033E-01
   1.150025E+00   1.820574E+03   3.536277E+03   3.520202E-01
   1.155336E+00   1.821974E+03   3.530173E+03   3.515751E-01
   1.160673E+00   1.823367E+03   3.524038E+03   3.511375E-01
   1.166034E+00   1.824752E+03   3.517874E+03   3.507071E-01
   1.171420E+00   1.826127E+03   3.511682E+03   3.502839E-01
   1.176830E+00   1.827489E+03   3.505460E+03   3.498677E-01
   1.182266E+00   1.828839E+03   3.499211E+03   3.494582E-01
   1.187727E+00   1.830173E+03   3.492934E+03   3.490549E-01
   1.193213E+00   1.831488E+03   3.486631E+03   3.486574E-01
   1.198724E+00   1.832783E+03   3.480303E+03   3.482652E-01
   1.204261E+00   1.834056E+03   3.473951E+03   3.478778E-01
   1.209823E+00   1.835304E+03   3.467575E+03   3.474949E-01
   1.215411E+00   1.836525E+03   3.461177E+03   3.471160E-01
   1.221025E+00   1.837719E+03   3.454757E+03   3.467409E-01
   1.226665E+00   1.838882E+03   3.448315E+03   3.463691E-01
   1.232330E+00   1.840015E+03   3.441853E+03   3.460002E-01
   1.238022E+00   1.841114E+03   3.435371E+03   3.456340E-01
   1.243741E+00   1.842180E+03   3.428869E+03   3.452703E-01
   1.249485E+00   1.843211E+03   3.422347E+03   3.449089E-01
   1.255257E+00   1.844207E+03   3.415806E+03   3.445498E-01
   1.261054E+00   1.845167E+03   3.409247E+03   3.441930E-01
   1.266879E+00   1.846090E+03   3.402669E+03   3.438388E-01
   1.272731E+00   1.846977E+03   3.396073E+03   3.434874E-01
   1.278609E+00   1.847827E+03   3.389460E+03   3.431392E-01
   1.284515E+00   1.848642E+03   3.382830E+03   3.427946E-01
   1.290448E+00   1.849419E+03   3.376184E+03   3.424539E-01
   1.296408E+00   1.850160E+03   3.369520E+03   3.421174E-01
   1.302396E+00   1.850793E+03   3.362828E+03   3.418089E-01
   1.308412E+00   1.851274E+03   3.356103E+03   3.415399E-01
   1.314455E+00   1.851702E+03   3.349365E+03   3.412748E-01
   1.320527E+00   1.852076E+03   3.342616E+03   3.410137E-01
   1.326626E+00   1.852398E+03   3.335856E+03   3.407565E-01
   1.332754E+00   1.852666E+03   3.329084E+03   3.405034E-01
   1.338909E+00   1.852880E+03   3.322302E+03   3.402541E-01
   1.345094E+00   1.853038E+03   3.315509E+03   3.400083E-01
   1.351306E+00   1.853066E+03   3.308723E+03   3.397666E-01
   1.357548E+00   1.852751E+03   3.301994E+03   3.395310E-01
   1.363818E+00   1.852373E+03   3.295260E+03   3.392974E-01
   1.370118E+00   1.851932E+03   3.288523E+03   3.390657E-01
   1.376446E+00   1.851428E+03   3.281782E+03   3.388357E-01
   1.382804E+00   1.850861E+03   3.275039E+03   3.386072E-01
   1.389191E+00   1.850230E+03   3.268294E+03   3.383796E-01
   1.395607E+00   1.849535E+03   3.261547E+03   3.381527E-01
   1.402053E+00   1.848381E+03   3.254928E+03   3.379029E-01
   1.408529E+00   1.846310E+03   3.248588E+03   3.376026E-01
   1.415035E+00   1.844171E+03   3.242258E+03   3.373002E-01
   1.421571E+00   1.841964E+03   3.235940E+03   3.369953E-01
   1.428137E+00   1.839690E+03   3.229632E+03   3.366879E-01
   1.434733E+00   1.837349E+03   3.223336E+03   3.363775E-01
   1.441360E+00   1.834942E+03   3.217052E+03   3.360642E-01
   1.448018E+00   1.832470E+03   3.210780E+03   3.357479E-01
   1.454706E+00   1.829933E+03   3.204521E+03   3.354284E-01
   1.461425E+00   1.827334E+03   3.198274E+03   3.351060E-01
   1.468175E+00   1.824674E+03   3.192040E+03   3.347805E-01
   1.474956E+00   1.821954E+03   3.185819E+03   3.344524E-01
   1.481769E+00   1.819175E+03   3.179612E+03   3.341218E-01
   1.488613E+00   1.816339E+03   3.173417E+03   3.337891E-01
   1.495489E+00   1.813448E+03   3.167237E+03   3.334545E-01
   1.502396E+00   1.810502E+03   3.161069E+03   3.331185E-01
   1.509336E+00   1.807504E+03   3.154915E+03   3.327812E-01
   1.516307E+00   1.804454E+03   3.148775E+03   3.324429E-01
   1.523311E+00   1.801353E+03   3.142649E+03   3.321035E-01
   1.530347E+00   1.798055E+03   3.136600E+03   3.317436E-01
   1.537415E+00   1.791873E+03   3.131798E+03   3.310056E-01
   1.544516E+00   1.785657E+03   3.127003E+03   3.302697E-01
   1.551650E+00   1.779409E+03   3.122214E+03   3.295360E-01
   1.558817E+00   1.773128E+03   3.117431E+03   3.288043E-01
   1.566017E+00   1.766815E+03   3.112653E+03   3.280746E-01
   1.573250E+00   1.760470E+03   3.107881E+03   3.273467E-01
   1.580517E+00   1.754093E+03   3.103114E+03   3.266205E-01
   1.587817E+00   1.747683E+03   3.098354E+03   3.258958E-01
   1.595151E+00   1.741242E+03   3.093599E+03   3.251726E-01
   1.602519E+00   1.734768E+03   3.088850E+03   3.244508E-01
   1.609921E+00   1.728263E+03   3.084107E+03   3.237304E-01
   1.617357E+00   1.721726E+03   3.079369E+03   3.230110E-01
   1.624827E+00   1.715157E+03   3.074637E+03   3.222926E-01
   1.632332E+00   1.708556E+03   3.069910E+03   3.215750E-01
   1.639872E+00   1.701924E+03   3.065189E+03   3.208579E-01
   1.647446E+00   1.695260E+03   3.060473E+03   3.201413E-01
   1.655055E+00   1.687741E+03   3.056088E+03   3.191345E-01
   1.662700E+00   1.679808E+03   3.051838E+03   3.179887E-01
   1.670380E+00   1.671885E+03   3.047551E+03   3.168526E-01
   1.678095E+00   1.663973E+03   3.043228E+03   3.157261E-01
   1.685846E+00   1.656071E+03   3.038871E+03   3.146091E-01
   1.693633E+00   1.648181E+03   3.034479E+03   3.135016E-01
   1.701455E+00   1.640303E+03   3.030053E+03   3.124034E-01
   1.709314E+00   1.632437E+03   3.025595E+03   3.113147E-01
   1.717209E+00   1.624583E+03   3.021104E+03   3.102353E-01
   1.725141E+00   1.616743E+03   3.016581E+03   3.091654E-01
   1.733109E+00   1.608917E+03   3.012028E+03   3.081048E-01
   1.741114E+00   1.601106E+03   3.007443E+03   3.070538E-01
   1.749156E+00   1.593310E+03   3.002828E+03   3.060122E-01
   1.757235E+00   1.585529E+03   2.998184E+03   3.049802E-01
   1.765352E+00   1.577764E+03   2.993510E+03   3.039578E-01
   1.773506E+00   1.570016E+03   2.988808E+03   3.029448E-01
   1.781697E+00   1.562285E+03   2.984077E+03   3.019412E-01
   1.789927E+00   1.554571E+03   2.979318E+03   3.009470E-01
   1.798194E+00   1.546874E+03   2.974531E+03   2.999621E-01
   1.806500E+00   1.540951E+03   2.969007E+03   2.988826E-01
   1.814844E+00   1.535494E+03   2.963293E+03   2.977782E-01
   1.823226E+00   1.530007E+03   2.957591E+03   2.966777E-01
   1.831647E+00   1.524492E+03   2.951898E+03   2.955814E-01
   1.840108E+00   1.518949E+03   2.946214E+03   2.944898E-01
   1.848607E+00   1.513378E+03   2.940538E+03   2.934032E-01
   1.857145E+00   1.507780E+03   2.934869E+03   2.923221E-01
   1.865723E+00   1.502154E+03   2.929206E+03   2.912468E-01
   1.874341E+00   1.496500E+03   2.923548E+03   2.901777E-01
   1.882998E+00   1.490820E+03   2.917895E+03   2.891151E-01
   1.891696E+00   1.485112E+03   2.912246E+03   2.880594E-01
   1.900433E+00   1.479690E+03   2.906509E+03   2.870288E-01
   1.909211E+00   1.480237E+03   2.899084E+03   2.863413E-01
   1.918029E+00   1.480682E+03   2.891747E+03   2.856442E-01
   1.926888E+00   1.481028E+03   2.884496E+03   2.849381E-01
   1.935788E+00   1.481277E+03   2.877326E+03   2.842238E-01
   1.944730E+00   1.481432E+03   2.870236E+03   2.835020E-01
   1.953712E+00   1.481495E+03   2.863221E+03   2.827732E-01
   1.962736E+00   1.481469E+03   2.856279E+03   2.820380E-01
   1.971802E+00   1.481355E+03   2.849407E+03   2.812970E-01
   1.980909E+00   1.481156E+03   2.842603E+03   2.805509E-01
   1.990059E+00   1.480872E+03   2.835863E+03   2.798001E-01
   1.999251E+00   1.480508E+03   2.829186E+03   2.790454E-01
   2.008485E+00   1.478827E+03   2.822901E+03   2.781429E-01
   2.017762E+00   1.476953E+03   2.816699E+03   2.772275E-01
   2.027082E+00   1.474996E+03   2.810547E+03   2.763127E-01
   2.036445E+00   1.472959E+03   2.804444E+03   2.753994E-01
   2.045851E+00   1.470842E+03   2.798386E+03   2.744881E-01
   2.055300E+00   1.468648E+03   2.792371E+03   2.735796E-01
   2.064793E+00   1.466380E+03   2.786397E+03   2.726744E-01
   2.074330E+00   1.464038E+03   2.780462E+03   2.717733E-01
   2.083911E+00   1.461625E+03   2.774562E+03   2.708768E-01
   2.093537E+00   1.459141E+03   2.768696E+03   2.699853E-01
   2.103207E+00   1.456588E+03   2.762862E+03   2.690992E-01
   2.112921E+00   1.453968E+03   2.757059E+03   2.682189E-01
   2.122680E+00   1.451281E+03   2.751284E+03   2.673448E-01
   2.132485E+00   1.448529E+03   2.745536E+03   2.664772E-01
   2.142334E+00   1.445712E+03   2.739815E+03   2.656163E-01
   2.152230E+00   1.447821E+03   2.733696E+03   2.647121E-01
   2.162170E+00   1.466044E+03   2.726784E+03   2.635732E-01
   2.172157E+00   1.482492E+03   2.720911E+03   2.623420E-01
   2.182190E+00   1.497090E+03   2.716039E+03   2.610308E-01
   2.192269E+00   1.509782E+03   2.712135E+03   2.596503E-01
   2.202395E+00   1.520539E+03   2.709178E+03   2.582094E-01
   2.212568E+00   1.529362E+03   2.707147E+03   2.567149E-01
   2.222787E+00   1.536281E+03   2.706029E+03   2.551713E-01
   2.233054E+00   1.541345E+03   2.705813E+03   2.535811E-01
   2.243368E+00   1.544605E+03   2.706492E+03   2.519456E-01
   2.253730E+00   1.546106E+03   2.708062E+03   2.502657E-01
   2.264140E+00   1.545873E+03   2.710525E+03   2.485446E-01
   2.274598E+00   1.545440E+03   2.710024E+03   2.474949E-01
   2.285104E+00   1.545373E+03   2.705020E+03   2.473318E-01
   2.295658E+00   1.543710E+03   2.700272E+03   2.471513E-01
   2.306262E+00   1.540610E+03   2.695798E+03   2.469554E-01
   2.316914E+00   1.536597E+03   2.691560E+03   2.467644E-01
   2.327616E+00   1.532488E+03   2.687471E+03   2.465985E-01
   2.338367E+00   1.529137E+03   2.683426E+03   2.464599E-01
   2.349167E+00   1.527141E+03   2.679335E+03   2.463393E-01
   2.360018E+00   1.522043E+03   2.678508E+03   2.455134E-01
   2.370918E+00   1.516948E+03   2.678116E+03   2.446250E-01
   2.381869E+00   1.512260E+03   2.677848E+03   2.437354E-01
   2.392871E+00   1.507939E+03   2.677690E+03   2.428430E-01
   2.403923E+00   1.503847E+03   2.677650E+03   2.419377E-01
   2.415027E+00   1.499817E+03   2.677710E+03   2.410116E-01
   2.426181E+00   1.495685E+03   2.677842E+03   2.400629E-01
   2.437388E+00   1.491297E+03   2.678028E+03   2.390972E-01
   2.448646E+00   1.486516E+03   2.678282E+03   2.381202E-01
   2.459956E+00   1.481248E+03   2.678606E+03   2.371476E-01
   2.471318E+00   1.475359E+03   2.678999E+03   2.361782E-01
   2.482733E+00   1.468583E+03   2.679583E+03   2.352006E-01
   2.494200E+00   1.460567E+03   2.680509E+03   2.342282E-01
   2.505720E+00   1.450851E+03   2.681614E+03   2.333474E-01
   2.517294E+00   1.438097E+03   2.682934E+03   2.325633E-01
   2.528921E+00   1.421039E+03   2.684714E+03   2.317818E-01
   2.540602E+00   1.398964E+03   2.687050E+03   2.309362E-01
   2.552337E+00   1.372331E+03   2.690116E+03   2.299764E-01
   2.564126E+00   1.343333E+03   2.693911E+03   2.289178E-01
   2.575969E+00   1.315122E+03   2.698553E+03   2.277236E-01
   2.587867E+00   1.290836E+03   2.704347E+03   2.264291E-01
   2.599820E+00   1.272673E+03   2.711237E+03   2.251915E-01
   2.611828E+00   1.261176E+03   2.718793E+03   2.241238E-01
   2.623892E+00   1.255349E+03   2.726517E+03   2.232399E-01
   2.636011E+00   1.253184E+03   2.734193E+03   2.224390E-01
   2.648187E+00   1.252803E+03   2.741654E+03   2.217263E-01
   2.660419E+00   1.252929E+03   2.748361E+03   2.211882E-01
   2.672707E+00   1.252668E+03   2.753870E+03   2.207569E-01
   2.685052E+00   1.251581E+03   2.758039E+03   2.202902E-01
   2.697454E+00   1.249690E+03   2.760876E+03   2.196654E-01
   2.709913E+00   1.247445E+03   2.762570E+03   2.188211E-01
   2.722429E+00   1.245389E+03   2.763519E+03   2.178310E-01
   2.735004E+00   1.243488E+03   2.764359E+03   2.168632E-01
   2.747637E+00   1.241212E+03   2.765424E+03   2.160556E-01
   2.760328E+00   1.235705E+03   2.769043E+03   2.153099E-01
   2.773077E+00   1.227625E+03   2.773908E+03   2.146971E-01
   2.785886E+00   1.214056E+03   2.778902E+03   2.143262E-01
   2.798753E+00   1.188082E+03   2.782547E+03   2.141322E-01
   2.811681E+00   1.142409E+03   2.783303E+03   2.140130E-01
   2.824667E+00   1.077787E+03   2.781980E+03   2.136986E-01
   2.837714E+00   1.006678E+03   2.782226E+03   2.128763E-01
   2.850821E+00   9.432999E+02   2.787099E+03   2.114417E-01
   2.863989E+00   8.951532E+02   2.797202E+03   2.097025E-01
   2.877217E+00   8.636227E+02   2.812487E+03   2.079543E-01
   2.890507E+00   8.479611E+02   2.830644E+03   2.064839E-01
   2.903858E+00   8.438454E+02   2.850966E+03   2.050532E-01
   2.917270E+00   8.451468E+02   2.873346E+03   2.036106E-01
   2.930745E+00   8.479561E+02   2.896266E+03   2.023675E-01
   2.944281E+00   8.499433E+02   2.917883E+03   2.014211E-01
   2.957881E+00   8.482306E+02   2.936076E+03   2.005353E-01
   2.971543E+00   8.427235E+02   2.951044E+03   1.995067E-01
   2.985268E+00   8.380746E+02   2.964790E+03   1.990263E-01
   2.999057E+00   8.354403E+02   2.976772E+03   1.992367E-01
   3.012909E+00   8.312161E+02   2.985105E+03   1.993952E-01
   3.026825E+00   8.268781E+02   2.989757E+03   1.989431E-01
   3.040806E+00   8.256015E+02   2.992956E+03   1.975465E-01
   3.054851E+00   8.275815E+02   2.997182E+03   1.958698E-01
   3.068961E+00   8.226519E+02   3.003742E+03   1.943891E-01
   3.083136E+00   8.122893E+02   3.011469E+03   1.934518E-01
   3.097376E+00   8.121930E+02   3.021242E+03   1.929733E-01
   3.111683E+00   8.312527E+02   3.020238E+03   1.929777E-01
   3.126055E+00   8.576847E+02   3.019740E+03   1.936314E-01
   3.140494E+00   8.637328E+02   3.006005E+03   1.959135E-01
   3.155000E+00   8.062484E+02   2.955142E+03   2.001152E-01
   3.169572E+00   7.101346E+02   2.888436E+03   2.035844E-01
   3.184212E+00   6.343609E+02   2.843507E+03   2.046788E-01
   3.198920E+00   5.864507E+02   2.822334E+03   2.034593E-01
   3.213695E+00   5.579013E+02   2.816850E+03   2.014008E-01
   3.228539E+00   5.446773E+02   2.821721E+03   1.994578E-01
   3.243451E+00   5.454009E+02   2.833960E+03   1.978390E-01
   3.258432E+00   5.597358E+02   2.851843E+03   1.963067E-01
   3.273482E+00   5.796237E+02   2.869544E+03   1.946799E-01
   3.288602E+00   5.977603E+02   2.885443E+03   1.935260E-01
   3.303792E+00   6.153203E+02   2.900950E+03   1.933383E-01
   3.319052E+00   6.302829E+02   2.909788E+03   1.929986E-01
   3.334382E+00   6.381242E+02   2.910952E+03   1.922862E-01
   3.349783E+00   6.451183E+02   2.909475E+03   1.919362E-01
   3.365255E+00   6.596601E+02   2.903612E+03   1.924251E-01
   3.380799E+00   6.768690E+02   2.896758E+03   1.934238E-01
   3.396414E+00   6.920125E+02   2.886608E+03   1.941473E-01
   3.412102E+00   7.067542E+02   2.872808E+03   1.944059E-01
   3.427862E+00   7.230698E+02   2.857835E+03   1.936762E-01
   3.443695E+00   7.415551E+02   2.843355E+03   1.927126E-01
   3.459601E+00   7.561362E+02   2.830449E+03   1.920808E-01
   3.475580E+00   7.618320E+02   2.818678E+03   1.919640E-01
   3.491634E+00   7.715696E+02   2.806690E+03   1.922216E-01
   3.507761E+00   7.867118E+02   2.795391E+03   1.924145E-01
   3.523963E+00   8.041615E+02   2.785928E+03   1.927792E-01
   3.540240E+00   8.220962E+02   2.776890E+03   1.938241E-01
   3.556592E+00   8.258911E+02   2.758956E+03   1.956830E-01
   3.573019E+00   7.942276E+02   2.721776E+03   1.986705E-01
   3.589523E+00   7.314790E+02   2.672505E+03   2.017053E-01
   3.606102E+00   6.676754E+02   2.630644E+03   2.034248E-01
   3.622758E+00   6.203686E+02   2.604724E+03   2.035351E-01
   3.639491E+00   5.888658E+02   2.590698E+03   2.023146E-01
   3.656302E+00   5.701226E+02   2.584628E+03   2.005853E-01
   3.673190E+00   5.620973E+02   2.584705E+03   1.990504E-01
   3.690156E+00   5.639939E+02   2.589521E+03   1.978742E-01
   3.707200E+00   5.752604E+02   2.596764E+03   1.965320E-01
   3.724323E+00   5.917298E+02   2.604960E+03   1.951882E-01
   3.741525E+00   6.085027E+02   2.613174E+03   1.940394E-01
   3.758807E+00   6.235881E+02   2.621358E+03   1.931360E-01
   3.776169E+00   6.372505E+02   2.627813E+03   1.925477E-01
   3.793610E+00   6.487985E+02   2.630099E+03   1.921222E-01
   3.811132E+00   6.577146E+02   2.628973E+03   1.918188E-01
   3.828736E+00   6.668978E+02   2.625814E+03   1.918581E-01
   3.846420E+00   6.785458E+02   2.621275E+03   1.923563E-01
   3.864186E+00   6.914797E+02   2.615919E+03   1.930124E-01
   3.882034E+00   7.037087E+02   2.608627E+03   1.933254E-01
   3.899965E+00   7.154008E+02   2.599545E+03   1.933096E-01
   3.917978E+00   7.275108E+02   2.589820E+03   1.930169E-01
   3.936075E+00   7.406472E+02   2.578855E+03   1.925650E-01
   3.954255E+00   7.516829E+02   2.568777E+03   1.921404E-01
   3.972520E+00   7.575344E+02   2.558673E+03   1.917177E-01
   3.990868E+00   7.626212E+02   2.548696E+03   1.914770E-01
   4.009301E+00   7.714800E+02   2.538859E+03   1.916637E-01
   4.027820E+00   7.824680E+02   2.529790E+03   1.921361E-01
   4.046424E+00   7.935811E+02   2.520477E+03   1.928240E-01
   4.065114E+00   7.999717E+02   2.508185E+03   1.941337E-01
   4.083890E+00   7.897795E+02   2.488502E+03   1.960736E-01
   4.102753E+00   7.547689E+02   2.459064E+03   1.983808E-01
   4.121703E+00   7.035621E+02   2.425019E+03   2.002483E-01
   4.140741E+00   6.538632E+02   2.395037E+03   2.010260E-01
   4.159866E+00   6.152765E+02   2.374269E+03   2.007857E-01
   4.179080E+00   5.879311E+02   2.362586E+03   1.998058E-01
   4.198383E+00   5.702554E+02   2.357665E+03   1.985271E-01
   4.217775E+00   5.611458E+02   2.357505E+03   1.972380E-01
   4.237256E+00   5.601360E+02   2.360221E+03   1.959616E-01
   4.256828E+00   5.669701E+02   2.364491E+03   1.948066E-01
   4.276489E+00   5.789721E+02   2.369680E+03   1.937430E-01
   4.296242E+00   5.926228E+02   2.374771E+03   1.925282E-01
   4.316086E+00   6.060502E+02   2.380080E+03   1.914916E-01
   4.336021E+00   6.186792E+02   2.384821E+03   1.907244E-01
   4.356049E+00   6.297639E+02   2.387427E+03   1.900967E-01
   4.376169E+00   6.388942E+02   2.387298E+03   1.895521E-01
   4.396382E+00   6.474573E+02   2.385318E+03   1.894980E-01
   4.416688E+00   6.568843E+02   2.382227E+03   1.897716E-01
   4.437088E+00   6.676600E+02   2.378321E+03   1.902255E-01
   4.457583E+00   6.788167E+02   2.372994E+03   1.907111E-01
   4.478172E+00   6.895600E+02   2.366010E+03   1.909973E-01
   4.498856E+00   7.002015E+02   2.357248E+03   1.907956E-01
   4.519635E+00   7.113182E+02   2.347521E+03   1.903464E-01
   4.540511E+00   7.218817E+02   2.337914E+03   1.900142E-01
   4.561483E+00   7.297559E+02   2.328455E+03   1.897598E-01
   4.582552E+00   7.350510E+02   2.318475E+03   1.896213E-01
   4.603718E+00   7.410508E+02   2.308463E+03   1.897566E-01
   4.624982E+00   7.490406E+02   2.298071E+03   1.899617E-01
   4.646345E+00   7.575523E+02   2.288182E+03   1.903761E-01
   4.667805E+00   7.641279E+02   2.277812E+03   1.912554E-01
   4.689365E+00   7.633617E+02   2.264616E+03   1.926554E-01
   4.711025E+00   7.479173E+02   2.245505E+03   1.944781E-01
   4.732785E+00   7.155413E+02   2.220630E+03   1.964142E-01
   4.754645E+00   6.737316E+02   2.194794E+03   1.977219E-01
   4.776606E+00   6.338659E+02   2.172996E+03   1.981249E-01
   4.798668E+00   6.021676E+02   2.157042E+03   1.976186E-01
   4.820833E+00   5.796137E+02   2.146593E+03   1.965703E-01
   4.843100E+00   5.647271E+02   2.141511E+03   1.954133E-01
   4.865469E+00   5.567694E+02   2.140527E+03   1.942943E-01
   4.887942E+00   5.554277E+02   2.142218E+03   1.932523E-01
   4.910519E+00   5.603565E+02   2.144852E+03   1.921670E-01
   4.933200E+00   5.699006E+02   2.147506E+03   1.910551E-01
   4.955986E+00   5.816749E+02   2.149936E+03   1.900482E-01
   4.978877E+00   5.937705E+02   2.152229E+03   1.890962E-01
   5.001874E+00   6.054340E+02   2.153776E+03   1.882096E-01
   5.024977E+00   6.159291E+02   2.154473E+03   1.875182E-01
   5.048187E+00   6.251729E+02   2.153716E+03   1.870459E-01
   5.071504E+00   6.337248E+02   2.151548E+03   1.868713E-01
   5.094928E+00   6.425424E+02   2.148302E+03   1.869417E-01
   5.118461E+00   6.522904E+02   2.144076E+03   1.873139E-01
   5.142103E+00   6.624464E+02   2.138898E+03   1.876943E-01
   5.165854E+00   6.724144E+02   2.132644E+03   1.879397E-01
   5.189714E+00   6.821223E+02   2.125293E+03   1.880700E-01
   5.213685E+00   6.916913E+02   2.116984E+03   1.880941E-01
   5.237766E+00   7.007073E+02   2.107952E+03   1.878798E-01
   5.261959E+00   7.081576E+02   2.098993E+03   1.876307E-01
   5.286263E+00   7.134487E+02   2.090291E+03   1.875028E-01
   5.310680E+00   7.179777E+02   2.081379E+03   1.874902E-01
   5.335209E+00   7.232506E+02   2.071859E+03   1.876522E-01
   5.359852E+00   7.288887E+02   2.062246E+03   1.880601E-01
   5.384608E+00   7.333318E+02   2.051893E+03   1.885902E-01
   5.409479E+00   7.335760E+02   2.040517E+03   1.893908E-01
   5.434465E+00   7.254566E+02   2.026733E+03   1.906455E-01
   5.459566E+00   7.058226E+02   2.009613E+03   1.921341E-01
   5.484783E+00   6.763915E+02   1.990259E+03   1.934332E-01
   5.510116E+00   6.434398E+02   1.971554E+03   1.941999E-01
   5.535567E+00   6.131504E+02   1.956181E+03   1.941852E-01
   5.561135E+00   5.888442E+02   1.944931E+03   1.935103E-01
   5.586821E+00   5.712094E+02   1.937239E+03   1.924416E-01
   5.612626E+00   5.599041E+02   1.932720E+03   1.913460E-01
   5.638550E+00   5.542338E+02   1.931207E+03   1.903789E-01
   5.664594E+00   5.538068E+02   1.931781E+03   1.894944E-01
   5.690758E+00   5.579283E+02   1.933468E+03   1.886191E-01
   5.717043E+00   5.654389E+02   1.935064E+03   1.876693E-01
   5.743449E+00   5.747918E+02   1.936223E+03   1.867199E-01
   5.769977E+00   5.847100E+02   1.936961E+03   1.858485E-01
   5.796628E+00   5.943640E+02   1.937130E+03   1.850196E-01
   5.823402E+00   6.033890E+02   1.936376E+03   1.843183E-01
   5.850300E+00   6.116702E+02   1.934787E+03   1.838353E-01
   5.877322E+00   6.196618E+02   1.932231E+03   1.835919E-01
   5.904468E+00   6.279238E+02   1.928768E+03   1.836124E-01
   5.931740E+00   6.366733E+02   1.924418E+03   1.837961E-01
   5.959138E+00   6.457794E+02   1.919112E+03   1.840794E-01
   5.986663E+00   6.547716E+02   1.912964E+03   1.842862E-01
   6.014314E+00   6.634094E+02   1.906146E+03   1.844018E-01
   6.042094E+00   6.716455E+02   1.898745E+03   1.845014E-01
   6.070001E+00   6.792149E+02   1.890749E+03   1.845814E-01
   6.098038E+00   6.854804E+02   1.882311E+03   1.845084E-01
   6.126204E+00   6.902709E+02   1.873904E+03   1.844004E-01
   6.154500E+00   6.942589E+02   1.865495E+03   1.844259E-01
   6.182927E+00   6.980460E+02   1.857005E+03   1.846101E-01
   6.211485E+00   7.014856E+02   1.848018E+03   1.850029E-01
   6.240175E+00   7.032418E+02   1.838627E+03   1.855742E-01
   6.268998E+00   7.012972E+02   1.828145E+03   1.862823E-01
   6.297954E+00   6.929248E+02   1.816444E+03   1.871343E-01
   6.327043E+00   6.765933E+02   1.803180E+03   1.881463E-01
   6.356267E+00   6.534259E+02   1.788804E+03   1.890454E-01
   6.385626E+00   6.272433E+02   1.774629E+03   1.895114E-01
   6.415120E+00   6.023551E+02   1.762084E+03   1.894296E-01
   6.444751E+00   5.814197E+02   1.752162E+03   1.888134E-01
   6.474518E+00   5.654847E+02   1.744999E+03   1.878555E-01
   6.504423E+00   5.547219E+02   1.740064E+03   1.867858E-01
   6.534467E+00   5.488833E+02   1.737084E+03   1.858397E-01
   6.564648E+00   5.474602E+02   1.735894E+03   1.850555E-01
   6.594970E+00   5.498527E+02   1.735892E+03   1.843208E-01
   6.625431E+00   5.552238E+02   1.736267E+03   1.835724E-01
   6.656033E+00   5.625760E+02   1.736348E+03   1.827941E-01
   6.686777E+00   5.708734E+02   1.735943E+03   1.820073E-01
   6.717662E+00   5.793639E+02   1.734989E+03   1.812695E-01
   6.748690E+00   5.875232E+02   1.733516E+03   1.806254E-01
   6.779861E+00   5.952931E+02   1.731234E+03   1.801564E-01
   6.811177E+00   6.026859E+02   1.728425E+03   1.798634E-01
   6.842637E+00   6.100354E+02   1.725035E+03   1.797453E-01
   6.874242E+00   6.176114E+02   1.720942E+03   1.798096E-01
   6.905993E+00   6.253513E+02   1.716101E+03   1.799522E-01
   6.937891E+00   6.331114E+02   1.710481E+03   1.801257E-01
   6.969936E+00   6.406393E+02   1.704226E+03   1.802343E-01
   7.002130E+00   6.477704E+02   1.697507E+03   1.803241E-01
   7.034472E+00   6.543626E+02   1.690309E+03   1.804459E-01
   7.066963E+00   6.601626E+02   1.682603E+03   1.806087E-01
   7.099605E+00   6.648409E+02   1.674575E+03   1.806865E-01
   7.132397E+00   6.685000E+02   1.666531E+03   1.806906E-01
   7.165340E+00   6.714780E+02   1.658476E+03   1.808265E-01
   7.198436E+00   6.736238E+02   1.650330E+03   1.811245E-01
   7.231685E+00   6.743099E+02   1.641778E+03   1.816156E-01
   7.265087E+00   6.722283E+02   1.632720E+03   1.821941E-01
   7.298644E+00   6.659539E+02   1.622859E+03   1.828355E-01
   7.332355E+00   6.543193E+02   1.612410E+03   1.834672E-01
   7.366222E+00   6.376671E+02   1.601625E+03   1.840648E-01
   7.400246E+00   6.179197E+02   1.590902E+03   1.844411E-01
   7.434427E+00   5.977698E+02   1.580886E+03   1.844134E-01
   7.468766E+00   5.795720E+02   1.572170E+03   1.839788E-01
   7.503263E+00   5.646395E+02   1.565158E+03   1.832029E-01
   7.537920E+00   5.535267E+02   1.559907E+03   1.822447E-01
   7.572736E+00   5.463808E+02   1.556065E+03   1.812645E-01
   7.607714E+00   5.430193E+02   1.553346E+03   1.803921E-01
   7.642853E+00   5.430368E+02   1.551547E+03   1.796504E-01
   7.678154E+00   5.458582E+02   1.550340E+03   1.789897E-01
   7.713619E+00   5.507560E+02   1.549262E+03   1.783417E-01
   7.749247E+00   5.569999E+02   1.547947E+03   1.776898E-01
   7.785040E+00   5.639299E+02   1.546188E+03   1.770384E-01
   7.820998E+00   5.710410E+02   1.543980E+03   1.764395E-01
   7.857122E+00   5.779805E+02   1.541406E+03   1.759333E-01
   7.893413E+00   5.846539E+02   1.538461E+03   1.755587E-01
   7.929872E+00   5.911019E+02   1.535172E+03   1.753045E-01
   7.966499E+00   5.974786E+02   1.531488E+03   1.751692E-01
   8.003295E+00   6.038964E+02   1.527289E+03   1.751690E-01
   8.040262E+00   6.102920E+02   1.522492E+03   1.752418E-01
   8.077399E+00   6.165360E+02   1.517152E+03   1.753535E-01
   8.114707E+00   6.224403E+02   1.511400E+03   1.754461E-01
   8.152188E+00   6.278994E+02   1.505239E+03   1.755372E-01
   8.189842E+00   6.327878E+02   1.498672E+03   1.756738E-01
   8.227670E+00   6.369666E+02   1.491731E+03   1.758786E-01
   8.265672E+00   6.402081E+02   1.484596E+03   1.760320E-01
   8.303850E+00   6.424732E+02   1.477440E+03   1.760528E-01
   8.342205E+00   6.438859E+02   1.470236E+03   1.761489E-01
   8.380737E+00   6.441545E+02   1.462916E+03   1.763770E-01
   8.419446E+00   6.427138E+02   1.455359E+03   1.767629E-01
   8.458335E+00   6.387066E+02   1.447506E+03   1.771840E-01
   8.497403E+00   6.314302E+02   1.439331E+03   1.776004E-01
   8.536651E+00   6.205890E+02   1.430987E+03   1.779326E-01
   8.576081E+00   6.067587E+02   1.422792E+03   1.781771E-01
   8.615693E+00   5.913136E+02   1.414892E+03   1.782380E-01
   8.655487E+00   5.758758E+02   1.407549E+03   1.779911E-01
   8.695466E+00   5.618679E+02   1.401055E+03   1.774436E-01
   8.735629E+00   5.501574E+02   1.395595E+03   1.766508E-01
   8.775978E+00   5.412589E+02   1.391195E+03   1.757374E-01
   8.816513E+00   5.353726E+02   1.387689E+03   1.748384E-01
   8.857236E+00   5.324158E+02   1.384934E+03   1.740390E-01
   8.898146E+00   5.321072E+02   1.382756E+03   1.733518E-01
   8.939246E+00   5.340094E+02   1.380923E+03   1.727318E-01
   8.980535E+00   5.375936E+02   1.379168E+03   1.721439E-01
   9.022015E+00   5.422817E+02   1.377327E+03   1.715621E-01
   9.063686E+00   5.476294E+02   1.375196E+03   1.709859E-01
   9.105550E+00   5.532726E+02   1.372743E+03   1.704523E-01
   9.147608E+00   5.589494E+02   1.369999E+03   1.700011E-01
   9.189860E+00   5.645235E+02   1.366965E+03   1.696455E-01
   9.232306E+00   5.699484E+02   1.363663E+03   1.693775E-01
   9.274949E+00   5.752438E+02   1.360117E+03   1.692083E-01
   9.317789E+00   5.804507E+02   1.356257E+03   1.691629E-01
   9.360827E+00   5.855205E+02   1.351987E+03   1.691973E-01
   9.404063E+00   5.903408E+02   1.347358E+03   1.692677E-01
   9.447500E+00   5.948132E+02   1.342388E+03   1.693375E-01
   9.491136E+00   5.988464E+02   1.337078E+03   1.694022E-01
   9.534975E+00   6.023438E+02   1.331425E+03   1.694859E-01
   9.579016E+00   6.052069E+02   1.325488E+03   1.696220E-01
   9.623260E+00   6.073368E+02   1.319279E+03   1.697512E-01
   9.667709E+00   6.085953E+02   1.312946E+03   1.697744E-01
   9.712362E+00   6.089091E+02   1.306630E+03   1.698272E-01
   9.757223E+00   6.080551E+02   1.300264E+03   1.699826E-01
   9.802290E+00   6.056323E+02   1.293801E+03   1.702496E-01
   9.847566E+00   6.011586E+02   1.287130E+03   1.705232E-01
   9.893050E+00   5.942787E+02   1.280284E+03   1.707364E-01
   9.938745E+00   5.849636E+02   1.273415E+03   1.708403E-01
   9.984651E+00   5.736984E+02   1.266789E+03   1.708359E-01
   1.003077E+01   5.614578E+02   1.260464E+03   1.706995E-01
   1.007710E+01   5.493106E+02   1.254555E+03   1.703394E-01
   1.012364E+01   5.382010E+02   1.249246E+03   1.697491E-01
   1.017040E+01   5.288297E+02   1.244614E+03   1.689839E-01
   1.021738E+01   5.215898E+02   1.240690E+03   1.681303E-01
   1.026457E+01   5.166561E+02   1.237405E+03   1.672895E-01
   1.031198E+01   5.140038E+02   1.234641E+03   1.665249E-01
   1.035961E+01   5.134535E+02   1.232232E+03   1.658534E-01
   1.040746E+01   5.146807E+02   1.230027E+03   1.652450E-01
   1.045553E+01   5.173009E+02   1.227866E+03   1.646806E-01
   1.050383E+01   5.209224E+02   1.225560E+03   1.641288E-01
   1.055234E+01   5.252132E+02   1.222980E+03   1.635799E-01
   1.060108E+01   5.298382E+02   1.220157E+03   1.630635E-01
   1.065005E+01   5.345870E+02   1.217115E+03   1.626172E-01
   1.069924E+01   5.393323E+02   1.213842E+03   1.622526E-01
   1.074866E+01   5.440001E+02   1.210331E+03   1.619592E-01
   1.079830E+01   5.485472E+02   1.206622E+03   1.617463E-01
   1.084818E+01   5.529563E+02   1.202703E+03   1.616431E-01
   1.089829E+01   5.571800E+02   1.198505E+03   1.616268E-01
   1.094862E+01   5.611108E+02   1.194064E+03   1.616504E-01
   1.099920E+01   5.646756E+02   1.189387E+03   1.616952E-01
   1.105000E+01   5.678170E+02   1.184438E+03   1.617526E-01
   1.110104E+01   5.704258E+02   1.179269E+03   1.618287E-01
   1.115231E+01   5.724199E+02   1.173931E+03   1.619470E-01
   1.120382E+01   5.737169E+02   1.168419E+03   1.620724E-01
   1.125557E+01   5.741752E+02   1.162807E+03   1.621079E-01
   1.130756E+01   5.736850E+02   1.157211E+03   1.621124E-01
   1.135979E+01   5.721161E+02   1.151575E+03   1.621784E-01
   1.141226E+01   5.692270E+02   1.145879E+03   1.623019E-01
   1.146497E+01   5.647985E+02   1.140059E+03   1.624087E-01
   1.151793E+01   5.586956E+02   1.134196E+03   1.624212E-01
   1.157112E+01   5.510494E+02   1.128400E+03   1.623273E-01
   1.162457E+01   5.422654E+02   1.122805E+03   1.621193E-01
   1.167826E+01   5.329795E+02   1.117492E+03   1.618079E-01
   1.173220E+01   5.238782E+02   1.112519E+03   1.613671E-01
   1.178639E+01   5.155763E+02   1.107943E+03   1.607841E-01
   1.184083E+01   5.085395E+02   1.103803E+03   1.600856E-01
   1.189552E+01   5.030628E+02   1.100099E+03   1.593294E-01
   1.195047E+01   4.992760E+02   1.096792E+03   1.585761E-01
   1.200567E+01   4.971711E+02   1.093818E+03   1.578754E-01
   1.206112E+01   4.966311E+02   1.091071E+03   1.572466E-01
   1.211683E+01   4.974325E+02   1.088456E+03   1.566737E-01
   1.217279E+01   4.993126E+02   1.085863E+03   1.561425E-01
   1.222902E+01   5.019913E+02   1.083180E+03   1.556252E-01
   1.228550E+01   5.051997E+02   1.080352E+03   1.551068E-01
   1.234225E+01   5.087211E+02   1.077374E+03   1.546131E-01
   1.239926E+01   5.123906E+02   1.074255E+03   1.541748E-01
   1.245653E+01   5.160825E+02   1.071007E+03   1.537986E-01
   1.251406E+01   5.197238E+02   1.067616E+03   1.534903E-01
   1.257186E+01   5.232734E+02   1.064055E+03   1.532593E-01
   1.262993E+01   5.266850E+02   1.060327E+03   1.531108E-01
   1.268827E+01   5.299112E+02   1.056398E+03   1.530396E-01
   1.274687E+01   5.328579E+02   1.052296E+03   1.530150E-01
   1.280575E+01   5.354661E+02   1.048031E+03   1.530271E-01
   1.286490E+01   5.376674E+02   1.043619E+03   1.530629E-01
   1.292432E+01   5.394045E+02   1.039075E+03   1.531433E-01
   1.298401E+01   5.406126E+02   1.034391E+03   1.532625E-01
   1.304398E+01   5.412010E+02   1.029576E+03   1.533734E-01
   1.310423E+01   5.410527E+02   1.024666E+03   1.533944E-01
   1.316476E+01   5.400668E+02   1.019742E+03   1.533275E-01
   1.322557E+01   5.381814E+02   1.014817E+03   1.532755E-01
   1.328665E+01   5.353001E+02   1.009860E+03   1.532517E-01
   1.334802E+01   5.313296E+02   1.004870E+03   1.531937E-01
   1.340968E+01   5.262571E+02   9.999149E+02   1.530352E-01
   1.347161E+01   5.202357E+02   9.950709E+02   1.527822E-01
   1.353384E+01   5.135378E+02   9.904049E+02   1.524308E-01
   1.359635E+01   5.065617E+02   9.859645E+02   1.519939E-01
   1.365915E+01   4.997503E+02   9.817658E+02   1.514709E-01
   1.372224E+01   4.934911E+02   9.778321E+02   1.508546E-01
   1.378562E+01   4.880935E+02   9.741841E+02   1.501609E-01
   1.384929E+01   4.837708E+02   9.708245E+02   1.494289E-01
   1.391326E+01   4.806333E+02   9.677330E+02   1.487035E-01
   1.397753E+01   4.786960E+02   9.648716E+02   1.480230E-01
   1.404209E+01   4.778969E+02   9.621781E+02   1.474099E-01
   1.410694E+01   4.781122E+02   9.595700E+02   1.468638E-01
   1.417210E+01   4.791720E+02   9.569638E+02   1.463659E-01
   1.423756E+01   4.808833E+02   9.542934E+02   1.458909E-01
   1.430332E+01   4.830552E+02   9.515242E+02   1.454239E-01
   1.436939E+01   4.855237E+02   9.486528E+02   1.449787E-01
   1.443576E+01   4.881611E+02   9.456806E+02   1.445828E-01
   1.450244E+01   4.908673E+02   9.425935E+02   1.442462E-01
   1.456942E+01   4.935588E+02   9.393724E+02   1.439575E-01
   1.463672E+01   4.961661E+02   9.360186E+02   1.437114E-01
   1.470432E+01   4.986297E+02   9.325549E+02   1.435177E-01
   1.477224E+01   5.009035E+02   9.289818E+02   1.433915E-01
   1.484047E+01   5.029393E+02   9.252748E+02   1.433277E-01
   1.490902E+01   5.046725E+02   9.214307E+02   1.432925E-01
   1.497788E+01   5.060371E+02   9.174781E+02   1.432639E-01
   1.504706E+01   5.070082E+02   9.134161E+02   1.432666E-01
   1.511656E+01   5.075164E+02   9.092633E+02   1.432987E-01
   1.518638E+01   5.074844E+02   9.050349E+02   1.433239E-01
   1.525653E+01   5.068332E+02   9.007406E+02   1.432781E-01
   1.532699E+01   5.054869E+02   8.964328E+02   1.431258E-01
   1.539779E+01   5.034206E+02   8.921480E+02   1.429382E-01
   1.546891E+01   5.006203E+02   8.878739E+02   1.427463E-01
   1.554036E+01   4.970827E+02   8.836070E+02   1.425131E-01
   1.561214E+01   4.928491E+02   8.793868E+02   1.421803E-01
   1.568425E+01   4.880578E+02   8.752689E+02   1.417510E-01
   1.575669E+01   4.829216E+02   8.712887E+02   1.412351E-01
   1.582947E+01   4.777003E+02   8.674755E+02   1.406490E-01
   1.590258E+01   4.726648E+02   8.638388E+02   1.400103E-01
   1.597603E+01   4.680556E+02   8.603843E+02   1.393240E-01
   1.604983E+01   4.640660E+02   8.571179E+02   1.386045E-01
   1.612396E+01   4.608352E+02   8.540344E+02   1.378807E-01
   1.619843E+01   4.584427E+02   8.511082E+02   1.371847E-01
   1.627325E+01   4.569055E+02   8.482979E+02   1.365381E-01
   1.634841E+01   4.561829E+02   8.455571E+02   1.359476E-01
   1.642393E+01   4.561892E+02   8.428397E+02   1.354073E-01
   1.649979E+01   4.568082E+02   8.401031E+02   1.349020E-01
   1.657600E+01   4.580020E+02   8.372517E+02   1.344290E-01
   1.665256E+01   4.595430E+02   8.343326E+02   1.339612E-01
   1.672948E+01   4.613096E+02   8.313485E+02   1.335073E-01
   1.680675E+01   4.632031E+02   8.283045E+02   1.330896E-01
   1.688438E+01   4.651409E+02   8.251961E+02   1.327200E-01
   1.696236E+01   4.670509E+02   8.220151E+02   1.323962E-01
   1.704071E+01   4.688734E+02   8.187589E+02   1.321214E-01
   1.711942E+01   4.705627E+02   8.154226E+02   1.319093E-01
   1.719849E+01   4.720740E+02   8.119949E+02   1.317612E-01
   1.727793E+01   4.733561E+02   8.084679E+02   1.316584E-01
   1.735773E+01   4.743532E+02   8.048473E+02   1.315690E-01
   1.743791E+01   4.750132E+02   8.011581E+02   1.314731E-01
   1.751845E+01   4.753002E+02   7.974223E+02   1.313839E-01
   1.759936E+01   4.751829E+02   7.936442E+02   1.313062E-01
   1.768065E+01   4.746228E+02   7.898237E+02   1.312145E-01
   1.776232E+01   4.735757E+02   7.859703E+02   1.310576E-01
   1.784436E+01   4.720046E+02   7.821231E+02   1.307946E-01
   1.792678E+01   4.699179E+02   7.783218E+02   1.304661E-01
   1.800958E+01   4.673573E+02   7.745622E+02   1.301119E-01
   1.809277E+01   4.643982E+02   7.708125E+02   1.297213E-01
   1.817634E+01   4.610789E+02   7.671275E+02   1.292489E-01
   1.826029E+01   4.575117E+02   7.635414E+02   1.286938E-01
   1.834463E+01   4.538433E+02   7.600711E+02   1.280741E-01
   1.842936E+01   4.502310E+02   7.567269E+02   1.274059E-01
   1.851449E+01   4.468301E+02   7.535066E+02   1.267121E-01
   1.860000E+01   4.437729E+02   7.504003E+02   1.260059E-01
   1.868591E+01   4.411613E+02   7.473961E+02   1.252988E-01
   1.877222E+01   4.390637E+02   7.444784E+02   1.246052E-01
   1.885893E+01   4.375131E+02   7.416268E+02   1.239399E-01
   1.894604E+01   4.365082E+02   7.388181E+02   1.233143E-01
   1.903354E+01   4.360311E+02   7.360292E+02   1.227432E-01
   1.912146E+01   4.360625E+02   7.332369E+02   1.222340E-01
   1.920978E+01   4.365119E+02   7.304181E+02   1.217659E-01
   1.929851E+01   4.372855E+02   7.275576E+02   1.213274E-01
   1.938764E+01   4.382883E+02   7.246492E+02   1.209108E-01
   1.947719E+01   4.394340E+02   7.216940E+02   1.205205E-01
   1.956715E+01   4.406469E+02   7.186921E+02   1.201660E-01
   1.965753E+01   4.418590E+02   7.156410E+02   1.198493E-01
   1.974833E+01   4.430076E+02   7.125395E+02   1.195659E-01
   1.983954E+01   4.440393E+02   7.093904E+02   1.193163E-01
   1.993118E+01   4.449114E+02   7.061955E+02   1.191080E-01
   2.002324E+01   4.457426E+02   7.027432E+02   1.189848E-01
   2.011573E+01   4.467841E+02   6.986357E+02   1.190186E-01
   2.020864E+01   4.475301E+02   6.945134E+02   1.190606E-01
   2.030198E+01   4.479664E+02   6.903880E+02   1.190994E-01
   2.039575E+01   4.480868E+02   6.862690E+02   1.191231E-01
   2.048996E+01   4.478918E+02   6.821642E+02   1.191144E-01
   2.058460E+01   4.473890E+02   6.780826E+02   1.190515E-01
   2.067967E+01   4.465970E+02   6.740367E+02   1.189170E-01
   2.077519E+01   4.455499E+02   6.700404E+02   1.187090E-01
   2.087115E+01   4.442970E+02   6.661032E+02   1.184396E-01
   2.096755E+01   4.428971E+02   6.622286E+02   1.181228E-01
   2.106440E+01   4.411117E+02   6.588206E+02   1.176244E-01
   2.116169E+01   4.391223E+02   6.556634E+02   1.170167E-01
   2.125943E+01   4.371220E+02   6.525542E+02   1.163712E-01
   2.135763E+01   4.351580E+02   6.494971E+02   1.156934E-01
   2.145628E+01   4.332766E+02   6.464932E+02   1.149938E-01
   2.155538E+01   4.315195E+02   6.435398E+02   1.142831E-01
   2.165494E+01   4.299202E+02   6.406320E+02   1.135701E-01
   2.175496E+01   4.285030E+02   6.377640E+02   1.128614E-01
   2.185545E+01   4.272828E+02   6.349297E+02   1.121634E-01
   2.195640E+01   4.262654E+02   6.321226E+02   1.114822E-01
   2.205781E+01   4.254480E+02   6.293357E+02   1.108235E-01
   2.215969E+01   4.248203E+02   6.265621E+02   1.101919E-01
   2.226204E+01   4.243655E+02   6.237955E+02   1.095909E-01
   2.236487E+01   4.240617E+02   6.210301E+02   1.090226E-01
   2.246817E+01   4.238839E+02   6.182613E+02   1.084884E-01
   2.257195E+01   4.238050E+02   6.154853E+02   1.079888E-01
   2.267621E+01   4.237973E+02   6.126993E+02   1.075237E-01
   2.278094E+01   4.238336E+02   6.099012E+02   1.070927E-01
   2.288617E+01   4.238879E+02   6.070899E+02   1.066947E-01
   2.299187E+01   4.239358E+02   6.042646E+02   1.063282E-01
   2.309807E+01   4.235598E+02   6.017648E+02   1.057876E-01
   2.320476E+01   4.231328E+02   5.992805E+02   1.052539E-01
   2.331194E+01   4.226749E+02   5.967833E+02   1.047404E-01
   2.341961E+01   4.221727E+02   5.942736E+02   1.042421E-01
   2.352779E+01   4.216140E+02   5.917521E+02   1.037531E-01
   2.363646E+01   4.209876E+02   5.892197E+02   1.032661E-01
   2.374563E+01   4.202833E+02   5.866771E+02   1.027729E-01
   2.385531E+01   4.194923E+02   5.841253E+02   1.022632E-01
   2.396549E+01   4.186066E+02   5.815656E+02   1.017252E-01
   2.407619E+01   4.176195E+02   5.790008E+02   1.011464E-01
   2.418739E+01   4.165271E+02   5.764356E+02   1.005184E-01
   2.429911E+01   4.153294E+02   5.738753E+02   9.984041E-02
   2.441135E+01   4.140311E+02   5.713243E+02   9.911861E-02
   2.452410E+01   4.126394E+02   5.687847E+02   9.836113E-02
   2.463737E+01   4.111628E+02   5.662576E+02   9.757281E-02
   2.475117E+01   4.096098E+02   5.637446E+02   9.675423E-02
   2.486549E+01   4.079903E+02   5.612490E+02   9.590447E-02
   2.498034E+01   4.063168E+02   5.587748E+02   9.502504E-02
   2.509572E+01   4.029040E+02   5.578698E+02   9.370536E-02
   2.521164E+01   3.989464E+02   5.573288E+02   9.227114E-02
   2.532809E+01   3.948144E+02   5.568437E+02   9.081195E-02
   2.544508E+01   3.905639E+02   5.564229E+02   8.933121E-02
   2.556260E+01   3.862694E+02   5.560745E+02   8.783360E-02
   2.568067E+01   3.820199E+02   5.558046E+02   8.632733E-02
   2.579929E+01   3.779120E+02   5.556164E+02   8.482386E-02
   2.591845E+01   3.740385E+02   5.555090E+02   8.333594E-02
   2.603817E+01   3.704781E+02   5.554779E+02   8.187593E-02
   2.615843E+01   3.672868E+02   5.555154E+02   8.045488E-02
   2.627926E+01   3.644918E+02   5.556110E+02   7.908203E-02
   2.640064E+01   3.620911E+02   5.557516E+02   7.776456E-02
   2.652258E+01   3.606950E+02   5.554074E+02   7.669595E-02
   2.664508E+01   3.623331E+02   5.527487E+02   7.653236E-02
   2.676815E+01   3.639841E+02   5.500010E+02   7.644613E-02
   2.689179E+01   3.655079E+02   5.471656E+02   7.643132E-02
   2.701600E+01   3.667858E+02   5.442503E+02   7.648256E-02
   2.714079E+01   3.677188E+02   5.412677E+02   7.659398E-02
   2.726615E+01   3.682267E+02   5.382336E+02   7.675710E-02
   2.739208E+01   3.682494E+02   5.351662E+02   7.695794E-02
   2.751861E+01   3.677747E+02   5.320705E+02   7.714025E-02
   2.764571E+01   3.670244E+02   5.289003E+02   7.710911E-02
   2.777340E+01   3.659545E+02   5.257548E+02   7.703455E-02
   2.790168E+01   3.646009E+02   5.226439E+02   7.689377E-02
   2.803056E+01   3.630185E+02   5.195768E+02   7.667130E-02
   2.816003E+01   3.612789E+02   5.165620E+02   7.636289E-02
   2.829010E+01   3.594658E+02   5.136061E+02   7.597538E-02
   2.842076E+01   3.576672E+02   5.107126E+02   7.552313E-02
   2.855204E+01   3.559663E+02   5.078811E+02   7.502364E-02
   2.868391E+01   3.544343E+02   5.051076E+02   7.449425E-02
   2.881640E+01   3.531245E+02   5.023848E+02   7.395044E-02
   2.894950E+01   3.520697E+02   4.997032E+02   7.340518E-02
   2.908322E+01   3.512817E+02   4.970522E+02   7.286881E-02
   2.921755E+01   3.507532E+02   4.944211E+02   7.234922E-02
   2.935250E+01   3.504613E+02   4.917999E+02   7.185201E-02
   2.948808E+01   3.503716E+02   4.891797E+02   7.138085E-02
   2.962428E+01   3.515492E+02   4.860441E+02   7.201074E-02
   2.976111E+01   3.531011E+02   4.827633E+02   7.286020E-02
   2.989857E+01   3.545992E+02   4.793740E+02   7.382144E-02
   3.003667E+01   3.557809E+02   4.758880E+02   7.488168E-02
   3.017540E+01   3.564808E+02   4.723322E+02   7.602569E-02
   3.031478E+01   3.566395E+02   4.687413E+02   7.723639E-02
   3.045480E+01   3.563023E+02   4.651515E+02   7.849704E-02
   3.059547E+01   3.556051E+02   4.615938E+02   7.979507E-02
   3.073678E+01   3.547419E+02   4.580884E+02   8.112548E-02
   3.087875E+01   3.539174E+02   4.546410E+02   8.249075E-02
   3.102138E+01   3.532975E+02   4.512432E+02   8.389654E-02
   3.116466E+01   3.529759E+02   4.478760E+02   8.534540E-02
   3.130861E+01   3.529654E+02   4.445153E+02   8.683206E-02
   3.145322E+01   3.532118E+02   4.411383E+02   8.834307E-02
   3.159850E+01   3.563954E+02   4.352570E+02   8.967958E-02
   3.174445E+01   3.605599E+02   4.284812E+02   9.091294E-02
   3.189107E+01   3.643156E+02   4.220541E+02   9.211702E-02
   3.203837E+01   3.676819E+02   4.159794E+02   9.328066E-02
   3.218635E+01   3.706754E+02   4.102595E+02   9.439003E-02
   3.233502E+01   3.733079E+02   4.048968E+02   9.542719E-02
   3.248437E+01   3.755855E+02   3.998939E+02   9.636942E-02
   3.263441E+01   3.775070E+02   3.952549E+02   9.718917E-02
   3.278515E+01   3.790631E+02   3.909863E+02   9.785439E-02
   3.293658E+01   3.802347E+02   3.870970E+02   9.832895E-02
   3.308871E+01   3.809917E+02   3.835993E+02   9.857327E-02
   3.324154E+01   3.782934E+02   3.827653E+02   9.482791E-02
   3.339508E+01   3.754179E+02   3.820935E+02   9.081181E-02
   3.354933E+01   3.726228E+02   3.813863E+02   8.683883E-02
   3.370429E+01   3.699054E+02   3.806431E+02   8.291319E-02
   3.385996E+01   3.672629E+02   3.798636E+02   7.903877E-02
   3.401636E+01   3.646923E+02   3.790477E+02   7.521907E-02
   3.417347E+01   3.621910E+02   3.781954E+02   7.145718E-02
   3.433132E+01   3.597559E+02   3.773067E+02   6.775583E-02
   3.448989E+01   3.573839E+02   3.763819E+02   6.411736E-02
   3.464919E+01   3.553937E+02   3.756907E+02   6.231184E-02
   3.480923E+01   3.532453E+02   3.751474E+02   6.057621E-02
   3.497001E+01   3.509128E+02   3.747365E+02   5.879141E-02
   3.513154E+01   3.484018E+02   3.744558E+02   5.696248E-02
   3.529380E+01   3.457215E+02   3.743035E+02   5.509487E-02
   3.545682E+01   3.428871E+02   3.742779E+02   5.319467E-02
   3.562059E+01   3.399203E+02   3.743773E+02   5.126878E-02
   3.578512E+01   3.368475E+02   3.745992E+02   4.932487E-02
   3.595041E+01   3.336959E+02   3.749405E+02   4.737112E-02
   3.611646E+01   3.337874E+02   3.718208E+02   5.012595E-02
   3.628327E+01   3.351216E+02   3.670563E+02   5.521563E-02
   3.645086E+01   3.364860E+02   3.621580E+02   6.067851E-02
   3.661922E+01   3.381603E+02   3.571241E+02   6.652172E-02
   3.678836E+01   3.402365E+02   3.519425E+02   7.273468E-02
   3.695828E+01   3.426755E+02   3.466130E+02   7.927081E-02
   3.712899E+01   3.455315E+02   3.418623E+02   7.980796E-02
   3.730048E+01   3.477009E+02   3.378758E+02   7.816012E-02
   3.747277E+01   3.489416E+02   3.345229E+02   7.624271E-02
   3.764585E+01   3.491655E+02   3.318151E+02   7.399203E-02
   3.781973E+01   3.482627E+02   3.297657E+02   7.134443E-02
   3.799442E+01   3.460961E+02   3.283882E+02   6.823808E-02
   3.816991E+01   3.425006E+02   3.276927E+02   6.461595E-02
   3.834621E+01   3.372879E+02   3.276809E+02   6.042973E-02
   3.852333E+01   3.309836E+02   3.280055E+02   5.571646E-02
   3.870126E+01   3.284734E+02   3.266054E+02   5.091395E-02
   3.888002E+01   3.257806E+02   3.255021E+02   4.566463E-02
   3.905960E+01   3.230157E+02   3.246210E+02   4.008821E-02
   3.924001E+01   3.202590E+02   3.238950E+02   3.430391E-02
   3.942126E+01   3.175651E+02   3.232662E+02   2.842471E-02
   3.960334E+01   3.149668E+02   3.226861E+02   2.255251E-02
   3.978626E+01   3.124799E+02   3.221164E+02   1.677456E-02
   3.997003E+01   3.101066E+02   3.215279E+02   1.116136E-02
   4.015465E+01   3.096326E+02   3.200428E+02   9.971410E-03
   4.034012E+01   3.094230E+02   3.184251E+02   9.616306E-03
   4.052644E+01   3.091135E+02   3.168479E+02   9.260973E-03
   4.071363E+01   3.087059E+02   3.153107E+02   8.906816E-03
   4.090168E+01   3.082030E+02   3.138128E+02   8.555520E-03
   4.109060E+01   3.076082E+02   3.123533E+02   8.208881E-03
   4.128039E+01   3.069235E+02   3.109312E+02   7.868608E-03
   4.147106E+01   3.061483E+02   3.095457E+02   7.536220E-03
   4.166261E+01   3.052794E+02   3.081960E+02   7.213096E-03
   4.185505E+01   3.043114E+02   3.068814E+02   6.900723E-03
   4.204837E+01   3.034263E+02   3.052065E+02   6.641599E-03
   4.224259E+01   3.029743E+02   3.024300E+02   6.486120E-03
   4.243770E+01   3.023777E+02   2.997692E+02   6.287084E-03
   4.263371E+01   3.016307E+02   2.972246E+02   6.035916E-03
   4.283063E+01   3.007261E+02   2.947968E+02   5.723370E-03
   4.302846E+01   2.996553E+02   2.924871E+02   5.339507E-03
   4.322721E+01   2.984081E+02   2.902973E+02   4.873714E-03
   4.342687E+01   2.968556E+02   2.886107E+02   3.255086E-03
   4.362745E+01   2.950788E+02   2.875734E+02  -7.794979E-05
   4.382896E+01   2.933350E+02   2.865352E+02  -3.387587E-03
   4.403140E+01   2.916240E+02   2.854941E+02  -6.668196E-03
   4.423478E+01   2.899453E+02   2.844484E+02  -9.914670E-03
   4.443909E+01   2.882982E+02   2.833966E+02  -1.312243E-02
   4.464435E+01   2.866816E+02   2.823374E+02  -1.628742E-02
   4.485056E+01   2.850944E+02   2.812698E+02  -1.940612E-02
   4.505772E+01   2.835353E+02   2.801928E+02  -2.247551E-02
   4.526583E+01   2.820026E+02   2.791057E+02  -2.549310E-02
   4.547491E+01   2.804948E+02   2.780080E+02  -2.845685E-02
   4.568495E+01   2.793559E+02   2.767141E+02  -3.036446E-02
   4.589597E+01   2.783667E+02   2.753433E+02  -3.181770E-02
   4.610795E+01   2.773664E+02   2.739821E+02  -3.327658E-02
   4.632092E+01   2.763547E+02   2.726301E+02  -3.474111E-02
   4.653487E+01   2.753314E+02   2.712873E+02  -3.621133E-02
   4.674981E+01   2.742964E+02   2.699533E+02  -3.768724E-02
   4.696574E+01   2.732493E+02   2.686281E+02  -3.916886E-02
   4.718267E+01   2.721898E+02   2.673115E+02  -4.065612E-02
   4.740060E+01   2.711179E+02   2.660034E+02  -4.214894E-02
   4.761954E+01   2.700336E+02   2.647036E+02  -4.364719E-02
   4.783949E+01   2.689369E+02   2.634120E+02  -4.515067E-02
   4.806045E+01   2.678284E+02   2.621286E+02  -4.665911E-02
   4.828244E+01   2.667088E+02   2.608531E+02  -4.817221E-02
   4.850545E+01   2.655792E+02   2.595856E+02  -4.968962E-02
   4.872949E+01   2.644408E+02   2.583257E+02  -5.121093E-02
   4.895456E+01   2.632954E+02   2.570735E+02  -5.273574E-02
   4.918068E+01   2.621449E+02   2.558287E+02  -5.426362E-02
   4.940784E+01   2.609913E+02   2.545910E+02  -5.579418E-02
   4.963605E+01   2.598365E+02   2.533603E+02  -5.732706E-02
   4.986531E+01   2.586824E+02   2.521362E+02  -5.886194E-02
   5.009563E+01   2.575014E+02   2.509473E+02  -6.048564E-02
   5.032702E+01   2.562812E+02   2.498054E+02  -6.223099E-02
   5.055947E+01   2.550632E+02   2.486698E+02  -6.397367E-02
   5.079300E+01   2.538482E+02   2.475405E+02  -6.571338E-02
   5.102761E+01   2.526370E+02   2.464171E+02  -6.744988E-02
   5.126330E+01   2.514295E+02   2.452993E+02  -6.918302E-02
   5.150008E+01   2.502255E+02   2.441870E+02  -7.091272E-02
   5.173795E+01   2.490243E+02   2.430799E+02  -7.263895E-02
   5.197692E+01   2.478247E+02   2.419778E+02  -7.436175E-02
   5.221699E+01   2.466250E+02   2.408806E+02  -7.608117E-02
   5.245818E+01   2.454229E+02   2.397881E+02  -7.779726E-02
   5.270048E+01   2.442159E+02   2.387004E+02  -7.950998E-02
   5.294389E+01   2.430011E+02   2.376175E+02  -8.121925E-02
   5.318843E+01   2.417752E+02   2.365394E+02  -8.292480E-02
   5.343411E+01   2.405348E+02   2.354666E+02  -8.462622E-02
   5.368091E+01   2.392763E+02   2.343992E+02  -8.632288E-02
   5.392886E+01   2.379962E+02   2.333377E+02  -8.801393E-02
   5.417795E+01   2.366910E+02   2.322828E+02  -8.969833E-02
   5.442819E+01   2.353577E+02   2.312348E+02  -9.137487E-02
   5.467959E+01   2.339936E+02   2.301946E+02  -9.304215E-02
   5.493214E+01   2.325966E+02   2.291627E+02  -9.469870E-02
   5.518587E+01   2.311658E+02   2.281397E+02  -9.634296E-02
   5.544077E+01   2.297016E+02   2.271261E+02  -9.797330E-02
   5.569684E+01   2.282058E+02   2.261225E+02  -9.958807E-02
   5.595410E+01   2.266824E+02   2.251292E+02  -1.011855E-01
   5.621254E+01   2.251372E+02   2.241462E+02  -1.027639E-01
   5.647218E+01   2.235787E+02   2.231737E+02  -1.043212E-01
   5.673302E+01   2.220172E+02   2.222115E+02  -1.058553E-01
   5.699506E+01   2.204651E+02   2.212592E+02  -1.073641E-01
   5.725831E+01   2.189357E+02   2.203163E+02  -1.088454E-01
   5.752278E+01   2.174429E+02   2.193822E+02  -1.102969E-01
   5.778847E+01   2.160001E+02   2.184558E+02  -1.117170E-01
   5.805539E+01   2.146190E+02   2.175359E+02  -1.131043E-01
   5.832354E+01   2.133088E+02   2.166212E+02  -1.144586E-01
   5.859293E+01   2.120751E+02   2.157098E+02  -1.157807E-01
   5.886357E+01   2.109202E+02   2.147998E+02  -1.170726E-01
   5.913545E+01   2.098423E+02   2.138890E+02  -1.183376E-01
   5.940859E+01   2.088362E+02   2.129747E+02  -1.195806E-01
   5.968299E+01   2.078936E+02   2.120545E+02  -1.208071E-01
   5.995866E+01   2.070045E+02   2.111258E+02  -1.220237E-01
   6.023560E+01   2.065821E+02   2.098488E+02  -1.231170E-01
   6.051382E+01   2.062271E+02   2.084897E+02  -1.242242E-01
   6.079333E+01   2.058359E+02   2.071102E+02  -1.253690E-01
   6.107412E+01   2.053849E+02   2.057156E+02  -1.265464E-01
   6.135622E+01   2.048512E+02   2.043128E+02  -1.277477E-01
   6.163961E+01   2.042116E+02   2.029095E+02  -1.289620E-01
   6.192432E+01   2.034414E+02   2.015135E+02  -1.301780E-01
   6.221034E+01   2.025152E+02   2.001320E+02  -1.313864E-01
   6.249768E+01   2.014088E+02   1.987708E+02  -1.325804E-01
   6.278635E+01   2.001039E+02   1.974340E+02  -1.337565E-01
   6.307635E+01   1.985937E+02   1.961241E+02  -1.349134E-01
   6.336770E+01   1.968899E+02   1.948417E+02  -1.360503E-01
   6.366038E+01   1.950275E+02   1.935862E+02  -1.371649E-01
   6.395442E+01   1.930665E+02   1.923562E+02  -1.382521E-01
   6.424982E+01   1.910879E+02   1.911494E+02  -1.393030E-01
   6.454658E+01   1.891824E+02   1.899630E+02  -1.403058E-01
   6.484471E+01   1.874374E+02   1.887935E+02  -1.412487E-01
   6.514422E+01   1.859224E+02   1.876364E+02  -1.421230E-01
   6.544512E+01   1.846797E+02   1.864864E+02  -1.429261E-01
   6.574740E+01   1.837215E+02   1.853369E+02  -1.436634E-01
   6.605108E+01   1.830316E+02   1.841808E+02  -1.443486E-01
   6.635616E+01   1.825732E+02   1.830105E+02  -1.450015E-01
   6.666265E+01   1.822969E+02   1.818182E+02  -1.456459E-01
   6.697056E+01   1.821493E+02   1.805964E+02  -1.463059E-01
   6.727989E+01   1.820790E+02   1.793390E+02  -1.470026E-01
   6.759065E+01   1.820405E+02   1.780414E+02  -1.477522E-01
   6.790284E+01   1.819950E+02   1.767021E+02  -1.485635E-01
   6.821647E+01   1.819097E+02   1.753228E+02  -1.494375E-01
   6.853156E+01   1.817551E+02   1.739089E+02  -1.503677E-01
   6.884809E+01   1.815022E+02   1.724693E+02  -1.513416E-01
   6.916610E+01   1.811203E+02   1.710153E+02  -1.523431E-01
   6.948557E+01   1.805752E+02   1.695594E+02  -1.533555E-01
   6.980651E+01   1.798296E+02   1.681136E+02  -1.543649E-01
   7.012894E+01   1.789309E+02   1.665901E+02  -1.554008E-01
   7.045286E+01   1.779477E+02   1.649461E+02  -1.564820E-01
   7.077827E+01   1.767693E+02   1.633330E+02  -1.575505E-01
   7.110518E+01   1.754063E+02   1.617517E+02  -1.586058E-01
   7.143361E+01   1.738849E+02   1.602020E+02  -1.596461E-01
   7.176355E+01   1.722485E+02   1.586827E+02  -1.606674E-01
   7.209502E+01   1.705554E+02   1.571918E+02  -1.616625E-01
   7.242802E+01   1.688732E+02   1.557267E+02  -1.626222E-01
   7.276255E+01   1.672709E+02   1.542842E+02  -1.635362E-01
   7.309864E+01   1.658105E+02   1.528609E+02  -1.643951E-01
   7.343627E+01   1.645399E+02   1.514526E+02  -1.651923E-01
   7.377546E+01   1.634890E+02   1.500547E+02  -1.659255E-01
   7.411622E+01   1.626680E+02   1.486627E+02  -1.665976E-01
   7.445856E+01   1.620702E+02   1.472716E+02  -1.672161E-01
   7.480247E+01   1.616745E+02   1.458768E+02  -1.677926E-01
   7.514797E+01   1.614510E+02   1.444740E+02  -1.683415E-01
   7.549507E+01   1.613648E+02   1.430591E+02  -1.688784E-01
   7.584378E+01   1.613795E+02   1.416288E+02  -1.694190E-01
   7.619409E+01   1.614604E+02   1.401804E+02  -1.699780E-01
   7.654602E+01   1.615758E+02   1.387120E+02  -1.705683E-01
   7.689958E+01   1.616976E+02   1.372231E+02  -1.711998E-01
   7.725477E+01   1.618019E+02   1.357141E+02  -1.718791E-01
   7.761160E+01   1.618675E+02   1.341871E+02  -1.726092E-01
   7.797007E+01   1.618762E+02   1.326452E+02  -1.733891E-01
   7.833021E+01   1.618117E+02   1.310930E+02  -1.742144E-01
   7.869201E+01   1.616587E+02   1.295357E+02  -1.750775E-01
   7.905548E+01   1.614030E+02   1.279791E+02  -1.759692E-01
   7.942062E+01   1.610313E+02   1.264293E+02  -1.768789E-01
   7.978746E+01   1.605312E+02   1.248917E+02  -1.777963E-01
   8.015599E+01   1.598929E+02   1.233715E+02  -1.787123E-01
   8.052622E+01   1.591096E+02   1.218729E+02  -1.796191E-01
   8.089816E+01   1.581802E+02   1.203993E+02  -1.805108E-01
   8.127182E+01   1.571107E+02   1.189532E+02  -1.813825E-01
   8.164720E+01   1.559164E+02   1.175361E+02  -1.822301E-01
   8.202432E+01   1.546232E+02   1.161488E+02  -1.830486E-01
   8.240318E+01   1.532668E+02   1.147911E+02  -1.838322E-01
   8.278379E+01   1.518906E+02   1.134623E+02  -1.845732E-01
   8.316616E+01   1.505422E+02   1.121609E+02  -1.852632E-01
   8.355029E+01   1.492679E+02   1.108847E+02  -1.858934E-01
   8.393620E+01   1.481081E+02   1.096307E+02  -1.864563E-01
   8.432389E+01   1.470937E+02   1.083954E+02  -1.869475E-01
   8.471337E+01   1.462433E+02   1.071747E+02  -1.873662E-01
   8.510465E+01   1.455986E+02   1.059359E+02  -1.877299E-01
   8.549774E+01   1.452151E+02   1.046240E+02  -1.880744E-01
   8.589264E+01   1.449752E+02   1.033127E+02  -1.883781E-01
   8.628937E+01   1.448537E+02   1.019986E+02  -1.886559E-01
   8.668793E+01   1.448230E+02   1.006793E+02  -1.889229E-01
   8.708833E+01   1.448554E+02   9.935349E+01  -1.891933E-01
   8.749058E+01   1.449248E+02   9.802060E+01  -1.894789E-01
   8.789469E+01   1.450071E+02   9.668113E+01  -1.897891E-01
   8.830067E+01   1.450810E+02   9.533641E+01  -1.901300E-01
   8.870852E+01   1.451279E+02   9.398854E+01  -1.905045E-01
   8.911825E+01   1.451314E+02   9.264022E+01  -1.909122E-01
   8.952988E+01   1.450776E+02   9.129455E+01  -1.913504E-01
   8.994340E+01   1.449547E+02   8.995489E+01  -1.918138E-01
   9.035884E+01   1.447530E+02   8.862463E+01  -1.922956E-01
   9.077620E+01   1.444650E+02   8.730706E+01  -1.927881E-01
   9.119548E+01   1.440854E+02   8.600518E+01  -1.932830E-01
   9.161670E+01   1.436122E+02   8.472163E+01  -1.937720E-01
   9.203987E+01   1.430464E+02   8.345863E+01  -1.942471E-01
   9.246499E+01   1.423930E+02   8.221793E+01  -1.947004E-01
   9.289207E+01   1.416612E+02   8.100081E+01  -1.951246E-01
   9.332113E+01   1.408645E+02   7.980809E+01  -1.955124E-01
   9.375217E+01   1.400204E+02   7.864010E+01  -1.958562E-01
   9.418520E+01   1.391497E+02   7.749670E+01  -1.961486E-01
   9.462023E+01   1.382753E+02   7.637729E+01  -1.963821E-01
   9.505727E+01   1.374203E+02   7.528077E+01  -1.965498E-01
   9.549632E+01   1.366064E+02   7.420563E+01  -1.966455E-01
   9.593741E+01   1.358520E+02   7.314993E+01  -1.966648E-01
   9.638053E+01   1.351712E+02   7.211142E+01  -1.966053E-01
   9.682570E+01   1.345729E+02   7.108764E+01  -1.964673E-01
   9.727293E+01   1.340603E+02   7.007607E+01  -1.962539E-01
   9.772222E+01   1.336317E+02   6.907428E+01  -1.959705E-01
   9.817359E+01   1.332810E+02   6.808005E+01  -1.956247E-01
   9.862704E+01   1.329986E+02   6.709150E+01  -1.952256E-01
   9.908259E+01   1.327725E+02   6.610719E+01  -1.947831E-01
   9.954024E+01   1.325895E+02   6.512619E+01  -1.943069E-01
   1.000000E+02   1.324357E+02   6.414805E+01  -1.938063E-01
