#============================================================================
# Opacities computed by OpTool        <a^n>=  1.6612E-1  2.1167E-1  3.5518E-1
# Method:   DHS  fmax=  0.700
# Parameters:
#   amin [um]=      0.100 amax [um]=     10.000  na  =   31    apow=   3.5    
#   lmin [um]=      0.100 lmax [um]=    100.000  nlam= 1500    nang=   180
#   porosity =      0.000 p_mantle =      0.000  fmax= 0.70    chop=   0.0
# Composition:
#  Where   mfrac  rho   Material
#  -----   -----  ----  -----------------------------------------------------
#  core    1.000  2.80  ens
#  - - -   - - -  -  -  - - - - - - - - - - - - - - - - - - - - - - - - - - -
#  grain   1.000  2.80  mixture of  1 materials
#----------------------------------------------------------------------------
# Command: optool ens -a 0.1 10 -l 0.1 100 1500 -dhs 0.7
#============================================================================
# Standard output file, no scattering matrix
#    iformat
#    nlambda
#    lambda[um]  kabs [cm^2/g]  ksca [cm^2/g]    g_asymmetry
#============================================================================
           3
        1500
   1.000000E-01   1.890583E+03   7.474817E+03   8.704217E-01
   1.004619E-01   1.886801E+03   7.489805E+03   8.700895E-01
   1.009259E-01   1.883107E+03   7.503967E+03   8.697945E-01
   1.013921E-01   1.880487E+03   7.517855E+03   8.694908E-01
   1.018604E-01   1.878727E+03   7.532378E+03   8.691399E-01
   1.023309E-01   1.875461E+03   7.547239E+03   8.687712E-01
   1.028035E-01   1.871114E+03   7.562842E+03   8.684928E-01
   1.032784E-01   1.867557E+03   7.579297E+03   8.681266E-01
   1.037554E-01   1.865296E+03   7.596052E+03   8.677365E-01
   1.042346E-01   1.863081E+03   7.611240E+03   8.674938E-01
   1.047161E-01   1.859457E+03   7.625391E+03   8.673460E-01
   1.051997E-01   1.855880E+03   7.640471E+03   8.670957E-01
   1.056856E-01   1.852725E+03   7.656035E+03   8.667662E-01
   1.061738E-01   1.850008E+03   7.671254E+03   8.664931E-01
   1.066642E-01   1.847668E+03   7.686211E+03   8.662526E-01
   1.071569E-01   1.845273E+03   7.700560E+03   8.660230E-01
   1.076518E-01   1.843206E+03   7.714987E+03   8.657201E-01
   1.081490E-01   1.839495E+03   7.729146E+03   8.654497E-01
   1.086486E-01   1.834914E+03   7.743950E+03   8.652041E-01
   1.091504E-01   1.831741E+03   7.759107E+03   8.649745E-01
   1.096546E-01   1.829094E+03   7.774305E+03   8.647523E-01
   1.101610E-01   1.826513E+03   7.789882E+03   8.644619E-01
   1.106699E-01   1.823237E+03   7.806030E+03   8.641497E-01
   1.111810E-01   1.819799E+03   7.822420E+03   8.638453E-01
   1.116946E-01   1.817286E+03   7.839099E+03   8.635229E-01
   1.122105E-01   1.814955E+03   7.855710E+03   8.631372E-01
   1.127287E-01   1.812563E+03   7.871698E+03   8.627410E-01
   1.132494E-01   1.809754E+03   7.886207E+03   8.624054E-01
   1.137725E-01   1.806491E+03   7.899652E+03   8.621116E-01
   1.142980E-01   1.803445E+03   7.913173E+03   8.617863E-01
   1.148259E-01   1.800121E+03   7.926525E+03   8.613342E-01
   1.153563E-01   1.797225E+03   7.939752E+03   8.607943E-01
   1.158891E-01   1.795246E+03   7.952411E+03   8.602862E-01
   1.164244E-01   1.792506E+03   7.964631E+03   8.598858E-01
   1.169622E-01   1.788809E+03   7.977432E+03   8.595199E-01
   1.175024E-01   1.784767E+03   7.989543E+03   8.592159E-01
   1.180451E-01   1.781526E+03   8.001140E+03   8.589013E-01
   1.185904E-01   1.779344E+03   8.013153E+03   8.585654E-01
   1.191381E-01   1.776496E+03   8.025648E+03   8.582014E-01
   1.196884E-01   1.772095E+03   8.038659E+03   8.579024E-01
   1.202412E-01   1.768076E+03   8.052602E+03   8.575963E-01
   1.207966E-01   1.765206E+03   8.067207E+03   8.572159E-01
   1.213545E-01   1.763011E+03   8.080969E+03   8.569430E-01
   1.219151E-01   1.759625E+03   8.093225E+03   8.567909E-01
   1.224782E-01   1.755873E+03   8.106151E+03   8.566069E-01
   1.230439E-01   1.752544E+03   8.119842E+03   8.563124E-01
   1.236122E-01   1.749585E+03   8.133335E+03   8.560546E-01
   1.241832E-01   1.747165E+03   8.146653E+03   8.558296E-01
   1.247567E-01   1.744669E+03   8.159393E+03   8.556258E-01
   1.253330E-01   1.742571E+03   8.171967E+03   8.553662E-01
   1.259119E-01   1.739603E+03   8.184307E+03   8.551011E-01
   1.264935E-01   1.735098E+03   8.196930E+03   8.548673E-01
   1.270777E-01   1.731658E+03   8.209816E+03   8.546357E-01
   1.276647E-01   1.728912E+03   8.222793E+03   8.544185E-01
   1.282543E-01   1.726478E+03   8.235615E+03   8.541461E-01
   1.288467E-01   1.723505E+03   8.248838E+03   8.538374E-01
   1.294419E-01   1.720058E+03   8.262186E+03   8.535250E-01
   1.300397E-01   1.717278E+03   8.275529E+03   8.532227E-01
   1.306404E-01   1.714950E+03   8.288711E+03   8.528449E-01
   1.312438E-01   1.712504E+03   8.301264E+03   8.524541E-01
   1.318500E-01   1.709859E+03   8.312529E+03   8.520932E-01
   1.324590E-01   1.706569E+03   8.322291E+03   8.517775E-01
   1.330708E-01   1.703412E+03   8.331841E+03   8.514632E-01
   1.336854E-01   1.700140E+03   8.341136E+03   8.510557E-01
   1.343029E-01   1.696823E+03   8.350297E+03   8.505591E-01
   1.349232E-01   1.694510E+03   8.359109E+03   8.500473E-01
   1.355464E-01   1.691945E+03   8.367090E+03   8.496323E-01
   1.361725E-01   1.688413E+03   8.375652E+03   8.492681E-01
   1.368015E-01   1.684278E+03   8.383857E+03   8.489585E-01
   1.374333E-01   1.680619E+03   8.391416E+03   8.486448E-01
   1.380681E-01   1.677978E+03   8.399093E+03   8.483301E-01
   1.387058E-01   1.675460E+03   8.407330E+03   8.479853E-01
   1.393465E-01   1.671295E+03   8.415921E+03   8.476665E-01
   1.399901E-01   1.666980E+03   8.425416E+03   8.473962E-01
   1.406367E-01   1.663614E+03   8.435669E+03   8.470443E-01
   1.412863E-01   1.661244E+03   8.445709E+03   8.467501E-01
   1.419389E-01   1.658194E+03   8.454221E+03   8.465691E-01
   1.425945E-01   1.654344E+03   8.462817E+03   8.464156E-01
   1.432531E-01   1.650831E+03   8.472296E+03   8.461572E-01
   1.439148E-01   1.647682E+03   8.481864E+03   8.458956E-01
   1.445795E-01   1.645050E+03   8.491259E+03   8.456757E-01
   1.452473E-01   1.642500E+03   8.500274E+03   8.454780E-01
   1.459182E-01   1.640170E+03   8.508927E+03   8.452572E-01
   1.465922E-01   1.637676E+03   8.517563E+03   8.449926E-01
   1.472692E-01   1.633505E+03   8.526134E+03   8.447656E-01
   1.479495E-01   1.629670E+03   8.535078E+03   8.445409E-01
   1.486328E-01   1.626811E+03   8.544217E+03   8.443249E-01
   1.493193E-01   1.624363E+03   8.553050E+03   8.440867E-01
   1.500090E-01   1.621638E+03   8.562221E+03   8.437931E-01
   1.507019E-01   1.618335E+03   8.571527E+03   8.434896E-01
   1.513980E-01   1.615323E+03   8.580709E+03   8.432007E-01
   1.520973E-01   1.613000E+03   8.589747E+03   8.428495E-01
   1.527998E-01   1.610587E+03   8.598254E+03   8.424695E-01
   1.535056E-01   1.608096E+03   8.605695E+03   8.420974E-01
   1.542146E-01   1.605025E+03   8.611453E+03   8.417664E-01
   1.549269E-01   1.601868E+03   8.616524E+03   8.414536E-01
   1.556425E-01   1.598743E+03   8.621338E+03   8.410836E-01
   1.563614E-01   1.595346E+03   8.625828E+03   8.406142E-01
   1.570836E-01   1.592750E+03   8.629924E+03   8.401085E-01
   1.578091E-01   1.590414E+03   8.633091E+03   8.396666E-01
   1.585380E-01   1.587162E+03   8.636373E+03   8.392942E-01
   1.592703E-01   1.583168E+03   8.639630E+03   8.389529E-01
   1.600059E-01   1.579296E+03   8.642108E+03   8.386337E-01
   1.607450E-01   1.576288E+03   8.644339E+03   8.383158E-01
   1.614874E-01   1.573879E+03   8.647040E+03   8.379725E-01
   1.622333E-01   1.570174E+03   8.649991E+03   8.376283E-01
   1.629827E-01   1.565741E+03   8.653618E+03   8.373550E-01
   1.637355E-01   1.561998E+03   8.657991E+03   8.370235E-01
   1.644917E-01   1.559302E+03   8.662620E+03   8.366947E-01
   1.652515E-01   1.556543E+03   8.666025E+03   8.364706E-01
   1.660148E-01   1.552721E+03   8.668849E+03   8.363090E-01
   1.667816E-01   1.549029E+03   8.672518E+03   8.360755E-01
   1.675519E-01   1.545702E+03   8.676610E+03   8.357996E-01
   1.683258E-01   1.542777E+03   8.680542E+03   8.355655E-01
   1.691033E-01   1.540148E+03   8.684339E+03   8.353553E-01
   1.698844E-01   1.537541E+03   8.687735E+03   8.351472E-01
   1.706690E-01   1.535183E+03   8.691240E+03   8.348853E-01
   1.714573E-01   1.531466E+03   8.694562E+03   8.346476E-01
   1.722493E-01   1.527264E+03   8.698401E+03   8.344238E-01
   1.730449E-01   1.524200E+03   8.702498E+03   8.342083E-01
   1.738442E-01   1.521562E+03   8.706532E+03   8.339914E-01
   1.746471E-01   1.518942E+03   8.710811E+03   8.337219E-01
   1.754538E-01   1.515772E+03   8.715370E+03   8.334349E-01
   1.762642E-01   1.512550E+03   8.719913E+03   8.331533E-01
   1.770783E-01   1.510069E+03   8.724468E+03   8.328482E-01
   1.778962E-01   1.507679E+03   8.728723E+03   8.324986E-01
   1.787179E-01   1.505235E+03   8.732211E+03   8.321410E-01
   1.795434E-01   1.502409E+03   8.734240E+03   8.318217E-01
   1.803727E-01   1.499263E+03   8.735258E+03   8.315287E-01
   1.812058E-01   1.496264E+03   8.736114E+03   8.312094E-01
   1.820428E-01   1.493011E+03   8.736618E+03   8.307954E-01
   1.828836E-01   1.490170E+03   8.736778E+03   8.303260E-01
   1.837283E-01   1.487980E+03   8.736221E+03   8.298836E-01
   1.845769E-01   1.485112E+03   8.735230E+03   8.295191E-01
   1.854295E-01   1.481482E+03   8.734503E+03   8.291803E-01
   1.862860E-01   1.477634E+03   8.733046E+03   8.288839E-01
   1.871464E-01   1.474451E+03   8.731056E+03   8.285812E-01
   1.880108E-01   1.472075E+03   8.729268E+03   8.282631E-01
   1.888792E-01   1.469021E+03   8.727671E+03   8.279282E-01
   1.897516E-01   1.464804E+03   8.726373E+03   8.276493E-01
   1.906280E-01   1.460958E+03   8.725686E+03   8.273579E-01
   1.915085E-01   1.458037E+03   8.725389E+03   8.270222E-01
   1.923931E-01   1.455556E+03   8.724238E+03   8.267697E-01
   1.932817E-01   1.452083E+03   8.721895E+03   8.265979E-01
   1.941745E-01   1.448397E+03   8.720085E+03   8.263973E-01
   1.950713E-01   1.445049E+03   8.718790E+03   8.261232E-01
   1.959723E-01   1.442006E+03   8.717279E+03   8.258797E-01
   1.968775E-01   1.439378E+03   8.715619E+03   8.256599E-01
   1.977869E-01   1.436687E+03   8.713493E+03   8.254517E-01
   1.987004E-01   1.434326E+03   8.711291E+03   8.251990E-01
   1.996182E-01   1.431166E+03   8.708914E+03   8.249456E-01
   2.005402E-01   1.426900E+03   8.706881E+03   8.247156E-01
   2.014665E-01   1.423571E+03   8.705115E+03   8.244890E-01
   2.023970E-01   1.420762E+03   8.703465E+03   8.242707E-01
   2.033319E-01   1.418175E+03   8.701818E+03   8.240072E-01
   2.042710E-01   1.415149E+03   8.700519E+03   8.237175E-01
   2.052145E-01   1.411805E+03   8.699316E+03   8.234239E-01
   2.061624E-01   1.409051E+03   8.698143E+03   8.231340E-01
   2.071146E-01   1.406612E+03   8.696853E+03   8.227859E-01
   2.080713E-01   1.404097E+03   8.695057E+03   8.224238E-01
   2.090323E-01   1.401398E+03   8.692179E+03   8.220841E-01
   2.099978E-01   1.398217E+03   8.688133E+03   8.217714E-01
   2.109678E-01   1.395167E+03   8.683933E+03   8.214535E-01
   2.119422E-01   1.392003E+03   8.679483E+03   8.210597E-01
   2.129212E-01   1.388865E+03   8.674872E+03   8.205957E-01
   2.139046E-01   1.386518E+03   8.669891E+03   8.201255E-01
   2.148926E-01   1.383882E+03   8.664255E+03   8.197275E-01
   2.158852E-01   1.380491E+03   8.659076E+03   8.193673E-01
   2.168823E-01   1.376657E+03   8.653545E+03   8.190489E-01
   2.178841E-01   1.373250E+03   8.647494E+03   8.187246E-01
   2.188905E-01   1.370652E+03   8.641529E+03   8.183964E-01
   2.199015E-01   1.368030E+03   8.635924E+03   8.180470E-01
   2.209172E-01   1.364101E+03   8.630556E+03   8.177245E-01
   2.219376E-01   1.360146E+03   8.625873E+03   8.174351E-01
   2.229627E-01   1.356966E+03   8.621746E+03   8.170845E-01
   2.239925E-01   1.354532E+03   8.617330E+03   8.167869E-01
   2.250271E-01   1.351463E+03   8.611689E+03   8.165750E-01
   2.260665E-01   1.347834E+03   8.606222E+03   8.163764E-01
   2.271106E-01   1.344484E+03   8.601424E+03   8.160994E-01
   2.281596E-01   1.341418E+03   8.596627E+03   8.158277E-01
   2.292135E-01   1.338774E+03   8.591697E+03   8.155877E-01
   2.302722E-01   1.336164E+03   8.586450E+03   8.153657E-01
   2.313358E-01   1.333763E+03   8.580990E+03   8.151218E-01
   2.324043E-01   1.331136E+03   8.575561E+03   8.148523E-01
   2.334777E-01   1.327196E+03   8.570215E+03   8.146140E-01
   2.345562E-01   1.323661E+03   8.565219E+03   8.143808E-01
   2.356395E-01   1.320852E+03   8.560433E+03   8.141584E-01
   2.367279E-01   1.318367E+03   8.555458E+03   8.139145E-01
   2.378213E-01   1.315627E+03   8.550794E+03   8.136334E-01
   2.389198E-01   1.312452E+03   8.546262E+03   8.133466E-01
   2.400234E-01   1.309582E+03   8.541694E+03   8.130737E-01
   2.411320E-01   1.307232E+03   8.537076E+03   8.127498E-01
   2.422458E-01   1.304804E+03   8.532092E+03   8.124066E-01
   2.433647E-01   1.302316E+03   8.526271E+03   8.120704E-01
   2.444887E-01   1.299357E+03   8.519141E+03   8.117627E-01
   2.456180E-01   1.296385E+03   8.511543E+03   8.114652E-01
   2.467525E-01   1.293425E+03   8.503713E+03   8.111164E-01
   2.478922E-01   1.290282E+03   8.495622E+03   8.106883E-01
   2.490372E-01   1.287817E+03   8.487202E+03   8.102309E-01
   2.501874E-01   1.285482E+03   8.478040E+03   8.098278E-01
   2.513430E-01   1.282415E+03   8.469089E+03   8.094780E-01
   2.525040E-01   1.278786E+03   8.460093E+03   8.091577E-01
   2.536702E-01   1.275314E+03   8.450505E+03   8.088482E-01
   2.548419E-01   1.272546E+03   8.440736E+03   8.085375E-01
   2.560190E-01   1.270187E+03   8.431285E+03   8.082057E-01
   2.572015E-01   1.266727E+03   8.421989E+03   8.078750E-01
   2.583895E-01   1.262790E+03   8.413247E+03   8.076007E-01
   2.595830E-01   1.259440E+03   8.405086E+03   8.072767E-01
   2.607819E-01   1.256910E+03   8.397039E+03   8.069642E-01
   2.619865E-01   1.254224E+03   8.387948E+03   8.067321E-01
   2.631965E-01   1.250728E+03   8.378483E+03   8.065436E-01
   2.644122E-01   1.247369E+03   8.369641E+03   8.062921E-01
   2.656335E-01   1.244292E+03   8.361007E+03   8.060104E-01
   2.668604E-01   1.241547E+03   8.352198E+03   8.057625E-01
   2.680930E-01   1.238998E+03   8.343261E+03   8.055327E-01
   2.693313E-01   1.236490E+03   8.334072E+03   8.053014E-01
   2.705753E-01   1.234126E+03   8.325052E+03   8.050277E-01
   2.718251E-01   1.230621E+03   8.315973E+03   8.047786E-01
   2.730806E-01   1.226866E+03   8.307334E+03   8.045392E-01
   2.743419E-01   1.223991E+03   8.298921E+03   8.043073E-01
   2.756091E-01   1.221449E+03   8.290433E+03   8.040729E-01
   2.768821E-01   1.218873E+03   8.282202E+03   8.037945E-01
   2.781610E-01   1.215859E+03   8.274219E+03   8.035039E-01
   2.794458E-01   1.212855E+03   8.266278E+03   8.032203E-01
   2.807365E-01   1.210439E+03   8.258420E+03   8.029131E-01
   2.820332E-01   1.208056E+03   8.250396E+03   8.025736E-01
   2.833359E-01   1.205635E+03   8.241822E+03   8.022266E-01
   2.846445E-01   1.202886E+03   8.232127E+03   8.019070E-01
   2.859593E-01   1.199929E+03   8.221755E+03   8.016068E-01
   2.872801E-01   1.197078E+03   8.211320E+03   8.012789E-01
   2.886070E-01   1.194020E+03   8.200682E+03   8.008734E-01
   2.899400E-01   1.191358E+03   8.189836E+03   8.004215E-01
   2.912792E-01   1.189161E+03   8.178469E+03   7.999979E-01
   2.926246E-01   1.186387E+03   8.166956E+03   7.996398E-01
   2.939762E-01   1.183023E+03   8.155733E+03   7.993058E-01
   2.953341E-01   1.179548E+03   8.144027E+03   7.990026E-01
   2.966982E-01   1.176635E+03   8.132015E+03   7.986959E-01
   2.980686E-01   1.174336E+03   8.120260E+03   7.983751E-01
   2.994453E-01   1.171405E+03   8.108725E+03   7.980452E-01
   3.008284E-01   1.167628E+03   8.097596E+03   7.977705E-01
   3.022179E-01   1.164206E+03   8.087106E+03   7.974834E-01
   3.036138E-01   1.161541E+03   8.077031E+03   7.971701E-01
   3.050162E-01   1.159154E+03   8.066323E+03   7.969337E-01
   3.064250E-01   1.155961E+03   8.054851E+03   7.967619E-01
   3.078404E-01   1.152670E+03   8.043909E+03   7.965603E-01
   3.092622E-01   1.149656E+03   8.033375E+03   7.963071E-01
   3.106907E-01   1.146901E+03   8.022689E+03   7.960831E-01
   3.121257E-01   1.144467E+03   8.011948E+03   7.958838E-01
   3.135674E-01   1.141994E+03   8.000932E+03   7.957006E-01
   3.150157E-01   1.139784E+03   7.989999E+03   7.954777E-01
   3.164707E-01   1.136851E+03   7.979006E+03   7.952648E-01
   3.179325E-01   1.133138E+03   7.968367E+03   7.950750E-01
   3.194010E-01   1.130221E+03   7.957932E+03   7.948961E-01
   3.208762E-01   1.127692E+03   7.947554E+03   7.947246E-01
   3.223583E-01   1.125317E+03   7.937212E+03   7.945192E-01
   3.238473E-01   1.122580E+03   7.927151E+03   7.942983E-01
   3.253431E-01   1.119633E+03   7.917182E+03   7.940839E-01
   3.268458E-01   1.117183E+03   7.907286E+03   7.938703E-01
   3.283555E-01   1.114943E+03   7.897304E+03   7.936148E-01
   3.298721E-01   1.112646E+03   7.886905E+03   7.933504E-01
   3.313957E-01   1.110179E+03   7.875594E+03   7.931095E-01
   3.329264E-01   1.107355E+03   7.863364E+03   7.928929E-01
   3.344641E-01   1.104648E+03   7.851005E+03   7.926706E-01
   3.360090E-01   1.101821E+03   7.838416E+03   7.923873E-01
   3.375610E-01   1.099073E+03   7.825660E+03   7.920410E-01
   3.391201E-01   1.096937E+03   7.812564E+03   7.917032E-01
   3.406865E-01   1.094506E+03   7.798995E+03   7.914308E-01
   3.422601E-01   1.091483E+03   7.785805E+03   7.911957E-01
   3.438409E-01   1.088142E+03   7.772285E+03   7.909970E-01
   3.454291E-01   1.085175E+03   7.758342E+03   7.907968E-01
   3.470246E-01   1.082849E+03   7.744463E+03   7.905941E-01
   3.486274E-01   1.080402E+03   7.730829E+03   7.903751E-01
   3.502377E-01   1.076937E+03   7.717406E+03   7.901928E-01
   3.518554E-01   1.073525E+03   7.704569E+03   7.900353E-01
   3.534806E-01   1.070747E+03   7.692208E+03   7.898346E-01
   3.551133E-01   1.068512E+03   7.679570E+03   7.896849E-01
   3.567535E-01   1.065707E+03   7.665969E+03   7.896095E-01
   3.584013E-01   1.062514E+03   7.652572E+03   7.895409E-01
   3.600567E-01   1.059556E+03   7.639668E+03   7.894047E-01
   3.617198E-01   1.056824E+03   7.626739E+03   7.892824E-01
   3.633905E-01   1.054433E+03   7.613771E+03   7.891922E-01
   3.650690E-01   1.052046E+03   7.600611E+03   7.891198E-01
   3.667552E-01   1.049851E+03   7.587387E+03   7.890249E-01
   3.684492E-01   1.047387E+03   7.574226E+03   7.889125E-01
   3.701510E-01   1.043901E+03   7.561233E+03   7.888325E-01
   3.718607E-01   1.040839E+03   7.548539E+03   7.887566E-01
   3.735783E-01   1.038311E+03   7.536036E+03   7.886930E-01
   3.753038E-01   1.036029E+03   7.523443E+03   7.886095E-01
   3.770372E-01   1.033515E+03   7.511145E+03   7.884961E-01
   3.787787E-01   1.030674E+03   7.498986E+03   7.883804E-01
   3.805283E-01   1.028124E+03   7.486841E+03   7.882749E-01
   3.822859E-01   1.025953E+03   7.474678E+03   7.881258E-01
   3.840516E-01   1.023721E+03   7.462230E+03   7.879625E-01
   3.858255E-01   1.021430E+03   7.449122E+03   7.877998E-01
   3.876076E-01   1.018759E+03   7.435057E+03   7.876705E-01
   3.893979E-01   1.016107E+03   7.420748E+03   7.875441E-01
   3.911965E-01   1.013444E+03   7.406326E+03   7.873693E-01
   3.930034E-01   1.010655E+03   7.391802E+03   7.871180E-01
   3.948186E-01   1.008431E+03   7.377086E+03   7.868530E-01
   3.966422E-01   1.006246E+03   7.361846E+03   7.866360E-01
   3.984743E-01   1.003486E+03   7.346880E+03   7.864713E-01
   4.003148E-01   1.000300E+03   7.331868E+03   7.863296E-01
   4.021638E-01   9.972838E+02   7.316431E+03   7.862018E-01
   4.040213E-01   9.948405E+02   7.300935E+03   7.860695E-01
   4.058874E-01   9.926614E+02   7.285754E+03   7.859193E-01
   4.077622E-01   9.895693E+02   7.270762E+03   7.857777E-01
   4.096456E-01   9.861822E+02   7.256286E+03   7.856864E-01
   4.115377E-01   9.832870E+02   7.242294E+03   7.855503E-01
   4.134385E-01   9.810288E+02   7.228354E+03   7.854267E-01
   4.153481E-01   9.785651E+02   7.213569E+03   7.853803E-01
   4.172666E-01   9.754954E+02   7.198611E+03   7.853647E-01
   4.191939E-01   9.725675E+02   7.184209E+03   7.852858E-01
   4.211301E-01   9.698644E+02   7.170026E+03   7.851989E-01
   4.230752E-01   9.674395E+02   7.155828E+03   7.851379E-01
   4.250294E-01   9.651428E+02   7.141606E+03   7.851006E-01
   4.269925E-01   9.629056E+02   7.127256E+03   7.850527E-01
   4.289648E-01   9.607314E+02   7.113074E+03   7.849766E-01
   4.309461E-01   9.576140E+02   7.098907E+03   7.849164E-01
   4.329366E-01   9.544136E+02   7.085126E+03   7.848692E-01
   4.349363E-01   9.518882E+02   7.071569E+03   7.848315E-01
   4.369452E-01   9.496236E+02   7.057961E+03   7.847853E-01
   4.389634E-01   9.473012E+02   7.044603E+03   7.847051E-01
   4.409909E-01   9.446310E+02   7.031442E+03   7.846071E-01
   4.430278E-01   9.420162E+02   7.018304E+03   7.845223E-01
   4.450741E-01   9.398581E+02   7.005219E+03   7.844078E-01
   4.471298E-01   9.377020E+02   6.991987E+03   7.842618E-01
   4.491950E-01   9.355194E+02   6.978316E+03   7.841056E-01
   4.512698E-01   9.330496E+02   6.963804E+03   7.839797E-01
   4.533542E-01   9.304498E+02   6.948880E+03   7.838675E-01
   4.554482E-01   9.279238E+02   6.933981E+03   7.837214E-01
   4.575518E-01   9.252273E+02   6.919016E+03   7.835070E-01
   4.596652E-01   9.228972E+02   6.903962E+03   7.832501E-01
   4.617883E-01   9.208820E+02   6.888533E+03   7.830247E-01
   4.639213E-01   9.183896E+02   6.873091E+03   7.828550E-01
   4.660641E-01   9.154445E+02   6.857856E+03   7.827159E-01
   4.682168E-01   9.124521E+02   6.842236E+03   7.825926E-01
   4.703794E-01   9.099208E+02   6.826425E+03   7.824656E-01
   4.725520E-01   9.078509E+02   6.810870E+03   7.823210E-01
   4.747347E-01   9.051981E+02   6.795519E+03   7.821679E-01
   4.769274E-01   9.019382E+02   6.780528E+03   7.820688E-01
   4.791303E-01   8.989995E+02   6.766031E+03   7.819441E-01
   4.813433E-01   8.966683E+02   6.751817E+03   7.818003E-01
   4.835666E-01   8.944900E+02   6.737025E+03   7.817270E-01
   4.858001E-01   8.916612E+02   6.721695E+03   7.817040E-01
   4.880440E-01   8.888014E+02   6.706861E+03   7.816440E-01
   4.902982E-01   8.861604E+02   6.692425E+03   7.815424E-01
   4.925628E-01   8.837328E+02   6.678028E+03   7.814656E-01
   4.948379E-01   8.815506E+02   6.663764E+03   7.814221E-01
   4.971235E-01   8.793415E+02   6.649450E+03   7.813854E-01
   4.994197E-01   8.773298E+02   6.635337E+03   7.813141E-01
   5.017264E-01   8.746817E+02   6.621237E+03   7.812494E-01
   5.040438E-01   8.714934E+02   6.607480E+03   7.812014E-01
   5.063720E-01   8.689593E+02   6.593893E+03   7.811637E-01
   5.087108E-01   8.667194E+02   6.580301E+03   7.811200E-01
   5.110605E-01   8.645772E+02   6.566726E+03   7.810423E-01
   5.134210E-01   8.621337E+02   6.553301E+03   7.809376E-01
   5.157925E-01   8.595515E+02   6.539881E+03   7.808345E-01
   5.181748E-01   8.573794E+02   6.526493E+03   7.807209E-01
   5.205682E-01   8.553445E+02   6.513056E+03   7.805646E-01
   5.229727E-01   8.532677E+02   6.499412E+03   7.803985E-01
   5.253882E-01   8.510326E+02   6.485212E+03   7.802536E-01
   5.278149E-01   8.485508E+02   6.470529E+03   7.801391E-01
   5.302528E-01   8.461577E+02   6.455994E+03   7.800108E-01
   5.327020E-01   8.436538E+02   6.441460E+03   7.798265E-01
   5.351625E-01   8.412593E+02   6.426912E+03   7.795780E-01
   5.376343E-01   8.393443E+02   6.412110E+03   7.793437E-01
   5.401176E-01   8.371458E+02   6.396987E+03   7.791599E-01
   5.426123E-01   8.344782E+02   6.382128E+03   7.790136E-01
   5.451186E-01   8.315947E+02   6.366911E+03   7.788819E-01
   5.476364E-01   8.290433E+02   6.351351E+03   7.787500E-01
   5.501659E-01   8.269957E+02   6.335882E+03   7.786041E-01
   5.527070E-01   8.247668E+02   6.320642E+03   7.784386E-01
   5.552599E-01   8.217580E+02   6.305676E+03   7.783153E-01
   5.578246E-01   8.188503E+02   6.291240E+03   7.782022E-01
   5.604011E-01   8.164601E+02   6.277236E+03   7.780501E-01
   5.629895E-01   8.144705E+02   6.263011E+03   7.779506E-01
   5.655899E-01   8.119720E+02   6.248113E+03   7.779155E-01
   5.682023E-01   8.092263E+02   6.233517E+03   7.778799E-01
   5.708268E-01   8.066779E+02   6.219425E+03   7.777816E-01
   5.734634E-01   8.043097E+02   6.205471E+03   7.777013E-01
   5.761121E-01   8.022209E+02   6.191640E+03   7.776561E-01
   5.787731E-01   8.001137E+02   6.177804E+03   7.776278E-01
   5.814464E-01   7.981909E+02   6.164004E+03   7.775723E-01
   5.841320E-01   7.959858E+02   6.150254E+03   7.775045E-01
   5.868300E-01   7.929939E+02   6.136639E+03   7.774530E-01
   5.895405E-01   7.904193E+02   6.123216E+03   7.774122E-01
   5.922636E-01   7.882382E+02   6.109877E+03   7.773701E-01
   5.949991E-01   7.862376E+02   6.096464E+03   7.773035E-01
   5.977474E-01   7.840281E+02   6.083279E+03   7.772053E-01
   6.005083E-01   7.815777E+02   6.070192E+03   7.770978E-01
   6.032820E-01   7.793970E+02   6.057151E+03   7.770016E-01
   6.060685E-01   7.774825E+02   6.044191E+03   7.768589E-01
   6.088678E-01   7.755238E+02   6.031128E+03   7.767054E-01
   6.116801E-01   7.735087E+02   6.017671E+03   7.765575E-01
   6.145054E-01   7.712071E+02   6.003620E+03   7.764484E-01
   6.173437E-01   7.689330E+02   5.989549E+03   7.763373E-01
   6.201951E-01   7.666420E+02   5.975471E+03   7.761808E-01
   6.230597E-01   7.642842E+02   5.961362E+03   7.759513E-01
   6.259376E-01   7.623910E+02   5.947110E+03   7.757109E-01
   6.288287E-01   7.604715E+02   5.932456E+03   7.755155E-01
   6.317332E-01   7.580936E+02   5.918015E+03   7.753663E-01
   6.346511E-01   7.554099E+02   5.903445E+03   7.752398E-01
   6.375825E-01   7.528893E+02   5.888531E+03   7.751162E-01
   6.405274E-01   7.508301E+02   5.873555E+03   7.749842E-01
   6.434859E-01   7.489174E+02   5.858850E+03   7.748293E-01
   6.464581E-01   7.462706E+02   5.844321E+03   7.746935E-01
   6.494440E-01   7.434461E+02   5.830279E+03   7.745980E-01
   6.524437E-01   7.410374E+02   5.816681E+03   7.744598E-01
   6.554572E-01   7.391201E+02   5.803174E+03   7.743419E-01
   6.584847E-01   7.369798E+02   5.789022E+03   7.743009E-01
   6.615262E-01   7.344004E+02   5.774854E+03   7.742870E-01
   6.645817E-01   7.319568E+02   5.761206E+03   7.742119E-01
   6.676513E-01   7.296879E+02   5.747765E+03   7.741334E-01
   6.707351E-01   7.276575E+02   5.734372E+03   7.740865E-01
   6.738331E-01   7.257140E+02   5.721015E+03   7.740678E-01
   6.769455E-01   7.238379E+02   5.707587E+03   7.740334E-01
   6.800722E-01   7.219699E+02   5.694272E+03   7.739704E-01
   6.832134E-01   7.193341E+02   5.680987E+03   7.739259E-01
   6.863691E-01   7.167213E+02   5.668000E+03   7.738921E-01
   6.895393E-01   7.146218E+02   5.655158E+03   7.738654E-01
   6.927242E-01   7.127148E+02   5.642331E+03   7.738255E-01
   6.959238E-01   7.107430E+02   5.629694E+03   7.737530E-01
   6.991382E-01   7.084952E+02   5.617217E+03   7.736608E-01
   7.023674E-01   7.063218E+02   5.604773E+03   7.735832E-01
   7.056116E-01   7.045097E+02   5.592381E+03   7.734701E-01
   7.088707E-01   7.026758E+02   5.579912E+03   7.733291E-01
   7.121449E-01   7.008384E+02   5.567158E+03   7.731863E-01
   7.154342E-01   6.987529E+02   5.553824E+03   7.730757E-01
   7.187387E-01   6.965914E+02   5.540299E+03   7.729792E-01
   7.220585E-01   6.944895E+02   5.526846E+03   7.728522E-01
   7.253936E-01   6.922596E+02   5.513354E+03   7.726556E-01
   7.287441E-01   6.903451E+02   5.499829E+03   7.724228E-01
   7.321101E-01   6.886562E+02   5.485938E+03   7.722257E-01
   7.354916E-01   6.865595E+02   5.472081E+03   7.720795E-01
   7.388887E-01   6.841336E+02   5.458321E+03   7.719651E-01
   7.423016E-01   6.816843E+02   5.444228E+03   7.718578E-01
   7.457302E-01   6.796233E+02   5.430004E+03   7.717464E-01
   7.491746E-01   6.779082E+02   5.415987E+03   7.716181E-01
   7.526350E-01   6.756634E+02   5.402190E+03   7.714815E-01
   7.561113E-01   6.729997E+02   5.388725E+03   7.714042E-01
   7.596037E-01   6.706079E+02   5.375762E+03   7.712959E-01
   7.631122E-01   6.687128E+02   5.362997E+03   7.711759E-01
   7.666369E-01   6.668748E+02   5.349774E+03   7.711290E-01
   7.701779E-01   6.645336E+02   5.336170E+03   7.711284E-01
   7.737353E-01   6.621985E+02   5.323006E+03   7.710851E-01
   7.773091E-01   6.600373E+02   5.310109E+03   7.710074E-01
   7.808994E-01   6.580652E+02   5.297286E+03   7.709608E-01
   7.845062E-01   6.562693E+02   5.284532E+03   7.709463E-01
   7.881298E-01   6.544548E+02   5.271752E+03   7.709340E-01
   7.917700E-01   6.528075E+02   5.259069E+03   7.708919E-01
   7.954271E-01   6.505773E+02   5.246439E+03   7.708516E-01
   7.991011E-01   6.480219E+02   5.234022E+03   7.708369E-01
   8.027921E-01   6.459699E+02   5.221832E+03   7.708248E-01
   8.065001E-01   6.441496E+02   5.209666E+03   7.708129E-01
   8.102252E-01   6.423878E+02   5.197639E+03   7.707697E-01
   8.139675E-01   6.403673E+02   5.185805E+03   7.706995E-01
   8.177271E-01   6.382682E+02   5.174032E+03   7.706365E-01
   8.215041E-01   6.365110E+02   5.162291E+03   7.705590E-01
   8.252985E-01   6.348264E+02   5.150517E+03   7.704356E-01
   8.291105E-01   6.331286E+02   5.138547E+03   7.703087E-01
   8.329400E-01   6.312726E+02   5.126051E+03   7.701944E-01
   8.367873E-01   6.292466E+02   5.113210E+03   7.701104E-01
   8.406523E-01   6.273018E+02   5.100384E+03   7.700086E-01
   8.445352E-01   6.252431E+02   5.087551E+03   7.698386E-01
   8.484360E-01   6.233313E+02   5.074679E+03   7.696185E-01
   8.523548E-01   6.217645E+02   5.061598E+03   7.694078E-01
   8.562917E-01   6.199495E+02   5.048360E+03   7.692575E-01
   8.602468E-01   6.177779E+02   5.035372E+03   7.691454E-01
   8.642202E-01   6.154509E+02   5.022180E+03   7.690496E-01
   8.682119E-01   6.134145E+02   5.008786E+03   7.689552E-01
   8.722221E-01   6.117779E+02   4.995531E+03   7.688490E-01
   8.762508E-01   6.099312E+02   4.982490E+03   7.687259E-01
   8.802981E-01   6.074894E+02   4.969720E+03   7.686486E-01
   8.843641E-01   6.051680E+02   4.957371E+03   7.685761E-01
   8.884488E-01   6.032798E+02   4.945338E+03   7.684695E-01
   8.925525E-01   6.016468E+02   4.933072E+03   7.684089E-01
   8.966751E-01   5.996136E+02   4.920229E+03   7.684194E-01
   9.008167E-01   5.973956E+02   4.907617E+03   7.684075E-01
   9.049775E-01   5.953645E+02   4.895339E+03   7.683438E-01
   9.091574E-01   5.934576E+02   4.883101E+03   7.682885E-01
   9.133567E-01   5.917875E+02   4.870980E+03   7.682782E-01
   9.175754E-01   5.900786E+02   4.858810E+03   7.682736E-01
   9.218136E-01   5.885482E+02   4.846733E+03   7.682479E-01
   9.260713E-01   5.867095E+02   4.834738E+03   7.682070E-01
   9.303487E-01   5.843182E+02   4.822891E+03   7.681958E-01
   9.346459E-01   5.822702E+02   4.811336E+03   7.681896E-01
   9.389629E-01   5.805378E+02   4.799833E+03   7.681898E-01
   9.432999E-01   5.789293E+02   4.788450E+03   7.681692E-01
   9.476568E-01   5.771318E+02   4.777241E+03   7.681121E-01
   9.520339E-01   5.751723E+02   4.766122E+03   7.680563E-01
   9.564313E-01   5.734426E+02   4.755034E+03   7.680043E-01
   9.608489E-01   5.719101E+02   4.743938E+03   7.679014E-01
   9.652870E-01   5.703270E+02   4.732717E+03   7.677822E-01
   9.697455E-01   5.687052E+02   4.721104E+03   7.676777E-01
   9.742246E-01   5.668441E+02   4.709036E+03   7.675955E-01
   9.787245E-01   5.650287E+02   4.696938E+03   7.675155E-01
   9.832451E-01   5.631777E+02   4.684832E+03   7.673810E-01
   9.877866E-01   5.613085E+02   4.672720E+03   7.671795E-01
   9.923490E-01   5.598099E+02   4.660451E+03   7.669646E-01
   9.969326E-01   5.582472E+02   4.647961E+03   7.668018E-01
   1.001537E+00   5.563280E+02   4.635649E+03   7.666871E-01
   1.006163E+00   5.541783E+02   4.623313E+03   7.665915E-01
   1.010811E+00   5.521850E+02   4.610739E+03   7.665066E-01
   1.015479E+00   5.505706E+02   4.598191E+03   7.664108E-01
   1.020170E+00   5.490164E+02   4.585900E+03   7.662889E-01
   1.024882E+00   5.468768E+02   4.573801E+03   7.662042E-01
   1.029616E+00   5.446375E+02   4.562072E+03   7.661445E-01
   1.034371E+00   5.427556E+02   4.550732E+03   7.660508E-01
   1.039149E+00   5.412403E+02   4.539338E+03   7.659742E-01
   1.043949E+00   5.395079E+02   4.527444E+03   7.659784E-01
   1.048770E+00   5.374522E+02   4.515499E+03   7.659968E-01
   1.053615E+00   5.355312E+02   4.503936E+03   7.659536E-01
   1.058481E+00   5.337272E+02   4.492516E+03   7.659035E-01
   1.063370E+00   5.321399E+02   4.481130E+03   7.658948E-01
   1.068282E+00   5.305838E+02   4.469788E+03   7.659075E-01
   1.073216E+00   5.291202E+02   4.458449E+03   7.659053E-01
   1.078173E+00   5.276035E+02   4.447195E+03   7.658725E-01
   1.083153E+00   5.254809E+02   4.436017E+03   7.658624E-01
   1.088156E+00   5.234501E+02   4.425088E+03   7.658697E-01
   1.093182E+00   5.217984E+02   4.414263E+03   7.658752E-01
   1.098231E+00   5.202939E+02   4.403526E+03   7.658672E-01
   1.103304E+00   5.187153E+02   4.392945E+03   7.658254E-01
   1.108400E+00   5.169386E+02   4.382479E+03   7.657759E-01
   1.113519E+00   5.152276E+02   4.372081E+03   7.657267E-01
   1.118663E+00   5.138046E+02   4.361717E+03   7.656437E-01
   1.123830E+00   5.123579E+02   4.351260E+03   7.655347E-01
   1.129020E+00   5.108982E+02   4.340556E+03   7.654233E-01
   1.134235E+00   5.092321E+02   4.329405E+03   7.653403E-01
   1.139474E+00   5.075424E+02   4.318081E+03   7.652750E-01
   1.144737E+00   5.058678E+02   4.306808E+03   7.651626E-01
   1.150025E+00   5.041067E+02   4.295554E+03   7.649874E-01
   1.155336E+00   5.026382E+02   4.284162E+03   7.647826E-01
   1.160673E+00   5.012889E+02   4.272566E+03   7.646051E-01
   1.166034E+00   4.996113E+02   4.261045E+03   7.644848E-01
   1.171420E+00   4.976870E+02   4.249567E+03   7.643975E-01
   1.176830E+00   4.957728E+02   4.237905E+03   7.643213E-01
   1.182266E+00   4.941794E+02   4.226117E+03   7.642367E-01
   1.187727E+00   4.928212E+02   4.214547E+03   7.641245E-01
   1.193213E+00   4.910271E+02   4.203178E+03   7.640310E-01
   1.198724E+00   4.889170E+02   4.192059E+03   7.639734E-01
   1.204261E+00   4.870684E+02   4.181359E+03   7.638952E-01
   1.209823E+00   4.856098E+02   4.170766E+03   7.638082E-01
   1.215411E+00   4.841303E+02   4.159791E+03   7.637858E-01
   1.221025E+00   4.822897E+02   4.148571E+03   7.638205E-01
   1.226665E+00   4.804642E+02   4.137636E+03   7.637962E-01
   1.232330E+00   4.787673E+02   4.126937E+03   7.637381E-01
   1.238022E+00   4.772435E+02   4.116285E+03   7.637192E-01
   1.243741E+00   4.758362E+02   4.105652E+03   7.637319E-01
   1.249485E+00   4.744295E+02   4.095021E+03   7.637399E-01
   1.255257E+00   4.731362E+02   4.084516E+03   7.637211E-01
   1.261054E+00   4.713411E+02   4.074040E+03   7.637056E-01
   1.266879E+00   4.693636E+02   4.063759E+03   7.637171E-01
   1.272731E+00   4.677713E+02   4.053662E+03   7.637276E-01
   1.278609E+00   4.663586E+02   4.043622E+03   7.637393E-01
   1.284515E+00   4.649781E+02   4.033701E+03   7.637213E-01
   1.290448E+00   4.633913E+02   4.023925E+03   7.636785E-01
   1.296408E+00   4.617536E+02   4.014217E+03   7.636337E-01
   1.302396E+00   4.603992E+02   4.004535E+03   7.635745E-01
   1.308412E+00   4.590930E+02   3.994818E+03   7.634788E-01
   1.314455E+00   4.577651E+02   3.984962E+03   7.633692E-01
   1.320527E+00   4.563030E+02   3.974665E+03   7.632784E-01
   1.326626E+00   4.547349E+02   3.964099E+03   7.632190E-01
   1.332754E+00   4.532053E+02   3.953607E+03   7.631227E-01
   1.338909E+00   4.515908E+02   3.943086E+03   7.629658E-01
   1.345094E+00   4.501404E+02   3.932450E+03   7.627712E-01
   1.351306E+00   4.489267E+02   3.921671E+03   7.625703E-01
   1.357548E+00   4.474700E+02   3.910866E+03   7.624194E-01
   1.363818E+00   4.457725E+02   3.900105E+03   7.623282E-01
   1.370118E+00   4.439760E+02   3.889271E+03   7.622606E-01
   1.376446E+00   4.424007E+02   3.878314E+03   7.621757E-01
   1.382804E+00   4.411330E+02   3.867446E+03   7.620668E-01
   1.389191E+00   4.396805E+02   3.856804E+03   7.619675E-01
   1.395607E+00   4.377500E+02   3.846388E+03   7.619064E-01
   1.402053E+00   4.359475E+02   3.836360E+03   7.618412E-01
   1.408529E+00   4.345309E+02   3.826548E+03   7.617676E-01
   1.415035E+00   4.332543E+02   3.816497E+03   7.617259E-01
   1.421571E+00   4.316297E+02   3.806105E+03   7.617462E-01
   1.428137E+00   4.299236E+02   3.795857E+03   7.617531E-01
   1.434733E+00   4.283609E+02   3.785863E+03   7.617116E-01
   1.441360E+00   4.268881E+02   3.775929E+03   7.616767E-01
   1.448018E+00   4.255958E+02   3.766004E+03   7.616749E-01
   1.454706E+00   4.242889E+02   3.756042E+03   7.616885E-01
   1.461425E+00   4.231179E+02   3.746167E+03   7.616795E-01
   1.468175E+00   4.216517E+02   3.736293E+03   7.616503E-01
   1.474956E+00   4.197985E+02   3.726491E+03   7.616481E-01
   1.481769E+00   4.182461E+02   3.716938E+03   7.616444E-01
   1.488613E+00   4.168894E+02   3.707474E+03   7.616415E-01
   1.495489E+00   4.156648E+02   3.698063E+03   7.616339E-01
   1.502396E+00   4.142927E+02   3.688770E+03   7.616024E-01
   1.509336E+00   4.127660E+02   3.679636E+03   7.615512E-01
   1.516307E+00   4.114326E+02   3.670590E+03   7.614836E-01
   1.523311E+00   4.102683E+02   3.661528E+03   7.613954E-01
   1.530347E+00   4.090647E+02   3.652369E+03   7.612990E-01
   1.537415E+00   4.078016E+02   3.642914E+03   7.612029E-01
   1.544516E+00   4.063706E+02   3.633149E+03   7.611324E-01
   1.551650E+00   4.049624E+02   3.623380E+03   7.610538E-01
   1.558817E+00   4.035305E+02   3.613568E+03   7.609226E-01
   1.566017E+00   4.021284E+02   3.603668E+03   7.607419E-01
   1.573250E+00   4.009940E+02   3.593686E+03   7.605296E-01
   1.580517E+00   3.997561E+02   3.583573E+03   7.603497E-01
   1.587817E+00   3.982717E+02   3.573422E+03   7.602361E-01
   1.595151E+00   3.966242E+02   3.563234E+03   7.601589E-01
   1.602519E+00   3.951023E+02   3.552959E+03   7.600739E-01
   1.609921E+00   3.938787E+02   3.542642E+03   7.599640E-01
   1.617357E+00   3.926910E+02   3.532480E+03   7.598420E-01
   1.624827E+00   3.910030E+02   3.522509E+03   7.597486E-01
   1.632332E+00   3.892626E+02   3.512903E+03   7.596757E-01
   1.639872E+00   3.878751E+02   3.503624E+03   7.595988E-01
   1.647446E+00   3.867327E+02   3.494232E+03   7.595336E-01
   1.655055E+00   3.853507E+02   3.484481E+03   7.595218E-01
   1.662700E+00   3.837660E+02   3.474794E+03   7.595390E-01
   1.670380E+00   3.823216E+02   3.465438E+03   7.595153E-01
   1.678095E+00   3.809436E+02   3.456143E+03   7.594744E-01
   1.685846E+00   3.797230E+02   3.446841E+03   7.594527E-01
   1.693633E+00   3.785338E+02   3.437544E+03   7.594603E-01
   1.701455E+00   3.774407E+02   3.428334E+03   7.594651E-01
   1.709314E+00   3.762599E+02   3.419134E+03   7.594370E-01
   1.717209E+00   3.746001E+02   3.409884E+03   7.594253E-01
   1.725141E+00   3.730762E+02   3.400843E+03   7.594203E-01
   1.733109E+00   3.718097E+02   3.391919E+03   7.594053E-01
   1.741114E+00   3.706568E+02   3.383001E+03   7.593888E-01
   1.749156E+00   3.694683E+02   3.374136E+03   7.593511E-01
   1.757235E+00   3.681159E+02   3.365419E+03   7.592917E-01
   1.765352E+00   3.667982E+02   3.356815E+03   7.592165E-01
   1.773506E+00   3.657190E+02   3.348232E+03   7.591168E-01
   1.781697E+00   3.646355E+02   3.339546E+03   7.590035E-01
   1.789927E+00   3.635286E+02   3.330651E+03   7.588890E-01
   1.798194E+00   3.622534E+02   3.321478E+03   7.588020E-01
   1.806500E+00   3.609508E+02   3.312285E+03   7.587192E-01
   1.814844E+00   3.596666E+02   3.303114E+03   7.585894E-01
   1.823226E+00   3.583321E+02   3.293868E+03   7.584111E-01
   1.831647E+00   3.572466E+02   3.284582E+03   7.582017E-01
   1.840108E+00   3.561983E+02   3.275178E+03   7.580049E-01
   1.848607E+00   3.549010E+02   3.265716E+03   7.578671E-01
   1.857145E+00   3.534323E+02   3.256270E+03   7.577733E-01
   1.865723E+00   3.519668E+02   3.246766E+03   7.576860E-01
   1.874341E+00   3.507600E+02   3.237165E+03   7.575838E-01
   1.882998E+00   3.497488E+02   3.227638E+03   7.574596E-01
   1.891696E+00   3.483602E+02   3.218257E+03   7.573467E-01
   1.900433E+00   3.466998E+02   3.209135E+03   7.572576E-01
   1.909211E+00   3.453120E+02   3.200355E+03   7.571679E-01
   1.918029E+00   3.442569E+02   3.191615E+03   7.570860E-01
   1.926888E+00   3.431123E+02   3.182551E+03   7.570481E-01
   1.935788E+00   3.416721E+02   3.173374E+03   7.570559E-01
   1.944730E+00   3.402988E+02   3.164495E+03   7.570308E-01
   1.953712E+00   3.390240E+02   3.155779E+03   7.569731E-01
   1.962736E+00   3.378720E+02   3.147068E+03   7.569335E-01
   1.971802E+00   3.368008E+02   3.138369E+03   7.569270E-01
   1.980909E+00   3.357540E+02   3.129748E+03   7.569403E-01
   1.990059E+00   3.347822E+02   3.121229E+03   7.569251E-01
   1.999251E+00   3.333886E+02   3.112673E+03   7.569078E-01
   2.008485E+00   3.328873E+02   3.102596E+03   7.570240E-01
   2.017762E+00   3.327611E+02   3.092561E+03   7.571375E-01
   2.027082E+00   3.327591E+02   3.082553E+03   7.572526E-01
   2.036445E+00   3.328036E+02   3.072585E+03   7.573632E-01
   2.045851E+00   3.326882E+02   3.062741E+03   7.574552E-01
   2.055300E+00   3.325102E+02   3.053015E+03   7.575196E-01
   2.064793E+00   3.325530E+02   3.043345E+03   7.575529E-01
   2.074330E+00   3.326540E+02   3.033591E+03   7.575732E-01
   2.083911E+00   3.327205E+02   3.023633E+03   7.575945E-01
   2.093537E+00   3.326186E+02   3.013402E+03   7.576375E-01
   2.103207E+00   3.324778E+02   3.003120E+03   7.576820E-01
   2.112921E+00   3.323563E+02   2.992859E+03   7.576796E-01
   2.122680E+00   3.321948E+02   2.982553E+03   7.576352E-01
   2.132485E+00   3.322542E+02   2.972215E+03   7.575695E-01
   2.142334E+00   3.323189E+02   2.961779E+03   7.575194E-01
   2.152230E+00   3.321528E+02   2.951313E+03   7.575146E-01
   2.162170E+00   3.318302E+02   2.940902E+03   7.575409E-01
   2.172157E+00   3.315449E+02   2.930481E+03   7.575774E-01
   2.182190E+00   3.315037E+02   2.920019E+03   7.576109E-01
   2.192269E+00   3.315324E+02   2.909613E+03   7.576349E-01
   2.202395E+00   3.311950E+02   2.899330E+03   7.576707E-01
   2.212568E+00   3.307527E+02   2.889333E+03   7.577223E-01
   2.222787E+00   3.305688E+02   2.879634E+03   7.577740E-01
   2.233054E+00   3.305809E+02   2.869922E+03   7.578382E-01
   2.243368E+00   3.304579E+02   2.859950E+03   7.579473E-01
   2.253730E+00   3.301583E+02   2.849949E+03   7.580840E-01
   2.264140E+00   3.299191E+02   2.840158E+03   7.581926E-01
   2.274598E+00   3.297767E+02   2.830467E+03   7.582844E-01
   2.285104E+00   3.297596E+02   2.820806E+03   7.583865E-01
   2.295658E+00   3.297747E+02   2.811201E+03   7.585088E-01
   2.306262E+00   3.298243E+02   2.801698E+03   7.586412E-01
   2.316914E+00   3.297164E+02   2.792214E+03   7.587729E-01
   2.327616E+00   3.293624E+02   2.782778E+03   7.589099E-01
   2.338367E+00   3.291556E+02   2.773532E+03   7.590320E-01
   2.349167E+00   3.290763E+02   2.764365E+03   7.591403E-01
   2.360018E+00   3.290438E+02   2.755205E+03   7.592500E-01
   2.370918E+00   3.289664E+02   2.746120E+03   7.593614E-01
   2.381869E+00   3.288262E+02   2.737149E+03   7.594596E-01
   2.392871E+00   3.287739E+02   2.728255E+03   7.595249E-01
   2.403923E+00   3.288174E+02   2.719367E+03   7.595644E-01
   2.415027E+00   3.288651E+02   2.710413E+03   7.595987E-01
   2.426181E+00   3.288462E+02   2.701285E+03   7.596400E-01
   2.437388E+00   3.287094E+02   2.691979E+03   7.596971E-01
   2.448646E+00   3.285737E+02   2.682631E+03   7.597393E-01
   2.459956E+00   3.284342E+02   2.673259E+03   7.597392E-01
   2.471318E+00   3.283752E+02   2.663851E+03   7.597030E-01
   2.482733E+00   3.284263E+02   2.654391E+03   7.596521E-01
   2.494200E+00   3.283320E+02   2.644861E+03   7.596233E-01
   2.505720E+00   3.280763E+02   2.635251E+03   7.596368E-01
   2.517294E+00   3.277669E+02   2.625590E+03   7.596789E-01
   2.528921E+00   3.275924E+02   2.615926E+03   7.597322E-01
   2.540602E+00   3.275488E+02   2.606278E+03   7.597933E-01
   2.552337E+00   3.273538E+02   2.596709E+03   7.598572E-01
   2.564126E+00   3.269448E+02   2.587299E+03   7.599250E-01
   2.575969E+00   3.266428E+02   2.578104E+03   7.599889E-01
   2.587867E+00   3.265324E+02   2.569014E+03   7.600541E-01
   2.599820E+00   3.264393E+02   2.559865E+03   7.601431E-01
   2.611828E+00   3.261845E+02   2.550645E+03   7.602768E-01
   2.623892E+00   3.259033E+02   2.541503E+03   7.604322E-01
   2.636011E+00   3.257278E+02   2.532453E+03   7.605775E-01
   2.648187E+00   3.256479E+02   2.523423E+03   7.607097E-01
   2.660419E+00   3.256197E+02   2.514419E+03   7.608346E-01
   2.672707E+00   3.255821E+02   2.505495E+03   7.609590E-01
   2.685052E+00   3.254809E+02   2.496659E+03   7.610882E-01
   2.697454E+00   3.252176E+02   2.487879E+03   7.612360E-01
   2.709913E+00   3.249780E+02   2.479210E+03   7.613913E-01
   2.722429E+00   3.248558E+02   2.470619E+03   7.615321E-01
   2.735004E+00   3.247582E+02   2.462025E+03   7.616611E-01
   2.747637E+00   3.246439E+02   2.453453E+03   7.617854E-01
   2.760328E+00   3.244925E+02   2.444970E+03   7.619035E-01
   2.773077E+00   3.243864E+02   2.436576E+03   7.620018E-01
   2.785886E+00   3.243743E+02   2.428193E+03   7.620760E-01
   2.798753E+00   3.243707E+02   2.419767E+03   7.621380E-01
   2.811681E+00   3.243392E+02   2.411267E+03   7.621936E-01
   2.824667E+00   3.242181E+02   2.402644E+03   7.622510E-01
   2.837714E+00   3.240538E+02   2.393942E+03   7.623068E-01
   2.850821E+00   3.239008E+02   2.385208E+03   7.623427E-01
   2.863989E+00   3.237871E+02   2.376434E+03   7.623513E-01
   2.877217E+00   3.237579E+02   2.367592E+03   7.623374E-01
   2.890507E+00   3.236727E+02   2.358666E+03   7.623215E-01
   2.903858E+00   3.234566E+02   2.349724E+03   7.623244E-01
   2.917270E+00   3.231711E+02   2.340843E+03   7.623443E-01
   2.930745E+00   3.229302E+02   2.332018E+03   7.623742E-01
   2.944281E+00   3.227947E+02   2.323221E+03   7.624139E-01
   2.957881E+00   3.226151E+02   2.314465E+03   7.624680E-01
   2.971543E+00   3.222729E+02   2.305789E+03   7.625377E-01
   2.985268E+00   3.219485E+02   2.297235E+03   7.626107E-01
   2.999057E+00   3.217633E+02   2.288771E+03   7.626792E-01
   3.012909E+00   3.216234E+02   2.280364E+03   7.627501E-01
   3.026825E+00   3.214007E+02   2.271948E+03   7.628438E-01
   3.040806E+00   3.210997E+02   2.263581E+03   7.629589E-01
   3.054851E+00   3.208587E+02   2.255301E+03   7.630779E-01
   3.068961E+00   3.207223E+02   2.247060E+03   7.631951E-01
   3.083136E+00   3.206458E+02   2.238824E+03   7.633129E-01
   3.097376E+00   3.205623E+02   2.230615E+03   7.634329E-01
   3.111683E+00   3.204299E+02   2.222464E+03   7.635567E-01
   3.126055E+00   3.202026E+02   2.214376E+03   7.636914E-01
   3.140494E+00   3.199536E+02   2.206379E+03   7.638336E-01
   3.155000E+00   3.197718E+02   2.198474E+03   7.639656E-01
   3.169572E+00   3.196231E+02   2.190604E+03   7.640812E-01
   3.184212E+00   3.194675E+02   2.182743E+03   7.641880E-01
   3.198920E+00   3.192929E+02   2.174918E+03   7.642930E-01
   3.213695E+00   3.191438E+02   2.167141E+03   7.643909E-01
   3.228539E+00   3.190629E+02   2.159379E+03   7.644733E-01
   3.243451E+00   3.190046E+02   2.151592E+03   7.645431E-01
   3.258432E+00   3.189368E+02   2.143768E+03   7.646025E-01
   3.273482E+00   3.188238E+02   2.135883E+03   7.646525E-01
   3.288602E+00   3.186467E+02   2.127929E+03   7.646969E-01
   3.303792E+00   3.184581E+02   2.119936E+03   7.647307E-01
   3.319052E+00   3.183001E+02   2.111912E+03   7.647461E-01
   3.334382E+00   3.181931E+02   2.103837E+03   7.647422E-01
   3.349783E+00   3.180845E+02   2.095691E+03   7.647260E-01
   3.365255E+00   3.178936E+02   2.087492E+03   7.647130E-01
   3.380799E+00   3.176263E+02   2.079308E+03   7.647138E-01
   3.396414E+00   3.173508E+02   2.071176E+03   7.647281E-01
   3.412102E+00   3.171372E+02   2.063093E+03   7.647531E-01
   3.427862E+00   3.169304E+02   2.055052E+03   7.647871E-01
   3.443695E+00   3.166204E+02   2.047066E+03   7.648323E-01
   3.459601E+00   3.162740E+02   2.039171E+03   7.648861E-01
   3.475580E+00   3.160162E+02   2.031363E+03   7.649415E-01
   3.491634E+00   3.158327E+02   2.023592E+03   7.650023E-01
   3.507761E+00   3.156340E+02   2.015671E+03   7.650974E-01
   3.523963E+00   3.153686E+02   2.007606E+03   7.652336E-01
   3.540240E+00   3.151108E+02   1.999601E+03   7.653825E-01
   3.556592E+00   3.149365E+02   1.991650E+03   7.655329E-01
   3.573019E+00   3.148297E+02   1.983725E+03   7.656835E-01
   3.589523E+00   3.147301E+02   1.975832E+03   7.658341E-01
   3.606102E+00   3.145847E+02   1.967990E+03   7.659835E-01
   3.622758E+00   3.143752E+02   1.960205E+03   7.661368E-01
   3.639491E+00   3.141535E+02   1.952491E+03   7.662988E-01
   3.656302E+00   3.139726E+02   1.944852E+03   7.664636E-01
   3.673190E+00   3.138100E+02   1.937260E+03   7.666237E-01
   3.690156E+00   3.136430E+02   1.929695E+03   7.667754E-01
   3.707200E+00   3.134688E+02   1.922157E+03   7.669179E-01
   3.724323E+00   3.133130E+02   1.914649E+03   7.670502E-01
   3.741525E+00   3.132083E+02   1.907160E+03   7.671693E-01
   3.758807E+00   3.131317E+02   1.899660E+03   7.672761E-01
   3.776169E+00   3.130509E+02   1.892137E+03   7.673725E-01
   3.793610E+00   3.129410E+02   1.884577E+03   7.674580E-01
   3.811132E+00   3.127815E+02   1.876968E+03   7.675363E-01
   3.828736E+00   3.126024E+02   1.869324E+03   7.676092E-01
   3.846420E+00   3.124451E+02   1.861660E+03   7.676725E-01
   3.864186E+00   3.123182E+02   1.853970E+03   7.677217E-01
   3.882034E+00   3.121886E+02   1.846240E+03   7.677571E-01
   3.899965E+00   3.120093E+02   1.838472E+03   7.677847E-01
   3.917978E+00   3.117738E+02   1.830698E+03   7.678134E-01
   3.936075E+00   3.115241E+02   1.822948E+03   7.678491E-01
   3.954255E+00   3.113049E+02   1.815234E+03   7.678938E-01
   3.972520E+00   3.110835E+02   1.807557E+03   7.679493E-01
   3.990868E+00   3.107955E+02   1.799929E+03   7.680178E-01
   4.009301E+00   3.106099E+02   1.791814E+03   7.681623E-01
   4.027820E+00   3.106135E+02   1.783225E+03   7.683747E-01
   4.046424E+00   3.106767E+02   1.774684E+03   7.685911E-01
   4.065114E+00   3.107299E+02   1.766166E+03   7.688197E-01
   4.083890E+00   3.107394E+02   1.757673E+03   7.690653E-01
   4.102753E+00   3.107635E+02   1.749223E+03   7.693230E-01
   4.121703E+00   3.108586E+02   1.740817E+03   7.695835E-01
   4.140741E+00   3.110024E+02   1.732441E+03   7.698433E-01
   4.159866E+00   3.111280E+02   1.724094E+03   7.701045E-01
   4.179080E+00   3.112012E+02   1.715793E+03   7.703685E-01
   4.198383E+00   3.112489E+02   1.707551E+03   7.706356E-01
   4.217775E+00   3.113189E+02   1.699365E+03   7.709034E-01
   4.237256E+00   3.114101E+02   1.691223E+03   7.711698E-01
   4.256828E+00   3.114966E+02   1.683111E+03   7.714346E-01
   4.276489E+00   3.115756E+02   1.675029E+03   7.716943E-01
   4.296242E+00   3.116611E+02   1.666973E+03   7.719433E-01
   4.316086E+00   3.117757E+02   1.658934E+03   7.721755E-01
   4.336021E+00   3.119217E+02   1.650894E+03   7.723884E-01
   4.356049E+00   3.120735E+02   1.642836E+03   7.725855E-01
   4.376169E+00   3.122067E+02   1.634755E+03   7.727711E-01
   4.396382E+00   3.123119E+02   1.626645E+03   7.729483E-01
   4.416688E+00   3.124027E+02   1.618504E+03   7.731194E-01
   4.437088E+00   3.124984E+02   1.610341E+03   7.732839E-01
   4.457583E+00   3.126017E+02   1.602158E+03   7.734385E-01
   4.478172E+00   3.126981E+02   1.593953E+03   7.735814E-01
   4.498856E+00   3.127669E+02   1.585728E+03   7.737136E-01
   4.519635E+00   3.128850E+02   1.577120E+03   7.738827E-01
   4.540511E+00   3.129906E+02   1.568500E+03   7.740521E-01
   4.561483E+00   3.130982E+02   1.559906E+03   7.742229E-01
   4.582552E+00   3.131918E+02   1.551346E+03   7.743991E-01
   4.603718E+00   3.132470E+02   1.542832E+03   7.745850E-01
   4.624982E+00   3.132901E+02   1.534380E+03   7.747815E-01
   4.646345E+00   3.133733E+02   1.525993E+03   7.749842E-01
   4.667805E+00   3.134955E+02   1.517654E+03   7.751904E-01
   4.689365E+00   3.136094E+02   1.509343E+03   7.754037E-01
   4.711025E+00   3.136991E+02   1.501062E+03   7.756286E-01
   4.732785E+00   3.138068E+02   1.492821E+03   7.758647E-01
   4.754645E+00   3.139678E+02   1.484623E+03   7.761077E-01
   4.776606E+00   3.141550E+02   1.476458E+03   7.763540E-01
   4.798668E+00   3.143166E+02   1.468324E+03   7.766038E-01
   4.820833E+00   3.144431E+02   1.460228E+03   7.768567E-01
   4.843100E+00   3.145689E+02   1.452175E+03   7.771099E-01
   4.865469E+00   3.147169E+02   1.444164E+03   7.773603E-01
   4.887942E+00   3.148685E+02   1.436182E+03   7.776074E-01
   4.910519E+00   3.150012E+02   1.428227E+03   7.778534E-01
   4.933200E+00   3.151270E+02   1.420303E+03   7.780976E-01
   4.955986E+00   3.152715E+02   1.412412E+03   7.783349E-01
   4.978877E+00   3.154405E+02   1.404541E+03   7.785596E-01
   5.001874E+00   3.156134E+02   1.396613E+03   7.787767E-01
   5.024977E+00   3.157554E+02   1.387971E+03   7.790679E-01
   5.048187E+00   3.158887E+02   1.379322E+03   7.793452E-01
   5.071504E+00   3.160178E+02   1.370665E+03   7.796102E-01
   5.094928E+00   3.161408E+02   1.361998E+03   7.798655E-01
   5.118461E+00   3.162552E+02   1.353323E+03   7.801136E-01
   5.142103E+00   3.163584E+02   1.344646E+03   7.803558E-01
   5.165854E+00   3.164456E+02   1.335971E+03   7.805925E-01
   5.189714E+00   3.165127E+02   1.327304E+03   7.808247E-01
   5.213685E+00   3.165606E+02   1.318650E+03   7.810539E-01
   5.237766E+00   3.165945E+02   1.310018E+03   7.812813E-01
   5.261959E+00   3.166155E+02   1.301416E+03   7.815086E-01
   5.286263E+00   3.166216E+02   1.292849E+03   7.817384E-01
   5.310680E+00   3.166198E+02   1.284327E+03   7.819737E-01
   5.335209E+00   3.166255E+02   1.275857E+03   7.822160E-01
   5.359852E+00   3.166453E+02   1.267438E+03   7.824656E-01
   5.384608E+00   3.166727E+02   1.259067E+03   7.827233E-01
   5.409479E+00   3.167037E+02   1.250742E+03   7.829896E-01
   5.434465E+00   3.167458E+02   1.242463E+03   7.832639E-01
   5.459566E+00   3.168066E+02   1.234225E+03   7.835440E-01
   5.484783E+00   3.168780E+02   1.226019E+03   7.838286E-01
   5.510116E+00   3.170472E+02   1.217166E+03   7.842041E-01
   5.535567E+00   3.173578E+02   1.207328E+03   7.847152E-01
   5.561135E+00   3.176615E+02   1.197527E+03   7.852310E-01
   5.586821E+00   3.179698E+02   1.187760E+03   7.857485E-01
   5.612626E+00   3.182811E+02   1.178025E+03   7.862651E-01
   5.638550E+00   3.185888E+02   1.168318E+03   7.867789E-01
   5.664594E+00   3.188947E+02   1.158638E+03   7.872875E-01
   5.690758E+00   3.192074E+02   1.148982E+03   7.877876E-01
   5.717043E+00   3.195296E+02   1.139342E+03   7.882755E-01
   5.743449E+00   3.198540E+02   1.129711E+03   7.887492E-01
   5.769977E+00   3.201701E+02   1.120083E+03   7.892089E-01
   5.796628E+00   3.204740E+02   1.110458E+03   7.896558E-01
   5.823402E+00   3.207693E+02   1.100836E+03   7.900907E-01
   5.850300E+00   3.210595E+02   1.091218E+03   7.905138E-01
   5.877322E+00   3.213418E+02   1.081603E+03   7.909260E-01
   5.904468E+00   3.216104E+02   1.071994E+03   7.913290E-01
   5.931740E+00   3.218628E+02   1.062393E+03   7.917251E-01
   5.959138E+00   3.221022E+02   1.052807E+03   7.921163E-01
   5.986663E+00   3.223328E+02   1.043238E+03   7.925040E-01
   6.014314E+00   3.223769E+02   1.033440E+03   7.929249E-01
   6.042094E+00   3.222467E+02   1.023430E+03   7.933786E-01
   6.070001E+00   3.221130E+02   1.013450E+03   7.938338E-01
   6.098038E+00   3.219809E+02   1.003504E+03   7.942917E-01
   6.126204E+00   3.218551E+02   9.935926E+02   7.947523E-01
   6.154500E+00   3.217375E+02   9.837157E+02   7.952155E-01
   6.182927E+00   3.216278E+02   9.738718E+02   7.956808E-01
   6.211485E+00   3.213215E+02   9.641899E+02   7.961347E-01
   6.240175E+00   3.207174E+02   9.547288E+02   7.965711E-01
   6.268998E+00   3.201150E+02   9.452879E+02   7.970086E-01
   6.297954E+00   3.195131E+02   9.358644E+02   7.974466E-01
   6.327043E+00   3.189107E+02   9.264559E+02   7.978840E-01
   6.356267E+00   3.183072E+02   9.170601E+02   7.983194E-01
   6.385626E+00   3.177027E+02   9.076756E+02   7.987514E-01
   6.415120E+00   3.171733E+02   8.971549E+02   7.993188E-01
   6.444751E+00   3.167159E+02   8.855507E+02   8.000100E-01
   6.474518E+00   3.162587E+02   8.739541E+02   8.006877E-01
   6.504423E+00   3.158008E+02   8.623642E+02   8.013491E-01
   6.534467E+00   3.153409E+02   8.507804E+02   8.019923E-01
   6.564648E+00   3.148778E+02   8.392032E+02   8.026158E-01
   6.594970E+00   3.144105E+02   8.276337E+02   8.032187E-01
   6.625431E+00   3.138624E+02   8.159226E+02   8.038196E-01
   6.656033E+00   3.132934E+02   8.041929E+02   8.044039E-01
   6.686777E+00   3.127183E+02   7.924781E+02   8.049691E-01
   6.717662E+00   3.121376E+02   7.807828E+02   8.055168E-01
   6.748690E+00   3.115523E+02   7.691115E+02   8.060492E-01
   6.779861E+00   3.109635E+02   7.574693E+02   8.065682E-01
   6.811177E+00   3.103070E+02   7.453817E+02   8.071300E-01
   6.842637E+00   3.095318E+02   7.324677E+02   8.077783E-01
   6.874242E+00   3.087589E+02   7.195985E+02   8.084163E-01
   6.905993E+00   3.079901E+02   7.067783E+02   8.090448E-01
   6.937891E+00   3.072268E+02   6.940106E+02   8.096639E-01
   6.969936E+00   3.064700E+02   6.812979E+02   8.102730E-01
   7.002130E+00   3.057067E+02   6.683829E+02   8.108987E-01
   7.034472E+00   3.047657E+02   6.518697E+02   8.118966E-01
   7.066963E+00   3.038319E+02   6.354355E+02   8.128687E-01
   7.099605E+00   3.029037E+02   6.190861E+02   8.138127E-01
   7.132397E+00   3.032147E+02   6.048933E+02   8.145022E-01
   7.165340E+00   3.035434E+02   5.908283E+02   8.151631E-01
   7.198436E+00   3.038744E+02   5.768717E+02   8.157974E-01
   7.231685E+00   3.037766E+02   5.580744E+02   8.168881E-01
   7.265087E+00   3.036605E+02   5.392187E+02   8.179539E-01
   7.298644E+00   3.035480E+02   5.205688E+02   8.189700E-01
   7.332355E+00   3.042289E+02   5.041391E+02   8.197436E-01
   7.366222E+00   3.049493E+02   4.880057E+02   8.204676E-01
   7.400246E+00   3.056820E+02   4.720604E+02   8.211535E-01
   7.434427E+00   3.071903E+02   4.516144E+02   8.222002E-01
   7.468766E+00   3.087165E+02   4.315705E+02   8.231790E-01
   7.503263E+00   3.104221E+02   4.117783E+02   8.241036E-01
   7.537920E+00   3.137022E+02   3.908402E+02   8.250714E-01
   7.572736E+00   3.170317E+02   3.704852E+02   8.259588E-01
   7.607714E+00   3.198838E+02   3.509126E+02   8.267605E-01
   7.642853E+00   3.208973E+02   3.325310E+02   8.274692E-01
   7.678154E+00   3.219299E+02   3.146891E+02   8.281123E-01
   7.713619E+00   3.227897E+02   2.971448E+02   8.287121E-01
   7.749247E+00   3.233585E+02   2.797735E+02   8.292799E-01
   7.785040E+00   3.239453E+02   2.630071E+02   8.297795E-01
   7.820998E+00   3.227950E+02   2.451989E+02   8.303566E-01
   7.857122E+00   3.204198E+02   2.269335E+02   8.309576E-01
   7.893413E+00   3.180763E+02   2.094385E+02   8.314771E-01
   7.929872E+00   3.175173E+02   1.900979E+02   8.320575E-01
   7.966499E+00   3.173767E+02   1.713530E+02   8.325546E-01
   8.003295E+00   3.181515E+02   1.518720E+02   8.330389E-01
   8.040262E+00   3.223125E+02   1.351570E+02   8.332484E-01
   8.077399E+00   3.557123E+02   1.154259E+02   8.329108E-01
   8.114707E+00   3.251094E+02   9.094315E+01   8.341504E-01
   8.152188E+00   3.446207E+02   8.977022E+01   8.330596E-01
   8.189842E+00   3.662053E+02   7.420985E+01   8.324289E-01
   8.227670E+00   3.436269E+02   5.470747E+01   8.330040E-01
   8.265672E+00   3.714498E+02   5.351067E+01   8.314473E-01
   8.303850E+00   3.763390E+02   4.176805E+01   8.305554E-01
   8.342205E+00   3.871553E+02   3.877050E+01   8.292315E-01
   8.380737E+00   3.772969E+02   3.232373E+01   8.282209E-01
   8.419446E+00   3.632133E+02   3.041417E+01   8.268005E-01
   8.458335E+00   3.838749E+02   4.161243E+01   8.227887E-01
   8.497403E+00   3.859089E+02   4.830947E+01   8.205748E-01
   8.536651E+00   4.114884E+02   6.970485E+01   8.150837E-01
   8.576081E+00   4.151038E+02   9.693687E+01   8.092438E-01
   8.615693E+00   4.331194E+02   1.326329E+02   8.013525E-01
   8.655487E+00   4.723993E+02   1.951954E+02   7.868024E-01
   8.695466E+00   6.127043E+02   2.618428E+02   7.634039E-01
   8.735629E+00   6.553702E+02   3.043695E+02   7.490896E-01
   8.775978E+00   8.450887E+02   4.108636E+02   7.041967E-01
   8.816513E+00   1.171070E+03   4.591964E+02   6.691078E-01
   8.857236E+00   1.287307E+03   4.441820E+02   6.702172E-01
   8.898146E+00   1.347874E+03   4.636603E+02   6.607618E-01
   8.939246E+00   1.447787E+03   4.922804E+02   6.484067E-01
   8.980535E+00   1.537294E+03   5.180321E+02   6.383853E-01
   9.022015E+00   1.615856E+03   5.363944E+02   6.317916E-01
   9.063686E+00   1.717623E+03   5.764541E+02   6.183397E-01
   9.105550E+00   1.854066E+03   6.122980E+02   6.079801E-01
   9.147608E+00   2.040131E+03   6.589473E+02   5.958941E-01
   9.189860E+00   2.279979E+03   7.158947E+02   5.829255E-01
   9.232306E+00   2.530255E+03   7.696614E+02   5.729029E-01
   9.274949E+00   2.644678E+03   7.921808E+02   5.707747E-01
   9.317789E+00   2.687352E+03   8.148024E+02   5.684250E-01
   9.360827E+00   2.571363E+03   8.090909E+02   5.764159E-01
   9.404063E+00   2.291206E+03   7.402451E+02   6.043266E-01
   9.447500E+00   2.063027E+03   6.691517E+02   6.316561E-01
   9.491136E+00   1.891739E+03   5.806990E+02   6.569075E-01
   9.534975E+00   1.904538E+03   5.632243E+02   6.562733E-01
   9.579016E+00   1.856302E+03   5.584503E+02   6.604441E-01
   9.623260E+00   1.713062E+03   5.117608E+02   6.780227E-01
   9.667709E+00   1.579237E+03   4.271478E+02   6.968347E-01
   9.712362E+00   1.612719E+03   3.907275E+02   6.900987E-01
   9.757223E+00   1.849781E+03   4.687092E+02   6.541213E-01
   9.802290E+00   2.124022E+03   5.720786E+02   6.211102E-01
   9.847566E+00   2.332167E+03   6.712420E+02   5.977018E-01
   9.893050E+00   2.206566E+03   6.950011E+02   6.044853E-01
   9.938745E+00   1.870974E+03   6.210504E+02   6.424376E-01
   9.984651E+00   1.647266E+03   4.939363E+02   6.777743E-01
   1.003077E+01   1.653061E+03   4.279397E+02   6.800318E-01
   1.007710E+01   1.778227E+03   4.462811E+02   6.612409E-01
   1.012364E+01   1.959787E+03   5.069029E+02   6.355278E-01
   1.017040E+01   2.129217E+03   5.717631E+02   6.144059E-01
   1.021738E+01   2.220587E+03   6.127834E+02   6.031766E-01
   1.026457E+01   2.262172E+03   6.315612E+02   5.971538E-01
   1.031198E+01   2.360937E+03   6.703970E+02   5.841597E-01
   1.035961E+01   2.495654E+03   7.321060E+02   5.664812E-01
   1.040746E+01   2.614195E+03   8.031764E+02   5.483229E-01
   1.045553E+01   2.657549E+03   8.675343E+02   5.335860E-01
   1.050383E+01   2.597902E+03   9.033512E+02   5.268975E-01
   1.055234E+01   2.511562E+03   9.202753E+02   5.247263E-01
   1.060108E+01   2.430860E+03   9.416225E+02   5.212254E-01
   1.065005E+01   2.327569E+03   9.744789E+02   5.155623E-01
   1.069924E+01   2.149416E+03   9.999239E+02   5.156013E-01
   1.074866E+01   1.928549E+03   1.005939E+03   5.270720E-01
   1.079830E+01   1.698025E+03   9.802072E+02   5.549943E-01
   1.084818E+01   1.609092E+03   9.283148E+02   5.774918E-01
   1.089829E+01   1.502829E+03   9.121304E+02   5.920084E-01
   1.094862E+01   1.382258E+03   8.479708E+02   6.192331E-01
   1.099920E+01   1.477878E+03   7.365837E+02   6.313188E-01
   1.105000E+01   1.636496E+03   7.296198E+02   6.153863E-01
   1.110104E+01   1.689343E+03   7.806948E+02   5.976914E-01
   1.115231E+01   1.613783E+03   8.358679E+02   5.908779E-01
   1.120382E+01   1.472842E+03   8.686327E+02   5.967082E-01
   1.125557E+01   1.306340E+03   8.699190E+02   6.138301E-01
   1.130756E+01   1.231626E+03   8.065255E+02   6.345768E-01
   1.135979E+01   1.293357E+03   7.158077E+02   6.449608E-01
   1.141226E+01   1.422058E+03   6.692537E+02   6.393206E-01
   1.146497E+01   1.536731E+03   6.883870E+02   6.226499E-01
   1.151793E+01   1.603623E+03   7.265882E+02   6.065499E-01
   1.157112E+01   1.619004E+03   7.789861E+02   5.916381E-01
   1.162457E+01   1.588386E+03   8.431926E+02   5.773215E-01
   1.167826E+01   1.484212E+03   9.172088E+02   5.674143E-01
   1.173220E+01   1.282655E+03   1.018634E+03   5.621440E-01
   1.178639E+01   9.826166E+02   1.145400E+03   5.651076E-01
   1.184083E+01   7.502639E+02   1.212693E+03   5.750481E-01
   1.189552E+01   6.064390E+02   1.244705E+03   5.811904E-01
   1.195047E+01   5.364545E+02   1.225236E+03   5.909802E-01
   1.200567E+01   4.694652E+02   1.219715E+03   5.956079E-01
   1.206112E+01   4.436335E+02   1.179662E+03   6.043179E-01
   1.211683E+01   3.935424E+02   1.173084E+03   6.068631E-01
   1.217279E+01   3.844023E+02   1.131197E+03   6.148967E-01
   1.222902E+01   3.476364E+02   1.116812E+03   6.181021E-01
   1.228550E+01   3.668861E+02   1.061997E+03   6.273989E-01
   1.234225E+01   3.485146E+02   1.046042E+03   6.300310E-01
   1.239926E+01   3.339788E+02   1.014528E+03   6.355957E-01
   1.245653E+01   3.260976E+02   9.930418E+02   6.388222E-01
   1.251406E+01   2.919051E+02   9.861137E+02   6.396326E-01
   1.257186E+01   3.194985E+02   9.274708E+02   6.491493E-01
   1.262993E+01   2.960769E+02   9.122689E+02   6.510885E-01
   1.268827E+01   2.935599E+02   8.875931E+02   6.543658E-01
   1.274687E+01   2.909476E+02   8.565531E+02   6.586545E-01
   1.280575E+01   3.049321E+02   8.096940E+02   6.654634E-01
   1.286490E+01   2.705188E+02   8.093695E+02   6.642789E-01
   1.292432E+01   2.652528E+02   7.698853E+02   6.696115E-01
   1.298401E+01   2.946647E+02   7.223841E+02   6.762969E-01
   1.304398E+01   2.945639E+02   6.892721E+02   6.803992E-01
   1.310423E+01   2.850625E+02   6.583137E+02   6.840350E-01
   1.316476E+01   2.939026E+02   6.165759E+02   6.893048E-01
   1.322557E+01   3.213171E+02   5.720438E+02   6.948182E-01
   1.328665E+01   3.079962E+02   5.399002E+02   6.982993E-01
   1.334802E+01   3.792477E+02   4.539616E+02   7.085589E-01
   1.340968E+01   4.830745E+02   4.112018E+02   7.108157E-01
   1.347161E+01   4.838253E+02   4.389021E+02   7.062324E-01
   1.353384E+01   4.390780E+02   4.164748E+02   7.091848E-01
   1.359635E+01   4.399302E+02   3.675512E+02   7.140935E-01
   1.365915E+01   5.307340E+02   2.969050E+02   7.183014E-01
   1.372224E+01   7.037785E+02   2.770625E+02   7.104910E-01
   1.378562E+01   8.077099E+02   3.444368E+02   6.951199E-01
   1.384929E+01   6.950101E+02   4.343487E+02   6.904685E-01
   1.391326E+01   5.329582E+02   4.580619E+02   6.944320E-01
   1.397753E+01   4.193233E+02   4.321299E+02   7.000413E-01
   1.404209E+01   3.993905E+02   3.807474E+02   7.057982E-01
   1.410694E+01   3.928749E+02   3.299078E+02   7.109543E-01
   1.417210E+01   4.311480E+02   2.679809E+02   7.162043E-01
   1.423756E+01   5.073053E+02   2.159995E+02   7.181574E-01
   1.430332E+01   6.438055E+02   2.031223E+02   7.115421E-01
   1.436939E+01   7.481339E+02   2.291711E+02   7.013311E-01
   1.443576E+01   7.338817E+02   2.737807E+02   6.970724E-01
   1.450244E+01   6.467072E+02   2.844122E+02   7.003987E-01
   1.456942E+01   5.943730E+02   2.687147E+02   7.037994E-01
   1.463672E+01   5.911439E+02   2.390301E+02   7.059217E-01
   1.470432E+01   6.097036E+02   2.318189E+02   7.045880E-01
   1.477224E+01   6.078425E+02   2.286648E+02   7.039314E-01
   1.484047E+01   5.874056E+02   2.164912E+02   7.051163E-01
   1.490902E+01   5.676511E+02   2.101759E+02   7.056577E-01
   1.497788E+01   5.432408E+02   1.889421E+02   7.077400E-01
   1.504706E+01   4.997099E+02   1.506756E+02   7.119694E-01
   1.511656E+01   5.708789E+02   1.243339E+02   7.091886E-01
   1.518638E+01   6.653693E+02   1.185793E+02   7.017943E-01
   1.525653E+01   7.774316E+02   1.347453E+02   6.903669E-01
   1.532699E+01   8.573250E+02   1.579046E+02   6.808917E-01
   1.539779E+01   9.266262E+02   1.836014E+02   6.718727E-01
   1.546891E+01   9.544635E+02   2.135973E+02   6.665203E-01
   1.554036E+01   8.964407E+02   2.375423E+02   6.693506E-01
   1.561214E+01   7.872746E+02   2.421948E+02   6.773128E-01
   1.568425E+01   6.412132E+02   2.230979E+02   6.885035E-01
   1.575669E+01   5.762758E+02   1.810037E+02   6.951022E-01
   1.582947E+01   5.147173E+02   1.515090E+02   6.997159E-01
   1.590258E+01   5.095614E+02   1.241838E+02   7.010775E-01
   1.597603E+01   4.721203E+02   1.019485E+02   7.034142E-01
   1.604983E+01   4.544824E+02   7.460284E+01   7.048328E-01
   1.612396E+01   4.701611E+02   5.728777E+01   7.033551E-01
   1.619843E+01   5.236163E+02   5.246788E+01   6.976869E-01
   1.627325E+01   5.717561E+02   5.658762E+01   6.915304E-01
   1.634841E+01   6.247401E+02   6.384933E+01   6.828614E-01
   1.642393E+01   7.086738E+02   8.038310E+01   6.714866E-01
   1.649979E+01   7.701075E+02   9.399168E+01   6.615784E-01
   1.657600E+01   8.390752E+02   1.093328E+02   6.515236E-01
   1.665256E+01   8.541200E+02   1.130348E+02   6.477462E-01
   1.672948E+01   8.980558E+02   1.248295E+02   6.387653E-01
   1.680675E+01   9.581223E+02   1.403013E+02   6.282712E-01
   1.688438E+01   9.880754E+02   1.474802E+02   6.229383E-01
   1.696236E+01   1.012638E+03   1.556140E+02   6.161449E-01
   1.704071E+01   1.046413E+03   1.662444E+02   6.081667E-01
   1.711942E+01   1.075184E+03   1.769292E+02   5.999451E-01
   1.719849E+01   1.113373E+03   1.915914E+02   5.895341E-01
   1.727793E+01   1.165851E+03   2.127224E+02   5.757089E-01
   1.735773E+01   1.236646E+03   2.376328E+02   5.610619E-01
   1.743791E+01   1.329994E+03   2.674327E+02   5.454545E-01
   1.751845E+01   1.460010E+03   3.011483E+02   5.307287E-01
   1.759936E+01   1.621428E+03   3.362881E+02   5.184671E-01
   1.768065E+01   1.750238E+03   3.594786E+02   5.126874E-01
   1.776232E+01   1.758655E+03   3.559416E+02   5.148069E-01
   1.784436E+01   1.785044E+03   3.625083E+02   5.114610E-01
   1.792678E+01   1.879914E+03   3.899616E+02   5.014238E-01
   1.800958E+01   1.977327E+03   4.198510E+02   4.926278E-01
   1.809277E+01   1.989300E+03   4.288321E+02   4.914528E-01
   1.817634E+01   1.943832E+03   4.214871E+02   4.952383E-01
   1.826029E+01   1.887413E+03   4.100127E+02   5.001399E-01
   1.834463E+01   1.810787E+03   3.904925E+02   5.078826E-01
   1.842936E+01   1.755684E+03   3.705002E+02   5.138222E-01
   1.851449E+01   1.730267E+03   3.604874E+02   5.158868E-01
   1.860000E+01   1.689418E+03   3.474897E+02   5.198465E-01
   1.868591E+01   1.620387E+03   3.196929E+02   5.275680E-01
   1.877222E+01   1.602627E+03   3.027801E+02   5.269131E-01
   1.885893E+01   1.685148E+03   3.221559E+02   5.120473E-01
   1.894604E+01   1.851996E+03   3.722718E+02   4.900835E-01
   1.903354E+01   2.075022E+03   4.430523E+02   4.666528E-01
   1.912146E+01   2.286636E+03   5.201723E+02   4.453976E-01
   1.920978E+01   2.343075E+03   5.559083E+02   4.358228E-01
   1.929851E+01   2.330579E+03   5.669277E+02   4.322422E-01
   1.938764E+01   2.321099E+03   5.778092E+02   4.284132E-01
   1.947719E+01   2.319573E+03   5.911692E+02   4.237225E-01
   1.956715E+01   2.319976E+03   6.103976E+02   4.173909E-01
   1.965753E+01   2.312462E+03   6.319765E+02   4.103398E-01
   1.974833E+01   2.275135E+03   6.536045E+02   4.032017E-01
   1.983954E+01   2.195442E+03   6.616239E+02   3.998091E-01
   1.993118E+01   2.084662E+03   6.531864E+02   4.016157E-01
   2.002324E+01   1.984758E+03   6.349969E+02   4.070786E-01
   2.011573E+01   1.909643E+03   6.144699E+02   4.136869E-01
   2.020864E+01   1.856142E+03   6.019309E+02   4.176785E-01
   2.030198E+01   1.813433E+03   5.915275E+02   4.209106E-01
   2.039575E+01   1.782850E+03   5.835671E+02   4.230406E-01
   2.048996E+01   1.746715E+03   5.785485E+02   4.245386E-01
   2.058460E+01   1.720357E+03   5.754390E+02   4.250355E-01
   2.067967E+01   1.692615E+03   5.774619E+02   4.238509E-01
   2.077519E+01   1.645487E+03   5.755204E+02   4.251993E-01
   2.087115E+01   1.591380E+03   5.682020E+02   4.292667E-01
   2.096755E+01   1.548591E+03   5.524519E+02   4.361267E-01
   2.106440E+01   1.537819E+03   5.373256E+02   4.405097E-01
   2.116169E+01   1.527442E+03   5.400512E+02   4.383453E-01
   2.125943E+01   1.490155E+03   5.284184E+02   4.436458E-01
   2.135763E+01   1.499137E+03   5.101794E+02   4.474615E-01
   2.145628E+01   1.556304E+03   5.154647E+02   4.391593E-01
   2.155538E+01   1.579532E+03   5.464229E+02   4.243886E-01
   2.165494E+01   1.534930E+03   5.719717E+02   4.154553E-01
   2.175496E+01   1.446058E+03   5.820239E+02   4.156970E-01
   2.185545E+01   1.376710E+03   5.706861E+02   4.245128E-01
   2.195640E+01   1.352557E+03   5.589956E+02   4.296927E-01
   2.205781E+01   1.331835E+03   5.603554E+02   4.290481E-01
   2.215969E+01   1.300406E+03   5.615789E+02   4.297203E-01
   2.226204E+01   1.266211E+03   5.701703E+02   4.276062E-01
   2.236487E+01   1.202147E+03   5.795607E+02   4.292276E-01
   2.246817E+01   1.118532E+03   5.819112E+02   4.381563E-01
   2.257195E+01   1.044140E+03   5.657092E+02   4.552347E-01
   2.267621E+01   1.021917E+03   5.284339E+02   4.717686E-01
   2.278094E+01   1.061560E+03   4.982766E+02   4.747022E-01
   2.288617E+01   1.099683E+03   4.992872E+02   4.664380E-01
   2.299187E+01   1.072582E+03   5.204866E+02   4.600690E-01
   2.309807E+01   9.811524E+02   5.377008E+02   4.658013E-01
   2.320476E+01   8.894983E+02   5.304784E+02   4.819039E-01
   2.331194E+01   8.488392E+02   4.892452E+02   5.005562E-01
   2.341961E+01   8.796928E+02   4.357004E+02   5.102686E-01
   2.352779E+01   9.434511E+02   4.037200E+02   5.083003E-01
   2.363646E+01   9.927739E+02   3.984082E+02   5.009897E-01
   2.374563E+01   1.004060E+03   4.051986E+02   4.955559E-01
   2.385531E+01   9.810178E+02   4.055629E+02   4.968105E-01
   2.396549E+01   9.578183E+02   3.892901E+02   5.028119E-01
   2.407619E+01   9.815667E+02   3.578107E+02   5.060309E-01
   2.418739E+01   1.067373E+03   3.410225E+02   4.970631E-01
   2.429911E+01   1.161799E+03   3.612856E+02   4.776801E-01
   2.441135E+01   1.179087E+03   3.965517E+02   4.627914E-01
   2.452410E+01   1.142337E+03   4.244088E+02   4.559798E-01
   2.463737E+01   1.079845E+03   4.455454E+02   4.548106E-01
   2.475117E+01   9.958012E+02   4.583616E+02   4.605903E-01
   2.486549E+01   9.119078E+02   4.609959E+02   4.709897E-01
   2.498034E+01   8.381479E+02   4.517559E+02   4.839820E-01
   2.509572E+01   7.923603E+02   4.283521E+02   4.963406E-01
   2.521164E+01   7.773724E+02   3.994370E+02   5.048171E-01
   2.532809E+01   7.709146E+02   3.752381E+02   5.102152E-01
   2.544508E+01   7.615059E+02   3.525153E+02   5.152328E-01
   2.556260E+01   7.514966E+02   3.260690E+02   5.207841E-01
   2.568067E+01   7.577569E+02   2.932803E+02   5.251906E-01
   2.579929E+01   7.845753E+02   2.595777E+02   5.266970E-01
   2.591845E+01   8.396941E+02   2.336934E+02   5.227736E-01
   2.603817E+01   9.130415E+02   2.195862E+02   5.141852E-01
   2.615843E+01   1.001719E+03   2.190282E+02   5.013467E-01
   2.627926E+01   1.100751E+03   2.319183E+02   4.851345E-01
   2.640064E+01   1.185811E+03   2.586727E+02   4.680557E-01
   2.652258E+01   1.206560E+03   2.844555E+02   4.578862E-01
   2.664508E+01   1.178253E+03   2.919884E+02   4.573405E-01
   2.676815E+01   1.168911E+03   2.916378E+02   4.566671E-01
   2.689179E+01   1.171828E+03   2.919977E+02   4.543726E-01
   2.701600E+01   1.177234E+03   2.958709E+02   4.508193E-01
   2.714079E+01   1.162241E+03   2.962790E+02   4.505657E-01
   2.726615E+01   1.138655E+03   2.864391E+02   4.541822E-01
   2.739208E+01   1.143089E+03   2.665051E+02   4.569674E-01
   2.751861E+01   1.215953E+03   2.584458E+02   4.488421E-01
   2.764571E+01   1.326307E+03   2.765929E+02   4.312759E-01
   2.777340E+01   1.407463E+03   3.060130E+02   4.141951E-01
   2.790168E+01   1.453559E+03   3.324673E+02   4.006885E-01
   2.803056E+01   1.479599E+03   3.570568E+02   3.888173E-01
   2.816003E+01   1.491465E+03   3.801259E+02   3.779173E-01
   2.829010E+01   1.495309E+03   4.035912E+02   3.668544E-01
   2.842076E+01   1.479674E+03   4.300838E+02   3.549415E-01
   2.855204E+01   1.442324E+03   4.539173E+02   3.442839E-01
   2.868391E+01   1.367743E+03   4.785792E+02   3.338595E-01
   2.881640E+01   1.260996E+03   4.880609E+02   3.319694E-01
   2.894950E+01   1.159030E+03   4.837679E+02   3.392727E-01
   2.908322E+01   1.087695E+03   4.663187E+02   3.543236E-01
   2.921755E+01   1.061884E+03   4.404860E+02   3.695029E-01
   2.935250E+01   1.080561E+03   4.205755E+02   3.749472E-01
   2.948808E+01   1.107929E+03   4.151160E+02   3.717723E-01
   2.962428E+01   1.127593E+03   4.194445E+02   3.647304E-01
   2.976111E+01   1.136099E+03   4.287793E+02   3.563466E-01
   2.989857E+01   1.131138E+03   4.419123E+02   3.471086E-01
   3.003667E+01   1.116233E+03   4.568059E+02   3.374472E-01
   3.017540E+01   1.079057E+03   4.752488E+02   3.273099E-01
   3.031478E+01   1.029663E+03   4.891082E+02   3.209460E-01
   3.045480E+01   9.737208E+02   5.009320E+02   3.170804E-01
   3.059547E+01   9.288369E+02   5.077600E+02   3.159879E-01
   3.073678E+01   8.771115E+02   5.216888E+02   3.115582E-01
   3.087875E+01   8.130471E+02   5.367946E+02   3.107221E-01
   3.102138E+01   7.371497E+02   5.544956E+02   3.143911E-01
   3.116466E+01   6.704740E+02   5.622380E+02   3.265339E-01
   3.130861E+01   6.261993E+02   5.566324E+02   3.419656E-01
   3.145322E+01   6.187402E+02   5.345035E+02   3.566313E-01
   3.159850E+01   6.225559E+02   5.166744E+02   3.641767E-01
   3.174445E+01   6.286411E+02   5.077477E+02   3.650446E-01
   3.189107E+01   5.950501E+02   5.218667E+02   3.620995E-01
   3.203837E+01   5.568333E+02   5.270365E+02   3.664620E-01
   3.218635E+01   5.245270E+02   5.287872E+02   3.710895E-01
   3.233502E+01   4.979567E+02   5.244202E+02   3.774744E-01
   3.248437E+01   4.760067E+02   5.147300E+02   3.852925E-01
   3.263441E+01   4.726823E+02   4.959432E+02   3.934666E-01
   3.278515E+01   4.609256E+02   4.804127E+02   4.012672E-01
   3.293658E+01   4.805261E+02   4.454832E+02   4.119223E-01
   3.308871E+01   5.102688E+02   4.205445E+02   4.156102E-01
   3.324154E+01   5.288647E+02   4.088431E+02   4.151805E-01
   3.339508E+01   5.229420E+02   4.075875E+02   4.145603E-01
   3.354933E+01   5.144792E+02   3.977156E+02   4.182475E-01
   3.370429E+01   5.253581E+02   3.774251E+02   4.228922E-01
   3.385996E+01   5.547394E+02   3.578210E+02   4.238406E-01
   3.401636E+01   5.868416E+02   3.478192E+02   4.200766E-01
   3.417347E+01   6.065571E+02   3.497959E+02   4.132292E-01
   3.433132E+01   6.076177E+02   3.593233E+02   4.063152E-01
   3.448989E+01   5.828304E+02   3.803665E+02   3.988294E-01
   3.464919E+01   5.150644E+02   4.043082E+02   3.986500E-01
   3.480923E+01   4.653833E+02   4.056378E+02   4.051206E-01
   3.497001E+01   4.311305E+02   3.956498E+02   4.129112E-01
   3.513154E+01   4.154318E+02   3.722798E+02   4.227249E-01
   3.529380E+01   4.208951E+02   3.375615E+02   4.336770E-01
   3.545682E+01   4.549969E+02   2.968993E+02   4.425435E-01
   3.562059E+01   5.129105E+02   2.641875E+02   4.440596E-01
   3.578512E+01   5.789632E+02   2.460262E+02   4.380933E-01
   3.595041E+01   6.418981E+02   2.393732E+02   4.279008E-01
   3.611646E+01   6.983098E+02   2.464138E+02   4.133663E-01
   3.628327E+01   7.163377E+02   2.562598E+02   4.040359E-01
   3.645086E+01   7.434001E+02   2.651353E+02   3.929245E-01
   3.661922E+01   7.554540E+02   2.802075E+02   3.811529E-01
   3.678836E+01   7.526433E+02   2.975282E+02   3.702213E-01
   3.695828E+01   7.347740E+02   3.168274E+02   3.603466E-01
   3.712899E+01   6.980354E+02   3.398067E+02   3.516647E-01
   3.730048E+01   6.406641E+02   3.649023E+02   3.465523E-01
   3.747277E+01   5.714124E+02   3.862896E+02   3.480083E-01
   3.764585E+01   5.070157E+02   4.018322E+02   3.525575E-01
   3.781973E+01   4.571870E+02   4.091503E+02   3.579182E-01
   3.799442E+01   4.182938E+02   4.105596E+02   3.632496E-01
   3.816991E+01   3.883483E+02   4.080846E+02   3.680622E-01
   3.834621E+01   3.705313E+02   3.997150E+02   3.732142E-01
   3.852333E+01   3.490669E+02   3.977193E+02   3.752342E-01
   3.870126E+01   3.300467E+02   3.922546E+02   3.783213E-01
   3.888002E+01   3.043031E+02   3.910602E+02   3.798228E-01
   3.905960E+01   2.761457E+02   3.874493E+02   3.824972E-01
   3.924001E+01   2.564688E+02   3.705710E+02   3.908973E-01
   3.942126E+01   2.684291E+02   3.464995E+02   3.993024E-01
   3.960334E+01   2.619355E+02   3.325995E+02   4.042099E-01
   3.978626E+01   2.549374E+02   3.168826E+02   4.092920E-01
   3.997003E+01   2.494479E+02   2.960714E+02   4.154314E-01
   4.015465E+01   2.440341E+02   2.696189E+02   4.227725E-01
   4.034012E+01   2.741518E+02   2.334182E+02   4.324484E-01
   4.052644E+01   3.069177E+02   2.050615E+02   4.385679E-01
   4.071363E+01   3.492302E+02   1.800920E+02   4.414566E-01
   4.090168E+01   4.076249E+02   1.595327E+02   4.390353E-01
   4.109060E+01   4.871637E+02   1.492888E+02   4.281293E-01
   4.128039E+01   5.523956E+02   1.571158E+02   4.130133E-01
   4.147106E+01   5.845890E+02   1.696089E+02   4.013418E-01
   4.166261E+01   5.842532E+02   1.818228E+02   3.951630E-01
   4.185505E+01   5.633855E+02   1.886354E+02   3.946692E-01
   4.204837E+01   5.537840E+02   1.873895E+02   3.949974E-01
   4.224259E+01   5.453759E+02   1.867723E+02   3.948574E-01
   4.243770E+01   5.342066E+02   1.849309E+02   3.957446E-01
   4.263371E+01   5.135715E+02   1.759474E+02   4.011093E-01
   4.283063E+01   5.371504E+02   1.597450E+02   4.001639E-01
   4.302846E+01   5.782181E+02   1.488589E+02   3.935478E-01
   4.322721E+01   6.333699E+02   1.451326E+02   3.816735E-01
   4.342687E+01   7.010671E+02   1.502554E+02   3.645361E-01
   4.362745E+01   7.452015E+02   1.616639E+02   3.495412E-01
   4.382896E+01   7.779861E+02   1.748528E+02   3.352540E-01
   4.403140E+01   8.048728E+02   1.884302E+02   3.210507E-01
   4.423478E+01   7.980406E+02   2.053694E+02   3.098337E-01
   4.443909E+01   7.880321E+02   2.190951E+02   2.999886E-01
   4.464435E+01   7.723052E+02   2.315355E+02   2.911892E-01
   4.485056E+01   7.378633E+02   2.495740E+02   2.808282E-01
   4.505772E+01   6.937684E+02   2.610307E+02   2.775821E-01
   4.526583E+01   6.462350E+02   2.715058E+02   2.768507E-01
   4.547491E+01   5.957203E+02   2.832474E+02   2.771489E-01
   4.568495E+01   5.608591E+02   2.840186E+02   2.841082E-01
   4.589597E+01   5.308805E+02   2.867276E+02   2.881398E-01
   4.610795E+01   5.054927E+02   2.939682E+02   2.867500E-01
   4.632092E+01   4.693965E+02   2.987136E+02   2.918220E-01
   4.653487E+01   4.359822E+02   3.042544E+02   2.953723E-01
   4.674981E+01   4.054287E+02   3.102566E+02   2.975098E-01
   4.696574E+01   3.713468E+02   3.097196E+02   3.061097E-01
   4.718267E+01   3.520604E+02   3.039071E+02   3.135380E-01
   4.740060E+01   3.450687E+02   2.935921E+02   3.201677E-01
   4.761954E+01   3.293349E+02   2.912707E+02   3.229982E-01
   4.783949E+01   3.134261E+02   2.849753E+02   3.280314E-01
   4.806045E+01   2.969622E+02   2.745908E+02   3.350147E-01
   4.828244E+01   3.071382E+02   2.537111E+02   3.437454E-01
   4.850545E+01   3.229575E+02   2.351848E+02   3.502705E-01
   4.872949E+01   3.453145E+02   2.193751E+02   3.536974E-01
   4.895456E+01   3.788940E+02   2.096761E+02   3.501728E-01
   4.918068E+01   4.067810E+02   2.072093E+02   3.424903E-01
   4.940784E+01   4.181907E+02   2.152020E+02   3.313573E-01
   4.963605E+01   4.040520E+02   2.251068E+02   3.254373E-01
   4.986531E+01   3.824213E+02   2.354722E+02   3.210234E-01
   5.009563E+01   3.545138E+02   2.434737E+02   3.198327E-01
   5.032702E+01   3.280910E+02   2.451576E+02   3.224791E-01
   5.055947E+01   3.028427E+02   2.422275E+02   3.276828E-01
   5.079300E+01   3.078303E+02   2.307153E+02   3.327634E-01
   5.102761E+01   3.145760E+02   2.217613E+02   3.356638E-01
   5.126330E+01   3.235879E+02   2.161915E+02   3.354305E-01
   5.150008E+01   3.256340E+02   2.149859E+02   3.334717E-01
   5.173795E+01   3.258652E+02   2.146283E+02   3.312797E-01
   5.197692E+01   3.274868E+02   2.121375E+02   3.304411E-01
   5.221699E+01   3.273624E+02   2.129949E+02   3.273118E-01
   5.245818E+01   3.254740E+02   2.173092E+02   3.216780E-01
   5.270048E+01   3.103648E+02   2.220643E+02   3.191444E-01
   5.294389E+01   2.935354E+02   2.269175E+02   3.167897E-01
   5.318843E+01   2.787733E+02   2.309215E+02   3.144639E-01
   5.343411E+01   2.603490E+02   2.346334E+02   3.132147E-01
   5.368091E+01   2.381540E+02   2.378720E+02   3.133283E-01
   5.392886E+01   2.241429E+02   2.369465E+02   3.155859E-01
   5.417795E+01   2.130763E+02   2.345284E+02   3.188991E-01
   5.442819E+01   2.071970E+02   2.301718E+02   3.229909E-01
   5.467959E+01   2.018549E+02   2.266241E+02   3.262326E-01
   5.493214E+01   1.975018E+02   2.249370E+02   3.273003E-01
   5.518587E+01   1.886540E+02   2.237059E+02   3.294277E-01
   5.544077E+01   1.768568E+02   2.226365E+02   3.324226E-01
   5.569684E+01   1.738473E+02   2.169983E+02   3.372958E-01
   5.595410E+01   1.727637E+02   2.105914E+02   3.422813E-01
   5.621254E+01   1.722239E+02   2.076985E+02   3.435641E-01
   5.647218E+01   1.690857E+02   2.054359E+02   3.450317E-01
   5.673302E+01   1.588069E+02   2.048394E+02   3.469933E-01
   5.699506E+01   1.532042E+02   2.014172E+02   3.503805E-01
   5.725831E+01   1.527192E+02   1.948904E+02   3.554825E-01
   5.752278E+01   1.524438E+02   1.903075E+02   3.586743E-01
   5.778847E+01   1.522756E+02   1.867898E+02   3.608286E-01
   5.805539E+01   1.524015E+02   1.832087E+02   3.630319E-01
   5.832354E+01   1.525941E+02   1.796352E+02   3.652745E-01
   5.859293E+01   1.452163E+02   1.798108E+02   3.661017E-01
   5.886357E+01   1.382035E+02   1.795889E+02   3.673271E-01
   5.913545E+01   1.341652E+02   1.750704E+02   3.724708E-01
   5.940859E+01   1.304705E+02   1.707997E+02   3.773676E-01
   5.968299E+01   1.277784E+02   1.675926E+02   3.807837E-01
   5.995866E+01   1.270103E+02   1.631076E+02   3.848783E-01
   6.023560E+01   1.301878E+02   1.561736E+02   3.898335E-01
   6.051382E+01   1.325104E+02   1.518844E+02   3.921524E-01
   6.079333E+01   1.335992E+02   1.511220E+02   3.914506E-01
   6.107412E+01   1.300791E+02   1.500345E+02   3.929465E-01
   6.135622E+01   1.219696E+02   1.484616E+02   3.968215E-01
   6.163961E+01   1.161200E+02   1.461931E+02   4.003874E-01
   6.192432E+01   1.120175E+02   1.433962E+02   4.036070E-01
   6.221034E+01   1.082039E+02   1.390865E+02   4.076820E-01
   6.249768E+01   1.045738E+02   1.337103E+02   4.119065E-01
   6.278635E+01   1.045668E+02   1.288749E+02   4.139337E-01
   6.307635E+01   1.070804E+02   1.245328E+02   4.144425E-01
   6.336770E+01   1.080317E+02   1.207482E+02   4.149090E-01
   6.366038E+01   1.078776E+02   1.173359E+02   4.153181E-01
   6.395442E+01   1.073725E+02   1.147999E+02   4.154274E-01
   6.424982E+01   1.066050E+02   1.128743E+02   4.154044E-01
   6.454658E+01   1.044101E+02   1.107167E+02   4.157097E-01
   6.484471E+01   1.010473E+02   1.083508E+02   4.161743E-01
   6.514422E+01   9.516523E+01   1.063657E+02   4.171436E-01
   6.544512E+01   8.696109E+01   1.046838E+02   4.184959E-01
   6.574740E+01   8.211009E+01   1.008563E+02   4.180021E-01
   6.605108E+01   8.160941E+01   9.445557E+01   4.143710E-01
   6.635616E+01   8.343646E+01   8.990531E+01   4.103188E-01
   6.666265E+01   9.052287E+01   8.839988E+01   4.074221E-01
   6.697056E+01   9.465369E+01   8.669471E+01   4.047530E-01
   6.727989E+01   8.468160E+01   8.408626E+01   4.036775E-01
   6.759065E+01   7.661416E+01   8.132440E+01   4.014132E-01
   6.790284E+01   8.684921E+01   7.636790E+01   3.927541E-01
   6.821647E+01   9.864398E+01   7.190065E+01   3.834295E-01
   6.853156E+01   1.116908E+02   7.130052E+01   3.796464E-01
   6.884809E+01   1.262231E+02   7.109229E+01   3.756926E-01
   6.916610E+01   1.272730E+02   7.219807E+01   3.768393E-01
   6.948557E+01   1.226691E+02   7.389183E+01   3.803089E-01
   6.980651E+01   1.145993E+02   7.414264E+01   3.824405E-01
   7.012894E+01   1.037463E+02   7.292867E+01   3.827554E-01
   7.045286E+01   9.576869E+01   7.142898E+01   3.816004E-01
   7.077827E+01   9.309794E+01   6.933366E+01   3.780451E-01
   7.110518E+01   9.067077E+01   6.729593E+01   3.742554E-01
   7.143361E+01   9.257951E+01   6.491233E+01   3.687206E-01
   7.176355E+01   9.458860E+01   6.265543E+01   3.631289E-01
   7.209502E+01   1.011774E+02   6.204691E+01   3.604140E-01
   7.242802E+01   1.097135E+02   6.191742E+01   3.582858E-01
   7.276255E+01   1.090746E+02   6.227335E+01   3.590834E-01
   7.309864E+01   9.821665E+01   6.321444E+01   3.633638E-01
   7.343627E+01   8.832347E+01   6.372598E+01   3.663326E-01
   7.377546E+01   7.884029E+01   6.161854E+01   3.625990E-01
   7.411622E+01   7.033592E+01   5.956226E+01   3.582248E-01
   7.445856E+01   6.923549E+01   5.796555E+01   3.539411E-01
   7.480247E+01   6.987706E+01   5.652277E+01   3.497582E-01
   7.514797E+01   6.857017E+01   5.543070E+01   3.466785E-01
   7.549507E+01   6.478051E+01   5.475650E+01   3.450138E-01
   7.584378E+01   6.106360E+01   5.406143E+01   3.432102E-01
   7.619409E+01   5.377184E+01   5.263242E+01   3.391100E-01
   7.654602E+01   4.733752E+01   5.123439E+01   3.347544E-01
   7.689958E+01   4.588954E+01   4.951038E+01   3.289076E-01
   7.725477E+01   4.740303E+01   4.763995E+01   3.222752E-01
   7.761160E+01   4.916962E+01   4.603121E+01   3.163950E-01
   7.797007E+01   5.200914E+01   4.539433E+01   3.139917E-01
   7.833021E+01   5.501107E+01   4.476752E+01   3.115711E-01
   7.869201E+01   5.346205E+01   4.406445E+01   3.089798E-01
   7.905548E+01   4.986066E+01   4.333024E+01   3.062749E-01
   7.942062E+01   4.698450E+01   4.257144E+01   3.033856E-01
   7.978746E+01   4.667781E+01   4.165027E+01   2.997464E-01
   8.015599E+01   4.637880E+01   4.075272E+01   2.961430E-01
   8.052622E+01   4.425190E+01   3.991405E+01   2.927408E-01
   8.089816E+01   4.121250E+01   3.911470E+01   2.894390E-01
   8.127182E+01   3.866788E+01   3.831426E+01   2.860661E-01
   8.164720E+01   4.090582E+01   3.725738E+01   2.815681E-01
   8.202432E+01   4.328207E+01   3.623604E+01   2.771462E-01
   8.240318E+01   4.406317E+01   3.560708E+01   2.743919E-01
   8.278379E+01   4.285881E+01   3.540694E+01   2.735331E-01
   8.316616E+01   4.168552E+01   3.520443E+01   2.726765E-01
   8.355029E+01   3.655046E+01   3.426530E+01   2.684126E-01
   8.393620E+01   3.136993E+01   3.320576E+01   2.634671E-01
   8.432389E+01   2.840570E+01   3.218875E+01   2.586784E-01
   8.471337E+01   3.364478E+01   3.125301E+01   2.544606E-01
   8.510465E+01   3.985065E+01   3.035007E+01   2.502899E-01
   8.549774E+01   4.434030E+01   2.990018E+01   2.481325E-01
   8.589264E+01   4.598451E+01   2.992648E+01   2.482182E-01
   8.628937E+01   4.768635E+01   2.994807E+01   2.483059E-01
   8.668793E+01   4.146647E+01   2.964632E+01   2.469139E-01
   8.708833E+01   3.389455E+01   2.924026E+01   2.448968E-01
   8.749058E+01   2.769660E+01   2.883940E+01   2.428096E-01
   8.789469E+01   2.784567E+01   2.793779E+01   2.383392E-01
   8.830067E+01   2.814068E+01   2.705460E+01   2.339262E-01
   8.870852E+01   2.882180E+01   2.625839E+01   2.299266E-01
   8.911825E+01   3.139448E+01   2.574930E+01   2.273937E-01
   8.952988E+01   3.419723E+01   2.525170E+01   2.248842E-01
   8.994340E+01   3.518258E+01   2.467600E+01   2.219163E-01
   9.035884E+01   3.239919E+01   2.394498E+01   2.180747E-01
   9.077620E+01   2.983839E+01   2.323576E+01   2.143099E-01
   9.119548E+01   2.944218E+01   2.278309E+01   2.118886E-01
   9.161670E+01   3.144059E+01   2.260652E+01   2.109403E-01
   9.203987E+01   3.357294E+01   2.243046E+01   2.099912E-01
   9.246499E+01   3.325634E+01   2.206981E+01   2.080282E-01
   9.289207E+01   3.100332E+01   2.156873E+01   2.052754E-01
   9.332113E+01   2.890376E+01   2.107925E+01   2.025608E-01
   9.375217E+01   2.912746E+01   2.075370E+01   2.007542E-01
   9.418520E+01   3.091180E+01   2.053358E+01   1.995365E-01
   9.462023E+01   3.280443E+01   2.031561E+01   1.983221E-01
   9.505727E+01   3.013328E+01   1.994424E+01   1.962055E-01
   9.549632E+01   2.520885E+01   1.948302E+01   1.935176E-01
   9.593741E+01   2.108744E+01   1.903334E+01   1.908593E-01
   9.638053E+01   2.088015E+01   1.859911E+01   1.883731E-01
   9.682570E+01   2.345602E+01   1.817918E+01   1.860229E-01
   9.727293E+01   2.634986E+01   1.777000E+01   1.837048E-01
   9.772222E+01   2.779645E+01   1.741065E+01   1.816161E-01
   9.817359E+01   2.749373E+01   1.709807E+01   1.797553E-01
   9.862704E+01   2.719488E+01   1.679105E+01   1.779156E-01
   9.908259E+01   2.689984E+01   1.648946E+01   1.760968E-01
   9.954024E+01   2.660854E+01   1.619322E+01   1.742987E-01
   1.000000E+02   2.632093E+01   1.590224E+01   1.725210E-01
