#============================================================================
# Opacities computed by OpTool        <a^n>=  1.6612E-1  2.1167E-1  3.5518E-1
# Method:   DHS  fmax=  0.700
# Parameters:
#   amin [um]=      0.100 amax [um]=     10.000  na  =   31    apow=   3.5    
#   lmin [um]=      0.100 lmax [um]=    100.000  nlam= 1500    nang=   180
#   porosity =      0.000 p_mantle =      0.000  fmax= 0.70    chop=   0.0
# Composition:
#  Where   mfrac  rho   Material
#  -----   -----  ----  -----------------------------------------------------
#  core    1.000  3.27  for
#  - - -   - - -  -  -  - - - - - - - - - - - - - - - - - - - - - - - - - - -
#  grain   1.000  3.27  mixture of  1 materials
#----------------------------------------------------------------------------
# Command: optool for -a 0.1 10 -l 0.1 100 1500 -dhs 0.7
#============================================================================
# Standard output file, no scattering matrix
#    iformat
#    nlambda
#    lambda[um]  kabs [cm^2/g]  ksca [cm^2/g]    g_asymmetry
#============================================================================
           3
        1500
   1.000000E-01   1.146584E+02   7.878832E+03   8.234003E-01
   1.004619E-01   1.165548E+02   7.899218E+03   8.220100E-01
   1.009259E-01   1.166439E+02   7.902763E+03   8.219497E-01
   1.013921E-01   1.166043E+02   7.911061E+03   8.218767E-01
   1.018604E-01   1.140944E+02   7.915572E+03   8.220028E-01
   1.023309E-01   1.130011E+02   7.921958E+03   8.216172E-01
   1.028035E-01   1.160307E+02   7.939792E+03   8.204414E-01
   1.032784E-01   1.145610E+02   7.947887E+03   8.206867E-01
   1.037554E-01   1.124445E+02   7.955923E+03   8.212025E-01
   1.042346E-01   1.124291E+02   7.974478E+03   8.210637E-01
   1.047161E-01   1.127681E+02   8.001318E+03   8.200849E-01
   1.051997E-01   1.120813E+02   8.010301E+03   8.192920E-01
   1.056856E-01   1.132373E+02   8.004318E+03   8.205889E-01
   1.061738E-01   1.117509E+02   8.024860E+03   8.201951E-01
   1.066642E-01   1.103145E+02   8.038867E+03   8.194868E-01
   1.071569E-01   1.094813E+02   8.045026E+03   8.198484E-01
   1.076518E-01   1.116101E+02   8.067661E+03   8.186125E-01
   1.081490E-01   1.077694E+02   8.062260E+03   8.204568E-01
   1.086486E-01   1.110235E+02   8.093935E+03   8.182626E-01
   1.091504E-01   1.101190E+02   8.098685E+03   8.180189E-01
   1.096546E-01   1.074390E+02   8.093218E+03   8.197298E-01
   1.101610E-01   1.076804E+02   8.112903E+03   8.189542E-01
   1.106699E-01   1.063310E+02   8.124106E+03   8.189135E-01
   1.111810E-01   1.091286E+02   8.145093E+03   8.177375E-01
   1.116946E-01   1.083846E+02   8.157455E+03   8.174974E-01
   1.122105E-01   1.063034E+02   8.156884E+03   8.185437E-01
   1.127287E-01   1.065190E+02   8.175094E+03   8.179398E-01
   1.132494E-01   1.071486E+02   8.193953E+03   8.170619E-01
   1.137725E-01   1.052402E+02   8.209340E+03   8.167485E-01
   1.142980E-01   1.045263E+02   8.218052E+03   8.171210E-01
   1.148259E-01   1.045328E+02   8.225295E+03   8.171615E-01
   1.153563E-01   1.042966E+02   8.241413E+03   8.161897E-01
   1.158891E-01   1.037069E+02   8.256071E+03   8.157170E-01
   1.164244E-01   1.031393E+02   8.262523E+03   8.159641E-01
   1.169622E-01   1.050049E+02   8.281199E+03   8.146299E-01
   1.175024E-01   1.032789E+02   8.283861E+03   8.144676E-01
   1.180451E-01   1.024662E+02   8.287975E+03   8.145151E-01
   1.185904E-01   1.009738E+02   8.287024E+03   8.149927E-01
   1.191381E-01   1.005048E+02   8.296441E+03   8.141446E-01
   1.196884E-01   1.011195E+02   8.304707E+03   8.136501E-01
   1.202412E-01   1.033120E+02   8.324448E+03   8.125714E-01
   1.207966E-01   1.002597E+02   8.321457E+03   8.138101E-01
   1.213545E-01   9.968582E+01   8.336747E+03   8.136077E-01
   1.219151E-01   9.872256E+01   8.354874E+03   8.134731E-01
   1.224782E-01   9.936415E+01   8.372246E+03   8.122812E-01
   1.230439E-01   9.888860E+01   8.361133E+03   8.134000E-01
   1.236122E-01   9.814853E+01   8.377110E+03   8.133282E-01
   1.241832E-01   9.824910E+01   8.394275E+03   8.124414E-01
   1.247567E-01   9.785806E+01   8.398406E+03   8.127688E-01
   1.253330E-01   9.767171E+01   8.414796E+03   8.121443E-01
   1.259119E-01   9.637282E+01   8.415410E+03   8.132248E-01
   1.264935E-01   9.706705E+01   8.436258E+03   8.121769E-01
   1.270777E-01   9.668073E+01   8.450277E+03   8.110824E-01
   1.276647E-01   9.556501E+01   8.440825E+03   8.125658E-01
   1.282543E-01   9.573337E+01   8.460230E+03   8.118422E-01
   1.288467E-01   9.443493E+01   8.465418E+03   8.122182E-01
   1.294419E-01   9.495554E+01   8.482613E+03   8.112956E-01
   1.300397E-01   9.522985E+01   8.493486E+03   8.109546E-01
   1.306404E-01   9.295515E+01   8.495731E+03   8.112148E-01
   1.312438E-01   9.355107E+01   8.507434E+03   8.111312E-01
   1.318500E-01   9.357324E+01   8.521576E+03   8.104497E-01
   1.324590E-01   9.307033E+01   8.537088E+03   8.096997E-01
   1.330708E-01   9.299837E+01   8.547600E+03   8.094105E-01
   1.336854E-01   9.258505E+01   8.548171E+03   8.098848E-01
   1.343029E-01   9.268444E+01   8.553930E+03   8.096041E-01
   1.349232E-01   9.137151E+01   8.564781E+03   8.090354E-01
   1.355464E-01   9.148431E+01   8.574276E+03   8.087601E-01
   1.361725E-01   9.033973E+01   8.578577E+03   8.083494E-01
   1.368015E-01   9.197756E+01   8.587821E+03   8.072809E-01
   1.374333E-01   9.067857E+01   8.585743E+03   8.074855E-01
   1.380681E-01   9.017396E+01   8.585359E+03   8.076892E-01
   1.387058E-01   8.908058E+01   8.588774E+03   8.070893E-01
   1.393465E-01   8.822184E+01   8.589199E+03   8.068946E-01
   1.399901E-01   9.071342E+01   8.605143E+03   8.058187E-01
   1.406367E-01   8.872210E+01   8.601318E+03   8.067086E-01
   1.412863E-01   8.780884E+01   8.610240E+03   8.064674E-01
   1.419389E-01   8.752819E+01   8.621370E+03   8.067341E-01
   1.425945E-01   8.746140E+01   8.641490E+03   8.054185E-01
   1.432531E-01   8.724963E+01   8.631811E+03   8.057004E-01
   1.439148E-01   8.723963E+01   8.634907E+03   8.062333E-01
   1.445795E-01   8.668886E+01   8.651113E+03   8.054906E-01
   1.452473E-01   8.652493E+01   8.653917E+03   8.056183E-01
   1.459182E-01   8.636675E+01   8.662913E+03   8.052935E-01
   1.465922E-01   8.484639E+01   8.666018E+03   8.055861E-01
   1.472692E-01   8.563167E+01   8.675212E+03   8.055603E-01
   1.479495E-01   8.682701E+01   8.693510E+03   8.038592E-01
   1.486328E-01   8.415928E+01   8.679757E+03   8.052727E-01
   1.493193E-01   8.466069E+01   8.691678E+03   8.050294E-01
   1.500090E-01   8.329754E+01   8.695914E+03   8.051266E-01
   1.507019E-01   8.329180E+01   8.706557E+03   8.044948E-01
   1.513980E-01   8.344189E+01   8.713417E+03   8.041687E-01
   1.520973E-01   8.304672E+01   8.721193E+03   8.037772E-01
   1.527998E-01   8.297124E+01   8.720809E+03   8.042972E-01
   1.535056E-01   8.222060E+01   8.733226E+03   8.034827E-01
   1.542146E-01   8.213398E+01   8.741292E+03   8.030594E-01
   1.549269E-01   8.140733E+01   8.752152E+03   8.024652E-01
   1.556425E-01   8.237062E+01   8.752283E+03   8.026674E-01
   1.563614E-01   8.266341E+01   8.752567E+03   8.025352E-01
   1.570836E-01   8.216831E+01   8.759403E+03   8.016486E-01
   1.578091E-01   7.987793E+01   8.762908E+03   8.016745E-01
   1.585380E-01   7.934253E+01   8.761997E+03   8.014445E-01
   1.592703E-01   8.070617E+01   8.767752E+03   8.004007E-01
   1.600059E-01   8.015202E+01   8.762923E+03   8.003521E-01
   1.607450E-01   8.079620E+01   8.762707E+03   8.000940E-01
   1.614874E-01   7.855732E+01   8.757148E+03   8.000003E-01
   1.622333E-01   7.802049E+01   8.752272E+03   7.996848E-01
   1.629827E-01   7.989173E+01   8.758786E+03   7.988236E-01
   1.637355E-01   7.936494E+01   8.755775E+03   7.990165E-01
   1.644917E-01   7.762008E+01   8.755221E+03   7.991808E-01
   1.652515E-01   7.811337E+01   8.761507E+03   7.991400E-01
   1.660148E-01   7.824868E+01   8.774080E+03   7.983620E-01
   1.667816E-01   7.753780E+01   8.770915E+03   7.977827E-01
   1.675519E-01   7.862725E+01   8.759649E+03   7.986783E-01
   1.683258E-01   7.716305E+01   8.768274E+03   7.983483E-01
   1.691033E-01   7.609698E+01   8.770388E+03   7.979762E-01
   1.698844E-01   7.587901E+01   8.770732E+03   7.980564E-01
   1.706690E-01   7.653036E+01   8.777541E+03   7.973663E-01
   1.714573E-01   7.431303E+01   8.767517E+03   7.985058E-01
   1.722493E-01   7.659219E+01   8.785230E+03   7.967749E-01
   1.730449E-01   7.589246E+01   8.780833E+03   7.968530E-01
   1.738442E-01   7.364592E+01   8.771961E+03   7.978877E-01
   1.746471E-01   7.484913E+01   8.779428E+03   7.972720E-01
   1.754538E-01   7.337374E+01   8.781984E+03   7.971515E-01
   1.762642E-01   7.546780E+01   8.790150E+03   7.962484E-01
   1.770783E-01   7.531147E+01   8.792988E+03   7.959205E-01
   1.778962E-01   7.326025E+01   8.784561E+03   7.967109E-01
   1.787179E-01   7.310714E+01   8.792776E+03   7.960759E-01
   1.795434E-01   7.341723E+01   8.798603E+03   7.954643E-01
   1.803727E-01   7.265375E+01   8.802537E+03   7.950819E-01
   1.812058E-01   7.224246E+01   8.799863E+03   7.952741E-01
   1.820428E-01   7.183194E+01   8.798255E+03   7.951945E-01
   1.828836E-01   7.158520E+01   8.802200E+03   7.943517E-01
   1.837283E-01   7.140017E+01   8.803651E+03   7.939371E-01
   1.845769E-01   7.140147E+01   8.799763E+03   7.939407E-01
   1.854295E-01   7.216812E+01   8.804339E+03   7.928601E-01
   1.862860E-01   7.144013E+01   8.797853E+03   7.926858E-01
   1.871464E-01   7.060852E+01   8.790969E+03   7.927194E-01
   1.880108E-01   6.907514E+01   8.778647E+03   7.929123E-01
   1.888792E-01   6.897641E+01   8.773092E+03   7.921860E-01
   1.897516E-01   6.970459E+01   8.770342E+03   7.917444E-01
   1.906280E-01   7.123617E+01   8.775345E+03   7.909531E-01
   1.915085E-01   6.884903E+01   8.762524E+03   7.917647E-01
   1.923931E-01   6.882187E+01   8.764039E+03   7.915031E-01
   1.932817E-01   6.782229E+01   8.768008E+03   7.912776E-01
   1.941745E-01   6.835739E+01   8.768494E+03   7.903537E-01
   1.950713E-01   6.795107E+01   8.747759E+03   7.912171E-01
   1.959723E-01   6.757043E+01   8.749168E+03   7.910152E-01
   1.968775E-01   6.705541E+01   8.750545E+03   7.903104E-01
   1.977869E-01   6.698691E+01   8.743120E+03   7.905934E-01
   1.987004E-01   6.750947E+01   8.745193E+03   7.899489E-01
   1.996182E-01   6.602626E+01   8.731462E+03   7.908548E-01
   2.005402E-01   6.686998E+01   8.738326E+03   7.898280E-01
   2.014665E-01   6.660634E+01   8.737050E+03   7.890699E-01
   2.023970E-01   6.560647E+01   8.718463E+03   7.900856E-01
   2.033319E-01   6.564786E+01   8.721921E+03   7.894759E-01
   2.042710E-01   6.496590E+01   8.715092E+03   7.896634E-01
   2.052145E-01   6.579025E+01   8.718331E+03   7.888044E-01
   2.061624E-01   6.538076E+01   8.714270E+03   7.885523E-01
   2.071146E-01   6.389455E+01   8.704417E+03   7.887641E-01
   2.080713E-01   6.425409E+01   8.704354E+03   7.885709E-01
   2.090323E-01   6.457544E+01   8.705752E+03   7.879499E-01
   2.099978E-01   6.387131E+01   8.705280E+03   7.873275E-01
   2.109678E-01   6.401005E+01   8.701312E+03   7.870176E-01
   2.119422E-01   6.337301E+01   8.692032E+03   7.872763E-01
   2.129212E-01   6.416695E+01   8.688790E+03   7.869124E-01
   2.139046E-01   6.273668E+01   8.685071E+03   7.863677E-01
   2.148926E-01   6.235370E+01   8.678997E+03   7.861781E-01
   2.158852E-01   6.206910E+01   8.673295E+03   7.856369E-01
   2.168823E-01   6.297061E+01   8.669139E+03   7.848036E-01
   2.178841E-01   6.202370E+01   8.656822E+03   7.848929E-01
   2.188905E-01   6.187740E+01   8.642973E+03   7.849311E-01
   2.199015E-01   6.100345E+01   8.634171E+03   7.842407E-01
   2.209172E-01   6.066944E+01   8.623989E+03   7.839294E-01
   2.219376E-01   6.245194E+01   8.625676E+03   7.830635E-01
   2.229627E-01   6.098732E+01   8.611684E+03   7.836691E-01
   2.239925E-01   6.008105E+01   8.607483E+03   7.834301E-01
   2.250271E-01   5.954849E+01   8.604971E+03   7.834758E-01
   2.260665E-01   6.001289E+01   8.608146E+03   7.823635E-01
   2.271106E-01   5.945355E+01   8.587256E+03   7.826859E-01
   2.281596E-01   5.980435E+01   8.580072E+03   7.828785E-01
   2.292135E-01   5.933593E+01   8.580285E+03   7.821699E-01
   2.302722E-01   5.893467E+01   8.570983E+03   7.822816E-01
   2.313358E-01   5.927085E+01   8.568822E+03   7.818500E-01
   2.324043E-01   5.806029E+01   8.557978E+03   7.820894E-01
   2.334777E-01   5.879431E+01   8.555004E+03   7.818202E-01
   2.345562E-01   5.936891E+01   8.556345E+03   7.805477E-01
   2.356395E-01   5.745586E+01   8.533777E+03   7.816419E-01
   2.367279E-01   5.768870E+01   8.531990E+03   7.812074E-01
   2.378213E-01   5.686307E+01   8.522605E+03   7.813076E-01
   2.389198E-01   5.716306E+01   8.521418E+03   7.806926E-01
   2.400234E-01   5.692700E+01   8.514426E+03   7.804525E-01
   2.411320E-01   5.687186E+01   8.509526E+03   7.800663E-01
   2.422458E-01   5.709741E+01   8.499503E+03   7.803334E-01
   2.433647E-01   5.638876E+01   8.498031E+03   7.797198E-01
   2.444887E-01   5.652672E+01   8.493808E+03   7.792471E-01
   2.456180E-01   5.600674E+01   8.489696E+03   7.786896E-01
   2.467525E-01   5.621783E+01   8.478063E+03   7.788589E-01
   2.478922E-01   5.651286E+01   8.469745E+03   7.787308E-01
   2.490372E-01   5.560440E+01   8.463633E+03   7.780980E-01
   2.501874E-01   5.517177E+01   8.456821E+03   7.778543E-01
   2.513430E-01   5.435821E+01   8.445085E+03   7.776667E-01
   2.525040E-01   5.532274E+01   8.439509E+03   7.767666E-01
   2.536702E-01   5.480419E+01   8.423884E+03   7.766713E-01
   2.548419E-01   5.559704E+01   8.411669E+03   7.763500E-01
   2.560190E-01   5.370517E+01   8.395816E+03   7.760960E-01
   2.572015E-01   5.349564E+01   8.380979E+03   7.757722E-01
   2.583895E-01   5.435954E+01   8.375612E+03   7.750781E-01
   2.595830E-01   5.469508E+01   8.363263E+03   7.751924E-01
   2.607819E-01   5.331522E+01   8.352620E+03   7.751503E-01
   2.619865E-01   5.352953E+01   8.345192E+03   7.751569E-01
   2.631965E-01   5.339356E+01   8.344627E+03   7.743677E-01
   2.644122E-01   5.335545E+01   8.330415E+03   7.738468E-01
   2.656335E-01   5.399163E+01   8.310775E+03   7.744824E-01
   2.668604E-01   5.314625E+01   8.305810E+03   7.740018E-01
   2.680930E-01   5.197973E+01   8.295690E+03   7.738384E-01
   2.693313E-01   5.246520E+01   8.288210E+03   7.737227E-01
   2.705753E-01   5.196744E+01   8.280941E+03   7.733342E-01
   2.718251E-01   5.102316E+01   8.263685E+03   7.739772E-01
   2.730806E-01   5.265177E+01   8.265328E+03   7.723965E-01
   2.743419E-01   5.205900E+01   8.246458E+03   7.725574E-01
   2.756091E-01   5.056570E+01   8.229634E+03   7.731317E-01
   2.768821E-01   5.203482E+01   8.224342E+03   7.726207E-01
   2.781610E-01   5.039748E+01   8.217442E+03   7.724397E-01
   2.794458E-01   5.177050E+01   8.212818E+03   7.717137E-01
   2.807365E-01   5.142117E+01   8.203005E+03   7.714203E-01
   2.820332E-01   5.031244E+01   8.184941E+03   7.719372E-01
   2.833359E-01   5.007698E+01   8.180778E+03   7.712340E-01
   2.846445E-01   5.008708E+01   8.173175E+03   7.707351E-01
   2.859593E-01   4.926902E+01   8.165676E+03   7.703389E-01
   2.872801E-01   4.955156E+01   8.153173E+03   7.704370E-01
   2.886070E-01   4.938082E+01   8.142285E+03   7.702691E-01
   2.899400E-01   4.897086E+01   8.135323E+03   7.695093E-01
   2.912792E-01   4.872183E+01   8.125300E+03   7.691867E-01
   2.926246E-01   4.815135E+01   8.111339E+03   7.691001E-01
   2.939762E-01   4.937018E+01   8.105879E+03   7.680651E-01
   2.953341E-01   4.910464E+01   8.089929E+03   7.678638E-01
   2.966982E-01   4.882222E+01   8.073829E+03   7.677692E-01
   2.980686E-01   4.719706E+01   8.054170E+03   7.678031E-01
   2.994453E-01   4.679227E+01   8.039580E+03   7.672230E-01
   3.008284E-01   4.770611E+01   8.028936E+03   7.667024E-01
   3.022179E-01   4.840852E+01   8.021452E+03   7.661559E-01
   3.036138E-01   4.686684E+01   8.002962E+03   7.667064E-01
   3.050162E-01   4.699371E+01   7.994758E+03   7.663811E-01
   3.064250E-01   4.634690E+01   7.988436E+03   7.660597E-01
   3.078404E-01   4.669195E+01   7.978908E+03   7.653081E-01
   3.092622E-01   4.634416E+01   7.953782E+03   7.659962E-01
   3.106907E-01   4.645552E+01   7.945687E+03   7.656679E-01
   3.121257E-01   4.567687E+01   7.937865E+03   7.650993E-01
   3.135674E-01   4.549017E+01   7.924535E+03   7.654044E-01
   3.150157E-01   4.609410E+01   7.919128E+03   7.647709E-01
   3.164707E-01   4.485564E+01   7.898632E+03   7.655717E-01
   3.179325E-01   4.595899E+01   7.895928E+03   7.645407E-01
   3.194010E-01   4.566466E+01   7.884191E+03   7.639266E-01
   3.208762E-01   4.466661E+01   7.860327E+03   7.647994E-01
   3.223583E-01   4.484031E+01   7.854918E+03   7.642377E-01
   3.238473E-01   4.450873E+01   7.843801E+03   7.643868E-01
   3.253431E-01   4.550680E+01   7.839632E+03   7.636351E-01
   3.268458E-01   4.454778E+01   7.827436E+03   7.634868E-01
   3.283555E-01   4.387466E+01   7.809731E+03   7.637603E-01
   3.298721E-01   4.405033E+01   7.800942E+03   7.634947E-01
   3.313957E-01   4.427836E+01   7.793328E+03   7.629227E-01
   3.329264E-01   4.362149E+01   7.784329E+03   7.625173E-01
   3.344641E-01   4.407137E+01   7.772924E+03   7.623393E-01
   3.360090E-01   4.328539E+01   7.757448E+03   7.625711E-01
   3.375610E-01   4.432376E+01   7.748321E+03   7.621520E-01
   3.391201E-01   4.305293E+01   7.736617E+03   7.617758E-01
   3.406865E-01   4.264781E+01   7.721810E+03   7.617548E-01
   3.422601E-01   4.260909E+01   7.709956E+03   7.612408E-01
   3.438409E-01   4.299425E+01   7.696483E+03   7.606798E-01
   3.454291E-01   4.247750E+01   7.677982E+03   7.607412E-01
   3.470246E-01   4.228713E+01   7.657780E+03   7.608448E-01
   3.486274E-01   4.153114E+01   7.643306E+03   7.602970E-01
   3.502377E-01   4.178650E+01   7.627800E+03   7.600538E-01
   3.518554E-01   4.284866E+01   7.619552E+03   7.594023E-01
   3.534806E-01   4.203650E+01   7.600231E+03   7.600239E-01
   3.551133E-01   4.113331E+01   7.587876E+03   7.598993E-01
   3.567535E-01   4.060452E+01   7.576988E+03   7.599831E-01
   3.584013E-01   4.104673E+01   7.569906E+03   7.591492E-01
   3.600567E-01   4.068082E+01   7.544428E+03   7.596208E-01
   3.617198E-01   4.082879E+01   7.530545E+03   7.597457E-01
   3.633905E-01   4.034523E+01   7.521482E+03   7.591978E-01
   3.650690E-01   4.018096E+01   7.506113E+03   7.595173E-01
   3.667552E-01   4.045514E+01   7.496988E+03   7.591790E-01
   3.684492E-01   3.993786E+01   7.479016E+03   7.595172E-01
   3.701510E-01   4.035075E+01   7.468626E+03   7.592670E-01
   3.718607E-01   4.065997E+01   7.458990E+03   7.583648E-01
   3.735783E-01   3.912275E+01   7.432139E+03   7.593960E-01
   3.753038E-01   3.945507E+01   7.423206E+03   7.590449E-01
   3.770372E-01   3.885944E+01   7.408006E+03   7.593177E-01
   3.787787E-01   3.900365E+01   7.399899E+03   7.589224E-01
   3.805283E-01   3.881552E+01   7.387161E+03   7.587845E-01
   3.822859E-01   3.867948E+01   7.373845E+03   7.586501E-01
   3.840516E-01   3.866106E+01   7.358632E+03   7.589271E-01
   3.858255E-01   3.869559E+01   7.348564E+03   7.584514E-01
   3.876076E-01   3.861565E+01   7.337648E+03   7.580875E-01
   3.893979E-01   3.887696E+01   7.326459E+03   7.578144E-01
   3.911965E-01   3.822482E+01   7.309265E+03   7.581211E-01
   3.930034E-01   3.883757E+01   7.295497E+03   7.581267E-01
   3.948186E-01   3.768582E+01   7.281938E+03   7.577348E-01
   3.966422E-01   3.754824E+01   7.268848E+03   7.575210E-01
   3.984743E-01   3.686259E+01   7.251027E+03   7.574540E-01
   4.003148E-01   3.776401E+01   7.239245E+03   7.567580E-01
   4.021638E-01   3.761830E+01   7.219573E+03   7.567894E-01
   4.040213E-01   3.842785E+01   7.202496E+03   7.566155E-01
   4.058874E-01   3.678632E+01   7.183573E+03   7.565417E-01
   4.077622E-01   3.660034E+01   7.164906E+03   7.564459E-01
   4.096456E-01   3.719315E+01   7.153211E+03   7.558577E-01
   4.115377E-01   3.740669E+01   7.134843E+03   7.561936E-01
   4.134385E-01   3.639396E+01   7.120100E+03   7.561940E-01
   4.153481E-01   3.646756E+01   7.106739E+03   7.564180E-01
   4.172666E-01   3.645395E+01   7.099908E+03   7.557716E-01
   4.191939E-01   3.665892E+01   7.081535E+03   7.555516E-01
   4.211301E-01   3.659631E+01   7.059969E+03   7.562336E-01
   4.230752E-01   3.628679E+01   7.049026E+03   7.558285E-01
   4.250294E-01   3.538893E+01   7.032745E+03   7.559125E-01
   4.269925E-01   3.618585E+01   7.020550E+03   7.558243E-01
   4.289648E-01   3.538205E+01   7.005041E+03   7.557737E-01
   4.309461E-01   3.490656E+01   6.986196E+03   7.563730E-01
   4.329366E-01   3.605971E+01   6.981883E+03   7.550500E-01
   4.349363E-01   3.547419E+01   6.959677E+03   7.555708E-01
   4.369452E-01   3.467715E+01   6.941819E+03   7.560800E-01
   4.389634E-01   3.537338E+01   6.929729E+03   7.558436E-01
   4.409909E-01   3.446962E+01   6.918223E+03   7.557530E-01
   4.430278E-01   3.546098E+01   6.907727E+03   7.553163E-01
   4.450741E-01   3.459250E+01   6.892641E+03   7.553163E-01
   4.471298E-01   3.414600E+01   6.872939E+03   7.558852E-01
   4.491950E-01   3.417000E+01   6.864005E+03   7.552923E-01
   4.512698E-01   3.402710E+01   6.851192E+03   7.550576E-01
   4.533542E-01   3.333703E+01   6.839346E+03   7.548342E-01
   4.554482E-01   3.381046E+01   6.823325E+03   7.550137E-01
   4.575518E-01   3.373884E+01   6.808346E+03   7.550423E-01
   4.596652E-01   3.354986E+01   6.796185E+03   7.544190E-01
   4.617883E-01   3.306031E+01   6.780167E+03   7.543627E-01
   4.639213E-01   3.251413E+01   6.762576E+03   7.543301E-01
   4.660641E-01   3.358837E+01   6.751619E+03   7.535306E-01
   4.682168E-01   3.369611E+01   6.733070E+03   7.534502E-01
   4.703794E-01   3.343807E+01   6.715018E+03   7.535349E-01
   4.725520E-01   3.217758E+01   6.695362E+03   7.537199E-01
   4.747347E-01   3.174426E+01   6.678347E+03   7.533987E-01
   4.769274E-01   3.287270E+01   6.664895E+03   7.529276E-01
   4.791303E-01   3.300354E+01   6.650174E+03   7.527314E-01
   4.813433E-01   3.188791E+01   6.630404E+03   7.532778E-01
   4.835666E-01   3.190421E+01   6.618163E+03   7.531175E-01
   4.858001E-01   3.166564E+01   6.608440E+03   7.528794E-01
   4.880440E-01   3.185647E+01   6.594251E+03   7.524045E-01
   4.902982E-01   3.164052E+01   6.569552E+03   7.531856E-01
   4.925628E-01   3.205661E+01   6.558263E+03   7.529188E-01
   4.948379E-01   3.114985E+01   6.545511E+03   7.525625E-01
   4.971235E-01   3.084484E+01   6.528614E+03   7.529618E-01
   4.994197E-01   3.159911E+01   6.517885E+03   7.523538E-01
   5.017264E-01   3.034942E+01   6.494194E+03   7.532758E-01
   5.040438E-01   3.164463E+01   6.487265E+03   7.522525E-01
   5.063720E-01   3.130114E+01   6.472619E+03   7.519129E-01
   5.087108E-01   3.036681E+01   6.449128E+03   7.529611E-01
   5.110605E-01   3.046297E+01   6.439912E+03   7.525079E-01
   5.134210E-01   3.013043E+01   6.427116E+03   7.527188E-01
   5.157925E-01   3.122634E+01   6.419568E+03   7.521343E-01
   5.181748E-01   3.057169E+01   6.406250E+03   7.521184E-01
   5.205682E-01   2.999311E+01   6.387656E+03   7.525841E-01
   5.229727E-01   3.017912E+01   6.376408E+03   7.523655E-01
   5.253882E-01   3.038214E+01   6.365683E+03   7.518213E-01
   5.278149E-01   2.966453E+01   6.352298E+03   7.515880E-01
   5.302528E-01   2.997137E+01   6.336048E+03   7.515099E-01
   5.327020E-01   2.948095E+01   6.317990E+03   7.516837E-01
   5.351625E-01   3.018027E+01   6.305605E+03   7.511528E-01
   5.376343E-01   2.933054E+01   6.290690E+03   7.508503E-01
   5.401176E-01   2.899038E+01   6.273593E+03   7.509483E-01
   5.426123E-01   2.944143E+01   6.261460E+03   7.504044E-01
   5.451186E-01   2.914561E+01   6.246185E+03   7.501374E-01
   5.476364E-01   2.901984E+01   6.229583E+03   7.502569E-01
   5.501659E-01   2.862600E+01   6.211247E+03   7.505260E-01
   5.527070E-01   2.835599E+01   6.197190E+03   7.500988E-01
   5.552599E-01   2.856596E+01   6.181891E+03   7.498748E-01
   5.578246E-01   2.947638E+01   6.170878E+03   7.492223E-01
   5.604011E-01   2.834394E+01   6.149660E+03   7.499141E-01
   5.629895E-01   2.800575E+01   6.135099E+03   7.497567E-01
   5.655899E-01   2.757926E+01   6.122245E+03   7.497908E-01
   5.682023E-01   2.778626E+01   6.111531E+03   7.490850E-01
   5.708268E-01   2.786658E+01   6.087837E+03   7.495875E-01
   5.734634E-01   2.767882E+01   6.074042E+03   7.496589E-01
   5.761121E-01   2.735441E+01   6.062814E+03   7.491654E-01
   5.787731E-01   2.735575E+01   6.046709E+03   7.494856E-01
   5.814464E-01   2.730690E+01   6.035029E+03   7.491521E-01
   5.841320E-01   2.730416E+01   6.016786E+03   7.495371E-01
   5.868300E-01   2.742550E+01   6.006140E+03   7.492432E-01
   5.895405E-01   2.753007E+01   5.995688E+03   7.485413E-01
   5.922636E-01   2.662410E+01   5.972639E+03   7.495767E-01
   5.949991E-01   2.691621E+01   5.963335E+03   7.492110E-01
   5.977474E-01   2.644668E+01   5.948608E+03   7.495368E-01
   6.005083E-01   2.635725E+01   5.939347E+03   7.491648E-01
   6.032820E-01   2.662200E+01   5.927027E+03   7.489870E-01
   6.060685E-01   2.611315E+01   5.911974E+03   7.490032E-01
   6.088678E-01   2.612256E+01   5.898086E+03   7.491605E-01
   6.116801E-01   2.629411E+01   5.887077E+03   7.486988E-01
   6.145054E-01   2.613540E+01   5.875283E+03   7.482797E-01
   6.173437E-01   2.643423E+01   5.861796E+03   7.480129E-01
   6.201951E-01   2.608833E+01   5.844308E+03   7.482721E-01
   6.230597E-01   2.644996E+01   5.830170E+03   7.482422E-01
   6.259376E-01   2.550379E+01   5.816731E+03   7.478430E-01
   6.288287E-01   2.540831E+01   5.803482E+03   7.476353E-01
   6.317332E-01   2.492750E+01   5.787321E+03   7.475602E-01
   6.346511E-01   2.578269E+01   5.776422E+03   7.468761E-01
   6.375825E-01   2.583859E+01   5.759456E+03   7.469666E-01
   6.405274E-01   2.593861E+01   5.743760E+03   7.469884E-01
   6.434859E-01   2.506407E+01   5.728399E+03   7.468691E-01
   6.464581E-01   2.456531E+01   5.711926E+03   7.468411E-01
   6.494440E-01   2.533952E+01   5.701114E+03   7.461877E-01
   6.524437E-01   2.542062E+01   5.682811E+03   7.466075E-01
   6.554572E-01   2.458258E+01   5.668132E+03   7.464837E-01
   6.584847E-01   2.485064E+01   5.654503E+03   7.466354E-01
   6.615262E-01   2.471414E+01   5.645999E+03   7.459153E-01
   6.645817E-01   2.477437E+01   5.627436E+03   7.458082E-01
   6.676513E-01   2.472442E+01   5.609533E+03   7.463815E-01
   6.707351E-01   2.451085E+01   5.599395E+03   7.459328E-01
   6.738331E-01   2.414468E+01   5.584532E+03   7.460818E-01
   6.769455E-01   2.442365E+01   5.572971E+03   7.459761E-01
   6.800722E-01   2.389990E+01   5.557982E+03   7.460561E-01
   6.832134E-01   2.362188E+01   5.542692E+03   7.464977E-01
   6.863691E-01   2.455408E+01   5.537100E+03   7.452289E-01
   6.895393E-01   2.380100E+01   5.516233E+03   7.459570E-01
   6.927242E-01   2.357764E+01   5.502062E+03   7.462481E-01
   6.959238E-01   2.358855E+01   5.489634E+03   7.461516E-01
   6.991382E-01   2.344411E+01   5.479183E+03   7.459996E-01
   7.023674E-01   2.390022E+01   5.468406E+03   7.456842E-01
   7.056116E-01   2.322979E+01   5.455143E+03   7.456801E-01
   7.088707E-01   2.286065E+01   5.438969E+03   7.462557E-01
   7.121449E-01   2.305190E+01   5.430852E+03   7.456294E-01
   7.154342E-01   2.290974E+01   5.418540E+03   7.454066E-01
   7.187387E-01   2.249015E+01   5.406671E+03   7.451149E-01
   7.220585E-01   2.292172E+01   5.390964E+03   7.452351E-01
   7.253936E-01   2.285478E+01   5.376708E+03   7.452519E-01
   7.287441E-01   2.302069E+01   5.365663E+03   7.445653E-01
   7.321101E-01   2.216705E+01   5.350612E+03   7.446423E-01
   7.354916E-01   2.177178E+01   5.335386E+03   7.445922E-01
   7.388887E-01   2.266159E+01   5.325459E+03   7.438734E-01
   7.423016E-01   2.287190E+01   5.310132E+03   7.438554E-01
   7.457302E-01   2.258923E+01   5.295369E+03   7.439332E-01
   7.491746E-01   2.183795E+01   5.279536E+03   7.440868E-01
   7.526350E-01   2.145466E+01   5.264707E+03   7.438774E-01
   7.561113E-01   2.261800E+01   5.253517E+03   7.433331E-01
   7.596037E-01   2.225016E+01   5.238524E+03   7.433578E-01
   7.631122E-01   2.159374E+01   5.221844E+03   7.437232E-01
   7.666369E-01   2.149499E+01   5.209632E+03   7.436077E-01
   7.701779E-01   2.161167E+01   5.200848E+03   7.432321E-01
   7.737353E-01   2.156070E+01   5.187159E+03   7.428301E-01
   7.773091E-01   2.177057E+01   5.167512E+03   7.435969E-01
   7.808994E-01   2.153764E+01   5.157051E+03   7.433867E-01
   7.845062E-01   2.108037E+01   5.145598E+03   7.430853E-01
   7.881298E-01   2.079076E+01   5.131235E+03   7.434266E-01
   7.917700E-01   2.162686E+01   5.121744E+03   7.428190E-01
   7.954271E-01   2.028720E+01   5.101721E+03   7.438605E-01
   7.991011E-01   2.168721E+01   5.096270E+03   7.427573E-01
   8.027921E-01   2.135203E+01   5.082712E+03   7.426171E-01
   8.065001E-01   2.055866E+01   5.063306E+03   7.436643E-01
   8.102252E-01   2.045523E+01   5.054160E+03   7.432660E-01
   8.139675E-01   2.017378E+01   5.042744E+03   7.434271E-01
   8.177271E-01   2.122227E+01   5.034644E+03   7.428360E-01
   8.215041E-01   2.085792E+01   5.022792E+03   7.427697E-01
   8.252985E-01   2.029246E+01   5.006724E+03   7.433610E-01
   8.291105E-01   2.063140E+01   4.997304E+03   7.431217E-01
   8.329400E-01   2.078460E+01   4.988241E+03   7.426075E-01
   8.367873E-01   2.002813E+01   4.976366E+03   7.424687E-01
   8.406523E-01   1.994649E+01   4.961912E+03   7.425397E-01
   8.445352E-01   2.002351E+01   4.947966E+03   7.426444E-01
   8.484360E-01   2.014052E+01   4.937475E+03   7.421278E-01
   8.523548E-01   1.985470E+01   4.924951E+03   7.418428E-01
   8.562917E-01   1.953241E+01   4.909962E+03   7.419875E-01
   8.602468E-01   2.029830E+01   4.899876E+03   7.412737E-01
   8.642202E-01   1.975310E+01   4.885383E+03   7.411729E-01
   8.682119E-01   1.964749E+01   4.870723E+03   7.412572E-01
   8.722221E-01   1.933268E+01   4.854858E+03   7.415517E-01
   8.762508E-01   1.918030E+01   4.842443E+03   7.411567E-01
   8.802981E-01   1.928432E+01   4.829531E+03   7.409459E-01
   8.843641E-01   2.004458E+01   4.820251E+03   7.403247E-01
   8.884488E-01   1.914942E+01   4.802455E+03   7.410926E-01
   8.925525E-01   1.888320E+01   4.790425E+03   7.409829E-01
   8.966751E-01   1.862969E+01   4.780039E+03   7.410267E-01
   9.008167E-01   1.879909E+01   4.770408E+03   7.403826E-01
   9.049775E-01   1.881168E+01   4.751118E+03   7.410527E-01
   9.091574E-01   1.867865E+01   4.740279E+03   7.410651E-01
   9.133567E-01   1.871433E+01   4.730640E+03   7.406259E-01
   9.175754E-01   1.852742E+01   4.716834E+03   7.409730E-01
   9.218136E-01   1.845964E+01   4.706406E+03   7.406442E-01
   9.260713E-01   1.820622E+01   4.689861E+03   7.412076E-01
   9.303487E-01   1.846436E+01   4.680900E+03   7.407540E-01
   9.346459E-01   1.852466E+01   4.671280E+03   7.400978E-01
   9.389629E-01   1.801135E+01   4.651973E+03   7.411148E-01
   9.432999E-01   1.820099E+01   4.643636E+03   7.407232E-01
   9.476568E-01   1.785032E+01   4.630706E+03   7.411148E-01
   9.520339E-01   1.787058E+01   4.622518E+03   7.406951E-01
   9.564313E-01   1.804843E+01   4.612157E+03   7.405588E-01
   9.608489E-01   1.748360E+01   4.599207E+03   7.407733E-01
   9.652870E-01   1.765236E+01   4.588751E+03   7.409040E-01
   9.697455E-01   1.763908E+01   4.579677E+03   7.405487E-01
   9.742246E-01   1.764796E+01   4.570433E+03   7.401145E-01
   9.787245E-01   1.780442E+01   4.558652E+03   7.399512E-01
   9.832451E-01   1.759512E+01   4.544111E+03   7.402749E-01
   9.877866E-01   1.767360E+01   4.531794E+03   7.402156E-01
   9.923490E-01   1.723715E+01   4.520462E+03   7.398345E-01
   9.969326E-01   1.725194E+01   4.508807E+03   7.396355E-01
   1.001537E+00   1.694650E+01   4.495880E+03   7.394917E-01
   1.006163E+00   1.764646E+01   4.485700E+03   7.388496E-01
   1.010811E+00   1.737457E+01   4.471152E+03   7.390112E-01
   1.015479E+00   1.722901E+01   4.456913E+03   7.391488E-01
   1.020170E+00   1.672402E+01   4.444333E+03   7.389430E-01
   1.024882E+00   1.640605E+01   4.430838E+03   7.389121E-01
   1.029616E+00   1.723057E+01   4.422287E+03   7.382323E-01
   1.034371E+00   1.691797E+01   4.406602E+03   7.388034E-01
   1.039149E+00   1.653872E+01   4.395031E+03   7.387108E-01
   1.043949E+00   1.672790E+01   4.383863E+03   7.388974E-01
   1.048770E+00   1.649372E+01   4.377129E+03   7.381619E-01
   1.053615E+00   1.655950E+01   4.361193E+03   7.383207E-01
   1.058481E+00   1.662075E+01   4.348001E+03   7.388027E-01
   1.063370E+00   1.641794E+01   4.339398E+03   7.383923E-01
   1.068282E+00   1.631675E+01   4.326972E+03   7.385948E-01
   1.073216E+00   1.629170E+01   4.316676E+03   7.384879E-01
   1.078173E+00   1.599174E+01   4.303461E+03   7.386692E-01
   1.083153E+00   1.607796E+01   4.291537E+03   7.388722E-01
   1.088156E+00   1.659877E+01   4.285732E+03   7.377594E-01
   1.093182E+00   1.580225E+01   4.267603E+03   7.386937E-01
   1.098231E+00   1.607870E+01   4.257350E+03   7.387751E-01
   1.103304E+00   1.556260E+01   4.246107E+03   7.388857E-01
   1.108400E+00   1.555840E+01   4.237664E+03   7.387035E-01
   1.113519E+00   1.584882E+01   4.228032E+03   7.384843E-01
   1.118663E+00   1.564021E+01   4.217709E+03   7.384136E-01
   1.123830E+00   1.545129E+01   4.204715E+03   7.389939E-01
   1.129020E+00   1.543197E+01   4.197809E+03   7.384373E-01
   1.134235E+00   1.542173E+01   4.187896E+03   7.382143E-01
   1.139474E+00   1.512805E+01   4.178343E+03   7.379507E-01
   1.144737E+00   1.549925E+01   4.165340E+03   7.381267E-01
   1.150025E+00   1.565543E+01   4.153777E+03   7.381354E-01
   1.155336E+00   1.562862E+01   4.144339E+03   7.375401E-01
   1.160673E+00   1.481906E+01   4.132011E+03   7.376358E-01
   1.166034E+00   1.457862E+01   4.119721E+03   7.375736E-01
   1.171420E+00   1.513532E+01   4.110494E+03   7.369264E-01
   1.176830E+00   1.518329E+01   4.097752E+03   7.369165E-01
   1.182266E+00   1.532571E+01   4.085739E+03   7.369230E-01
   1.187727E+00   1.462788E+01   4.072780E+03   7.370211E-01
   1.193213E+00   1.448421E+01   4.060464E+03   7.368921E-01
   1.198724E+00   1.535834E+01   4.051593E+03   7.363505E-01
   1.204261E+00   1.499983E+01   4.038523E+03   7.365271E-01
   1.209823E+00   1.437449E+01   4.026036E+03   7.368309E-01
   1.215411E+00   1.457218E+01   4.015641E+03   7.367904E-01
   1.221025E+00   1.469285E+01   4.008982E+03   7.363326E-01
   1.226665E+00   1.446327E+01   3.997163E+03   7.360611E-01
   1.232330E+00   1.505091E+01   3.982267E+03   7.367602E-01
   1.238022E+00   1.452007E+01   3.973305E+03   7.366421E-01
   1.243741E+00   1.415783E+01   3.963574E+03   7.364375E-01
   1.249485E+00   1.405860E+01   3.952413E+03   7.366902E-01
   1.255257E+00   1.461075E+01   3.943882E+03   7.361862E-01
   1.261054E+00   1.363903E+01   3.928194E+03   7.371992E-01
   1.266879E+00   1.458780E+01   3.923447E+03   7.360603E-01
   1.272731E+00   1.436268E+01   3.911124E+03   7.360825E-01
   1.278609E+00   1.365202E+01   3.896178E+03   7.370590E-01
   1.284515E+00   1.389546E+01   3.888248E+03   7.367052E-01
   1.290448E+00   1.348008E+01   3.878965E+03   7.368633E-01
   1.296408E+00   1.444317E+01   3.872313E+03   7.362291E-01
   1.302396E+00   1.422773E+01   3.862626E+03   7.361770E-01
   1.308412E+00   1.359189E+01   3.849196E+03   7.369447E-01
   1.314455E+00   1.379034E+01   3.841959E+03   7.366458E-01
   1.320527E+00   1.395731E+01   3.834083E+03   7.361928E-01
   1.326626E+00   1.354279E+01   3.824831E+03   7.360330E-01
   1.332754E+00   1.335637E+01   3.812592E+03   7.362108E-01
   1.338909E+00   1.340498E+01   3.801817E+03   7.362923E-01
   1.345094E+00   1.342246E+01   3.793141E+03   7.357812E-01
   1.351306E+00   1.326279E+01   3.783228E+03   7.355087E-01
   1.357548E+00   1.324227E+01   3.771318E+03   7.356308E-01
   1.363818E+00   1.381158E+01   3.763539E+03   7.348268E-01
   1.370118E+00   1.348035E+01   3.751443E+03   7.348123E-01
   1.376446E+00   1.327552E+01   3.739484E+03   7.349745E-01
   1.382804E+00   1.278942E+01   3.726333E+03   7.352679E-01
   1.389191E+00   1.279443E+01   3.715937E+03   7.348527E-01
   1.395607E+00   1.288464E+01   3.705446E+03   7.347008E-01
   1.402053E+00   1.368003E+01   3.697739E+03   7.339598E-01
   1.408529E+00   1.284005E+01   3.683310E+03   7.348263E-01
   1.415035E+00   1.276141E+01   3.673681E+03   7.347326E-01
   1.421571E+00   1.246261E+01   3.665498E+03   7.347184E-01
   1.428137E+00   1.278205E+01   3.657478E+03   7.340645E-01
   1.434733E+00   1.259901E+01   3.641841E+03   7.349228E-01
   1.441360E+00   1.247702E+01   3.633514E+03   7.348702E-01
   1.448018E+00   1.246132E+01   3.625866E+03   7.344632E-01
   1.454706E+00   1.244194E+01   3.614648E+03   7.348526E-01
   1.461425E+00   1.253934E+01   3.606756E+03   7.344993E-01
   1.468175E+00   1.215430E+01   3.593247E+03   7.352432E-01
   1.474956E+00   1.235354E+01   3.586186E+03   7.347221E-01
   1.481769E+00   1.242830E+01   3.578313E+03   7.340600E-01
   1.488613E+00   1.202926E+01   3.562934E+03   7.351241E-01
   1.495489E+00   1.219081E+01   3.556274E+03   7.346727E-01
   1.502396E+00   1.185585E+01   3.545513E+03   7.351105E-01
   1.509336E+00   1.211563E+01   3.538923E+03   7.346512E-01
   1.516307E+00   1.220100E+01   3.530092E+03   7.344485E-01
   1.523311E+00   1.161731E+01   3.518766E+03   7.348391E-01
   1.530347E+00   1.180964E+01   3.510475E+03   7.348691E-01
   1.537415E+00   1.189781E+01   3.502964E+03   7.344520E-01
   1.544516E+00   1.179545E+01   3.495392E+03   7.340630E-01
   1.551650E+00   1.187647E+01   3.485793E+03   7.339587E-01
   1.558817E+00   1.174181E+01   3.474537E+03   7.342107E-01
   1.566017E+00   1.183993E+01   3.464777E+03   7.341986E-01
   1.573250E+00   1.147673E+01   3.456041E+03   7.338715E-01
   1.580517E+00   1.151699E+01   3.446386E+03   7.337031E-01
   1.587817E+00   1.139914E+01   3.436951E+03   7.334429E-01
   1.595151E+00   1.169242E+01   3.428219E+03   7.329505E-01
   1.602519E+00   1.143160E+01   3.416488E+03   7.331593E-01
   1.609921E+00   1.137063E+01   3.404868E+03   7.333680E-01
   1.617357E+00   1.111420E+01   3.395287E+03   7.330514E-01
   1.624827E+00   1.092368E+01   3.384045E+03   7.330308E-01
   1.632332E+00   1.180718E+01   3.377245E+03   7.321763E-01
   1.639872E+00   1.119171E+01   3.364080E+03   7.328752E-01
   1.647446E+00   1.096576E+01   3.354276E+03   7.328669E-01
   1.655055E+00   1.088261E+01   3.345291E+03   7.329651E-01
   1.662700E+00   1.097363E+01   3.339407E+03   7.321039E-01
   1.670380E+00   1.095452E+01   3.325956E+03   7.325126E-01
   1.678095E+00   1.097644E+01   3.315840E+03   7.328761E-01
   1.685846E+00   1.088410E+01   3.309073E+03   7.324921E-01
   1.693633E+00   1.086037E+01   3.298953E+03   7.326747E-01
   1.701455E+00   1.093307E+01   3.290935E+03   7.325367E-01
   1.709314E+00   1.060645E+01   3.280515E+03   7.328404E-01
   1.717209E+00   1.072989E+01   3.271571E+03   7.329343E-01
   1.725141E+00   1.117079E+01   3.266348E+03   7.318593E-01
   1.733109E+00   1.047602E+01   3.251594E+03   7.329342E-01
   1.741114E+00   1.061116E+01   3.244209E+03   7.328458E-01
   1.749156E+00   1.032458E+01   3.234678E+03   7.330433E-01
   1.757235E+00   1.040204E+01   3.227872E+03   7.328001E-01
   1.765352E+00   1.042585E+01   3.219397E+03   7.326870E-01
   1.773506E+00   1.041357E+01   3.211161E+03   7.324930E-01
   1.781697E+00   1.048758E+01   3.200658E+03   7.329900E-01
   1.789927E+00   1.025042E+01   3.194048E+03   7.324981E-01
   1.798194E+00   1.031771E+01   3.186259E+03   7.322136E-01
   1.806500E+00   1.012863E+01   3.178019E+03   7.318939E-01
   1.814844E+00   1.033406E+01   3.167325E+03   7.320229E-01
   1.823226E+00   1.048302E+01   3.157754E+03   7.321402E-01
   1.831647E+00   1.044008E+01   3.150297E+03   7.315415E-01
   1.840108E+00   9.903868E+00   3.140442E+03   7.315374E-01
   1.848607E+00   9.770190E+00   3.130834E+03   7.314835E-01
   1.857145E+00   1.020032E+01   3.123371E+03   7.308880E-01
   1.865723E+00   1.005621E+01   3.112953E+03   7.308899E-01
   1.874341E+00   1.029666E+01   3.103457E+03   7.308545E-01
   1.882998E+00   9.647380E+00   3.093320E+03   7.309582E-01
   1.891696E+00   9.675014E+00   3.083435E+03   7.308283E-01
   1.900433E+00   1.006812E+01   3.075721E+03   7.302880E-01
   1.909211E+00   1.008789E+01   3.065681E+03   7.303367E-01
   1.918029E+00   9.600247E+00   3.055591E+03   7.306723E-01
   1.926888E+00   9.803865E+00   3.047019E+03   7.307007E-01
   1.935788E+00   9.880781E+00   3.041354E+03   7.300347E-01
   1.944730E+00   9.712733E+00   3.031287E+03   7.298124E-01
   1.953712E+00   1.015907E+01   3.019409E+03   7.305837E-01
   1.962736E+00   9.656621E+00   3.012318E+03   7.303697E-01
   1.971802E+00   9.418664E+00   3.003706E+03   7.302473E-01
   1.980909E+00   9.441066E+00   2.995187E+03   7.303224E-01
   1.990059E+00   9.588504E+00   2.987709E+03   7.300436E-01
   1.999251E+00   9.115028E+00   2.975856E+03   7.309791E-01
   2.008485E+00   9.779929E+00   2.972292E+03   7.297095E-01
   2.017762E+00   9.555878E+00   2.961566E+03   7.299007E-01
   2.027082E+00   8.913581E+00   2.950371E+03   7.307939E-01
   2.036445E+00   9.455948E+00   2.943939E+03   7.304333E-01
   2.045851E+00   8.991914E+00   2.936365E+03   7.305539E-01
   2.055300E+00   9.563713E+00   2.930358E+03   7.300876E-01
   2.064793E+00   9.642502E+00   2.923218E+03   7.298365E-01
   2.074330E+00   9.004867E+00   2.911974E+03   7.306522E-01
   2.083911E+00   9.047762E+00   2.905839E+03   7.302955E-01
   2.093537E+00   9.144573E+00   2.899606E+03   7.298705E-01
   2.103207E+00   8.948086E+00   2.891860E+03   7.296406E-01
   2.112921E+00   8.863253E+00   2.881769E+03   7.297663E-01
   2.122680E+00   8.822927E+00   2.872766E+03   7.298721E-01
   2.132485E+00   8.873374E+00   2.866297E+03   7.292950E-01
   2.142334E+00   8.816490E+00   2.858080E+03   7.289625E-01
   2.152230E+00   8.804190E+00   2.848529E+03   7.291259E-01
   2.162170E+00   9.112467E+00   2.842308E+03   7.283214E-01
   2.172157E+00   9.014663E+00   2.832708E+03   7.283118E-01
   2.182190E+00   8.833415E+00   2.823135E+03   7.284334E-01
   2.192269E+00   8.372327E+00   2.812937E+03   7.287124E-01
   2.202395E+00   8.416697E+00   2.804655E+03   7.283988E-01
   2.212568E+00   8.639379E+00   2.796352E+03   7.281700E-01
   2.222787E+00   9.063278E+00   2.789976E+03   7.274874E-01
   2.233054E+00   8.429628E+00   2.778665E+03   7.283573E-01
   2.243368E+00   8.425232E+00   2.770964E+03   7.282793E-01
   2.253730E+00   8.223573E+00   2.764517E+03   7.280797E-01
   2.264140E+00   8.466972E+00   2.757619E+03   7.274410E-01
   2.274598E+00   8.238204E+00   2.745293E+03   7.283793E-01
   2.285104E+00   8.352201E+00   2.738599E+03   7.281760E-01
   2.295658E+00   8.164253E+00   2.732059E+03   7.278316E-01
   2.306262E+00   8.113821E+00   2.723138E+03   7.282080E-01
   2.316914E+00   8.247421E+00   2.716474E+03   7.278810E-01
   2.327616E+00   7.951129E+00   2.705545E+03   7.287214E-01
   2.338367E+00   8.243871E+00   2.700882E+03   7.279512E-01
   2.349167E+00   8.306146E+00   2.693612E+03   7.274358E-01
   2.360018E+00   7.872720E+00   2.681604E+03   7.285071E-01
   2.370918E+00   8.059665E+00   2.676366E+03   7.280633E-01
   2.381869E+00   7.899324E+00   2.668658E+03   7.283190E-01
   2.392871E+00   8.125451E+00   2.662833E+03   7.279293E-01
   2.403923E+00   8.031678E+00   2.655860E+03   7.278035E-01
   2.415027E+00   7.766941E+00   2.646874E+03   7.282324E-01
   2.426181E+00   7.806406E+00   2.640117E+03   7.281870E-01
   2.437388E+00   7.864919E+00   2.634050E+03   7.278651E-01
   2.448646E+00   7.821611E+00   2.628543E+03   7.273033E-01
   2.459956E+00   7.943144E+00   2.620206E+03   7.271976E-01
   2.471318E+00   7.766742E+00   2.610967E+03   7.275078E-01
   2.482733E+00   7.978146E+00   2.603825E+03   7.273859E-01
   2.494200E+00   7.501122E+00   2.596647E+03   7.269935E-01
   2.505720E+00   7.442786E+00   2.588555E+03   7.269417E-01
   2.517294E+00   7.502950E+00   2.581363E+03   7.266186E-01
   2.528921E+00   7.699279E+00   2.573873E+03   7.262149E-01
   2.540602E+00   7.550008E+00   2.565064E+03   7.262662E-01
   2.552337E+00   7.541669E+00   2.555751E+03   7.265048E-01
   2.564126E+00   7.269814E+00   2.548477E+03   7.262038E-01
   2.575969E+00   7.241666E+00   2.540080E+03   7.261479E-01
   2.587867E+00   7.839301E+00   2.534485E+03   7.254349E-01
   2.599820E+00   7.375663E+00   2.524158E+03   7.261040E-01
   2.611828E+00   7.207942E+00   2.516592E+03   7.261435E-01
   2.623892E+00   7.107794E+00   2.509925E+03   7.261244E-01
   2.636011E+00   7.240075E+00   2.505236E+03   7.252007E-01
   2.648187E+00   7.099813E+00   2.494139E+03   7.259342E-01
   2.660419E+00   7.293835E+00   2.486990E+03   7.261167E-01
   2.672707E+00   7.047641E+00   2.481155E+03   7.258095E-01
   2.685052E+00   7.098241E+00   2.473211E+03   7.259799E-01
   2.697454E+00   7.173892E+00   2.467085E+03   7.257049E-01
   2.709913E+00   6.996074E+00   2.458283E+03   7.261149E-01
   2.722429E+00   7.196071E+00   2.452104E+03   7.260340E-01
   2.735004E+00   7.307161E+00   2.447017E+03   7.251120E-01
   2.747637E+00   6.832286E+00   2.435273E+03   7.262693E-01
   2.760328E+00   6.896540E+00   2.429783E+03   7.260834E-01
   2.773077E+00   6.788719E+00   2.422774E+03   7.262362E-01
   2.785886E+00   6.815483E+00   2.417015E+03   7.259933E-01
   2.798753E+00   6.763345E+00   2.410336E+03   7.259480E-01
   2.811681E+00   6.804703E+00   2.403942E+03   7.258166E-01
   2.824667E+00   6.739571E+00   2.396255E+03   7.261864E-01
   2.837714E+00   6.729862E+00   2.390678E+03   7.258289E-01
   2.850821E+00   6.727383E+00   2.385168E+03   7.254043E-01
   2.863989E+00   6.819715E+00   2.378599E+03   7.250565E-01
   2.877217E+00   6.674881E+00   2.369733E+03   7.253852E-01
   2.890507E+00   6.829523E+00   2.362509E+03   7.253892E-01
   2.903858E+00   6.728790E+00   2.356799E+03   7.247949E-01
   2.917270E+00   6.572183E+00   2.349367E+03   7.247157E-01
   2.930745E+00   6.319704E+00   2.341630E+03   7.247315E-01
   2.944281E+00   6.712223E+00   2.335295E+03   7.241328E-01
   2.957881E+00   6.475827E+00   2.327029E+03   7.241466E-01
   2.971543E+00   6.839248E+00   2.319721E+03   7.239497E-01
   2.985268E+00   6.242856E+00   2.311730E+03   7.241139E-01
   2.999057E+00   6.314897E+00   2.304206E+03   7.239947E-01
   3.012909E+00   6.469550E+00   2.298041E+03   7.235179E-01
   3.026825E+00   6.635610E+00   2.290039E+03   7.235524E-01
   3.040806E+00   6.209084E+00   2.281967E+03   7.239587E-01
   3.054851E+00   6.465829E+00   2.275825E+03   7.238379E-01
   3.068961E+00   6.365744E+00   2.271392E+03   7.230483E-01
   3.083136E+00   6.218604E+00   2.262845E+03   7.231431E-01
   3.097376E+00   6.549188E+00   2.254215E+03   7.238139E-01
   3.111683E+00   6.256579E+00   2.248703E+03   7.236437E-01
   3.126055E+00   6.127865E+00   2.242338E+03   7.235293E-01
   3.140494E+00   6.295279E+00   2.235923E+03   7.235104E-01
   3.155000E+00   6.169340E+00   2.229070E+03   7.233794E-01
   3.169572E+00   5.901635E+00   2.220312E+03   7.242158E-01
   3.184212E+00   6.417487E+00   2.217724E+03   7.228056E-01
   3.198920E+00   6.193649E+00   2.208467E+03   7.232627E-01
   3.213695E+00   5.799207E+00   2.200084E+03   7.240662E-01
   3.228539E+00   6.312276E+00   2.195291E+03   7.236665E-01
   3.243451E+00   5.913081E+00   2.189475E+03   7.236534E-01
   3.258432E+00   6.209069E+00   2.183896E+03   7.233356E-01
   3.273482E+00   6.155572E+00   2.177742E+03   7.232916E-01
   3.288602E+00   5.960472E+00   2.169775E+03   7.239060E-01
   3.303792E+00   5.896028E+00   2.164960E+03   7.234411E-01
   3.319052E+00   5.881778E+00   2.159384E+03   7.231168E-01
   3.334382E+00   5.730510E+00   2.153324E+03   7.228593E-01
   3.349783E+00   5.748298E+00   2.145891E+03   7.229364E-01
   3.365255E+00   5.861605E+00   2.138991E+03   7.229272E-01
   3.380799E+00   5.786166E+00   2.133455E+03   7.225169E-01
   3.396414E+00   5.689747E+00   2.126996E+03   7.222064E-01
   3.412102E+00   5.537227E+00   2.119304E+03   7.223483E-01
   3.427862E+00   5.948143E+00   2.114240E+03   7.215794E-01
   3.443695E+00   5.966172E+00   2.107017E+03   7.214226E-01
   3.459601E+00   5.826990E+00   2.099007E+03   7.215670E-01
   3.475580E+00   5.390539E+00   2.091228E+03   7.217753E-01
   3.491634E+00   5.386786E+00   2.084396E+03   7.216200E-01
   3.507761E+00   5.607920E+00   2.078364E+03   7.212391E-01
   3.523963E+00   5.875340E+00   2.072832E+03   7.205668E-01
   3.540240E+00   5.372715E+00   2.063411E+03   7.215467E-01
   3.556592E+00   5.308488E+00   2.057083E+03   7.216295E-01
   3.573019E+00   5.403894E+00   2.053214E+03   7.208518E-01
   3.589523E+00   5.525557E+00   2.046815E+03   7.204128E-01
   3.606102E+00   5.283142E+00   2.036835E+03   7.215592E-01
   3.622758E+00   5.520021E+00   2.032106E+03   7.212546E-01
   3.639491E+00   5.264987E+00   2.026855E+03   7.209692E-01
   3.656302E+00   5.150135E+00   2.019718E+03   7.212664E-01
   3.673190E+00   5.327372E+00   2.013982E+03   7.209749E-01
   3.690156E+00   5.105016E+00   2.005622E+03   7.217760E-01
   3.707200E+00   5.414417E+00   2.002127E+03   7.208587E-01
   3.724323E+00   5.475624E+00   1.996108E+03   7.204285E-01
   3.741525E+00   5.046741E+00   1.986590E+03   7.216719E-01
   3.758807E+00   5.108648E+00   1.982114E+03   7.212317E-01
   3.776169E+00   5.146958E+00   1.976348E+03   7.212988E-01
   3.793610E+00   5.319898E+00   1.971463E+03   7.209224E-01
   3.811132E+00   5.202141E+00   1.965914E+03   7.208187E-01
   3.828736E+00   5.007862E+00   1.958412E+03   7.214737E-01
   3.846420E+00   5.047136E+00   1.953533E+03   7.211816E-01
   3.864186E+00   5.144371E+00   1.948388E+03   7.207312E-01
   3.882034E+00   4.988805E+00   1.943171E+03   7.203624E-01
   3.899965E+00   5.159409E+00   1.936701E+03   7.203232E-01
   3.917978E+00   5.108730E+00   1.930578E+03   7.201884E-01
   3.936075E+00   5.122119E+00   1.924052E+03   7.202437E-01
   3.954255E+00   4.837464E+00   1.918002E+03   7.200518E-01
   3.972520E+00   4.812029E+00   1.911978E+03   7.197672E-01
   3.990868E+00   4.900497E+00   1.905924E+03   7.194272E-01
   4.009301E+00   4.915650E+00   1.899488E+03   7.191918E-01
   4.027820E+00   4.843901E+00   1.892733E+03   7.191169E-01
   4.046424E+00   4.850625E+00   1.885386E+03   7.192779E-01
   4.065114E+00   4.730234E+00   1.879432E+03   7.189789E-01
   4.083890E+00   4.643964E+00   1.872763E+03   7.189860E-01
   4.102753E+00   5.056849E+00   1.868245E+03   7.181967E-01
   4.121703E+00   4.696562E+00   1.859865E+03   7.189150E-01
   4.140741E+00   4.571556E+00   1.853528E+03   7.190897E-01
   4.159866E+00   4.628889E+00   1.848874E+03   7.186864E-01
   4.179080E+00   4.638929E+00   1.843998E+03   7.179852E-01
   4.198383E+00   4.518332E+00   1.835405E+03   7.187938E-01
   4.217775E+00   4.668979E+00   1.830258E+03   7.187993E-01
   4.237256E+00   4.546881E+00   1.825484E+03   7.184886E-01
   4.256828E+00   4.563115E+00   1.818920E+03   7.187606E-01
   4.276489E+00   4.582017E+00   1.813429E+03   7.186162E-01
   4.296242E+00   4.596452E+00   1.806869E+03   7.188218E-01
   4.316086E+00   4.675314E+00   1.802034E+03   7.185443E-01
   4.336021E+00   4.609879E+00   1.796921E+03   7.180102E-01
   4.356049E+00   4.327902E+00   1.788331E+03   7.191859E-01
   4.376169E+00   4.440505E+00   1.784383E+03   7.186768E-01
   4.396382E+00   4.322963E+00   1.778376E+03   7.188190E-01
   4.416688E+00   4.327473E+00   1.773163E+03   7.187692E-01
   4.437088E+00   4.388610E+00   1.768434E+03   7.186053E-01
   4.457583E+00   4.325782E+00   1.762852E+03   7.186671E-01
   4.478172E+00   4.307723E+00   1.757451E+03   7.187273E-01
   4.498856E+00   4.281597E+00   1.752535E+03   7.183099E-01
   4.519635E+00   4.332614E+00   1.747635E+03   7.180243E-01
   4.540511E+00   4.394411E+00   1.742364E+03   7.176868E-01
   4.561483E+00   4.321681E+00   1.736160E+03   7.177130E-01
   4.582552E+00   4.331246E+00   1.729817E+03   7.178230E-01
   4.603718E+00   4.188972E+00   1.724367E+03   7.176507E-01
   4.624982E+00   4.179307E+00   1.719460E+03   7.171605E-01
   4.646345E+00   4.078983E+00   1.713195E+03   7.169721E-01
   4.667805E+00   4.181249E+00   1.707358E+03   7.165930E-01
   4.689365E+00   4.142472E+00   1.700867E+03   7.165848E-01
   4.711025E+00   4.384342E+00   1.695035E+03   7.163299E-01
   4.732785E+00   4.029999E+00   1.689076E+03   7.161835E-01
   4.754645E+00   3.962279E+00   1.682475E+03   7.162523E-01
   4.776606E+00   4.102238E+00   1.677452E+03   7.157361E-01
   4.798668E+00   4.238547E+00   1.671115E+03   7.157289E-01
   4.820833E+00   3.991210E+00   1.664590E+03   7.161410E-01
   4.843100E+00   3.972836E+00   1.659551E+03   7.159836E-01
   4.865469E+00   3.991243E+00   1.655760E+03   7.150348E-01
   4.887942E+00   4.008131E+00   1.648788E+03   7.152339E-01
   4.910519E+00   4.018630E+00   1.642160E+03   7.159088E-01
   4.933200E+00   3.960497E+00   1.638123E+03   7.153924E-01
   4.955986E+00   3.887304E+00   1.632161E+03   7.154382E-01
   4.978877E+00   3.964412E+00   1.626777E+03   7.153602E-01
   5.001874E+00   3.891667E+00   1.620668E+03   7.153894E-01
   5.024977E+00   3.943863E+00   1.612890E+03   7.159074E-01
   5.048187E+00   4.153577E+00   1.607011E+03   7.152389E-01
   5.071504E+00   3.875384E+00   1.596575E+03   7.168579E-01
   5.094928E+00   3.992210E+00   1.590553E+03   7.166417E-01
   5.118461E+00   4.083365E+00   1.583106E+03   7.168710E-01
   5.142103E+00   4.320024E+00   1.576301E+03   7.169379E-01
   5.165854E+00   4.231085E+00   1.569215E+03   7.171473E-01
   5.189714E+00   4.196233E+00   1.560855E+03   7.179129E-01
   5.213685E+00   4.285152E+00   1.554387E+03   7.176700E-01
   5.237766E+00   4.353110E+00   1.547010E+03   7.178123E-01
   5.261959E+00   4.432357E+00   1.539933E+03   7.176717E-01
   5.286263E+00   4.491078E+00   1.531740E+03   7.179455E-01
   5.310680E+00   4.588299E+00   1.523723E+03   7.182249E-01
   5.335209E+00   4.598984E+00   1.516305E+03   7.182264E-01
   5.359852E+00   4.550861E+00   1.508289E+03   7.182491E-01
   5.384608E+00   4.737169E+00   1.500475E+03   7.180302E-01
   5.409479E+00   4.736327E+00   1.491354E+03   7.184063E-01
   5.434465E+00   4.870037E+00   1.483146E+03   7.185171E-01
   5.459566E+00   4.850535E+00   1.475459E+03   7.183825E-01
   5.484783E+00   4.812784E+00   1.465893E+03   7.190251E-01
   5.510116E+00   5.121720E+00   1.458909E+03   7.185490E-01
   5.535567E+00   5.030865E+00   1.449293E+03   7.195789E-01
   5.561135E+00   5.029774E+00   1.441535E+03   7.198646E-01
   5.586821E+00   5.097273E+00   1.434419E+03   7.196694E-01
   5.612626E+00   5.144268E+00   1.425479E+03   7.201150E-01
   5.638550E+00   5.362498E+00   1.417464E+03   7.205097E-01
   5.664594E+00   5.368807E+00   1.409960E+03   7.205977E-01
   5.690758E+00   5.307469E+00   1.400879E+03   7.213080E-01
   5.717043E+00   5.377108E+00   1.392432E+03   7.217465E-01
   5.743449E+00   5.498564E+00   1.384564E+03   7.220840E-01
   5.769977E+00   5.795422E+00   1.377988E+03   7.215164E-01
   5.796628E+00   5.605269E+00   1.367791E+03   7.229591E-01
   5.823402E+00   5.665316E+00   1.360139E+03   7.233989E-01
   5.850300E+00   5.786312E+00   1.352608E+03   7.235220E-01
   5.877322E+00   5.893754E+00   1.344459E+03   7.239074E-01
   5.904468E+00   6.026714E+00   1.336689E+03   7.241631E-01
   5.931740E+00   5.966474E+00   1.327931E+03   7.251487E-01
   5.959138E+00   6.104887E+00   1.320628E+03   7.250687E-01
   5.986663E+00   6.159820E+00   1.312134E+03   7.255344E-01
   6.014314E+00   6.321367E+00   1.304552E+03   7.254883E-01
   6.042094E+00   6.380626E+00   1.295499E+03   7.259761E-01
   6.070001E+00   6.421967E+00   1.286685E+03   7.265475E-01
   6.098038E+00   6.498001E+00   1.278123E+03   7.268028E-01
   6.126204E+00   6.598824E+00   1.269530E+03   7.269095E-01
   6.154500E+00   6.735200E+00   1.260523E+03   7.271095E-01
   6.182927E+00   6.819508E+00   1.251307E+03   7.275349E-01
   6.211485E+00   6.895297E+00   1.242290E+03   7.279096E-01
   6.240175E+00   6.957024E+00   1.232974E+03   7.283774E-01
   6.268998E+00   7.080627E+00   1.223690E+03   7.287362E-01
   6.297954E+00   7.161447E+00   1.214246E+03   7.294490E-01
   6.327043E+00   7.257416E+00   1.205282E+03   7.299900E-01
   6.356267E+00   7.354483E+00   1.196333E+03   7.303691E-01
   6.385626E+00   7.438529E+00   1.186678E+03   7.311206E-01
   6.415120E+00   7.544822E+00   1.177351E+03   7.318841E-01
   6.444751E+00   7.656582E+00   1.168123E+03   7.325884E-01
   6.474518E+00   7.782671E+00   1.159053E+03   7.331471E-01
   6.504423E+00   7.892154E+00   1.149660E+03   7.338793E-01
   6.534467E+00   8.021744E+00   1.140304E+03   7.345698E-01
   6.564648E+00   8.117182E+00   1.130567E+03   7.355482E-01
   6.594970E+00   8.241874E+00   1.121274E+03   7.363866E-01
   6.625431E+00   8.384719E+00   1.111880E+03   7.370484E-01
   6.656033E+00   8.509059E+00   1.102136E+03   7.378806E-01
   6.686777E+00   8.614590E+00   1.091984E+03   7.389817E-01
   6.717662E+00   8.751303E+00   1.082327E+03   7.398982E-01
   6.748690E+00   8.909931E+00   1.072630E+03   7.405372E-01
   6.779861E+00   9.046395E+00   1.062145E+03   7.414043E-01
   6.811177E+00   9.183541E+00   1.051756E+03   7.423136E-01
   6.842637E+00   9.327352E+00   1.041139E+03   7.432380E-01
   6.874242E+00   9.491228E+00   1.030441E+03   7.439935E-01
   6.905993E+00   9.650465E+00   1.019396E+03   7.447723E-01
   6.937891E+00   9.802724E+00   1.008130E+03   7.456770E-01
   6.969936E+00   9.961611E+00   9.966068E+02   7.466383E-01
   7.002130E+00   1.013473E+01   9.851269E+02   7.474975E-01
   7.034472E+00   1.030480E+01   9.733401E+02   7.484056E-01
   7.066963E+00   1.046824E+01   9.611809E+02   7.494950E-01
   7.099605E+00   1.064311E+01   9.489867E+02   7.506207E-01
   7.132397E+00   1.083068E+01   9.367685E+02   7.516950E-01
   7.165340E+00   1.101729E+01   9.242377E+02   7.528510E-01
   7.198436E+00   1.120472E+01   9.114314E+02   7.541571E-01
   7.231685E+00   1.140555E+01   8.985448E+02   7.554997E-01
   7.265087E+00   1.161894E+01   8.856765E+02   7.568039E-01
   7.298644E+00   1.183625E+01   8.724802E+02   7.581642E-01
   7.332355E+00   1.206143E+01   8.592766E+02   7.595467E-01
   7.366222E+00   1.229671E+01   8.455871E+02   7.609806E-01
   7.400246E+00   1.254127E+01   8.317705E+02   7.623757E-01
   7.434427E+00   1.279047E+01   8.175789E+02   7.638133E-01
   7.468766E+00   1.304620E+01   8.029019E+02   7.653262E-01
   7.503263E+00   1.331253E+01   7.880531E+02   7.668292E-01
   7.537920E+00   1.358848E+01   7.728279E+02   7.683457E-01
   7.572736E+00   1.387208E+01   7.570772E+02   7.699160E-01
   7.607714E+00   1.416808E+01   7.411847E+02   7.714718E-01
   7.642853E+00   1.447537E+01   7.248807E+02   7.730355E-01
   7.678154E+00   1.479322E+01   7.080230E+02   7.746313E-01
   7.713619E+00   1.512301E+01   6.908734E+02   7.762291E-01
   7.749247E+00   1.546634E+01   6.733548E+02   7.778382E-01
   7.785040E+00   1.582277E+01   6.554350E+02   7.794628E-01
   7.820998E+00   1.619359E+01   6.370398E+02   7.811217E-01
   7.857122E+00   1.658133E+01   6.184028E+02   7.827910E-01
   7.893413E+00   1.698646E+01   5.993074E+02   7.845070E-01
   7.929872E+00   1.741048E+01   5.797803E+02   7.862703E-01
   7.966499E+00   1.785521E+01   5.598354E+02   7.880812E-01
   8.003295E+00   1.832386E+01   5.397458E+02   7.899002E-01
   8.040262E+00   1.881553E+01   5.190007E+02   7.917881E-01
   8.077399E+00   1.933473E+01   4.978653E+02   7.936990E-01
   8.114707E+00   1.988208E+01   4.763616E+02   7.956186E-01
   8.152188E+00   2.045908E+01   4.542554E+02   7.975644E-01
   8.189842E+00   2.106952E+01   4.319656E+02   7.994739E-01
   8.227670E+00   2.171414E+01   4.090505E+02   8.013944E-01
   8.265672E+00   2.239798E+01   3.859213E+02   8.032738E-01
   8.303850E+00   2.312355E+01   3.623520E+02   8.051401E-01
   8.342205E+00   2.389427E+01   3.383075E+02   8.070009E-01
   8.380737E+00   2.471863E+01   3.142947E+02   8.088069E-01
   8.419446E+00   2.559902E+01   2.897565E+02   8.106253E-01
   8.458335E+00   2.654604E+01   2.652661E+02   8.123992E-01
   8.497403E+00   2.756693E+01   2.407569E+02   8.141377E-01
   8.536651E+00   2.866961E+01   2.161688E+02   8.158450E-01
   8.576081E+00   2.986638E+01   1.917361E+02   8.174926E-01
   8.615693E+00   3.116837E+01   1.674595E+02   8.190742E-01
   8.655487E+00   3.259510E+01   1.437845E+02   8.205418E-01
   8.695466E+00   3.416307E+01   1.206562E+02   8.218979E-01
   8.735629E+00   3.589828E+01   9.847316E+01   8.231062E-01
   8.775978E+00   3.783073E+01   7.745650E+01   8.241494E-01
   8.816513E+00   4.000173E+01   5.806410E+01   8.249916E-01
   8.857236E+00   4.245968E+01   4.051821E+01   8.256130E-01
   8.898146E+00   4.527300E+01   2.541544E+01   8.259579E-01
   8.939246E+00   4.853728E+01   1.333191E+01   8.259637E-01
   8.980535E+00   5.237542E+01   4.914292E+00   8.255491E-01
   9.022015E+00   5.699403E+01   1.069771E+00   8.246035E-01
   9.063686E+00   6.267033E+01   2.787994E+00   8.229851E-01
   9.105550E+00   6.987920E+01   1.133585E+01   8.204987E-01
   9.147608E+00   7.943964E+01   2.828333E+01   8.168519E-01
   9.189860E+00   9.293846E+01   5.569150E+01   8.115698E-01
   9.232306E+00   1.139495E+02   9.639666E+01   8.037712E-01
   9.274949E+00   1.527422E+02   1.543609E+02   7.913763E-01
   9.317789E+00   2.529567E+02   2.309768E+02   7.680258E-01
   9.360827E+00   5.161369E+02   2.765807E+02   7.316456E-01
   9.404063E+00   7.221443E+02   2.805807E+02   7.129013E-01
   9.447500E+00   8.468114E+02   2.836745E+02   7.029899E-01
   9.491136E+00   9.335627E+02   2.881713E+02   6.961210E-01
   9.534975E+00   1.000012E+03   2.935860E+02   6.906077E-01
   9.579016E+00   1.054092E+03   2.995247E+02   6.858105E-01
   9.623260E+00   1.099609E+03   3.057002E+02   6.814560E-01
   9.667709E+00   1.139093E+03   3.120205E+02   6.773589E-01
   9.712362E+00   1.173847E+03   3.184060E+02   6.734214E-01
   9.757223E+00   1.204474E+03   3.247885E+02   6.695848E-01
   9.802290E+00   1.230996E+03   3.311085E+02   6.658040E-01
   9.847566E+00   1.253020E+03   3.373868E+02   6.620004E-01
   9.893050E+00   1.269554E+03   3.437500E+02   6.580383E-01
   9.938745E+00   1.278240E+03   3.506987E+02   6.535738E-01
   9.984651E+00   1.273469E+03   3.607611E+02   6.472274E-01
   1.003077E+01   1.247773E+03   3.885585E+02   6.319413E-01
   1.007710E+01   1.203419E+03   5.075780E+02   5.759257E-01
   1.012364E+01   1.725037E+03   7.104561E+02   5.233517E-01
   1.017040E+01   2.387451E+03   7.164755E+02   5.372445E-01
   1.021738E+01   1.926590E+03   5.288596E+02   5.989191E-01
   1.026457E+01   1.612867E+03   4.063637E+02   6.382159E-01
   1.031198E+01   1.552140E+03   4.005110E+02   6.306166E-01
   1.035961E+01   1.508889E+03   4.433188E+02   6.055151E-01
   1.040746E+01   2.127063E+03   7.644157E+02   5.118853E-01
   1.045553E+01   2.459626E+03   7.557832E+02   5.235716E-01
   1.050383E+01   2.110188E+03   6.025682E+02   5.680417E-01
   1.055234E+01   2.046912E+03   5.726019E+02   5.755391E-01
   1.060108E+01   2.038769E+03   5.674422E+02   5.755110E-01
   1.065005E+01   2.052450E+03   5.719887E+02   5.726485E-01
   1.069924E+01   2.076862E+03   5.813625E+02   5.684220E-01
   1.074866E+01   2.108818E+03   5.943051E+02   5.632224E-01
   1.079830E+01   2.146608E+03   6.102103E+02   5.572328E-01
   1.084818E+01   2.189743E+03   6.290777E+02   5.504734E-01
   1.089829E+01   2.238165E+03   6.511698E+02   5.428982E-01
   1.094862E+01   2.292307E+03   6.770750E+02   5.343822E-01
   1.099920E+01   2.352672E+03   7.076433E+02   5.247579E-01
   1.105000E+01   2.420701E+03   7.444821E+02   5.136839E-01
   1.110104E+01   2.497291E+03   7.895756E+02   5.007946E-01
   1.115231E+01   2.585234E+03   8.471961E+02   4.852568E-01
   1.120382E+01   2.686094E+03   9.237847E+02   4.659666E-01
   1.125557E+01   2.801918E+03   1.034064E+03   4.404492E-01
   1.130756E+01   2.923114E+03   1.214823E+03   4.030072E-01
   1.135979E+01   2.884638E+03   1.568636E+03   3.380196E-01
   1.141226E+01   1.527599E+03   1.715509E+03   2.643871E-01
   1.146497E+01   1.155097E+03   1.389247E+03   2.624401E-01
   1.151793E+01   1.091389E+03   1.327011E+03   3.052556E-01
   1.157112E+01   8.636473E+02   1.388725E+03   3.655645E-01
   1.162457E+01   6.950119E+02   1.409885E+03   4.161272E-01
   1.167826E+01   6.028634E+02   1.372542E+03   4.608986E-01
   1.173220E+01   5.953016E+02   1.263399E+03   5.069324E-01
   1.178639E+01   6.970545E+02   1.068991E+03   5.583868E-01
   1.184083E+01   9.632030E+02   8.335062E+02   5.924885E-01
   1.189552E+01   1.184233E+03   8.241445E+02   5.596933E-01
   1.195047E+01   1.032765E+03   9.703219E+02   5.275750E-01
   1.200567E+01   7.463002E+02   1.124246E+03   5.203057E-01
   1.206112E+01   5.344231E+02   1.221907E+03   5.215606E-01
   1.211683E+01   4.046247E+02   1.263364E+03   5.266225E-01
   1.217279E+01   3.232462E+02   1.277255E+03   5.318998E-01
   1.222902E+01   2.681785E+02   1.275442E+03   5.367147E-01
   1.228550E+01   2.300053E+02   1.262710E+03   5.418539E-01
   1.234225E+01   2.000982E+02   1.241717E+03   5.472245E-01
   1.239926E+01   1.766160E+02   1.218005E+03   5.526363E-01
   1.245653E+01   1.575655E+02   1.193583E+03   5.581516E-01
   1.251406E+01   1.438560E+02   1.170135E+03   5.637439E-01
   1.257186E+01   1.330095E+02   1.146423E+03   5.685240E-01
   1.262993E+01   1.228159E+02   1.120768E+03   5.732850E-01
   1.268827E+01   1.147771E+02   1.096061E+03   5.779334E-01
   1.274687E+01   1.081144E+02   1.072720E+03   5.820982E-01
   1.280575E+01   1.020549E+02   1.049534E+03   5.860462E-01
   1.286490E+01   9.635444E+01   1.025390E+03   5.902070E-01
   1.292432E+01   9.131532E+01   1.000614E+03   5.945277E-01
   1.298401E+01   8.701293E+01   9.753220E+02   5.989083E-01
   1.304398E+01   8.349499E+01   9.499562E+02   6.031864E-01
   1.310423E+01   8.057184E+01   9.246447E+02   6.071975E-01
   1.316476E+01   7.789840E+01   8.992299E+02   6.110820E-01
   1.322557E+01   7.544559E+01   8.738641E+02   6.149821E-01
   1.328665E+01   7.327931E+01   8.487505E+02   6.188724E-01
   1.334802E+01   7.141384E+01   8.236389E+02   6.227277E-01
   1.340968E+01   6.981294E+01   7.983661E+02   6.265486E-01
   1.347161E+01   6.843062E+01   7.726393E+02   6.304124E-01
   1.353384E+01   6.726745E+01   7.464020E+02   6.343695E-01
   1.359635E+01   6.635176E+01   7.199710E+02   6.383775E-01
   1.365915E+01   6.567908E+01   6.931749E+02   6.424319E-01
   1.372224E+01   6.525423E+01   6.663151E+02   6.464017E-01
   1.378562E+01   6.502555E+01   6.392194E+02   6.502853E-01
   1.384929E+01   6.495607E+01   6.116738E+02   6.541383E-01
   1.391326E+01   6.504466E+01   5.838194E+02   6.579598E-01
   1.397753E+01   6.529686E+01   5.556429E+02   6.617666E-01
   1.404209E+01   6.572388E+01   5.272201E+02   6.655563E-01
   1.410694E+01   6.633383E+01   4.985182E+02   6.693492E-01
   1.417210E+01   6.714573E+01   4.696795E+02   6.731395E-01
   1.423756E+01   6.817958E+01   4.407096E+02   6.769432E-01
   1.430332E+01   6.946747E+01   4.116598E+02   6.807602E-01
   1.436939E+01   7.103308E+01   3.825874E+02   6.845760E-01
   1.443576E+01   7.290908E+01   3.535887E+02   6.883588E-01
   1.450244E+01   7.512025E+01   3.244844E+02   6.921173E-01
   1.456942E+01   7.771964E+01   2.955196E+02   6.957949E-01
   1.463672E+01   8.075270E+01   2.665605E+02   6.994024E-01
   1.470432E+01   8.430818E+01   2.378471E+02   7.029010E-01
   1.477224E+01   8.849248E+01   2.094736E+02   7.062830E-01
   1.484047E+01   9.344538E+01   1.816440E+02   7.095304E-01
   1.490902E+01   9.938174E+01   1.545035E+02   7.126372E-01
   1.497788E+01   1.065562E+02   1.283338E+02   7.155708E-01
   1.504706E+01   1.153676E+02   1.033036E+02   7.183027E-01
   1.511656E+01   1.263677E+02   7.989103E+01   7.207401E-01
   1.518638E+01   1.404526E+02   5.864213E+01   7.227559E-01
   1.525653E+01   1.589881E+02   4.029422E+01   7.241527E-01
   1.532699E+01   1.843969E+02   2.599000E+01   7.245925E-01
   1.539779E+01   2.208155E+02   1.740936E+01   7.234603E-01
   1.546891E+01   2.759220E+02   1.699251E+01   7.195566E-01
   1.554036E+01   3.597727E+02   2.731325E+01   7.109545E-01
   1.561214E+01   4.717087E+02   4.709456E+01   6.969854E-01
   1.568425E+01   5.862029E+02   6.933752E+01   6.813152E-01
   1.575669E+01   6.840760E+02   8.937756E+01   6.675174E-01
   1.582947E+01   7.648498E+02   1.068215E+02   6.561056E-01
   1.590258E+01   8.333194E+02   1.224523E+02   6.465083E-01
   1.597603E+01   8.930026E+02   1.368847E+02   6.382644E-01
   1.604983E+01   9.464354E+02   1.506985E+02   6.310136E-01
   1.612396E+01   9.948263E+02   1.643666E+02   6.245760E-01
   1.619843E+01   1.037841E+03   1.782741E+02   6.189472E-01
   1.627325E+01   1.072765E+03   1.927219E+02   6.143966E-01
   1.634841E+01   1.092377E+03   2.077981E+02   6.116717E-01
   1.642393E+01   1.080212E+03   2.225203E+02   6.126173E-01
   1.649979E+01   1.008713E+03   2.330643E+02   6.207396E-01
   1.657600E+01   8.628880E+02   2.302767E+02   6.385470E-01
   1.665256E+01   6.886025E+02   2.069352E+02   6.596495E-01
   1.672948E+01   5.423278E+02   1.666406E+02   6.760403E-01
   1.680675E+01   4.390924E+02   1.209007E+02   6.865945E-01
   1.688438E+01   3.713438E+02   7.956079E+01   6.929541E-01
   1.696236E+01   3.291797E+02   4.778345E+01   6.962500E-01
   1.704071E+01   3.057024E+02   2.728347E+01   6.969453E-01
   1.711942E+01   2.973220E+02   1.836763E+01   6.950437E-01
   1.719849E+01   3.034744E+02   2.099338E+01   6.900872E-01
   1.727793E+01   3.273965E+02   3.538076E+01   6.808325E-01
   1.735773E+01   3.785221E+02   6.191492E+01   6.645063E-01
   1.743791E+01   4.733260E+02   9.850858E+01   6.373995E-01
   1.751845E+01   6.047859E+02   1.341346E+02   6.046835E-01
   1.759936E+01   7.161898E+02   1.582432E+02   5.807338E-01
   1.768065E+01   7.886768E+02   1.739283E+02   5.658620E-01
   1.776232E+01   8.363267E+02   1.862000E+02   5.549503E-01
   1.784436E+01   8.694094E+02   1.976153E+02   5.451744E-01
   1.792678E+01   8.920784E+02   2.095309E+02   5.351609E-01
   1.800958E+01   9.045321E+02   2.228617E+02   5.241201E-01
   1.809277E+01   9.035066E+02   2.380358E+02   5.117748E-01
   1.817634E+01   8.872914E+02   2.547299E+02   4.985462E-01
   1.826029E+01   8.805664E+02   2.753504E+02   4.840198E-01
   1.834463E+01   9.391324E+02   3.093371E+02   4.683270E-01
   1.842936E+01   1.104443E+03   3.647035E+02   4.549118E-01
   1.851449E+01   1.395878E+03   4.423985E+02   4.422076E-01
   1.860000E+01   1.783577E+03   5.365344E+02   4.256692E-01
   1.868591E+01   2.160748E+03   6.308586E+02   4.070254E-01
   1.877222E+01   2.427332E+03   7.003457E+02   3.920083E-01
   1.885893E+01   2.535138E+03   7.209984E+02   3.848842E-01
   1.894604E+01   2.480080E+03   6.871960E+02   3.876582E-01
   1.903354E+01   2.339454E+03   6.268235E+02   3.979920E-01
   1.912146E+01   2.217742E+03   5.754594E+02   4.089669E-01
   1.920978E+01   2.157245E+03   5.481585E+02   4.149250E-01
   1.929851E+01   2.158236E+03   5.467617E+02   4.139842E-01
   1.938764E+01   2.222013E+03   5.764258E+02   4.047780E-01
   1.947719E+01   2.340601E+03   6.475458E+02   3.856263E-01
   1.956715E+01   2.422736E+03   7.504975E+02   3.587275E-01
   1.965753E+01   2.274120E+03   8.114734E+02   3.366032E-01
   1.974833E+01   1.896976E+03   7.701676E+02   3.350581E-01
   1.983954E+01   1.588215E+03   6.872112E+02   3.554826E-01
   1.993118E+01   1.379176E+03   6.183800E+02   3.866916E-01
   2.002324E+01   1.213618E+03   5.588206E+02   4.277709E-01
   2.011573E+01   1.077476E+03   5.009279E+02   4.725504E-01
   2.020864E+01   9.676254E+02   4.368234E+02   5.136388E-01
   2.030198E+01   8.865518E+02   3.620580E+02   5.474166E-01
   2.039575E+01   8.403557E+02   2.799461E+02   5.716065E-01
   2.048996E+01   8.405041E+02   2.055310E+02   5.827634E-01
   2.058460E+01   9.053063E+02   1.641711E+02   5.760628E-01
   2.067967E+01   1.035943E+03   1.696432E+02   5.527408E-01
   2.077519E+01   1.185270E+03   2.011519E+02   5.267243E-01
   2.087115E+01   1.303463E+03   2.337107E+02   5.078022E-01
   2.096755E+01   1.355971E+03   2.532783E+02   4.988892E-01
   2.106440E+01   1.342970E+03   2.526726E+02   4.993650E-01
   2.116169E+01   1.325025E+03   2.446499E+02   5.007781E-01
   2.125943E+01   1.327808E+03   2.404360E+02   4.988926E-01
   2.135763E+01   1.345479E+03   2.408237E+02   4.945447E-01
   2.145628E+01   1.372685E+03   2.447439E+02   4.886700E-01
   2.155538E+01   1.408833E+03   2.520415E+02   4.814911E-01
   2.165494E+01   1.458041E+03   2.639970E+02   4.726546E-01
   2.175496E+01   1.529708E+03   2.836407E+02   4.614721E-01
   2.185545E+01   1.626101E+03   3.122091E+02   4.485926E-01
   2.195640E+01   1.691779E+03   3.333180E+02   4.401120E-01
   2.205781E+01   1.689443E+03   3.326158E+02   4.392170E-01
   2.215969E+01   1.677789E+03   3.271465E+02   4.390288E-01
   2.226204E+01   1.689503E+03   3.299620E+02   4.352581E-01
   2.236487E+01   1.737266E+03   3.487487E+02   4.263055E-01
   2.246817E+01   1.853804E+03   4.002571E+02   4.095549E-01
   2.257195E+01   2.108441E+03   5.215340E+02   3.803250E-01
   2.267621E+01   2.471975E+03   7.366657E+02   3.381189E-01
   2.278094E+01   2.758695E+03   9.971202E+02   2.963254E-01
   2.288617E+01   2.914062E+03   1.237874E+03   2.637367E-01
   2.299187E+01   2.972823E+03   1.430328E+03   2.388518E-01
   2.309807E+01   2.960093E+03   1.567844E+03   2.185046E-01
   2.320476E+01   2.880367E+03   1.650290E+03   2.009443E-01
   2.331194E+01   2.720210E+03   1.678749E+03   1.860114E-01
   2.341961E+01   2.424202E+03   1.652369E+03   1.741696E-01
   2.352779E+01   1.912951E+03   1.566617E+03   1.662918E-01
   2.363646E+01   1.359661E+03   1.428085E+03   1.626317E-01
   2.374563E+01   1.004345E+03   1.266550E+03   1.616474E-01
   2.385531E+01   8.367137E+02   1.105731E+03   1.633885E-01
   2.396549E+01   8.209046E+02   9.562282E+02   1.731978E-01
   2.407619E+01   9.071988E+02   8.405196E+02   1.963371E-01
   2.418739E+01   1.007720E+03   7.723116E+02   2.221232E-01
   2.429911E+01   1.076652E+03   7.536152E+02   2.330386E-01
   2.441135E+01   1.030158E+03   7.787015E+02   2.199595E-01
   2.452410E+01   9.250538E+02   7.723146E+02   2.088483E-01
   2.463737E+01   8.852892E+02   7.448908E+02   2.100460E-01
   2.475117E+01   8.587374E+02   7.220089E+02   2.124895E-01
   2.486549E+01   8.457130E+02   6.956510E+02   2.211613E-01
   2.498034E+01   8.564332E+02   6.696881E+02   2.378433E-01
   2.509572E+01   8.581445E+02   6.586357E+02   2.441940E-01
   2.521164E+01   8.279494E+02   6.601650E+02   2.391260E-01
   2.532809E+01   7.765144E+02   6.635265E+02   2.370050E-01
   2.544508E+01   7.243761E+02   6.648281E+02   2.550973E-01
   2.556260E+01   6.849796E+02   6.531367E+02   2.900592E-01
   2.568067E+01   6.802636E+02   6.127027E+02   3.334768E-01
   2.579929E+01   7.347764E+02   5.423361E+02   3.732780E-01
   2.591845E+01   8.483915E+02   4.847916E+02   3.832290E-01
   2.603817E+01   9.361343E+02   4.854112E+02   3.620974E-01
   2.615843E+01   9.419618E+02   5.165785E+02   3.341764E-01
   2.627926E+01   8.771667E+02   5.515058E+02   3.106228E-01
   2.640064E+01   7.768127E+02   5.787963E+02   3.029510E-01
   2.652258E+01   6.824639E+02   5.946772E+02   3.192857E-01
   2.664508E+01   6.189512E+02   5.880007E+02   3.499416E-01
   2.676815E+01   5.989373E+02   5.488919E+02   3.857781E-01
   2.689179E+01   6.326407E+02   4.801181E+02   4.185747E-01
   2.701600E+01   7.182865E+02   4.118677E+02   4.334224E-01
   2.714079E+01   8.144056E+02   3.782514E+02   4.279513E-01
   2.726615E+01   8.902730E+02   3.712725E+02   4.147879E-01
   2.739208E+01   9.446271E+02   3.763925E+02   4.003866E-01
   2.751861E+01   9.820602E+02   3.869642E+02   3.862793E-01
   2.764571E+01   1.005989E+03   4.003927E+02   3.725997E-01
   2.777340E+01   1.018505E+03   4.156959E+02   3.590982E-01
   2.790168E+01   1.020245E+03   4.325776E+02   3.454501E-01
   2.803056E+01   1.010710E+03   4.510530E+02   3.312823E-01
   2.816003E+01   9.883841E+02   4.712761E+02   3.161572E-01
   2.829010E+01   9.502590E+02   4.934015E+02   2.996015E-01
   2.842076E+01   8.929184E+02   5.171398E+02   2.813449E-01
   2.855204E+01   8.152212E+02   5.411615E+02   2.625639E-01
   2.868391E+01   7.274558E+02   5.642207E+02   2.493443E-01
   2.881640E+01   6.413352E+02   5.905813E+02   2.495265E-01
   2.894950E+01   5.597420E+02   6.199999E+02   2.589688E-01
   2.908322E+01   4.894349E+02   6.448029E+02   2.707807E-01
   2.921755E+01   4.292307E+02   6.603965E+02   2.828336E-01
   2.935250E+01   3.845441E+02   6.699161E+02   2.942293E-01
   2.948808E+01   3.502289E+02   6.718683E+02   3.058124E-01
   2.962428E+01   3.189555E+02   6.649194E+02   3.176464E-01
   2.976111E+01   2.935754E+02   6.551885E+02   3.284984E-01
   2.989857E+01   2.770074E+02   6.445155E+02   3.407402E-01
   3.003667E+01   2.646930E+02   6.276037E+02   3.542679E-01
   3.017540E+01   2.540373E+02   6.034489E+02   3.679800E-01
   3.031478E+01   2.456526E+02   5.755740E+02   3.808081E-01
   3.045480E+01   2.413642E+02   5.437297E+02   3.952746E-01
   3.059547E+01   2.428386E+02   5.038388E+02   4.130056E-01
   3.073678E+01   2.512115E+02   4.525433E+02   4.330606E-01
   3.087875E+01   2.740629E+02   3.858657E+02   4.559839E-01
   3.102138E+01   3.372088E+02   2.974413E+02   4.810999E-01
   3.116466E+01   5.015187E+02   2.301224E+02   4.818297E-01
   3.130861E+01   5.299774E+02   2.791596E+02   4.590063E-01
   3.145322E+01   3.957268E+02   2.846623E+02   4.750466E-01
   3.159850E+01   3.634268E+02   2.218050E+02   4.960538E-01
   3.174445E+01   4.069643E+02   1.481524E+02   5.081388E-01
   3.189107E+01   5.320188E+02   1.019935E+02   4.969910E-01
   3.203837E+01   7.098364E+02   1.018194E+02   4.659663E-01
   3.218635E+01   8.752691E+02   1.232617E+02   4.353032E-01
   3.233502E+01   1.017395E+03   1.515830E+02   4.091750E-01
   3.248437E+01   1.133308E+03   1.818789E+02   3.870809E-01
   3.263441E+01   1.221089E+03   2.107567E+02   3.686234E-01
   3.278515E+01   1.284212E+03   2.342487E+02   3.541505E-01
   3.293658E+01   1.361020E+03   2.557554E+02   3.403971E-01
   3.308871E+01   1.491607E+03   2.950941E+02   3.197947E-01
   3.324154E+01   1.676322E+03   3.699584E+02   2.898126E-01
   3.339508E+01   1.875814E+03   5.238113E+02   2.429021E-01
   3.354933E+01   1.741030E+03   7.053582E+02   1.893453E-01
   3.370429E+01   1.194565E+03   7.565515E+02   1.516261E-01
   3.385996E+01   7.860314E+02   7.018491E+02   1.292599E-01
   3.401636E+01   6.512055E+02   6.299062E+02   1.209772E-01
   3.417347E+01   6.050415E+02   5.927103E+02   1.160455E-01
   3.433132E+01   5.512740E+02   5.709503E+02   1.025130E-01
   3.448989E+01   5.482785E+02   5.460572E+02   9.671670E-02
   3.464919E+01   5.541876E+02   5.335420E+02   9.586653E-02
   3.480923E+01   5.426753E+02   5.362979E+02   9.911901E-02
   3.497001E+01   5.113120E+02   5.510514E+02   1.060198E-01
   3.513154E+01   4.700791E+02   5.696823E+02   1.155982E-01
   3.529380E+01   4.326781E+02   5.873896E+02   1.266678E-01
   3.545682E+01   3.967178E+02   5.968617E+02   1.415052E-01
   3.562059E+01   3.719106E+02   5.970649E+02   1.575298E-01
   3.578512E+01   3.752225E+02   5.784649E+02   1.811551E-01
   3.595041E+01   4.153663E+02   5.214937E+02   2.178034E-01
   3.611646E+01   4.988845E+02   4.655018E+02   2.307587E-01
   3.628327E+01   4.842880E+02   4.888909E+02   1.990314E-01
   3.645086E+01   4.188625E+02   5.379590E+02   1.723753E-01
   3.661922E+01   3.314872E+02   6.037325E+02   1.590395E-01
   3.678836E+01   2.631855E+02   6.358781E+02   1.627833E-01
   3.695828E+01   2.152753E+02   6.484886E+02   1.656172E-01
   3.712899E+01   1.932182E+02   6.652213E+02   1.685537E-01
   3.730048E+01   1.885341E+02   6.851427E+02   1.706477E-01
   3.747277E+01   1.774856E+02   6.948523E+02   1.700810E-01
   3.764585E+01   1.583914E+02   6.907640E+02   1.756774E-01
   3.781973E+01   1.433657E+02   6.795012E+02   1.867569E-01
   3.799442E+01   1.336594E+02   6.663635E+02   1.951294E-01
   3.816991E+01   1.234134E+02   6.555320E+02   1.968103E-01
   3.834621E+01   1.092278E+02   6.470631E+02   1.951771E-01
   3.852333E+01   9.897566E+01   6.446987E+02   1.964697E-01
   3.870126E+01   9.603753E+01   6.500355E+02   1.995539E-01
   3.888002E+01   9.721260E+01   6.603450E+02   2.023362E-01
   3.905960E+01   9.879527E+01   6.709340E+02   2.032626E-01
   3.924001E+01   9.707566E+01   6.749927E+02   2.018148E-01
   3.942126E+01   9.104417E+01   6.688063E+02   2.006988E-01
   3.960334E+01   8.364941E+01   6.564847E+02   2.031157E-01
   3.978626E+01   7.729625E+01   6.424129E+02   2.087687E-01
   3.997003E+01   7.255304E+01   6.283467E+02   2.155359E-01
   4.015465E+01   6.948087E+01   6.156022E+02   2.215925E-01
   4.034012E+01   6.802105E+01   6.057198E+02   2.254880E-01
   4.052644E+01   6.691475E+01   5.986008E+02   2.257889E-01
   4.071363E+01   6.319225E+01   5.908922E+02   2.225582E-01
   4.090168E+01   5.739881E+01   5.818300E+02   2.197666E-01
   4.109060E+01   5.303628E+01   5.756226E+02   2.196375E-01
   4.128039E+01   5.099717E+01   5.741483E+02   2.212070E-01
   4.147106E+01   5.060700E+01   5.766077E+02   2.232748E-01
   4.166261E+01   5.095159E+01   5.812843E+02   2.251279E-01
   4.185505E+01   5.131895E+01   5.862524E+02   2.263018E-01
   4.204837E+01   5.105265E+01   5.890912E+02   2.264252E-01
   4.224259E+01   4.963428E+01   5.873446E+02   2.256588E-01
   4.243770E+01   4.709145E+01   5.802330E+02   2.248844E-01
   4.263371E+01   4.398285E+01   5.691854E+02   2.251075E-01
   4.283063E+01   4.088711E+01   5.563187E+02   2.266845E-01
   4.302846E+01   3.807585E+01   5.429425E+02   2.293567E-01
   4.322721E+01   3.561437E+01   5.298125E+02   2.325352E-01
   4.342687E+01   3.348136E+01   5.173184E+02   2.356984E-01
   4.362745E+01   3.164314E+01   5.057534E+02   2.385201E-01
   4.382896E+01   3.008222E+01   4.953843E+02   2.408713E-01
   4.403140E+01   2.879234E+01   4.864806E+02   2.427541E-01
   4.423478E+01   2.777539E+01   4.791935E+02   2.442940E-01
   4.443909E+01   2.704061E+01   4.736649E+02   2.456286E-01
   4.464435E+01   2.660538E+01   4.699573E+02   2.469121E-01
   4.485056E+01   2.649153E+01   4.681439E+02   2.481991E-01
   4.505772E+01   2.670022E+01   4.681731E+02   2.494554E-01
   4.526583E+01   2.717337E+01   4.697434E+02   2.505963E-01
   4.547491E+01   2.776539E+01   4.722511E+02   2.515205E-01
   4.568495E+01   2.833557E+01   4.749933E+02   2.522087E-01
   4.589597E+01   2.876796E+01   4.771946E+02   2.525883E-01
   4.610795E+01   2.893886E+01   4.779017E+02   2.525297E-01
   4.632092E+01   2.874850E+01   4.761402E+02   2.520477E-01
   4.653487E+01   2.817027E+01   4.713328E+02   2.513349E-01
   4.674981E+01   2.727935E+01   4.635275E+02   2.507633E-01
   4.696574E+01   2.623082E+01   4.534607E+02   2.506472E-01
   4.718267E+01   2.518248E+01   4.420261E+02   2.511305E-01
   4.740060E+01   2.424058E+01   4.298382E+02   2.521882E-01
   4.761954E+01   2.349118E+01   4.174333E+02   2.536129E-01
   4.783949E+01   2.298993E+01   4.050049E+02   2.552107E-01
   4.806045E+01   2.282598E+01   3.926967E+02   2.568095E-01
   4.828244E+01   2.313971E+01   3.805401E+02   2.583422E-01
   4.850545E+01   2.420676E+01   3.684805E+02   2.598815E-01
   4.872949E+01   2.658090E+01   3.562112E+02   2.617469E-01
   4.895456E+01   3.150615E+01   3.429354E+02   2.647211E-01
   4.918068E+01   4.207179E+01   3.269565E+02   2.705482E-01
   4.940784E+01   6.598482E+01   3.047701E+02   2.826776E-01
   4.963605E+01   1.096784E+02   2.808246E+02   2.976432E-01
   4.986531E+01   1.136560E+02   2.953436E+02   2.858276E-01
   5.009563E+01   6.888469E+01   3.222744E+02   2.654040E-01
   5.032702E+01   4.149039E+01   3.294138E+02   2.559157E-01
   5.055947E+01   2.884293E+01   3.286977E+02   2.519103E-01
   5.079300E+01   2.251436E+01   3.261361E+02   2.502637E-01
   5.102761E+01   1.896524E+01   3.233333E+02   2.499203E-01
   5.126330E+01   1.678059E+01   3.206744E+02   2.505055E-01
   5.150008E+01   1.533248E+01   3.182103E+02   2.518682E-01
   5.173795E+01   1.431588E+01   3.158707E+02   2.539556E-01
   5.197692E+01   1.356563E+01   3.135884E+02   2.566696E-01
   5.221699E+01   1.298618E+01   3.112112E+02   2.600235E-01
   5.245818E+01   1.251863E+01   3.086725E+02   2.638591E-01
   5.270048E+01   1.212312E+01   3.058311E+02   2.681478E-01
   5.294389E+01   1.177480E+01   3.026050E+02   2.727589E-01
   5.318843E+01   1.145408E+01   2.989701E+02   2.775043E-01
   5.343411E+01   1.114910E+01   2.948647E+02   2.823005E-01
   5.368091E+01   1.085284E+01   2.903422E+02   2.869540E-01
   5.392886E+01   1.056063E+01   2.854785E+02   2.913188E-01
   5.417795E+01   1.027248E+01   2.802916E+02   2.953624E-01
   5.442819E+01   9.989239E+00   2.749425E+02   2.989499E-01
   5.467959E+01   9.711793E+00   2.695187E+02   3.020646E-01
   5.493214E+01   9.443549E+00   2.641200E+02   3.047043E-01
   5.518587E+01   9.186699E+00   2.588367E+02   3.068949E-01
   5.544077E+01   8.943224E+00   2.537431E+02   3.086872E-01
   5.569684E+01   8.714645E+00   2.488890E+02   3.101547E-01
   5.595410E+01   8.502302E+00   2.443129E+02   3.113798E-01
   5.621254E+01   8.306469E+00   2.400223E+02   3.124623E-01
   5.647218E+01   8.127317E+00   2.360252E+02   3.134961E-01
   5.673302E+01   7.964723E+00   2.323112E+02   3.145804E-01
   5.699506E+01   7.818133E+00   2.288649E+02   3.158074E-01
   5.725831E+01   7.686558E+00   2.256530E+02   3.172725E-01
   5.752278E+01   7.569162E+00   2.226478E+02   3.190505E-01
   5.778847E+01   7.464463E+00   2.197908E+02   3.212337E-01
   5.805539E+01   7.370918E+00   2.170494E+02   3.238624E-01
   5.832354E+01   7.286763E+00   2.143633E+02   3.269882E-01
   5.859293E+01   7.209920E+00   2.116427E+02   3.306944E-01
   5.886357E+01   7.138139E+00   2.088501E+02   3.349495E-01
   5.913545E+01   7.069222E+00   2.059243E+02   3.397369E-01
   5.940859E+01   7.000630E+00   2.027818E+02   3.450666E-01
   5.968299E+01   6.930174E+00   1.993655E+02   3.508886E-01
   5.995866E+01   6.855978E+00   1.956575E+02   3.570806E-01
   6.023560E+01   6.776375E+00   1.916066E+02   3.635927E-01
   6.051382E+01   6.690519E+00   1.872051E+02   3.703138E-01
   6.079333E+01   6.598148E+00   1.824666E+02   3.771226E-01
   6.107412E+01   6.500346E+00   1.774591E+02   3.838479E-01
   6.135622E+01   6.397429E+00   1.721670E+02   3.904636E-01
   6.163961E+01   6.292235E+00   1.667207E+02   3.967687E-01
   6.192432E+01   6.186005E+00   1.611182E+02   4.027526E-01
   6.221034E+01   6.082514E+00   1.554981E+02   4.082558E-01
   6.249768E+01   5.983051E+00   1.498540E+02   4.132902E-01
   6.278635E+01   5.891166E+00   1.442778E+02   4.177730E-01
   6.307635E+01   5.809705E+00   1.388166E+02   4.216764E-01
   6.336770E+01   5.740913E+00   1.334764E+02   4.250067E-01
   6.366038E+01   5.687959E+00   1.282889E+02   4.277512E-01
   6.395442E+01   5.654906E+00   1.233054E+02   4.298961E-01
   6.424982E+01   5.645258E+00   1.185104E+02   4.314674E-01
   6.454658E+01   5.663278E+00   1.138881E+02   4.324837E-01
   6.484471E+01   5.715701E+00   1.094649E+02   4.329531E-01
   6.514422E+01   5.810412E+00   1.052300E+02   4.328968E-01
   6.544512E+01   5.957816E+00   1.011549E+02   4.323307E-01
   6.574740E+01   6.173090E+00   9.723370E+01   4.312661E-01
   6.605108E+01   6.478335E+00   9.345807E+01   4.297139E-01
   6.635616E+01   6.905264E+00   8.980191E+01   4.276736E-01
   6.666265E+01   7.502059E+00   8.622738E+01   4.251241E-01
   6.697056E+01   8.345821E+00   8.272308E+01   4.220490E-01
   6.727989E+01   9.563816E+00   7.924810E+01   4.183950E-01
   6.759065E+01   1.137742E+01   7.572244E+01   4.140310E-01
   6.790284E+01   1.419658E+01   7.209297E+01   4.088048E-01
   6.821647E+01   1.884325E+01   6.825437E+01   4.024158E-01
   6.853156E+01   2.710460E+01   6.410235E+01   3.944018E-01
   6.884809E+01   4.311173E+01   5.968077E+01   3.841855E-01
   6.916610E+01   7.514982E+01   5.619931E+01   3.724336E-01
   6.948557E+01   1.200014E+02   5.901478E+01   3.676976E-01
   6.980651E+01   1.195152E+02   7.127917E+01   3.861611E-01
   7.012894E+01   7.581469E+01   7.966579E+01   4.094999E-01
   7.045286E+01   4.332240E+01   7.914940E+01   4.165267E-01
   7.077827E+01   2.650859E+01   7.564442E+01   4.143711E-01
   7.110518E+01   1.778614E+01   7.205630E+01   4.095766E-01
   7.143361E+01   1.288754E+01   6.890548E+01   4.042559E-01
   7.176355E+01   9.910561E+00   6.616708E+01   3.989507E-01
   7.209502E+01   7.978423E+00   6.376315E+01   3.938058E-01
   7.242802E+01   6.655303E+00   6.161261E+01   3.888210E-01
   7.276255E+01   5.708400E+00   5.966090E+01   3.839815E-01
   7.309864E+01   5.006492E+00   5.787029E+01   3.792727E-01
   7.343627E+01   4.470026E+00   5.621177E+01   3.746772E-01
   7.377546E+01   4.049158E+00   5.465919E+01   3.701669E-01
   7.411622E+01   3.711601E+00   5.319566E+01   3.657272E-01
   7.445856E+01   3.435646E+00   5.181634E+01   3.613745E-01
   7.480247E+01   3.206205E+00   5.050606E+01   3.570856E-01
   7.514797E+01   3.012504E+00   4.925297E+01   3.528414E-01
   7.549507E+01   2.846831E+00   4.805928E+01   3.486688E-01
   7.584378E+01   2.703423E+00   4.691544E+01   3.445506E-01
   7.619409E+01   2.577917E+00   4.581680E+01   3.404840E-01
   7.654602E+01   2.467059E+00   4.476010E+01   3.364697E-01
   7.689958E+01   2.368265E+00   4.374341E+01   3.325121E-01
   7.725477E+01   2.279529E+00   4.276005E+01   3.285945E-01
   7.761160E+01   2.199279E+00   4.180976E+01   3.247252E-01
   7.797007E+01   2.126206E+00   4.089082E+01   3.209056E-01
   7.833021E+01   2.059273E+00   4.000166E+01   3.171369E-01
   7.869201E+01   1.997631E+00   3.914080E+01   3.134202E-01
   7.905548E+01   1.940614E+00   3.830268E+01   3.097366E-01
   7.942062E+01   1.887621E+00   3.749058E+01   3.061072E-01
   7.978746E+01   1.838187E+00   3.670291E+01   3.025305E-01
   8.015599E+01   1.791831E+00   3.593891E+01   2.990085E-01
   8.052622E+01   1.748278E+00   3.519367E+01   2.955220E-01
   8.089816E+01   1.707242E+00   3.446650E+01   2.920718E-01
   8.127182E+01   1.668405E+00   3.376030E+01   2.886762E-01
   8.164720E+01   1.631577E+00   3.307196E+01   2.853236E-01
   8.202432E+01   1.596587E+00   3.240129E+01   2.820164E-01
   8.240318E+01   1.563233E+00   3.174903E+01   2.787619E-01
   8.278379E+01   1.531417E+00   3.110958E+01   2.755339E-01
   8.316616E+01   1.500982E+00   3.048738E+01   2.723582E-01
   8.355029E+01   1.471801E+00   2.988067E+01   2.692284E-01
   8.393620E+01   1.443804E+00   2.928756E+01   2.661367E-01
   8.432389E+01   1.416879E+00   2.870839E+01   2.630871E-01
   8.471337E+01   1.390988E+00   2.814107E+01   2.600705E-01
   8.510465E+01   1.365996E+00   2.758860E+01   2.571050E-01
   8.549774E+01   1.341909E+00   2.704774E+01   2.541747E-01
   8.589264E+01   1.318608E+00   2.651983E+01   2.512889E-01
   8.628937E+01   1.296088E+00   2.600214E+01   2.484337E-01
   8.668793E+01   1.274279E+00   2.549769E+01   2.456278E-01
   8.708833E+01   1.253127E+00   2.500256E+01   2.428503E-01
   8.749058E+01   1.232631E+00   2.451882E+01   2.401142E-01
   8.789469E+01   1.212707E+00   2.404578E+01   2.374170E-01
   8.830067E+01   1.193364E+00   2.358218E+01   2.347524E-01
   8.870852E+01   1.174560E+00   2.312874E+01   2.321258E-01
   8.911825E+01   1.156255E+00   2.268438E+01   2.295318E-01
   8.952988E+01   1.138437E+00   2.225005E+01   2.269772E-01
   8.994340E+01   1.121081E+00   2.182400E+01   2.244523E-01
   9.035884E+01   1.104185E+00   2.140622E+01   2.219581E-01
   9.077620E+01   1.087675E+00   2.099819E+01   2.195042E-01
   9.119548E+01   1.071559E+00   2.059831E+01   2.170818E-01
   9.161670E+01   1.055853E+00   2.020628E+01   2.146899E-01
   9.203987E+01   1.040507E+00   1.982191E+01   2.123280E-01
   9.246499E+01   1.025508E+00   1.944505E+01   2.099957E-01
   9.289207E+01   1.010828E+00   1.907624E+01   2.076973E-01
   9.332113E+01   9.964963E-01   1.871495E+01   2.054299E-01
   9.375217E+01   9.824458E-01   1.836133E+01   2.031953E-01
   9.418520E+01   9.687242E-01   1.801406E+01   2.009856E-01
   9.462023E+01   9.552810E-01   1.767264E+01   1.987981E-01
   9.505727E+01   9.421224E-01   1.733924E+01   1.966473E-01
   9.549632E+01   9.292231E-01   1.701206E+01   1.945222E-01
   9.593741E+01   9.166035E-01   1.669095E+01   1.924222E-01
   9.638053E+01   9.041833E-01   1.637736E+01   1.903575E-01
   9.682570E+01   8.920564E-01   1.606846E+01   1.883097E-01
   9.727293E+01   8.801285E-01   1.576689E+01   1.862969E-01
   9.772222E+01   8.684681E-01   1.546954E+01   1.842988E-01
   9.817359E+01   8.569973E-01   1.517925E+01   1.823349E-01
   9.862704E+01   8.457461E-01   1.489394E+01   1.803915E-01
   9.908259E+01   8.346891E-01   1.461480E+01   1.784771E-01
   9.954024E+01   8.238799E-01   1.433942E+01   1.765758E-01
   1.000000E+02   8.132190E-01   1.407039E+01   1.747055E-01
