# Opacities computed by OpTool        <a^n>=  1.6612E-1  2.1167E-1  3.5518E-1
# Method:   DHS  fmax=  0.700
# Parameters:
#   amin [um]=      0.100 amax [um]=     10.000  na  =   31    apow=   3.5    
#   lmin [um]=      0.100 lmax [um]=    100.000  nlam= 1500    nang=   180
#   porosity =      0.000 p_mantle =      0.000  fmax= 0.70    chop=   0.0
# Composition:
#  Where   mfrac  rho   Material
#  -----   -----  ----  -----------------------------------------------------
#  core    1.000  8.91  lnk_data/ni-Ordal1987.lnk
#  - - -   - - -  -  -  - - - - - - - - - - - - - - - - - - - - - - - - - - -
#  grain   1.000  8.91  mixture of  1 materials
#----------------------------------------------------------------------------
# Command: optool -c lnk_data/ni-Ordal1987.lnk 52 8.908 -a 0.1 10 -l 0.1 \
#   100 1500 -dhs 0.7
#============================================================================
# Standard output file, no scattering matrix
#    iformat
#    nlambda
#    lambda[um]  kabs [cm^2/g]  ksca [cm^2/g]    g_asymmetry
#============================================================================
           3
        1500
   1.000000E-01   5.638099E+02   2.215442E+03   6.192282E-01
   1.004619E-01   5.641527E+02   2.215969E+03   6.192011E-01
   1.009259E-01   5.644960E+02   2.216497E+03   6.191737E-01
   1.013921E-01   5.648397E+02   2.217025E+03   6.191465E-01
   1.018604E-01   5.651836E+02   2.217554E+03   6.191185E-01
   1.023309E-01   5.655280E+02   2.218083E+03   6.190907E-01
   1.028035E-01   5.658729E+02   2.218614E+03   6.190633E-01
   1.032784E-01   5.662183E+02   2.219145E+03   6.190347E-01
   1.037554E-01   5.665640E+02   2.219677E+03   6.190018E-01
   1.042346E-01   5.669101E+02   2.220210E+03   6.189704E-01
   1.047161E-01   5.672564E+02   2.220744E+03   6.189390E-01
   1.051997E-01   5.676032E+02   2.221279E+03   6.189064E-01
   1.056856E-01   5.679505E+02   2.221816E+03   6.188747E-01
   1.061738E-01   5.682982E+02   2.222353E+03   6.188426E-01
   1.066642E-01   5.686464E+02   2.222893E+03   6.188082E-01
   1.071569E-01   5.689951E+02   2.223434E+03   6.187718E-01
   1.076518E-01   5.693445E+02   2.223976E+03   6.187358E-01
   1.081490E-01   5.696945E+02   2.224521E+03   6.187025E-01
   1.086486E-01   5.700454E+02   2.225067E+03   6.186682E-01
   1.091504E-01   5.703973E+02   2.225615E+03   6.186314E-01
   1.096546E-01   5.707504E+02   2.226166E+03   6.185948E-01
   1.101610E-01   5.711047E+02   2.226717E+03   6.185582E-01
   1.106699E-01   5.714602E+02   2.227271E+03   6.185205E-01
   1.111810E-01   5.718171E+02   2.227826E+03   6.184835E-01
   1.116946E-01   5.721752E+02   2.228382E+03   6.184477E-01
   1.122105E-01   5.725348E+02   2.228940E+03   6.184083E-01
   1.127287E-01   5.728956E+02   2.229499E+03   6.183698E-01
   1.132494E-01   5.732577E+02   2.230058E+03   6.183330E-01
   1.137725E-01   5.736209E+02   2.230619E+03   6.182929E-01
   1.142980E-01   5.739852E+02   2.231179E+03   6.182516E-01
   1.148259E-01   5.743504E+02   2.231741E+03   6.182118E-01
   1.153563E-01   5.747165E+02   2.232302E+03   6.181701E-01
   1.158891E-01   5.750836E+02   2.232864E+03   6.181281E-01
   1.164244E-01   5.754514E+02   2.233426E+03   6.180876E-01
   1.169622E-01   5.758198E+02   2.233988E+03   6.180437E-01
   1.175024E-01   5.761886E+02   2.234550E+03   6.179974E-01
   1.180451E-01   5.765578E+02   2.235112E+03   6.179519E-01
   1.185904E-01   5.769272E+02   2.235674E+03   6.179049E-01
   1.191381E-01   5.772968E+02   2.236236E+03   6.178576E-01
   1.196884E-01   5.776666E+02   2.236799E+03   6.178102E-01
   1.202412E-01   5.780366E+02   2.237362E+03   6.177623E-01
   1.207966E-01   5.784067E+02   2.237926E+03   6.177099E-01
   1.213545E-01   5.787768E+02   2.238490E+03   6.176569E-01
   1.219151E-01   5.791468E+02   2.239055E+03   6.176048E-01
   1.224782E-01   5.795169E+02   2.239621E+03   6.175507E-01
   1.230439E-01   5.798872E+02   2.240189E+03   6.174970E-01
   1.236122E-01   5.802576E+02   2.240758E+03   6.174429E-01
   1.241832E-01   5.806282E+02   2.241329E+03   6.173871E-01
   1.247567E-01   5.809992E+02   2.241901E+03   6.173286E-01
   1.253330E-01   5.813705E+02   2.242476E+03   6.172697E-01
   1.259119E-01   5.817424E+02   2.243054E+03   6.172125E-01
   1.264935E-01   5.821152E+02   2.243634E+03   6.171561E-01
   1.270777E-01   5.824890E+02   2.244216E+03   6.170969E-01
   1.276647E-01   5.828642E+02   2.244802E+03   6.170372E-01
   1.282543E-01   5.832407E+02   2.245389E+03   6.169779E-01
   1.288467E-01   5.836189E+02   2.245980E+03   6.169177E-01
   1.294419E-01   5.839987E+02   2.246573E+03   6.168575E-01
   1.300397E-01   5.843803E+02   2.247168E+03   6.167989E-01
   1.306404E-01   5.847637E+02   2.247765E+03   6.167383E-01
   1.312438E-01   5.851490E+02   2.248364E+03   6.166764E-01
   1.318500E-01   5.855362E+02   2.248965E+03   6.166173E-01
   1.324590E-01   5.859253E+02   2.249567E+03   6.165562E-01
   1.330708E-01   5.863160E+02   2.250170E+03   6.164930E-01
   1.336854E-01   5.867084E+02   2.250773E+03   6.164308E-01
   1.343029E-01   5.871023E+02   2.251377E+03   6.163679E-01
   1.349232E-01   5.874975E+02   2.251980E+03   6.163035E-01
   1.355464E-01   5.878942E+02   2.252584E+03   6.162407E-01
   1.361725E-01   5.882918E+02   2.253187E+03   6.161760E-01
   1.368015E-01   5.886902E+02   2.253790E+03   6.161076E-01
   1.374333E-01   5.890890E+02   2.254391E+03   6.160394E-01
   1.380681E-01   5.894882E+02   2.254993E+03   6.159698E-01
   1.387058E-01   5.898877E+02   2.255594E+03   6.158993E-01
   1.393465E-01   5.902875E+02   2.256194E+03   6.158282E-01
   1.399901E-01   5.906874E+02   2.256793E+03   6.157566E-01
   1.406367E-01   5.910871E+02   2.257392E+03   6.156815E-01
   1.412863E-01   5.914866E+02   2.257990E+03   6.156033E-01
   1.419389E-01   5.918855E+02   2.258588E+03   6.155259E-01
   1.425945E-01   5.922839E+02   2.259186E+03   6.154463E-01
   1.432531E-01   5.926819E+02   2.259785E+03   6.153658E-01
   1.439148E-01   5.930796E+02   2.260384E+03   6.152848E-01
   1.445795E-01   5.934771E+02   2.260985E+03   6.152022E-01
   1.452473E-01   5.938743E+02   2.261587E+03   6.151164E-01
   1.459182E-01   5.942713E+02   2.262190E+03   6.150290E-01
   1.465922E-01   5.946684E+02   2.262796E+03   6.149418E-01
   1.472692E-01   5.950658E+02   2.263404E+03   6.148560E-01
   1.479495E-01   5.954640E+02   2.264015E+03   6.147677E-01
   1.486328E-01   5.958632E+02   2.264628E+03   6.146778E-01
   1.493193E-01   5.962637E+02   2.265245E+03   6.145881E-01
   1.500090E-01   5.966657E+02   2.265864E+03   6.144976E-01
   1.507019E-01   5.970693E+02   2.266487E+03   6.144064E-01
   1.513980E-01   5.974746E+02   2.267112E+03   6.143163E-01
   1.520973E-01   5.978817E+02   2.267740E+03   6.142255E-01
   1.527998E-01   5.982907E+02   2.268371E+03   6.141320E-01
   1.535056E-01   5.987016E+02   2.269004E+03   6.140406E-01
   1.542146E-01   5.991146E+02   2.269639E+03   6.139487E-01
   1.549269E-01   5.995295E+02   2.270277E+03   6.138541E-01
   1.556425E-01   5.999464E+02   2.270916E+03   6.137596E-01
   1.563614E-01   6.003650E+02   2.271556E+03   6.136654E-01
   1.570836E-01   6.007855E+02   2.272197E+03   6.135692E-01
   1.578091E-01   6.012076E+02   2.272839E+03   6.134738E-01
   1.585380E-01   6.016313E+02   2.273482E+03   6.133783E-01
   1.592703E-01   6.020562E+02   2.274124E+03   6.132788E-01
   1.600059E-01   6.024820E+02   2.274767E+03   6.131785E-01
   1.607450E-01   6.029086E+02   2.275410E+03   6.130775E-01
   1.614874E-01   6.033359E+02   2.276053E+03   6.129751E-01
   1.622333E-01   6.037640E+02   2.276696E+03   6.128722E-01
   1.629827E-01   6.041929E+02   2.277338E+03   6.127688E-01
   1.637355E-01   6.046222E+02   2.277981E+03   6.126634E-01
   1.644917E-01   6.050518E+02   2.278623E+03   6.125539E-01
   1.652515E-01   6.054815E+02   2.279264E+03   6.124447E-01
   1.660148E-01   6.059111E+02   2.279906E+03   6.123342E-01
   1.667816E-01   6.063406E+02   2.280548E+03   6.122218E-01
   1.675519E-01   6.067703E+02   2.281191E+03   6.121091E-01
   1.683258E-01   6.071999E+02   2.281834E+03   6.119950E-01
   1.691033E-01   6.076295E+02   2.282477E+03   6.118779E-01
   1.698844E-01   6.080591E+02   2.283122E+03   6.117583E-01
   1.706690E-01   6.084890E+02   2.283769E+03   6.116382E-01
   1.714573E-01   6.089196E+02   2.284417E+03   6.115193E-01
   1.722493E-01   6.093513E+02   2.285066E+03   6.113990E-01
   1.730449E-01   6.097843E+02   2.285718E+03   6.112763E-01
   1.738442E-01   6.102188E+02   2.286371E+03   6.111532E-01
   1.746471E-01   6.106547E+02   2.287025E+03   6.110294E-01
   1.754538E-01   6.110922E+02   2.287681E+03   6.109041E-01
   1.762642E-01   6.115313E+02   2.288339E+03   6.107786E-01
   1.770783E-01   6.119720E+02   2.288998E+03   6.106531E-01
   1.778962E-01   6.124148E+02   2.289658E+03   6.105242E-01
   1.787179E-01   6.128598E+02   2.290320E+03   6.103958E-01
   1.795434E-01   6.133073E+02   2.290982E+03   6.102682E-01
   1.803727E-01   6.137570E+02   2.291644E+03   6.101377E-01
   1.812058E-01   6.142086E+02   2.292307E+03   6.100057E-01
   1.820428E-01   6.146618E+02   2.292969E+03   6.098739E-01
   1.828836E-01   6.151162E+02   2.293631E+03   6.097394E-01
   1.837283E-01   6.155718E+02   2.294292E+03   6.096038E-01
   1.845769E-01   6.160286E+02   2.294953E+03   6.094683E-01
   1.854295E-01   6.164865E+02   2.295614E+03   6.093290E-01
   1.862860E-01   6.169452E+02   2.296273E+03   6.091871E-01
   1.871464E-01   6.174042E+02   2.296931E+03   6.090443E-01
   1.880108E-01   6.178632E+02   2.297589E+03   6.088990E-01
   1.888792E-01   6.183222E+02   2.298246E+03   6.087520E-01
   1.897516E-01   6.187813E+02   2.298902E+03   6.086038E-01
   1.906280E-01   6.192407E+02   2.299558E+03   6.084538E-01
   1.915085E-01   6.197001E+02   2.300213E+03   6.082992E-01
   1.923931E-01   6.201593E+02   2.300868E+03   6.081433E-01
   1.932817E-01   6.206181E+02   2.301523E+03   6.079864E-01
   1.941745E-01   6.210764E+02   2.302179E+03   6.078267E-01
   1.950713E-01   6.215342E+02   2.302835E+03   6.076660E-01
   1.959723E-01   6.219916E+02   2.303493E+03   6.075035E-01
   1.968775E-01   6.224483E+02   2.304152E+03   6.073379E-01
   1.977869E-01   6.229046E+02   2.304813E+03   6.071688E-01
   1.987004E-01   6.233607E+02   2.305477E+03   6.069979E-01
   1.996182E-01   6.238170E+02   2.306143E+03   6.068273E-01
   2.005402E-01   6.242740E+02   2.306813E+03   6.066559E-01
   2.014665E-01   6.247321E+02   2.307487E+03   6.064815E-01
   2.023970E-01   6.251916E+02   2.308163E+03   6.063059E-01
   2.033319E-01   6.256526E+02   2.308843E+03   6.061295E-01
   2.042710E-01   6.261153E+02   2.309527E+03   6.059516E-01
   2.052145E-01   6.265800E+02   2.310214E+03   6.057728E-01
   2.061624E-01   6.270468E+02   2.310904E+03   6.055944E-01
   2.071146E-01   6.275162E+02   2.311598E+03   6.054135E-01
   2.080713E-01   6.279886E+02   2.312294E+03   6.052316E-01
   2.090323E-01   6.284643E+02   2.312994E+03   6.050514E-01
   2.099978E-01   6.289433E+02   2.313695E+03   6.048693E-01
   2.109678E-01   6.294254E+02   2.314398E+03   6.046853E-01
   2.119422E-01   6.299102E+02   2.315102E+03   6.045017E-01
   2.129212E-01   6.303976E+02   2.315807E+03   6.043166E-01
   2.139046E-01   6.308876E+02   2.316512E+03   6.041299E-01
   2.148926E-01   6.313802E+02   2.317218E+03   6.039436E-01
   2.158852E-01   6.318755E+02   2.317924E+03   6.037555E-01
   2.168823E-01   6.323734E+02   2.318628E+03   6.035642E-01
   2.178841E-01   6.328735E+02   2.319332E+03   6.033728E-01
   2.188905E-01   6.333755E+02   2.320035E+03   6.031794E-01
   2.199015E-01   6.338792E+02   2.320736E+03   6.029847E-01
   2.209172E-01   6.343850E+02   2.321436E+03   6.027892E-01
   2.219376E-01   6.348927E+02   2.322133E+03   6.025928E-01
   2.229627E-01   6.354025E+02   2.322829E+03   6.023930E-01
   2.239925E-01   6.359140E+02   2.323522E+03   6.021909E-01
   2.250271E-01   6.364272E+02   2.324213E+03   6.019889E-01
   2.260665E-01   6.369419E+02   2.324901E+03   6.017849E-01
   2.271106E-01   6.374581E+02   2.325587E+03   6.015795E-01
   2.281596E-01   6.379757E+02   2.326272E+03   6.013732E-01
   2.292135E-01   6.384946E+02   2.326954E+03   6.011647E-01
   2.302722E-01   6.390146E+02   2.327635E+03   6.009529E-01
   2.313358E-01   6.395360E+02   2.328315E+03   6.007390E-01
   2.324043E-01   6.400587E+02   2.328994E+03   6.005248E-01
   2.334777E-01   6.405830E+02   2.329673E+03   6.003104E-01
   2.345562E-01   6.411091E+02   2.330351E+03   6.000930E-01
   2.356395E-01   6.416366E+02   2.331028E+03   5.998734E-01
   2.367279E-01   6.421657E+02   2.331705E+03   5.996526E-01
   2.378213E-01   6.426960E+02   2.332382E+03   5.994295E-01
   2.389198E-01   6.432274E+02   2.333059E+03   5.992041E-01
   2.400234E-01   6.437598E+02   2.333735E+03   5.989774E-01
   2.411320E-01   6.442934E+02   2.334411E+03   5.987481E-01
   2.422458E-01   6.448283E+02   2.335087E+03   5.985151E-01
   2.433647E-01   6.453648E+02   2.335762E+03   5.982818E-01
   2.444887E-01   6.459028E+02   2.336437E+03   5.980461E-01
   2.456180E-01   6.464421E+02   2.337110E+03   5.978063E-01
   2.467525E-01   6.469825E+02   2.337783E+03   5.975645E-01
   2.478922E-01   6.475236E+02   2.338454E+03   5.973202E-01
   2.490372E-01   6.480656E+02   2.339123E+03   5.970722E-01
   2.501874E-01   6.486084E+02   2.339791E+03   5.968225E-01
   2.513430E-01   6.491522E+02   2.340457E+03   5.965700E-01
   2.525040E-01   6.496969E+02   2.341122E+03   5.963126E-01
   2.536702E-01   6.502423E+02   2.341784E+03   5.960525E-01
   2.548419E-01   6.507879E+02   2.342444E+03   5.957894E-01
   2.560190E-01   6.513338E+02   2.343103E+03   5.955226E-01
   2.572015E-01   6.518801E+02   2.343759E+03   5.952533E-01
   2.583895E-01   6.524268E+02   2.344414E+03   5.949814E-01
   2.595830E-01   6.529743E+02   2.345067E+03   5.947052E-01
   2.607819E-01   6.535224E+02   2.345718E+03   5.944242E-01
   2.619865E-01   6.540712E+02   2.346368E+03   5.941416E-01
   2.631965E-01   6.546207E+02   2.347016E+03   5.938558E-01
   2.644122E-01   6.551710E+02   2.347663E+03   5.935670E-01
   2.656335E-01   6.557223E+02   2.348309E+03   5.932759E-01
   2.668604E-01   6.562745E+02   2.348955E+03   5.929820E-01
   2.680930E-01   6.568276E+02   2.349601E+03   5.926836E-01
   2.693313E-01   6.573817E+02   2.350247E+03   5.923816E-01
   2.705753E-01   6.579369E+02   2.350894E+03   5.920773E-01
   2.718251E-01   6.584935E+02   2.351542E+03   5.917720E-01
   2.730806E-01   6.590517E+02   2.352191E+03   5.914631E-01
   2.743419E-01   6.596117E+02   2.352842E+03   5.911507E-01
   2.756091E-01   6.601736E+02   2.353494E+03   5.908359E-01
   2.768821E-01   6.607374E+02   2.354148E+03   5.905182E-01
   2.781610E-01   6.613031E+02   2.354804E+03   5.901975E-01
   2.794458E-01   6.618710E+02   2.355462E+03   5.898745E-01
   2.807365E-01   6.624411E+02   2.356121E+03   5.895492E-01
   2.820332E-01   6.630137E+02   2.356782E+03   5.892195E-01
   2.833359E-01   6.635891E+02   2.357445E+03   5.888883E-01
   2.846445E-01   6.641673E+02   2.358109E+03   5.885553E-01
   2.859593E-01   6.647482E+02   2.358773E+03   5.882179E-01
   2.872801E-01   6.653318E+02   2.359439E+03   5.878775E-01
   2.886070E-01   6.659178E+02   2.360104E+03   5.875348E-01
   2.899400E-01   6.665064E+02   2.360770E+03   5.871884E-01
   2.912792E-01   6.670980E+02   2.361436E+03   5.868395E-01
   2.926246E-01   6.676927E+02   2.362102E+03   5.864889E-01
   2.939762E-01   6.682909E+02   2.362768E+03   5.861340E-01
   2.953341E-01   6.688923E+02   2.363433E+03   5.857760E-01
   2.966982E-01   6.694969E+02   2.364097E+03   5.854159E-01
   2.980686E-01   6.701045E+02   2.364760E+03   5.850526E-01
   2.994453E-01   6.707151E+02   2.365422E+03   5.846871E-01
   3.008284E-01   6.713292E+02   2.366083E+03   5.843197E-01
   3.022179E-01   6.719469E+02   2.366743E+03   5.839496E-01
   3.036138E-01   6.725685E+02   2.367401E+03   5.835753E-01
   3.050162E-01   6.731943E+02   2.368058E+03   5.831996E-01
   3.064250E-01   6.738243E+02   2.368714E+03   5.828228E-01
   3.078404E-01   6.744590E+02   2.369368E+03   5.824438E-01
   3.092622E-01   6.750986E+02   2.370021E+03   5.820641E-01
   3.106907E-01   6.757432E+02   2.370674E+03   5.816834E-01
   3.121257E-01   6.763929E+02   2.371325E+03   5.813006E-01
   3.135674E-01   6.770478E+02   2.371976E+03   5.809156E-01
   3.150157E-01   6.777081E+02   2.372626E+03   5.805300E-01
   3.164707E-01   6.783743E+02   2.373276E+03   5.801451E-01
   3.179325E-01   6.790466E+02   2.373926E+03   5.797600E-01
   3.194010E-01   6.797252E+02   2.374576E+03   5.793734E-01
   3.208762E-01   6.804101E+02   2.375226E+03   5.789865E-01
   3.223583E-01   6.811014E+02   2.375875E+03   5.785995E-01
   3.238473E-01   6.817988E+02   2.376525E+03   5.782118E-01
   3.253431E-01   6.825023E+02   2.377173E+03   5.778240E-01
   3.268458E-01   6.832117E+02   2.377822E+03   5.774364E-01
   3.283555E-01   6.839267E+02   2.378470E+03   5.770468E-01
   3.298721E-01   6.846471E+02   2.379117E+03   5.766565E-01
   3.313957E-01   6.853727E+02   2.379762E+03   5.762666E-01
   3.329264E-01   6.861030E+02   2.380406E+03   5.758742E-01
   3.344641E-01   6.868372E+02   2.381048E+03   5.754792E-01
   3.360090E-01   6.875750E+02   2.381687E+03   5.750827E-01
   3.375610E-01   6.883158E+02   2.382323E+03   5.746834E-01
   3.391201E-01   6.890596E+02   2.382955E+03   5.742813E-01
   3.406865E-01   6.898065E+02   2.383584E+03   5.738777E-01
   3.422601E-01   6.905566E+02   2.384208E+03   5.734704E-01
   3.438409E-01   6.913096E+02   2.384827E+03   5.730591E-01
   3.454291E-01   6.920653E+02   2.385441E+03   5.726455E-01
   3.470246E-01   6.928234E+02   2.386050E+03   5.722284E-01
   3.486274E-01   6.935840E+02   2.386652E+03   5.718083E-01
   3.502377E-01   6.943473E+02   2.387249E+03   5.713856E-01
   3.518554E-01   6.951136E+02   2.387839E+03   5.709601E-01
   3.534806E-01   6.958830E+02   2.388421E+03   5.705300E-01
   3.551133E-01   6.966559E+02   2.388997E+03   5.700968E-01
   3.567535E-01   6.974323E+02   2.389565E+03   5.696619E-01
   3.584013E-01   6.982125E+02   2.390125E+03   5.692241E-01
   3.600567E-01   6.989968E+02   2.390679E+03   5.687842E-01
   3.617198E-01   6.997853E+02   2.391224E+03   5.683426E-01
   3.633905E-01   7.005781E+02   2.391762E+03   5.678982E-01
   3.650690E-01   7.013753E+02   2.392293E+03   5.674503E-01
   3.667552E-01   7.021769E+02   2.392816E+03   5.670002E-01
   3.684492E-01   7.029834E+02   2.393332E+03   5.665490E-01
   3.701510E-01   7.037950E+02   2.393841E+03   5.660968E-01
   3.718607E-01   7.046118E+02   2.394343E+03   5.656417E-01
   3.735783E-01   7.054339E+02   2.394838E+03   5.651843E-01
   3.753038E-01   7.062612E+02   2.395326E+03   5.647254E-01
   3.770372E-01   7.070937E+02   2.395806E+03   5.642640E-01
   3.787787E-01   7.079311E+02   2.396279E+03   5.638005E-01
   3.805283E-01   7.087732E+02   2.396745E+03   5.633351E-01
   3.822859E-01   7.096198E+02   2.397204E+03   5.628666E-01
   3.840516E-01   7.104707E+02   2.397655E+03   5.623945E-01
   3.858255E-01   7.113257E+02   2.398099E+03   5.619206E-01
   3.876076E-01   7.121842E+02   2.398535E+03   5.614429E-01
   3.893979E-01   7.130457E+02   2.398963E+03   5.609601E-01
   3.911965E-01   7.139096E+02   2.399383E+03   5.604730E-01
   3.930034E-01   7.147755E+02   2.399794E+03   5.599813E-01
   3.948186E-01   7.156431E+02   2.400197E+03   5.594841E-01
   3.966422E-01   7.165126E+02   2.400591E+03   5.589821E-01
   3.984743E-01   7.173839E+02   2.400977E+03   5.584749E-01
   4.003148E-01   7.182570E+02   2.401353E+03   5.579605E-01
   4.021638E-01   7.191316E+02   2.401720E+03   5.574405E-01
   4.040213E-01   7.200074E+02   2.402078E+03   5.569146E-01
   4.058874E-01   7.208845E+02   2.402426E+03   5.563825E-01
   4.077622E-01   7.217628E+02   2.402766E+03   5.558444E-01
   4.096456E-01   7.226428E+02   2.403097E+03   5.553003E-01
   4.115377E-01   7.235247E+02   2.403418E+03   5.547494E-01
   4.134385E-01   7.244086E+02   2.403731E+03   5.541913E-01
   4.153481E-01   7.252948E+02   2.404034E+03   5.536276E-01
   4.172666E-01   7.261835E+02   2.404329E+03   5.530580E-01
   4.191939E-01   7.270749E+02   2.404617E+03   5.524829E-01
   4.211301E-01   7.279693E+02   2.404896E+03   5.519021E-01
   4.230752E-01   7.288669E+02   2.405168E+03   5.513152E-01
   4.250294E-01   7.297676E+02   2.405432E+03   5.507214E-01
   4.269925E-01   7.306717E+02   2.405691E+03   5.501215E-01
   4.289648E-01   7.315794E+02   2.405944E+03   5.495168E-01
   4.309461E-01   7.324911E+02   2.406191E+03   5.489068E-01
   4.329366E-01   7.334071E+02   2.406433E+03   5.482908E-01
   4.349363E-01   7.343274E+02   2.406670E+03   5.476691E-01
   4.369452E-01   7.352521E+02   2.406903E+03   5.470421E-01
   4.389634E-01   7.361813E+02   2.407132E+03   5.464090E-01
   4.409909E-01   7.371148E+02   2.407357E+03   5.457697E-01
   4.430278E-01   7.380525E+02   2.407579E+03   5.451250E-01
   4.450741E-01   7.389943E+02   2.407798E+03   5.444744E-01
   4.471298E-01   7.399401E+02   2.408014E+03   5.438171E-01
   4.491950E-01   7.408898E+02   2.408228E+03   5.431533E-01
   4.512698E-01   7.418431E+02   2.408439E+03   5.424831E-01
   4.533542E-01   7.427996E+02   2.408648E+03   5.418049E-01
   4.554482E-01   7.437588E+02   2.408854E+03   5.411191E-01
   4.575518E-01   7.447203E+02   2.409059E+03   5.404260E-01
   4.596652E-01   7.456841E+02   2.409261E+03   5.397245E-01
   4.617883E-01   7.466502E+02   2.409461E+03   5.390146E-01
   4.639213E-01   7.476188E+02   2.409659E+03   5.382966E-01
   4.660641E-01   7.485900E+02   2.409856E+03   5.375699E-01
   4.682168E-01   7.495636E+02   2.410050E+03   5.368344E-01
   4.703794E-01   7.505396E+02   2.410244E+03   5.360905E-01
   4.725520E-01   7.515180E+02   2.410435E+03   5.353378E-01
   4.747347E-01   7.524989E+02   2.410626E+03   5.345766E-01
   4.769274E-01   7.534826E+02   2.410815E+03   5.338070E-01
   4.791303E-01   7.544697E+02   2.411003E+03   5.330286E-01
   4.813433E-01   7.554603E+02   2.411190E+03   5.322418E-01
   4.835666E-01   7.564549E+02   2.411377E+03   5.314467E-01
   4.858001E-01   7.574536E+02   2.411564E+03   5.306436E-01
   4.880440E-01   7.584570E+02   2.411750E+03   5.298330E-01
   4.902982E-01   7.594653E+02   2.411937E+03   5.290153E-01
   4.925628E-01   7.604788E+02   2.412124E+03   5.281899E-01
   4.948379E-01   7.614978E+02   2.412312E+03   5.273567E-01
   4.971235E-01   7.625225E+02   2.412502E+03   5.265163E-01
   4.994197E-01   7.635532E+02   2.412694E+03   5.256694E-01
   5.017264E-01   7.645904E+02   2.412888E+03   5.248159E-01
   5.040438E-01   7.656345E+02   2.413085E+03   5.239559E-01
   5.063720E-01   7.666858E+02   2.413284E+03   5.230894E-01
   5.087108E-01   7.677444E+02   2.413486E+03   5.222168E-01
   5.110605E-01   7.688105E+02   2.413692E+03   5.213381E-01
   5.134210E-01   7.698843E+02   2.413900E+03   5.204534E-01
   5.157925E-01   7.709656E+02   2.414112E+03   5.195626E-01
   5.181748E-01   7.720545E+02   2.414328E+03   5.186658E-01
   5.205682E-01   7.731510E+02   2.414546E+03   5.177628E-01
   5.229727E-01   7.742552E+02   2.414769E+03   5.168538E-01
   5.253882E-01   7.753669E+02   2.414994E+03   5.159387E-01
   5.278149E-01   7.764860E+02   2.415223E+03   5.150172E-01
   5.302528E-01   7.776120E+02   2.415454E+03   5.140892E-01
   5.327020E-01   7.787447E+02   2.415687E+03   5.131545E-01
   5.351625E-01   7.798841E+02   2.415923E+03   5.122128E-01
   5.376343E-01   7.810302E+02   2.416161E+03   5.112643E-01
   5.401176E-01   7.821833E+02   2.416401E+03   5.103090E-01
   5.426123E-01   7.833436E+02   2.416642E+03   5.093471E-01
   5.451186E-01   7.845111E+02   2.416885E+03   5.083787E-01
   5.476364E-01   7.856858E+02   2.417127E+03   5.074038E-01
   5.501659E-01   7.868677E+02   2.417371E+03   5.064224E-01
   5.527070E-01   7.880570E+02   2.417615E+03   5.054347E-01
   5.552599E-01   7.892540E+02   2.417858E+03   5.044408E-01
   5.578246E-01   7.904592E+02   2.418101E+03   5.034412E-01
   5.604011E-01   7.916729E+02   2.418344E+03   5.024360E-01
   5.629895E-01   7.928954E+02   2.418585E+03   5.014257E-01
   5.655899E-01   7.941271E+02   2.418824E+03   5.004104E-01
   5.682023E-01   7.953683E+02   2.419062E+03   4.993906E-01
   5.708268E-01   7.966195E+02   2.419299E+03   4.983666E-01
   5.734634E-01   7.978808E+02   2.419533E+03   4.973386E-01
   5.761121E-01   7.991525E+02   2.419765E+03   4.963070E-01
   5.787731E-01   8.004349E+02   2.419994E+03   4.952719E-01
   5.814464E-01   8.017281E+02   2.420222E+03   4.942338E-01
   5.841320E-01   8.030327E+02   2.420446E+03   4.931930E-01
   5.868300E-01   8.043489E+02   2.420667E+03   4.921499E-01
   5.895405E-01   8.056770E+02   2.420885E+03   4.911048E-01
   5.922636E-01   8.070172E+02   2.421099E+03   4.900579E-01
   5.949991E-01   8.083696E+02   2.421309E+03   4.890094E-01
   5.977474E-01   8.097343E+02   2.421515E+03   4.879595E-01
   6.005083E-01   8.111111E+02   2.421715E+03   4.869084E-01
   6.032820E-01   8.125000E+02   2.421910E+03   4.858561E-01
   6.060685E-01   8.139011E+02   2.422099E+03   4.848027E-01
   6.088678E-01   8.153141E+02   2.422281E+03   4.837485E-01
   6.116801E-01   8.167390E+02   2.422456E+03   4.826934E-01
   6.145054E-01   8.181754E+02   2.422623E+03   4.816374E-01
   6.173437E-01   8.196231E+02   2.422781E+03   4.805804E-01
   6.201951E-01   8.210816E+02   2.422929E+03   4.795223E-01
   6.230597E-01   8.225505E+02   2.423067E+03   4.784630E-01
   6.259376E-01   8.240300E+02   2.423195E+03   4.774026E-01
   6.288287E-01   8.255200E+02   2.423310E+03   4.763413E-01
   6.317332E-01   8.270205E+02   2.423413E+03   4.752793E-01
   6.346511E-01   8.285316E+02   2.423502E+03   4.742168E-01
   6.375825E-01   8.300530E+02   2.423577E+03   4.731538E-01
   6.405274E-01   8.315845E+02   2.423637E+03   4.720904E-01
   6.434859E-01   8.331262E+02   2.423681E+03   4.710269E-01
   6.464581E-01   8.346781E+02   2.423709E+03   4.699633E-01
   6.494440E-01   8.362404E+02   2.423720E+03   4.689001E-01
   6.524437E-01   8.378132E+02   2.423713E+03   4.678376E-01
   6.554572E-01   8.393968E+02   2.423687E+03   4.667760E-01
   6.584847E-01   8.409911E+02   2.423643E+03   4.657158E-01
   6.615262E-01   8.425963E+02   2.423578E+03   4.646573E-01
   6.645817E-01   8.442126E+02   2.423493E+03   4.636007E-01
   6.676513E-01   8.458400E+02   2.423387E+03   4.625465E-01
   6.707351E-01   8.474786E+02   2.423260E+03   4.614949E-01
   6.738331E-01   8.491282E+02   2.423111E+03   4.604460E-01
   6.769455E-01   8.507889E+02   2.422941E+03   4.594004E-01
   6.800722E-01   8.524609E+02   2.422747E+03   4.583582E-01
   6.832134E-01   8.541442E+02   2.422531E+03   4.573198E-01
   6.863691E-01   8.558389E+02   2.422290E+03   4.562857E-01
   6.895393E-01   8.575450E+02   2.422026E+03   4.552559E-01
   6.927242E-01   8.592622E+02   2.421737E+03   4.542306E-01
   6.959238E-01   8.609904E+02   2.421423E+03   4.532101E-01
   6.991382E-01   8.627295E+02   2.421084E+03   4.521944E-01
   7.023674E-01   8.644789E+02   2.420718E+03   4.511836E-01
   7.056116E-01   8.662386E+02   2.420326E+03   4.501777E-01
   7.088707E-01   8.680081E+02   2.419906E+03   4.491770E-01
   7.121449E-01   8.697871E+02   2.419458E+03   4.481813E-01
   7.154342E-01   8.703426E+02   2.419385E+03   4.469661E-01
   7.187387E-01   8.693022E+02   2.419804E+03   4.454640E-01
   7.220585E-01   8.682608E+02   2.420194E+03   4.439655E-01
   7.253936E-01   8.672177E+02   2.420553E+03   4.424706E-01
   7.287441E-01   8.661726E+02   2.420880E+03   4.409793E-01
   7.321101E-01   8.651252E+02   2.421175E+03   4.394917E-01
   7.354916E-01   8.640753E+02   2.421437E+03   4.380081E-01
   7.388887E-01   8.630227E+02   2.421665E+03   4.365286E-01
   7.423016E-01   8.619669E+02   2.421858E+03   4.350532E-01
   7.457302E-01   8.609073E+02   2.422015E+03   4.335820E-01
   7.491746E-01   8.598438E+02   2.422136E+03   4.321150E-01
   7.526350E-01   8.587760E+02   2.422220E+03   4.306525E-01
   7.561113E-01   8.577040E+02   2.422266E+03   4.291947E-01
   7.596037E-01   8.566277E+02   2.422274E+03   4.277418E-01
   7.631122E-01   8.555470E+02   2.422243E+03   4.262942E-01
   7.666369E-01   8.544617E+02   2.422173E+03   4.248522E-01
   7.701779E-01   8.534954E+02   2.421999E+03   4.234377E-01
   7.737353E-01   8.527726E+02   2.421660E+03   4.220730E-01
   7.773091E-01   8.520451E+02   2.421281E+03   4.207145E-01
   7.808994E-01   8.513125E+02   2.420863E+03   4.193624E-01
   7.845062E-01   8.505747E+02   2.420405E+03   4.180168E-01
   7.881298E-01   8.498314E+02   2.419907E+03   4.166780E-01
   7.917700E-01   8.490827E+02   2.419369E+03   4.153462E-01
   7.954271E-01   8.483283E+02   2.418791E+03   4.140217E-01
   7.991011E-01   8.475683E+02   2.418172E+03   4.127047E-01
   8.027921E-01   8.468023E+02   2.417512E+03   4.113953E-01
   8.065001E-01   8.460302E+02   2.416811E+03   4.100937E-01
   8.102252E-01   8.452516E+02   2.416069E+03   4.088000E-01
   8.139675E-01   8.444663E+02   2.415285E+03   4.075142E-01
   8.177271E-01   8.436738E+02   2.414458E+03   4.062364E-01
   8.215041E-01   8.428735E+02   2.413590E+03   4.049664E-01
   8.252985E-01   8.420652E+02   2.412678E+03   4.037043E-01
   8.291105E-01   8.412482E+02   2.411724E+03   4.024498E-01
   8.329400E-01   8.404219E+02   2.410726E+03   4.012029E-01
   8.367873E-01   8.398045E+02   2.409890E+03   4.000050E-01
   8.406523E-01   8.391809E+02   2.409014E+03   3.988148E-01
   8.445352E-01   8.385474E+02   2.408094E+03   3.976316E-01
   8.484360E-01   8.379035E+02   2.407130E+03   3.964553E-01
   8.523548E-01   8.372492E+02   2.406121E+03   3.952859E-01
   8.562917E-01   8.365841E+02   2.405068E+03   3.941235E-01
   8.602468E-01   8.359079E+02   2.403970E+03   3.929681E-01
   8.642202E-01   8.352203E+02   2.402826E+03   3.918196E-01
   8.682119E-01   8.345207E+02   2.401638E+03   3.906778E-01
   8.722221E-01   8.338091E+02   2.400404E+03   3.895428E-01
   8.762508E-01   8.330852E+02   2.399125E+03   3.884146E-01
   8.802981E-01   8.323491E+02   2.397801E+03   3.872933E-01
   8.843641E-01   8.316008E+02   2.396432E+03   3.861792E-01
   8.884488E-01   8.308403E+02   2.395017E+03   3.850723E-01
   8.925525E-01   8.300674E+02   2.393556E+03   3.839728E-01
   8.966751E-01   8.292821E+02   2.392051E+03   3.828808E-01
   9.008167E-01   8.284843E+02   2.390501E+03   3.817964E-01
   9.049775E-01   8.276739E+02   2.388907E+03   3.807196E-01
   9.091574E-01   8.268319E+02   2.387285E+03   3.796475E-01
   9.133567E-01   8.254956E+02   2.386062E+03   3.785046E-01
   9.175754E-01   8.241462E+02   2.384792E+03   3.773698E-01
   9.218136E-01   8.227838E+02   2.383475E+03   3.762433E-01
   9.260713E-01   8.214086E+02   2.382113E+03   3.751252E-01
   9.303487E-01   8.200203E+02   2.380704E+03   3.740157E-01
   9.346459E-01   8.186192E+02   2.379250E+03   3.729147E-01
   9.389629E-01   8.172050E+02   2.377749E+03   3.718224E-01
   9.432999E-01   8.157778E+02   2.376204E+03   3.707387E-01
   9.476568E-01   8.143372E+02   2.374612E+03   3.696637E-01
   9.520339E-01   8.128832E+02   2.372975E+03   3.685972E-01
   9.564313E-01   8.114153E+02   2.371293E+03   3.675392E-01
   9.608489E-01   8.099333E+02   2.369566E+03   3.664894E-01
   9.652870E-01   8.084369E+02   2.367794E+03   3.654476E-01
   9.697455E-01   8.069256E+02   2.365976E+03   3.644136E-01
   9.742246E-01   8.053992E+02   2.364114E+03   3.633872E-01
   9.787245E-01   8.038575E+02   2.362207E+03   3.623682E-01
   9.832451E-01   8.023004E+02   2.360255E+03   3.613566E-01
   9.877866E-01   8.007279E+02   2.358259E+03   3.603521E-01
   9.923490E-01   7.991399E+02   2.356219E+03   3.593549E-01
   9.969326E-01   7.975364E+02   2.354134E+03   3.583649E-01
   1.001537E+00   7.958603E+02   2.352111E+03   3.573732E-01
   1.006163E+00   7.940541E+02   2.350252E+03   3.563712E-01
   1.010811E+00   7.922314E+02   2.348349E+03   3.553759E-01
   1.015479E+00   7.903922E+02   2.346401E+03   3.543873E-01
   1.020170E+00   7.885368E+02   2.344409E+03   3.534054E-01
   1.024882E+00   7.866653E+02   2.342373E+03   3.524304E-01
   1.029616E+00   7.847780E+02   2.340293E+03   3.514622E-01
   1.034371E+00   7.828750E+02   2.338170E+03   3.505011E-01
   1.039149E+00   7.809563E+02   2.336004E+03   3.495470E-01
   1.043949E+00   7.790222E+02   2.333796E+03   3.486000E-01
   1.048770E+00   7.770727E+02   2.331547E+03   3.476600E-01
   1.053615E+00   7.751916E+02   2.329054E+03   3.467391E-01
   1.058481E+00   7.733244E+02   2.326452E+03   3.458294E-01
   1.063370E+00   7.714429E+02   2.323811E+03   3.449269E-01
   1.068282E+00   7.695474E+02   2.321131E+03   3.440317E-01
   1.073216E+00   7.676379E+02   2.318413E+03   3.431437E-01
   1.078173E+00   7.657149E+02   2.315658E+03   3.422632E-01
   1.083153E+00   7.637786E+02   2.312865E+03   3.413900E-01
   1.088156E+00   7.618290E+02   2.310036E+03   3.405243E-01
   1.093182E+00   7.598665E+02   2.307170E+03   3.396660E-01
   1.098231E+00   7.578911E+02   2.304269E+03   3.388152E-01
   1.103304E+00   7.559030E+02   2.301332E+03   3.379718E-01
   1.108400E+00   7.539021E+02   2.298359E+03   3.371356E-01
   1.113519E+00   7.518220E+02   2.295667E+03   3.362981E-01
   1.118663E+00   7.496973E+02   2.293082E+03   3.354636E-01
   1.123830E+00   7.475580E+02   2.290461E+03   3.346354E-01
   1.129020E+00   7.454039E+02   2.287805E+03   3.338135E-01
   1.134235E+00   7.432350E+02   2.285114E+03   3.329977E-01
   1.139474E+00   7.410514E+02   2.282387E+03   3.321878E-01
   1.144737E+00   7.388534E+02   2.279626E+03   3.313837E-01
   1.150025E+00   7.366412E+02   2.276830E+03   3.305854E-01
   1.155336E+00   7.344148E+02   2.274000E+03   3.297928E-01
   1.160673E+00   7.321743E+02   2.271137E+03   3.290057E-01
   1.166034E+00   7.299199E+02   2.268240E+03   3.282241E-01
   1.171420E+00   7.276515E+02   2.265310E+03   3.274477E-01
   1.176830E+00   7.253694E+02   2.262347E+03   3.266764E-01
   1.182266E+00   7.227444E+02   2.259442E+03   3.258618E-01
   1.187727E+00   7.196465E+02   2.256627E+03   3.249849E-01
   1.193213E+00   7.165385E+02   2.253775E+03   3.241142E-01
   1.198724E+00   7.134209E+02   2.250885E+03   3.232497E-01
   1.204261E+00   7.102941E+02   2.247959E+03   3.223913E-01
   1.209823E+00   7.071584E+02   2.244997E+03   3.215391E-01
   1.215411E+00   7.040140E+02   2.242000E+03   3.206929E-01
   1.221025E+00   7.008613E+02   2.238968E+03   3.198529E-01
   1.226665E+00   6.977008E+02   2.235902E+03   3.190189E-01
   1.232330E+00   6.945328E+02   2.232802E+03   3.181910E-01
   1.238022E+00   6.913580E+02   2.229669E+03   3.173693E-01
   1.243741E+00   6.881766E+02   2.226504E+03   3.165539E-01
   1.249485E+00   6.849892E+02   2.223307E+03   3.157447E-01
   1.255257E+00   6.818638E+02   2.219897E+03   3.149497E-01
   1.261054E+00   6.787409E+02   2.216439E+03   3.141618E-01
   1.266879E+00   6.756144E+02   2.212953E+03   3.133803E-01
   1.272731E+00   6.724846E+02   2.209439E+03   3.126051E-01
   1.278609E+00   6.693520E+02   2.205898E+03   3.118363E-01
   1.284515E+00   6.662166E+02   2.202329E+03   3.110737E-01
   1.290448E+00   6.630788E+02   2.198734E+03   3.103172E-01
   1.296408E+00   6.599385E+02   2.195113E+03   3.095665E-01
   1.302396E+00   6.567959E+02   2.191466E+03   3.088214E-01
   1.308412E+00   6.536513E+02   2.187793E+03   3.080818E-01
   1.314455E+00   6.505047E+02   2.184095E+03   3.073473E-01
   1.320527E+00   6.473566E+02   2.180373E+03   3.066181E-01
   1.326626E+00   6.442072E+02   2.176627E+03   3.058939E-01
   1.332754E+00   6.412151E+02   2.172838E+03   3.051972E-01
   1.338909E+00   6.384146E+02   2.169005E+03   3.045327E-01
   1.345094E+00   6.356112E+02   2.165151E+03   3.038725E-01
   1.351306E+00   6.328050E+02   2.161276E+03   3.032165E-01
   1.357548E+00   6.299961E+02   2.157382E+03   3.025647E-01
   1.363818E+00   6.271849E+02   2.153468E+03   3.019167E-01
   1.370118E+00   6.243715E+02   2.149535E+03   3.012727E-01
   1.376446E+00   6.215564E+02   2.145583E+03   3.006326E-01
   1.382804E+00   6.187400E+02   2.141613E+03   2.999964E-01
   1.389191E+00   6.159227E+02   2.137626E+03   2.993643E-01
   1.395607E+00   6.131046E+02   2.133621E+03   2.987361E-01
   1.402053E+00   6.102860E+02   2.129599E+03   2.981118E-01
   1.408529E+00   6.074670E+02   2.125561E+03   2.974913E-01
   1.415035E+00   6.046480E+02   2.121507E+03   2.968747E-01
   1.421571E+00   6.018291E+02   2.117438E+03   2.962618E-01
   1.428137E+00   5.990109E+02   2.113355E+03   2.956527E-01
   1.434733E+00   5.961628E+02   2.109150E+03   2.950406E-01
   1.441360E+00   5.933052E+02   2.104890E+03   2.944298E-01
   1.448018E+00   5.904508E+02   2.100617E+03   2.938232E-01
   1.454706E+00   5.875998E+02   2.096333E+03   2.932205E-01
   1.461425E+00   5.847526E+02   2.092038E+03   2.926220E-01
   1.468175E+00   5.819094E+02   2.087733E+03   2.920275E-01
   1.474956E+00   5.790706E+02   2.083416E+03   2.914373E-01
   1.481769E+00   5.762364E+02   2.079090E+03   2.908512E-01
   1.488613E+00   5.734071E+02   2.074753E+03   2.902692E-01
   1.495489E+00   5.705827E+02   2.070407E+03   2.896912E-01
   1.502396E+00   5.677632E+02   2.066052E+03   2.891171E-01
   1.509336E+00   5.649488E+02   2.061688E+03   2.885467E-01
   1.516307E+00   5.621395E+02   2.057315E+03   2.879798E-01
   1.523311E+00   5.593353E+02   2.052933E+03   2.874162E-01
   1.530347E+00   5.565366E+02   2.048543E+03   2.868559E-01
   1.537415E+00   5.537434E+02   2.044145E+03   2.862988E-01
   1.544516E+00   5.510670E+02   2.039701E+03   2.857596E-01
   1.551650E+00   5.484592E+02   2.035227E+03   2.852318E-01
   1.558817E+00   5.458562E+02   2.030747E+03   2.847068E-01
   1.566017E+00   5.432581E+02   2.026262E+03   2.841845E-01
   1.573250E+00   5.406650E+02   2.021771E+03   2.836647E-01
   1.580517E+00   5.380770E+02   2.017274E+03   2.831475E-01
   1.587817E+00   5.354942E+02   2.012772E+03   2.826327E-01
   1.595151E+00   5.329168E+02   2.008266E+03   2.821204E-01
   1.602519E+00   5.303450E+02   2.003755E+03   2.816105E-01
   1.609921E+00   5.277792E+02   1.999240E+03   2.811031E-01
   1.617357E+00   5.252194E+02   1.994721E+03   2.805982E-01
   1.624827E+00   5.226656E+02   1.990199E+03   2.800957E-01
   1.632332E+00   5.201179E+02   1.985673E+03   2.795956E-01
   1.639872E+00   5.175765E+02   1.981145E+03   2.790978E-01
   1.647446E+00   5.150414E+02   1.976614E+03   2.786022E-01
   1.655055E+00   5.125130E+02   1.972081E+03   2.781091E-01
   1.662700E+00   5.099913E+02   1.967547E+03   2.776184E-01
   1.670380E+00   5.074647E+02   1.963019E+03   2.771288E-01
   1.678095E+00   5.047143E+02   1.958656E+03   2.766157E-01
   1.685846E+00   5.019721E+02   1.954290E+03   2.761053E-01
   1.693633E+00   4.992385E+02   1.949920E+03   2.755977E-01
   1.701455E+00   4.965134E+02   1.945547E+03   2.750929E-01
   1.709314E+00   4.937973E+02   1.941172E+03   2.745908E-01
   1.717209E+00   4.910902E+02   1.936794E+03   2.740917E-01
   1.725141E+00   4.883923E+02   1.932413E+03   2.735955E-01
   1.733109E+00   4.857036E+02   1.928030E+03   2.731020E-01
   1.741114E+00   4.830242E+02   1.923645E+03   2.726113E-01
   1.749156E+00   4.803540E+02   1.919258E+03   2.721232E-01
   1.757235E+00   4.776931E+02   1.914869E+03   2.716376E-01
   1.765352E+00   4.750415E+02   1.910478E+03   2.711543E-01
   1.773506E+00   4.723992E+02   1.906085E+03   2.706733E-01
   1.781697E+00   4.697665E+02   1.901691E+03   2.701946E-01
   1.789927E+00   4.671433E+02   1.897295E+03   2.697180E-01
   1.798194E+00   4.645297E+02   1.892898E+03   2.692437E-01
   1.806500E+00   4.619259E+02   1.888500E+03   2.687714E-01
   1.814844E+00   4.593318E+02   1.884101E+03   2.683011E-01
   1.823226E+00   4.567786E+02   1.879656E+03   2.678347E-01
   1.831647E+00   4.542851E+02   1.875141E+03   2.673732E-01
   1.840108E+00   4.518015E+02   1.870627E+03   2.669135E-01
   1.848607E+00   4.493279E+02   1.866114E+03   2.664554E-01
   1.857145E+00   4.468645E+02   1.861603E+03   2.659991E-01
   1.865723E+00   4.444113E+02   1.857093E+03   2.655445E-01
   1.874341E+00   4.419684E+02   1.852584E+03   2.650916E-01
   1.882998E+00   4.395357E+02   1.848078E+03   2.646404E-01
   1.891696E+00   4.371133E+02   1.843573E+03   2.641908E-01
   1.900433E+00   4.347011E+02   1.839071E+03   2.637428E-01
   1.909211E+00   4.322992E+02   1.834572E+03   2.632964E-01
   1.918029E+00   4.299076E+02   1.830076E+03   2.628517E-01
   1.926888E+00   4.275266E+02   1.825582E+03   2.624087E-01
   1.935788E+00   4.251561E+02   1.821092E+03   2.619674E-01
   1.944730E+00   4.227962E+02   1.816605E+03   2.615280E-01
   1.953712E+00   4.204469E+02   1.812122E+03   2.610904E-01
   1.962736E+00   4.181083E+02   1.807643E+03   2.606545E-01
   1.971802E+00   4.157803E+02   1.803167E+03   2.602205E-01
   1.980909E+00   4.134632E+02   1.798696E+03   2.597884E-01
   1.990059E+00   4.111569E+02   1.794229E+03   2.593583E-01
   1.999251E+00   4.088615E+02   1.789767E+03   2.589301E-01
   2.008485E+00   4.069297E+02   1.785211E+03   2.585500E-01
   2.017762E+00   4.050365E+02   1.780653E+03   2.581755E-01
   2.027082E+00   4.031506E+02   1.776102E+03   2.578025E-01
   2.036445E+00   4.012720E+02   1.771557E+03   2.574308E-01
   2.045851E+00   3.994007E+02   1.767019E+03   2.570604E-01
   2.055300E+00   3.975365E+02   1.762487E+03   2.566912E-01
   2.064793E+00   3.956796E+02   1.757961E+03   2.563231E-01
   2.074330E+00   3.938300E+02   1.753442E+03   2.559561E-01
   2.083911E+00   3.919876E+02   1.748929E+03   2.555902E-01
   2.093537E+00   3.901525E+02   1.744423E+03   2.552254E-01
   2.103207E+00   3.883246E+02   1.739923E+03   2.548615E-01
   2.112921E+00   3.863851E+02   1.735488E+03   2.544853E-01
   2.122680E+00   3.841775E+02   1.731197E+03   2.540792E-01
   2.132485E+00   3.819800E+02   1.726908E+03   2.536742E-01
   2.142334E+00   3.797925E+02   1.722623E+03   2.532702E-01
   2.152230E+00   3.776151E+02   1.718342E+03   2.528674E-01
   2.162170E+00   3.754478E+02   1.714064E+03   2.524657E-01
   2.172157E+00   3.732906E+02   1.709790E+03   2.520650E-01
   2.182190E+00   3.711436E+02   1.705520E+03   2.516654E-01
   2.192269E+00   3.690067E+02   1.701254E+03   2.512668E-01
   2.202395E+00   3.668798E+02   1.696993E+03   2.508692E-01
   2.212568E+00   3.647630E+02   1.692736E+03   2.504727E-01
   2.222787E+00   3.625592E+02   1.688545E+03   2.500678E-01
   2.233054E+00   3.601074E+02   1.684520E+03   2.496394E-01
   2.243368E+00   3.576679E+02   1.680496E+03   2.492123E-01
   2.253730E+00   3.552407E+02   1.676474E+03   2.487867E-01
   2.264140E+00   3.528260E+02   1.672453E+03   2.483625E-01
   2.274598E+00   3.504235E+02   1.668434E+03   2.479398E-01
   2.285104E+00   3.480334E+02   1.664416E+03   2.475185E-01
   2.295658E+00   3.456558E+02   1.660401E+03   2.470987E-01
   2.306262E+00   3.432908E+02   1.656388E+03   2.466806E-01
   2.316914E+00   3.409383E+02   1.652377E+03   2.462640E-01
   2.327616E+00   3.385984E+02   1.648368E+03   2.458490E-01
   2.338367E+00   3.362711E+02   1.644361E+03   2.454355E-01
   2.349167E+00   3.339564E+02   1.640357E+03   2.450237E-01
   2.360018E+00   3.319509E+02   1.636173E+03   2.446407E-01
   2.370918E+00   3.299806E+02   1.631979E+03   2.442613E-01
   2.381869E+00   3.280206E+02   1.627791E+03   2.438831E-01
   2.392871E+00   3.260709E+02   1.623609E+03   2.435059E-01
   2.403923E+00   3.241316E+02   1.619432E+03   2.431298E-01
   2.415027E+00   3.222025E+02   1.615261E+03   2.427548E-01
   2.426181E+00   3.202837E+02   1.611096E+03   2.423807E-01
   2.437388E+00   3.183750E+02   1.606936E+03   2.420076E-01
   2.448646E+00   3.164766E+02   1.602782E+03   2.416353E-01
   2.459956E+00   3.145883E+02   1.598633E+03   2.412638E-01
   2.471318E+00   3.127100E+02   1.594490E+03   2.408932E-01
   2.482733E+00   3.108418E+02   1.590353E+03   2.405232E-01
   2.494200E+00   3.089836E+02   1.586222E+03   2.401539E-01
   2.505720E+00   3.070238E+02   1.582101E+03   2.397678E-01
   2.517294E+00   3.049628E+02   1.577993E+03   2.393649E-01
   2.528921E+00   3.029147E+02   1.573889E+03   2.389630E-01
   2.540602E+00   3.008794E+02   1.569790E+03   2.385620E-01
   2.552337E+00   2.988568E+02   1.565698E+03   2.381619E-01
   2.564126E+00   2.968468E+02   1.561610E+03   2.377628E-01
   2.575969E+00   2.948495E+02   1.557528E+03   2.373646E-01
   2.587867E+00   2.928647E+02   1.553453E+03   2.369673E-01
   2.599820E+00   2.908925E+02   1.549383E+03   2.365712E-01
   2.611828E+00   2.889328E+02   1.545319E+03   2.361760E-01
   2.623892E+00   2.869855E+02   1.541262E+03   2.357820E-01
   2.636011E+00   2.850507E+02   1.537210E+03   2.353891E-01
   2.648187E+00   2.831282E+02   1.533165E+03   2.349973E-01
   2.660419E+00   2.812181E+02   1.529127E+03   2.346067E-01
   2.672707E+00   2.793550E+02   1.525094E+03   2.342230E-01
   2.685052E+00   2.776261E+02   1.521064E+03   2.338603E-01
   2.697454E+00   2.759074E+02   1.517040E+03   2.334986E-01
   2.709913E+00   2.741987E+02   1.513024E+03   2.331380E-01
   2.722429E+00   2.725000E+02   1.509015E+03   2.327783E-01
   2.735004E+00   2.708114E+02   1.505013E+03   2.324197E-01
   2.747637E+00   2.691326E+02   1.501017E+03   2.320620E-01
   2.760328E+00   2.674638E+02   1.497029E+03   2.317052E-01
   2.773077E+00   2.658048E+02   1.493047E+03   2.313492E-01
   2.785886E+00   2.641556E+02   1.489073E+03   2.309941E-01
   2.798753E+00   2.625161E+02   1.485105E+03   2.306398E-01
   2.811681E+00   2.608864E+02   1.481144E+03   2.302862E-01
   2.824667E+00   2.592662E+02   1.477189E+03   2.299332E-01
   2.837714E+00   2.576557E+02   1.473241E+03   2.295810E-01
   2.850821E+00   2.560547E+02   1.469300E+03   2.292293E-01
   2.863989E+00   2.544502E+02   1.465369E+03   2.288763E-01
   2.877217E+00   2.528254E+02   1.461449E+03   2.285196E-01
   2.890507E+00   2.512104E+02   1.457536E+03   2.281635E-01
   2.903858E+00   2.496053E+02   1.453630E+03   2.278078E-01
   2.917270E+00   2.480100E+02   1.449730E+03   2.274527E-01
   2.930745E+00   2.464244E+02   1.445837E+03   2.270979E-01
   2.944281E+00   2.448485E+02   1.441950E+03   2.267437E-01
   2.957881E+00   2.432823E+02   1.438071E+03   2.263899E-01
   2.971543E+00   2.417256E+02   1.434198E+03   2.260365E-01
   2.985268E+00   2.401784E+02   1.430332E+03   2.256836E-01
   2.999057E+00   2.386408E+02   1.426473E+03   2.253311E-01
   3.012909E+00   2.371126E+02   1.422621E+03   2.249792E-01
   3.026825E+00   2.355938E+02   1.418776E+03   2.246278E-01
   3.040806E+00   2.340844E+02   1.414939E+03   2.242770E-01
   3.054851E+00   2.325844E+02   1.411109E+03   2.239268E-01
   3.068961E+00   2.310936E+02   1.407286E+03   2.235772E-01
   3.083136E+00   2.296051E+02   1.403471E+03   2.232273E-01
   3.097376E+00   2.281012E+02   1.399667E+03   2.228742E-01
   3.111683E+00   2.266070E+02   1.395870E+03   2.225220E-01
   3.126055E+00   2.251223E+02   1.392081E+03   2.221706E-01
   3.140494E+00   2.236471E+02   1.388299E+03   2.218199E-01
   3.155000E+00   2.221814E+02   1.384524E+03   2.214701E-01
   3.169572E+00   2.207251E+02   1.380757E+03   2.211211E-01
   3.184212E+00   2.192782E+02   1.376997E+03   2.207729E-01
   3.198920E+00   2.178406E+02   1.373244E+03   2.204254E-01
   3.213695E+00   2.164122E+02   1.369499E+03   2.200786E-01
   3.228539E+00   2.149931E+02   1.365760E+03   2.197325E-01
   3.243451E+00   2.135830E+02   1.362029E+03   2.193870E-01
   3.258432E+00   2.121821E+02   1.358305E+03   2.190421E-01
   3.273482E+00   2.107902E+02   1.354587E+03   2.186977E-01
   3.288602E+00   2.094073E+02   1.350877E+03   2.183538E-01
   3.303792E+00   2.080332E+02   1.347174E+03   2.180104E-01
   3.319052E+00   2.066681E+02   1.343478E+03   2.176674E-01
   3.334382E+00   2.052826E+02   1.339800E+03   2.173218E-01
   3.349783E+00   2.038335E+02   1.336159E+03   2.169692E-01
   3.365255E+00   2.023942E+02   1.332523E+03   2.166170E-01
   3.380799E+00   2.009645E+02   1.328894E+03   2.162652E-01
   3.396414E+00   1.995445E+02   1.325271E+03   2.159137E-01
   3.412102E+00   1.981341E+02   1.321655E+03   2.155625E-01
   3.427862E+00   1.967333E+02   1.318044E+03   2.152116E-01
   3.443695E+00   1.953418E+02   1.314440E+03   2.148610E-01
   3.459601E+00   1.939599E+02   1.310843E+03   2.145108E-01
   3.475580E+00   1.925872E+02   1.307252E+03   2.141609E-01
   3.491634E+00   1.912239E+02   1.303667E+03   2.138113E-01
   3.507761E+00   1.898699E+02   1.300090E+03   2.134621E-01
   3.523963E+00   1.885251E+02   1.296518E+03   2.131134E-01
   3.540240E+00   1.871894E+02   1.292954E+03   2.127651E-01
   3.556592E+00   1.858629E+02   1.289397E+03   2.124173E-01
   3.573019E+00   1.845455E+02   1.285846E+03   2.120700E-01
   3.589523E+00   1.832371E+02   1.282303E+03   2.117232E-01
   3.606102E+00   1.819377E+02   1.278766E+03   2.113771E-01
   3.622758E+00   1.806473E+02   1.275236E+03   2.110316E-01
   3.639491E+00   1.793657E+02   1.271714E+03   2.106867E-01
   3.656302E+00   1.780771E+02   1.268181E+03   2.103358E-01
   3.673190E+00   1.767971E+02   1.264655E+03   2.099854E-01
   3.690156E+00   1.755262E+02   1.261136E+03   2.096356E-01
   3.707200E+00   1.742644E+02   1.257625E+03   2.092866E-01
   3.724323E+00   1.730116E+02   1.254120E+03   2.089381E-01
   3.741525E+00   1.717678E+02   1.250622E+03   2.085903E-01
   3.758807E+00   1.705329E+02   1.247132E+03   2.082430E-01
   3.776169E+00   1.693067E+02   1.243648E+03   2.078963E-01
   3.793610E+00   1.680894E+02   1.240171E+03   2.075500E-01
   3.811132E+00   1.668808E+02   1.236701E+03   2.072041E-01
   3.828736E+00   1.656808E+02   1.233238E+03   2.068587E-01
   3.846420E+00   1.644893E+02   1.229781E+03   2.065136E-01
   3.864186E+00   1.633064E+02   1.226331E+03   2.061688E-01
   3.882034E+00   1.621320E+02   1.222888E+03   2.058242E-01
   3.899965E+00   1.609659E+02   1.219452E+03   2.054799E-01
   3.917978E+00   1.598082E+02   1.216022E+03   2.051358E-01
   3.936075E+00   1.586587E+02   1.212599E+03   2.047918E-01
   3.954255E+00   1.575175E+02   1.209183E+03   2.044480E-01
   3.972520E+00   1.563844E+02   1.205774E+03   2.041043E-01
   3.990868E+00   1.552594E+02   1.202372E+03   2.037608E-01
   4.009301E+00   1.541119E+02   1.198982E+03   2.034131E-01
   4.027820E+00   1.529429E+02   1.195605E+03   2.030613E-01
   4.046424E+00   1.517826E+02   1.192235E+03   2.027097E-01
   4.065114E+00   1.506311E+02   1.188872E+03   2.023585E-01
   4.083890E+00   1.494881E+02   1.185515E+03   2.020075E-01
   4.102753E+00   1.483538E+02   1.182165E+03   2.016568E-01
   4.121703E+00   1.472280E+02   1.178822E+03   2.013065E-01
   4.140741E+00   1.461106E+02   1.175486E+03   2.009565E-01
   4.159866E+00   1.450016E+02   1.172157E+03   2.006070E-01
   4.179080E+00   1.439010E+02   1.168835E+03   2.002580E-01
   4.198383E+00   1.428088E+02   1.165520E+03   1.999094E-01
   4.217775E+00   1.417247E+02   1.162212E+03   1.995614E-01
   4.237256E+00   1.406489E+02   1.158911E+03   1.992139E-01
   4.256828E+00   1.395812E+02   1.155618E+03   1.988669E-01
   4.276489E+00   1.385216E+02   1.152331E+03   1.985204E-01
   4.296242E+00   1.374701E+02   1.149051E+03   1.981744E-01
   4.316086E+00   1.364265E+02   1.145778E+03   1.978290E-01
   4.336021E+00   1.353908E+02   1.142511E+03   1.974840E-01
   4.356049E+00   1.343630E+02   1.139252E+03   1.971394E-01
   4.376169E+00   1.333429E+02   1.135999E+03   1.967952E-01
   4.396382E+00   1.323307E+02   1.132754E+03   1.964514E-01
   4.416688E+00   1.313261E+02   1.129514E+03   1.961079E-01
   4.437088E+00   1.303291E+02   1.126282E+03   1.957646E-01
   4.457583E+00   1.293364E+02   1.123055E+03   1.954209E-01
   4.478172E+00   1.283508E+02   1.119836E+03   1.950771E-01
   4.498856E+00   1.273727E+02   1.116622E+03   1.947335E-01
   4.519635E+00   1.264021E+02   1.113415E+03   1.943901E-01
   4.540511E+00   1.254388E+02   1.110215E+03   1.940467E-01
   4.561483E+00   1.244829E+02   1.107021E+03   1.937033E-01
   4.582552E+00   1.235342E+02   1.103834E+03   1.933600E-01
   4.603718E+00   1.225928E+02   1.100654E+03   1.930166E-01
   4.624982E+00   1.216586E+02   1.097480E+03   1.926733E-01
   4.646345E+00   1.207314E+02   1.094312E+03   1.923299E-01
   4.667805E+00   1.198113E+02   1.091152E+03   1.919865E-01
   4.689365E+00   1.188982E+02   1.087997E+03   1.916432E-01
   4.711025E+00   1.179921E+02   1.084850E+03   1.912998E-01
   4.732785E+00   1.170929E+02   1.081710E+03   1.909565E-01
   4.754645E+00   1.162006E+02   1.078576E+03   1.906133E-01
   4.776606E+00   1.153150E+02   1.075449E+03   1.902701E-01
   4.798668E+00   1.144363E+02   1.072329E+03   1.899271E-01
   4.820833E+00   1.135642E+02   1.069216E+03   1.895843E-01
   4.843100E+00   1.126988E+02   1.066110E+03   1.892416E-01
   4.865469E+00   1.118401E+02   1.063011E+03   1.888992E-01
   4.887942E+00   1.109879E+02   1.059919E+03   1.885571E-01
   4.910519E+00   1.101423E+02   1.056833E+03   1.882153E-01
   4.933200E+00   1.093032E+02   1.053755E+03   1.878737E-01
   4.955986E+00   1.084705E+02   1.050684E+03   1.875325E-01
   4.978877E+00   1.076442E+02   1.047620E+03   1.871915E-01
   5.001874E+00   1.068181E+02   1.044563E+03   1.868500E-01
   5.024977E+00   1.059286E+02   1.041527E+03   1.864986E-01
   5.048187E+00   1.050464E+02   1.038497E+03   1.861476E-01
   5.071504E+00   1.041716E+02   1.035473E+03   1.857969E-01
   5.094928E+00   1.033040E+02   1.032456E+03   1.854464E-01
   5.118461E+00   1.024435E+02   1.029445E+03   1.850963E-01
   5.142103E+00   1.015902E+02   1.026440E+03   1.847463E-01
   5.165854E+00   1.007440E+02   1.023441E+03   1.843964E-01
   5.189714E+00   9.990480E+01   1.020449E+03   1.840467E-01
   5.213685E+00   9.907254E+01   1.017463E+03   1.836970E-01
   5.237766E+00   9.824716E+01   1.014483E+03   1.833473E-01
   5.261959E+00   9.742862E+01   1.011509E+03   1.829977E-01
   5.286263E+00   9.661686E+01   1.008541E+03   1.826479E-01
   5.310680E+00   9.581182E+01   1.005579E+03   1.822981E-01
   5.335209E+00   9.501345E+01   1.002623E+03   1.819482E-01
   5.359852E+00   9.422170E+01   9.996735E+02   1.815982E-01
   5.384608E+00   9.343650E+01   9.967300E+02   1.812481E-01
   5.409479E+00   9.265781E+01   9.937928E+02   1.808978E-01
   5.434465E+00   9.188558E+01   9.908617E+02   1.805473E-01
   5.459566E+00   9.111975E+01   9.879369E+02   1.801968E-01
   5.484783E+00   9.036027E+01   9.850184E+02   1.798461E-01
   5.510116E+00   8.960710E+01   9.821062E+02   1.794954E-01
   5.535567E+00   8.886019E+01   9.792004E+02   1.791446E-01
   5.561135E+00   8.811948E+01   9.763010E+02   1.787938E-01
   5.586821E+00   8.738494E+01   9.734080E+02   1.784431E-01
   5.612626E+00   8.665651E+01   9.705214E+02   1.780923E-01
   5.638550E+00   8.593414E+01   9.676414E+02   1.777417E-01
   5.664594E+00   8.521780E+01   9.647678E+02   1.773911E-01
   5.690758E+00   8.450743E+01   9.619007E+02   1.770407E-01
   5.717043E+00   8.384288E+01   9.590254E+02   1.766936E-01
   5.743449E+00   8.329222E+01   9.561168E+02   1.763552E-01
   5.769977E+00   8.274544E+01   9.532158E+02   1.760168E-01
   5.796628E+00   8.220253E+01   9.503223E+02   1.756785E-01
   5.823402E+00   8.166346E+01   9.474362E+02   1.753402E-01
   5.850300E+00   8.112819E+01   9.445575E+02   1.750018E-01
   5.877322E+00   8.059670E+01   9.416861E+02   1.746635E-01
   5.904468E+00   8.006894E+01   9.388220E+02   1.743252E-01
   5.931740E+00   7.954491E+01   9.359652E+02   1.739867E-01
   5.959138E+00   7.902455E+01   9.331155E+02   1.736482E-01
   5.986663E+00   7.850785E+01   9.302729E+02   1.733094E-01
   6.014314E+00   7.799477E+01   9.274374E+02   1.729705E-01
   6.042094E+00   7.748528E+01   9.246088E+02   1.726313E-01
   6.070001E+00   7.697935E+01   9.217873E+02   1.722919E-01
   6.098038E+00   7.647696E+01   9.189727E+02   1.719521E-01
   6.126204E+00   7.597807E+01   9.161649E+02   1.716120E-01
   6.154500E+00   7.548265E+01   9.133641E+02   1.712714E-01
   6.182927E+00   7.499068E+01   9.105701E+02   1.709304E-01
   6.211485E+00   7.450213E+01   9.077830E+02   1.705890E-01
   6.240175E+00   7.401697E+01   9.050026E+02   1.702471E-01
   6.268998E+00   7.353518E+01   9.022292E+02   1.699047E-01
   6.297954E+00   7.305672E+01   8.994626E+02   1.695618E-01
   6.327043E+00   7.258157E+01   8.967028E+02   1.692185E-01
   6.356267E+00   7.210971E+01   8.939499E+02   1.688747E-01
   6.385626E+00   7.164112E+01   8.912040E+02   1.685305E-01
   6.415120E+00   7.117577E+01   8.884649E+02   1.681859E-01
   6.444751E+00   7.071363E+01   8.857328E+02   1.678409E-01
   6.474518E+00   7.025468E+01   8.830076E+02   1.674955E-01
   6.504423E+00   6.979891E+01   8.802893E+02   1.671498E-01
   6.534467E+00   6.934629E+01   8.775781E+02   1.668039E-01
   6.564648E+00   6.889679E+01   8.748738E+02   1.664577E-01
   6.594970E+00   6.845040E+01   8.721764E+02   1.661113E-01
   6.625431E+00   6.800709E+01   8.694860E+02   1.657646E-01
   6.656033E+00   6.756684E+01   8.668025E+02   1.654178E-01
   6.686777E+00   6.716787E+01   8.641157E+02   1.650749E-01
   6.717662E+00   6.680321E+01   8.614276E+02   1.647353E-01
   6.748690E+00   6.644075E+01   8.587466E+02   1.643955E-01
   6.779861E+00   6.608048E+01   8.560728E+02   1.640553E-01
   6.811177E+00   6.572238E+01   8.534059E+02   1.637149E-01
   6.842637E+00   6.536644E+01   8.507461E+02   1.633742E-01
   6.874242E+00   6.501265E+01   8.480932E+02   1.630332E-01
   6.905993E+00   6.466098E+01   8.454472E+02   1.626918E-01
   6.937891E+00   6.431142E+01   8.428081E+02   1.623501E-01
   6.969936E+00   6.396395E+01   8.401757E+02   1.620079E-01
   7.002130E+00   6.361857E+01   8.375500E+02   1.616652E-01
   7.034472E+00   6.327524E+01   8.349311E+02   1.613221E-01
   7.066963E+00   6.293397E+01   8.323188E+02   1.609783E-01
   7.099605E+00   6.259472E+01   8.297131E+02   1.606340E-01
   7.132397E+00   6.225749E+01   8.271140E+02   1.602891E-01
   7.165340E+00   6.192226E+01   8.245214E+02   1.599435E-01
   7.198436E+00   6.158901E+01   8.219353E+02   1.595972E-01
   7.231685E+00   6.125774E+01   8.193557E+02   1.592502E-01
   7.265087E+00   6.092842E+01   8.167827E+02   1.589024E-01
   7.298644E+00   6.060103E+01   8.142161E+02   1.585539E-01
   7.332355E+00   6.027558E+01   8.116560E+02   1.582046E-01
   7.366222E+00   5.995204E+01   8.091024E+02   1.578546E-01
   7.400246E+00   5.963040E+01   8.065554E+02   1.575039E-01
   7.434427E+00   5.931065E+01   8.040148E+02   1.571524E-01
   7.468766E+00   5.899278E+01   8.014808E+02   1.568002E-01
   7.503263E+00   5.867677E+01   7.989533E+02   1.564474E-01
   7.537920E+00   5.836262E+01   7.964324E+02   1.560940E-01
   7.572736E+00   5.805030E+01   7.939181E+02   1.557400E-01
   7.607714E+00   5.773982E+01   7.914104E+02   1.553854E-01
   7.642853E+00   5.743116E+01   7.889092E+02   1.550303E-01
   7.678154E+00   5.712431E+01   7.864145E+02   1.546747E-01
   7.713619E+00   5.681925E+01   7.839265E+02   1.543187E-01
   7.749247E+00   5.651599E+01   7.814449E+02   1.539622E-01
   7.785040E+00   5.621450E+01   7.789698E+02   1.536052E-01
   7.820998E+00   5.591477E+01   7.765013E+02   1.532479E-01
   7.857122E+00   5.561679E+01   7.740391E+02   1.528900E-01
   7.893413E+00   5.532056E+01   7.715833E+02   1.525318E-01
   7.929872E+00   5.502606E+01   7.691338E+02   1.521730E-01
   7.966499E+00   5.473327E+01   7.666907E+02   1.518138E-01
   8.003295E+00   5.443998E+01   7.642546E+02   1.514540E-01
   8.040262E+00   5.412593E+01   7.618336E+02   1.510929E-01
   8.077399E+00   5.381383E+01   7.594185E+02   1.507312E-01
   8.114707E+00   5.350363E+01   7.570093E+02   1.503688E-01
   8.152188E+00   5.319535E+01   7.546061E+02   1.500058E-01
   8.189842E+00   5.288895E+01   7.522087E+02   1.496421E-01
   8.227670E+00   5.258443E+01   7.498172E+02   1.492776E-01
   8.265672E+00   5.228177E+01   7.474314E+02   1.489124E-01
   8.303850E+00   5.198096E+01   7.450514E+02   1.485463E-01
   8.342205E+00   5.168199E+01   7.426772E+02   1.481793E-01
   8.380737E+00   5.138484E+01   7.403087E+02   1.478114E-01
   8.419446E+00   5.108949E+01   7.379459E+02   1.474427E-01
   8.458335E+00   5.079595E+01   7.355888E+02   1.470730E-01
   8.497403E+00   5.050418E+01   7.332375E+02   1.467024E-01
   8.536651E+00   5.021419E+01   7.308919E+02   1.463308E-01
   8.576081E+00   4.992596E+01   7.285521E+02   1.459584E-01
   8.615693E+00   4.963948E+01   7.262180E+02   1.455850E-01
   8.655487E+00   4.935473E+01   7.238896E+02   1.452107E-01
   8.695466E+00   4.907171E+01   7.215670E+02   1.448355E-01
   8.735629E+00   4.879041E+01   7.192502E+02   1.444595E-01
   8.775978E+00   4.851081E+01   7.169392E+02   1.440827E-01
   8.816513E+00   4.823290E+01   7.146340E+02   1.437051E-01
   8.857236E+00   4.795668E+01   7.123346E+02   1.433268E-01
   8.898146E+00   4.768214E+01   7.100410E+02   1.429477E-01
   8.939246E+00   4.740925E+01   7.077531E+02   1.425679E-01
   8.980535E+00   4.713802E+01   7.054710E+02   1.421875E-01
   9.022015E+00   4.686844E+01   7.031947E+02   1.418063E-01
   9.063686E+00   4.660048E+01   7.009241E+02   1.414246E-01
   9.105550E+00   4.633415E+01   6.986592E+02   1.410421E-01
   9.147608E+00   4.606943E+01   6.964000E+02   1.406590E-01
   9.189860E+00   4.580632E+01   6.941465E+02   1.402752E-01
   9.232306E+00   4.554479E+01   6.918985E+02   1.398907E-01
   9.274949E+00   4.528484E+01   6.896561E+02   1.395055E-01
   9.317789E+00   4.502647E+01   6.874193E+02   1.391196E-01
   9.360827E+00   4.476965E+01   6.851879E+02   1.387329E-01
   9.404063E+00   4.451437E+01   6.829620E+02   1.383454E-01
   9.447500E+00   4.426064E+01   6.807415E+02   1.379570E-01
   9.491136E+00   4.400843E+01   6.785263E+02   1.375678E-01
   9.534975E+00   4.375773E+01   6.763165E+02   1.371776E-01
   9.579016E+00   4.350854E+01   6.741120E+02   1.367865E-01
   9.623260E+00   4.326084E+01   6.719128E+02   1.363943E-01
   9.667709E+00   4.301463E+01   6.697189E+02   1.360012E-01
   9.712362E+00   4.276988E+01   6.675302E+02   1.356069E-01
   9.757223E+00   4.252660E+01   6.653468E+02   1.352116E-01
   9.802290E+00   4.228477E+01   6.631685E+02   1.348152E-01
   9.847566E+00   4.204439E+01   6.609955E+02   1.344176E-01
   9.893050E+00   4.180543E+01   6.588278E+02   1.340189E-01
   9.938745E+00   4.156790E+01   6.566652E+02   1.336191E-01
   9.984651E+00   4.133179E+01   6.545079E+02   1.332181E-01
   1.003077E+01   4.114166E+01   6.523424E+02   1.328185E-01
   1.007710E+01   4.097470E+01   6.501758E+02   1.324191E-01
   1.012364E+01   4.080850E+01   6.480148E+02   1.320184E-01
   1.017040E+01   4.064306E+01   6.458592E+02   1.316167E-01
   1.021738E+01   4.047837E+01   6.437092E+02   1.312138E-01
   1.026457E+01   4.031442E+01   6.415648E+02   1.308099E-01
   1.031198E+01   4.015123E+01   6.394259E+02   1.304049E-01
   1.035961E+01   3.998877E+01   6.372925E+02   1.299989E-01
   1.040746E+01   3.982705E+01   6.351647E+02   1.295918E-01
   1.045553E+01   3.966607E+01   6.330423E+02   1.291838E-01
   1.050383E+01   3.950582E+01   6.309255E+02   1.287747E-01
   1.055234E+01   3.934629E+01   6.288141E+02   1.283647E-01
   1.060108E+01   3.918749E+01   6.267083E+02   1.279537E-01
   1.065005E+01   3.902941E+01   6.246078E+02   1.275418E-01
   1.069924E+01   3.887204E+01   6.225128E+02   1.271289E-01
   1.074866E+01   3.871539E+01   6.204231E+02   1.267150E-01
   1.079830E+01   3.855944E+01   6.183388E+02   1.263001E-01
   1.084818E+01   3.840419E+01   6.162598E+02   1.258842E-01
   1.089829E+01   3.824965E+01   6.141860E+02   1.254673E-01
   1.094862E+01   3.809580E+01   6.121176E+02   1.250494E-01
   1.099920E+01   3.794264E+01   6.100543E+02   1.246303E-01
   1.105000E+01   3.779017E+01   6.079962E+02   1.242101E-01
   1.110104E+01   3.763891E+01   6.059433E+02   1.237890E-01
   1.115231E+01   3.751350E+01   6.038982E+02   1.233748E-01
   1.120382E+01   3.738856E+01   6.018582E+02   1.229594E-01
   1.125557E+01   3.726409E+01   5.998231E+02   1.225426E-01
   1.130756E+01   3.714006E+01   5.977931E+02   1.221244E-01
   1.135979E+01   3.701650E+01   5.957679E+02   1.217049E-01
   1.141226E+01   3.689338E+01   5.937477E+02   1.212839E-01
   1.146497E+01   3.677072E+01   5.917325E+02   1.208615E-01
   1.151793E+01   3.664850E+01   5.897221E+02   1.204376E-01
   1.157112E+01   3.652673E+01   5.877167E+02   1.200122E-01
   1.162457E+01   3.640540E+01   5.857161E+02   1.195853E-01
   1.167826E+01   3.628451E+01   5.837205E+02   1.191569E-01
   1.173220E+01   3.616406E+01   5.817298E+02   1.187271E-01
   1.178639E+01   3.604405E+01   5.797439E+02   1.182957E-01
   1.184083E+01   3.592447E+01   5.777630E+02   1.178629E-01
   1.189552E+01   3.580533E+01   5.757870E+02   1.174287E-01
   1.195047E+01   3.568662E+01   5.738159E+02   1.169930E-01
   1.200567E+01   3.556833E+01   5.718497E+02   1.165559E-01
   1.206112E+01   3.545048E+01   5.698884E+02   1.161174E-01
   1.211683E+01   3.533305E+01   5.679321E+02   1.156775E-01
   1.217279E+01   3.521605E+01   5.659806E+02   1.152363E-01
   1.222902E+01   3.509947E+01   5.640340E+02   1.147937E-01
   1.228550E+01   3.498332E+01   5.620923E+02   1.143498E-01
   1.234225E+01   3.486759E+01   5.601555E+02   1.139046E-01
   1.239926E+01   3.475227E+01   5.582236E+02   1.134581E-01
   1.245653E+01   3.463737E+01   5.562965E+02   1.130103E-01
   1.251406E+01   3.452700E+01   5.543739E+02   1.125620E-01
   1.257186E+01   3.442969E+01   5.524555E+02   1.121152E-01
   1.262993E+01   3.433267E+01   5.505417E+02   1.116670E-01
   1.268827E+01   3.423596E+01   5.486328E+02   1.112174E-01
   1.274687E+01   3.413954E+01   5.467285E+02   1.107664E-01
   1.280575E+01   3.404341E+01   5.448290E+02   1.103141E-01
   1.286490E+01   3.394757E+01   5.429340E+02   1.098603E-01
   1.292432E+01   3.385203E+01   5.410438E+02   1.094050E-01
   1.298401E+01   3.375677E+01   5.391581E+02   1.089482E-01
   1.304398E+01   3.366181E+01   5.372770E+02   1.084899E-01
   1.310423E+01   3.356712E+01   5.354004E+02   1.080301E-01
   1.316476E+01   3.347273E+01   5.335284E+02   1.075687E-01
   1.322557E+01   3.337861E+01   5.316609E+02   1.071056E-01
   1.328665E+01   3.328478E+01   5.297979E+02   1.066409E-01
   1.334802E+01   3.319123E+01   5.279394E+02   1.061745E-01
   1.340968E+01   3.309795E+01   5.260853E+02   1.057064E-01
   1.347161E+01   3.300495E+01   5.242357E+02   1.052366E-01
   1.353384E+01   3.291223E+01   5.223905E+02   1.047650E-01
   1.359635E+01   3.281979E+01   5.205498E+02   1.042917E-01
   1.365915E+01   3.272761E+01   5.187135E+02   1.038166E-01
   1.372224E+01   3.263571E+01   5.168816E+02   1.033398E-01
   1.378562E+01   3.254408E+01   5.150541E+02   1.028612E-01
   1.384929E+01   3.245272E+01   5.132311E+02   1.023808E-01
   1.391326E+01   3.236163E+01   5.114124E+02   1.018986E-01
   1.397753E+01   3.227081E+01   5.095982E+02   1.014147E-01
   1.404209E+01   3.218025E+01   5.077884E+02   1.009290E-01
   1.410694E+01   3.208996E+01   5.059830E+02   1.004416E-01
   1.417210E+01   3.199994E+01   5.041820E+02   9.995237E-02
   1.423756E+01   3.191018E+01   5.023854E+02   9.946143E-02
   1.430332E+01   3.181950E+01   5.005934E+02   9.896874E-02
   1.436939E+01   3.170680E+01   4.988119E+02   9.847390E-02
   1.443576E+01   3.159451E+01   4.970347E+02   9.797735E-02
   1.450244E+01   3.148264E+01   4.952617E+02   9.747908E-02
   1.456942E+01   3.137118E+01   4.934930E+02   9.697909E-02
   1.463672E+01   3.126014E+01   4.917285E+02   9.647739E-02
   1.470432E+01   3.114950E+01   4.899683E+02   9.597397E-02
   1.477224E+01   3.103928E+01   4.882124E+02   9.546883E-02
   1.484047E+01   3.092946E+01   4.864606E+02   9.496195E-02
   1.490902E+01   3.082005E+01   4.847131E+02   9.445334E-02
   1.497788E+01   3.071104E+01   4.829697E+02   9.394298E-02
   1.504706E+01   3.060243E+01   4.812305E+02   9.343085E-02
   1.511656E+01   3.049423E+01   4.794954E+02   9.291695E-02
   1.518638E+01   3.038642E+01   4.777645E+02   9.240127E-02
   1.525653E+01   3.027901E+01   4.760377E+02   9.188378E-02
   1.532699E+01   3.017200E+01   4.743150E+02   9.136448E-02
   1.539779E+01   3.006538E+01   4.725964E+02   9.084334E-02
   1.546891E+01   2.995915E+01   4.708818E+02   9.032035E-02
   1.554036E+01   2.985331E+01   4.691714E+02   8.979549E-02
   1.561214E+01   2.974786E+01   4.674649E+02   8.926876E-02
   1.568425E+01   2.964279E+01   4.657625E+02   8.874013E-02
   1.575669E+01   2.953811E+01   4.640641E+02   8.820958E-02
   1.582947E+01   2.943382E+01   4.623697E+02   8.767711E-02
   1.590258E+01   2.932990E+01   4.606793E+02   8.714270E-02
   1.597603E+01   2.922637E+01   4.589929E+02   8.660633E-02
   1.604983E+01   2.912321E+01   4.573104E+02   8.606799E-02
   1.612396E+01   2.902044E+01   4.556319E+02   8.552766E-02
   1.619843E+01   2.891803E+01   4.539574E+02   8.498535E-02
   1.627325E+01   2.881600E+01   4.522867E+02   8.444102E-02
   1.634841E+01   2.871434E+01   4.506200E+02   8.389467E-02
   1.642393E+01   2.861306E+01   4.489572E+02   8.334628E-02
   1.649979E+01   2.851214E+01   4.472983E+02   8.279585E-02
   1.657600E+01   2.841159E+01   4.456433E+02   8.224336E-02
   1.665256E+01   2.831140E+01   4.439921E+02   8.168879E-02
   1.672948E+01   2.820673E+01   4.423450E+02   8.113099E-02
   1.680675E+01   2.809467E+01   4.407021E+02   8.056926E-02
   1.688438E+01   2.798307E+01   4.390630E+02   8.000543E-02
   1.696236E+01   2.787193E+01   4.374278E+02   7.943949E-02
   1.704071E+01   2.776125E+01   4.357963E+02   7.887142E-02
   1.711942E+01   2.765102E+01   4.341687E+02   7.830121E-02
   1.719849E+01   2.754125E+01   4.325449E+02   7.772884E-02
   1.727793E+01   2.743193E+01   4.309249E+02   7.715429E-02
   1.735773E+01   2.732306E+01   4.293086E+02   7.657755E-02
   1.743791E+01   2.721464E+01   4.276961E+02   7.599860E-02
   1.751845E+01   2.710667E+01   4.260874E+02   7.541743E-02
   1.759936E+01   2.699913E+01   4.244824E+02   7.483401E-02
   1.768065E+01   2.689204E+01   4.228811E+02   7.424834E-02
   1.776232E+01   2.678539E+01   4.212836E+02   7.366040E-02
   1.784436E+01   2.667917E+01   4.196898E+02   7.307018E-02
   1.792678E+01   2.657339E+01   4.180998E+02   7.247765E-02
   1.800958E+01   2.646805E+01   4.165134E+02   7.188281E-02
   1.809277E+01   2.636313E+01   4.149307E+02   7.128565E-02
   1.817634E+01   2.625865E+01   4.133517E+02   7.068615E-02
   1.826029E+01   2.615459E+01   4.117764E+02   7.008431E-02
   1.834463E+01   2.605096E+01   4.102048E+02   6.948012E-02
   1.842936E+01   2.594775E+01   4.086369E+02   6.887358E-02
   1.851449E+01   2.584497E+01   4.070726E+02   6.826466E-02
   1.860000E+01   2.574260E+01   4.055120E+02   6.765339E-02
   1.868591E+01   2.564065E+01   4.039551E+02   6.703974E-02
   1.877222E+01   2.553912E+01   4.024017E+02   6.642372E-02
   1.885893E+01   2.543800E+01   4.008521E+02   6.580533E-02
   1.894604E+01   2.533730E+01   3.993061E+02   6.518456E-02
   1.903354E+01   2.523701E+01   3.977637E+02   6.456143E-02
   1.912146E+01   2.513712E+01   3.962249E+02   6.393592E-02
   1.920978E+01   2.503765E+01   3.946898E+02   6.330805E-02
   1.929851E+01   2.493858E+01   3.931582E+02   6.267782E-02
   1.938764E+01   2.483991E+01   3.916303E+02   6.204522E-02
   1.947719E+01   2.474165E+01   3.901060E+02   6.141027E-02
   1.956715E+01   2.464378E+01   3.885853E+02   6.077296E-02
   1.965753E+01   2.454632E+01   3.870681E+02   6.013330E-02
   1.974833E+01   2.444925E+01   3.855545E+02   5.949128E-02
   1.983954E+01   2.435258E+01   3.840445E+02   5.884692E-02
   1.993118E+01   2.425630E+01   3.825380E+02   5.820019E-02
   2.002324E+01   2.415912E+01   3.810351E+02   5.755075E-02
   2.011573E+01   2.405852E+01   3.795358E+02   5.689789E-02
   2.020864E+01   2.395835E+01   3.780399E+02   5.624267E-02
   2.030198E+01   2.385861E+01   3.765476E+02   5.558508E-02
   2.039575E+01   2.375930E+01   3.750587E+02   5.492510E-02
   2.048996E+01   2.366042E+01   3.735733E+02   5.426273E-02
   2.058460E+01   2.356196E+01   3.720914E+02   5.359795E-02
   2.067967E+01   2.346393E+01   3.706129E+02   5.293074E-02
   2.077519E+01   2.336631E+01   3.691378E+02   5.226108E-02
   2.087115E+01   2.326911E+01   3.676661E+02   5.158894E-02
   2.096755E+01   2.317233E+01   3.661978E+02   5.091430E-02
   2.106440E+01   2.307597E+01   3.647329E+02   5.023712E-02
   2.116169E+01   2.298002E+01   3.632713E+02   4.955738E-02
   2.125943E+01   2.288447E+01   3.618131E+02   4.887505E-02
   2.135763E+01   2.278934E+01   3.603582E+02   4.819008E-02
   2.145628E+01   2.269461E+01   3.589066E+02   4.750244E-02
   2.155538E+01   2.260029E+01   3.574582E+02   4.681210E-02
   2.165494E+01   2.250637E+01   3.560131E+02   4.611900E-02
   2.175496E+01   2.241285E+01   3.545713E+02   4.542312E-02
   2.185545E+01   2.231973E+01   3.531328E+02   4.472441E-02
   2.195640E+01   2.222700E+01   3.516974E+02   4.402282E-02
   2.205781E+01   2.213467E+01   3.502653E+02   4.331832E-02
   2.215969E+01   2.204274E+01   3.488364E+02   4.261087E-02
   2.226204E+01   2.195565E+01   3.474105E+02   4.190145E-02
   2.236487E+01   2.187181E+01   3.459876E+02   4.118966E-02
   2.246817E+01   2.178830E+01   3.445679E+02   4.047478E-02
   2.257195E+01   2.170511E+01   3.431514E+02   3.975679E-02
   2.267621E+01   2.162225E+01   3.417381E+02   3.903564E-02
   2.278094E+01   2.153970E+01   3.403280E+02   3.831131E-02
   2.288617E+01   2.145748E+01   3.389210E+02   3.758377E-02
   2.299187E+01   2.137557E+01   3.375172E+02   3.685298E-02
   2.309807E+01   2.129399E+01   3.361165E+02   3.611894E-02
   2.320476E+01   2.121271E+01   3.347190E+02   3.538162E-02
   2.331194E+01   2.113175E+01   3.333247E+02   3.464100E-02
   2.341961E+01   2.105111E+01   3.319335E+02   3.389707E-02
   2.352779E+01   2.097078E+01   3.305456E+02   3.314982E-02
   2.363646E+01   2.089075E+01   3.291607E+02   3.239925E-02
   2.374563E+01   2.081104E+01   3.277791E+02   3.164534E-02
   2.385531E+01   2.073163E+01   3.264006E+02   3.088811E-02
   2.396549E+01   2.065254E+01   3.250253E+02   3.012755E-02
   2.407619E+01   2.057374E+01   3.236532E+02   2.936368E-02
   2.418739E+01   2.049526E+01   3.222842E+02   2.859649E-02
   2.429911E+01   2.041707E+01   3.209185E+02   2.782600E-02
   2.441135E+01   2.033919E+01   3.195559E+02   2.705222E-02
   2.452410E+01   2.026161E+01   3.181965E+02   2.627517E-02
   2.463737E+01   2.018433E+01   3.168403E+02   2.549486E-02
   2.475117E+01   2.010735E+01   3.154873E+02   2.471131E-02
   2.486549E+01   2.003066E+01   3.141375E+02   2.392454E-02
   2.498034E+01   1.995428E+01   3.127909E+02   2.313457E-02
   2.509572E+01   1.987222E+01   3.114476E+02   2.233990E-02
   2.521164E+01   1.978929E+01   3.101076E+02   2.154176E-02
   2.532809E+01   1.970672E+01   3.087707E+02   2.074049E-02
   2.544508E+01   1.962450E+01   3.074370E+02   1.993610E-02
   2.556260E+01   1.954262E+01   3.061065E+02   1.912860E-02
   2.568067E+01   1.946110E+01   3.047791E+02   1.831802E-02
   2.579929E+01   1.937992E+01   3.034549E+02   1.750437E-02
   2.591845E+01   1.929909E+01   3.021338E+02   1.668765E-02
   2.603817E+01   1.921860E+01   3.008158E+02   1.586788E-02
   2.615843E+01   1.913846E+01   2.995010E+02   1.504508E-02
   2.627926E+01   1.905866E+01   2.981893E+02   1.421923E-02
   2.640064E+01   1.897920E+01   2.968806E+02   1.339036E-02
   2.652258E+01   1.890007E+01   2.955751E+02   1.255846E-02
   2.664508E+01   1.882129E+01   2.942726E+02   1.172353E-02
   2.676815E+01   1.874284E+01   2.929732E+02   1.088557E-02
   2.689179E+01   1.866472E+01   2.916768E+02   1.004457E-02
   2.701600E+01   1.858694E+01   2.903834E+02   9.200536E-03
   2.714079E+01   1.850948E+01   2.890931E+02   8.353450E-03
   2.726615E+01   1.843236E+01   2.878058E+02   7.503303E-03
   2.739208E+01   1.835556E+01   2.865214E+02   6.650082E-03
   2.751861E+01   1.827909E+01   2.852400E+02   5.793771E-03
   2.764571E+01   1.820295E+01   2.839616E+02   4.934352E-03
   2.777340E+01   1.812713E+01   2.826861E+02   4.071807E-03
   2.790168E+01   1.805163E+01   2.814135E+02   3.206113E-03
   2.803056E+01   1.797645E+01   2.801438E+02   2.337248E-03
   2.816003E+01   1.790159E+01   2.788770E+02   1.465186E-03
   2.829010E+01   1.782705E+01   2.776130E+02   5.899012E-04
   2.842076E+01   1.775282E+01   2.763520E+02  -2.886349E-04
   2.855204E+01   1.767891E+01   2.750937E+02  -1.170452E-03
   2.868391E+01   1.761308E+01   2.738368E+02  -2.056171E-03
   2.881640E+01   1.755195E+01   2.725819E+02  -2.945574E-03
   2.894950E+01   1.749103E+01   2.713299E+02  -3.838358E-03
   2.908322E+01   1.743033E+01   2.700807E+02  -4.734557E-03
   2.921755E+01   1.736984E+01   2.688342E+02  -5.634208E-03
   2.935250E+01   1.730956E+01   2.675906E+02  -6.537345E-03
   2.948808E+01   1.724949E+01   2.663497E+02  -7.444007E-03
   2.962428E+01   1.718963E+01   2.651116E+02  -8.354231E-03
   2.976111E+01   1.712998E+01   2.638763E+02  -9.268055E-03
   2.989857E+01   1.707054E+01   2.626437E+02  -1.018552E-02
   3.003667E+01   1.701131E+01   2.614138E+02  -1.110666E-02
   3.017540E+01   1.695229E+01   2.601866E+02  -1.203152E-02
   3.031478E+01   1.689347E+01   2.589622E+02  -1.296014E-02
   3.045480E+01   1.683485E+01   2.577404E+02  -1.389255E-02
   3.059547E+01   1.677644E+01   2.565214E+02  -1.482880E-02
   3.073678E+01   1.671823E+01   2.553050E+02  -1.576893E-02
   3.087875E+01   1.666023E+01   2.540913E+02  -1.671297E-02
   3.102138E+01   1.660242E+01   2.528803E+02  -1.766097E-02
   3.116466E+01   1.654482E+01   2.516719E+02  -1.861297E-02
   3.130861E+01   1.648742E+01   2.504662E+02  -1.956900E-02
   3.145322E+01   1.643021E+01   2.492631E+02  -2.052910E-02
   3.159850E+01   1.637321E+01   2.480627E+02  -2.149331E-02
   3.174445E+01   1.631640E+01   2.468649E+02  -2.246167E-02
   3.189107E+01   1.625979E+01   2.456697E+02  -2.343422E-02
   3.203837E+01   1.620337E+01   2.444772E+02  -2.441100E-02
   3.218635E+01   1.614715E+01   2.432873E+02  -2.539203E-02
   3.233502E+01   1.609112E+01   2.421000E+02  -2.637737E-02
   3.248437E+01   1.603529E+01   2.409154E+02  -2.736703E-02
   3.263441E+01   1.597965E+01   2.397333E+02  -2.836107E-02
   3.278515E+01   1.592420E+01   2.385539E+02  -2.935951E-02
   3.293658E+01   1.586894E+01   2.373771E+02  -3.036239E-02
   3.308871E+01   1.581387E+01   2.362029E+02  -3.136975E-02
   3.324154E+01   1.575899E+01   2.350313E+02  -3.238161E-02
   3.339508E+01   1.571578E+01   2.338621E+02  -3.339477E-02
   3.354933E+01   1.567972E+01   2.326954E+02  -3.441055E-02
   3.370429E+01   1.564373E+01   2.315313E+02  -3.543096E-02
   3.385996E+01   1.560781E+01   2.303699E+02  -3.645605E-02
   3.401636E+01   1.557195E+01   2.292110E+02  -3.748584E-02
   3.417347E+01   1.553615E+01   2.280548E+02  -3.852036E-02
   3.433132E+01   1.550042E+01   2.269012E+02  -3.955964E-02
   3.448989E+01   1.546476E+01   2.257501E+02  -4.060371E-02
   3.464919E+01   1.542916E+01   2.246018E+02  -4.165260E-02
   3.480923E+01   1.539362E+01   2.234560E+02  -4.270633E-02
   3.497001E+01   1.535815E+01   2.223128E+02  -4.376494E-02
   3.513154E+01   1.532275E+01   2.211723E+02  -4.482844E-02
   3.529380E+01   1.528741E+01   2.200344E+02  -4.589686E-02
   3.545682E+01   1.525213E+01   2.188991E+02  -4.697022E-02
   3.562059E+01   1.521692E+01   2.177664E+02  -4.804854E-02
   3.578512E+01   1.518177E+01   2.166364E+02  -4.913185E-02
   3.595041E+01   1.514668E+01   2.155090E+02  -5.022015E-02
   3.611646E+01   1.511166E+01   2.143843E+02  -5.131347E-02
   3.628327E+01   1.507670E+01   2.132622E+02  -5.241182E-02
   3.645086E+01   1.504180E+01   2.121428E+02  -5.351521E-02
   3.661922E+01   1.500697E+01   2.110259E+02  -5.462365E-02
   3.678836E+01   1.497220E+01   2.099118E+02  -5.573714E-02
   3.695828E+01   1.493750E+01   2.088003E+02  -5.685570E-02
   3.712899E+01   1.490285E+01   2.076915E+02  -5.797932E-02
   3.730048E+01   1.486827E+01   2.065853E+02  -5.910800E-02
   3.747277E+01   1.483376E+01   2.054818E+02  -6.024174E-02
   3.764585E+01   1.479930E+01   2.043810E+02  -6.138053E-02
   3.781973E+01   1.476491E+01   2.032829E+02  -6.252436E-02
   3.799442E+01   1.473058E+01   2.021874E+02  -6.367322E-02
   3.816991E+01   1.469631E+01   2.010947E+02  -6.482709E-02
   3.834621E+01   1.466210E+01   2.000046E+02  -6.598596E-02
   3.852333E+01   1.462796E+01   1.989172E+02  -6.714978E-02
   3.870126E+01   1.459388E+01   1.978326E+02  -6.831855E-02
   3.888002E+01   1.455986E+01   1.967506E+02  -6.949222E-02
   3.905960E+01   1.452590E+01   1.956713E+02  -7.067077E-02
   3.924001E+01   1.449201E+01   1.945948E+02  -7.185414E-02
   3.942126E+01   1.445818E+01   1.935209E+02  -7.304231E-02
   3.960334E+01   1.442440E+01   1.924498E+02  -7.423521E-02
   3.978626E+01   1.439070E+01   1.913814E+02  -7.543280E-02
   3.997003E+01   1.435705E+01   1.903157E+02  -7.663502E-02
   4.015465E+01   1.432797E+01   1.892525E+02  -7.784115E-02
   4.034012E+01   1.429981E+01   1.881920E+02  -7.905167E-02
   4.052644E+01   1.427167E+01   1.871342E+02  -8.026663E-02
   4.071363E+01   1.424357E+01   1.860791E+02  -8.148597E-02
   4.090168E+01   1.421550E+01   1.850268E+02  -8.270960E-02
   4.109060E+01   1.418746E+01   1.839772E+02  -8.393744E-02
   4.128039E+01   1.415945E+01   1.829303E+02  -8.516941E-02
   4.147106E+01   1.413147E+01   1.818862E+02  -8.640541E-02
   4.166261E+01   1.410353E+01   1.808447E+02  -8.764536E-02
   4.185505E+01   1.407561E+01   1.798061E+02  -8.888915E-02
   4.204837E+01   1.404773E+01   1.787701E+02  -9.013668E-02
   4.224259E+01   1.401988E+01   1.777369E+02  -9.138784E-02
   4.243770E+01   1.399206E+01   1.767063E+02  -9.264253E-02
   4.263371E+01   1.396428E+01   1.756785E+02  -9.390063E-02
   4.283063E+01   1.393652E+01   1.746534E+02  -9.516202E-02
   4.302846E+01   1.390880E+01   1.736310E+02  -9.642658E-02
   4.322721E+01   1.388110E+01   1.726113E+02  -9.769419E-02
   4.342687E+01   1.385344E+01   1.715943E+02  -9.896471E-02
   4.362745E+01   1.382581E+01   1.705800E+02  -1.002380E-01
   4.382896E+01   1.379822E+01   1.695683E+02  -1.015140E-01
   4.403140E+01   1.377065E+01   1.685593E+02  -1.027925E-01
   4.423478E+01   1.374311E+01   1.675529E+02  -1.040733E-01
   4.443909E+01   1.371548E+01   1.665492E+02  -1.053562E-01
   4.464435E+01   1.368735E+01   1.655484E+02  -1.066406E-01
   4.485056E+01   1.365924E+01   1.645502E+02  -1.079269E-01
   4.505772E+01   1.363117E+01   1.635545E+02  -1.092150E-01
   4.526583E+01   1.360314E+01   1.625615E+02  -1.105047E-01
   4.547491E+01   1.357514E+01   1.615710E+02  -1.117959E-01
   4.568495E+01   1.354718E+01   1.605831E+02  -1.130884E-01
   4.589597E+01   1.351926E+01   1.595977E+02  -1.143821E-01
   4.610795E+01   1.349137E+01   1.586148E+02  -1.156768E-01
   4.632092E+01   1.346351E+01   1.576345E+02  -1.169723E-01
   4.653487E+01   1.343569E+01   1.566566E+02  -1.182685E-01
   4.674981E+01   1.340790E+01   1.556812E+02  -1.195652E-01
   4.696574E+01   1.338015E+01   1.547082E+02  -1.208622E-01
   4.718267E+01   1.335243E+01   1.537377E+02  -1.221595E-01
   4.740060E+01   1.332475E+01   1.527696E+02  -1.234567E-01
   4.761954E+01   1.329710E+01   1.518039E+02  -1.247538E-01
   4.783949E+01   1.326949E+01   1.508405E+02  -1.260506E-01
   4.806045E+01   1.324191E+01   1.498795E+02  -1.273469E-01
   4.828244E+01   1.321437E+01   1.489208E+02  -1.286426E-01
   4.850545E+01   1.318685E+01   1.479644E+02  -1.299374E-01
   4.872949E+01   1.315938E+01   1.470103E+02  -1.312313E-01
   4.895456E+01   1.313193E+01   1.460584E+02  -1.325241E-01
   4.918068E+01   1.310452E+01   1.451087E+02  -1.338156E-01
   4.940784E+01   1.307715E+01   1.441613E+02  -1.351057E-01
   4.963605E+01   1.304981E+01   1.432160E+02  -1.363941E-01
   4.986531E+01   1.302250E+01   1.422729E+02  -1.376808E-01
   5.009563E+01   1.299600E+01   1.413319E+02  -1.389652E-01
   5.032702E+01   1.297065E+01   1.403931E+02  -1.402468E-01
   5.055947E+01   1.294531E+01   1.394564E+02  -1.415262E-01
   5.079300E+01   1.292000E+01   1.385217E+02  -1.428032E-01
   5.102761E+01   1.289471E+01   1.375890E+02  -1.440778E-01
   5.126330E+01   1.286944E+01   1.366583E+02  -1.453498E-01
   5.150008E+01   1.284419E+01   1.357296E+02  -1.466190E-01
   5.173795E+01   1.281897E+01   1.348028E+02  -1.478854E-01
   5.197692E+01   1.279376E+01   1.338780E+02  -1.491488E-01
   5.221699E+01   1.276858E+01   1.329550E+02  -1.504090E-01
   5.245818E+01   1.274341E+01   1.320338E+02  -1.516660E-01
   5.270048E+01   1.271827E+01   1.311146E+02  -1.529197E-01
   5.294389E+01   1.269315E+01   1.301971E+02  -1.541699E-01
   5.318843E+01   1.266805E+01   1.292814E+02  -1.554166E-01
   5.343411E+01   1.264297E+01   1.283675E+02  -1.566595E-01
   5.368091E+01   1.261791E+01   1.274553E+02  -1.578987E-01
   5.392886E+01   1.259286E+01   1.265449E+02  -1.591341E-01
   5.417795E+01   1.256784E+01   1.256361E+02  -1.603655E-01
   5.442819E+01   1.254284E+01   1.247290E+02  -1.615929E-01
   5.467959E+01   1.251785E+01   1.238236E+02  -1.628162E-01
   5.493214E+01   1.249289E+01   1.229198E+02  -1.640354E-01
   5.518587E+01   1.246794E+01   1.220176E+02  -1.652502E-01
   5.544077E+01   1.244301E+01   1.211171E+02  -1.664608E-01
   5.569684E+01   1.241810E+01   1.202181E+02  -1.676670E-01
   5.595410E+01   1.239321E+01   1.193207E+02  -1.688688E-01
   5.621254E+01   1.236833E+01   1.184248E+02  -1.700662E-01
   5.647218E+01   1.234347E+01   1.175305E+02  -1.712590E-01
   5.673302E+01   1.231863E+01   1.166378E+02  -1.724472E-01
   5.699506E+01   1.229381E+01   1.157465E+02  -1.736309E-01
   5.725831E+01   1.226831E+01   1.148569E+02  -1.748091E-01
   5.752278E+01   1.224237E+01   1.139690E+02  -1.759821E-01
   5.778847E+01   1.221645E+01   1.130825E+02  -1.771504E-01
   5.805539E+01   1.219056E+01   1.121975E+02  -1.783140E-01
   5.832354E+01   1.216469E+01   1.113140E+02  -1.794729E-01
   5.859293E+01   1.213884E+01   1.104320E+02  -1.806270E-01
   5.886357E+01   1.211302E+01   1.095515E+02  -1.817764E-01
   5.913545E+01   1.208722E+01   1.086725E+02  -1.829211E-01
   5.940859E+01   1.206144E+01   1.077949E+02  -1.840610E-01
   5.968299E+01   1.203568E+01   1.069189E+02  -1.851961E-01
   5.995866E+01   1.200995E+01   1.060444E+02  -1.863265E-01
   6.023560E+01   1.198424E+01   1.051713E+02  -1.874521E-01
   6.051382E+01   1.195855E+01   1.042998E+02  -1.885730E-01
   6.079333E+01   1.193288E+01   1.034299E+02  -1.896892E-01
   6.107412E+01   1.190724E+01   1.025615E+02  -1.908006E-01
   6.135622E+01   1.188161E+01   1.016946E+02  -1.919074E-01
   6.163961E+01   1.185601E+01   1.008294E+02  -1.930095E-01
   6.192432E+01   1.183043E+01   9.996573E+01  -1.941069E-01
   6.221034E+01   1.180487E+01   9.910369E+01  -1.951997E-01
   6.249768E+01   1.177934E+01   9.824330E+01  -1.962879E-01
   6.278635E+01   1.175382E+01   9.738458E+01  -1.973715E-01
   6.307635E+01   1.172833E+01   9.652755E+01  -1.984506E-01
   6.336770E+01   1.170285E+01   9.567224E+01  -1.995251E-01
   6.366038E+01   1.167740E+01   9.481869E+01  -2.005951E-01
   6.395442E+01   1.165197E+01   9.396691E+01  -2.016607E-01
   6.424982E+01   1.162656E+01   9.311695E+01  -2.027219E-01
   6.454658E+01   1.160118E+01   9.226884E+01  -2.037787E-01
   6.484471E+01   1.157581E+01   9.142262E+01  -2.048311E-01
   6.514422E+01   1.155047E+01   9.057832E+01  -2.058792E-01
   6.544512E+01   1.152514E+01   8.973597E+01  -2.069230E-01
   6.574740E+01   1.149984E+01   8.889563E+01  -2.079626E-01
   6.605108E+01   1.147456E+01   8.805733E+01  -2.089980E-01
   6.635616E+01   1.144930E+01   8.722112E+01  -2.100293E-01
   6.666265E+01   1.142406E+01   8.638704E+01  -2.110564E-01
   6.697056E+01   1.139883E+01   8.555524E+01  -2.120784E-01
   6.727989E+01   1.137361E+01   8.472567E+01  -2.130963E-01
   6.759065E+01   1.134841E+01   8.389837E+01  -2.141102E-01
   6.790284E+01   1.132324E+01   8.307339E+01  -2.151201E-01
   6.821647E+01   1.129809E+01   8.225079E+01  -2.161261E-01
   6.853156E+01   1.127296E+01   8.143060E+01  -2.171282E-01
   6.884809E+01   1.124785E+01   8.061290E+01  -2.181265E-01
   6.916610E+01   1.122277E+01   7.979772E+01  -2.191210E-01
   6.948557E+01   1.119771E+01   7.898513E+01  -2.201118E-01
   6.980651E+01   1.117268E+01   7.817519E+01  -2.210988E-01
   7.012894E+01   1.114767E+01   7.736794E+01  -2.220822E-01
   7.045286E+01   1.112268E+01   7.656345E+01  -2.230619E-01
   7.077827E+01   1.109772E+01   7.576178E+01  -2.240381E-01
   7.110518E+01   1.107278E+01   7.496299E+01  -2.250107E-01
   7.143361E+01   1.104787E+01   7.416713E+01  -2.259798E-01
   7.176355E+01   1.102298E+01   7.337427E+01  -2.269454E-01
   7.209502E+01   1.099812E+01   7.258446E+01  -2.279076E-01
   7.242802E+01   1.097328E+01   7.179778E+01  -2.288664E-01
   7.276255E+01   1.094847E+01   7.101428E+01  -2.298218E-01
   7.309864E+01   1.092368E+01   7.023402E+01  -2.307739E-01
   7.343627E+01   1.089893E+01   6.945707E+01  -2.317227E-01
   7.377546E+01   1.087419E+01   6.868349E+01  -2.326682E-01
   7.411622E+01   1.084949E+01   6.791334E+01  -2.336106E-01
   7.445856E+01   1.082481E+01   6.714668E+01  -2.345497E-01
   7.480247E+01   1.080016E+01   6.638359E+01  -2.354856E-01
   7.514797E+01   1.077554E+01   6.562411E+01  -2.364185E-01
   7.549507E+01   1.075095E+01   6.486832E+01  -2.373482E-01
   7.584378E+01   1.072638E+01   6.411628E+01  -2.382748E-01
   7.619409E+01   1.070185E+01   6.336805E+01  -2.391985E-01
   7.654602E+01   1.067734E+01   6.262369E+01  -2.401190E-01
   7.689958E+01   1.065286E+01   6.188327E+01  -2.410366E-01
   7.725477E+01   1.062842E+01   6.114684E+01  -2.419513E-01
   7.761160E+01   1.060400E+01   6.041447E+01  -2.428630E-01
   7.797007E+01   1.057962E+01   5.968622E+01  -2.437717E-01
   7.833021E+01   1.055526E+01   5.896214E+01  -2.446776E-01
   7.869201E+01   1.053094E+01   5.824230E+01  -2.455806E-01
   7.905548E+01   1.050665E+01   5.752676E+01  -2.464807E-01
   7.942062E+01   1.048239E+01   5.681558E+01  -2.473781E-01
   7.978746E+01   1.045816E+01   5.610880E+01  -2.482725E-01
   8.015599E+01   1.043351E+01   5.540652E+01  -2.491638E-01
   8.052622E+01   1.040827E+01   5.470881E+01  -2.500517E-01
   8.089816E+01   1.038307E+01   5.401566E+01  -2.509369E-01
   8.127182E+01   1.035792E+01   5.332715E+01  -2.518193E-01
   8.164720E+01   1.033280E+01   5.264332E+01  -2.526989E-01
   8.202432E+01   1.030773E+01   5.196422E+01  -2.535758E-01
   8.240318E+01   1.028270E+01   5.128991E+01  -2.544500E-01
   8.278379E+01   1.025771E+01   5.062042E+01  -2.553214E-01
   8.316616E+01   1.023277E+01   4.995582E+01  -2.561902E-01
   8.355029E+01   1.020786E+01   4.929615E+01  -2.570563E-01
   8.393620E+01   1.018301E+01   4.864144E+01  -2.579196E-01
   8.432389E+01   1.015819E+01   4.799176E+01  -2.587803E-01
   8.471337E+01   1.013342E+01   4.734713E+01  -2.596384E-01
   8.510465E+01   1.010870E+01   4.670760E+01  -2.604937E-01
   8.549774E+01   1.008402E+01   4.607322E+01  -2.613464E-01
   8.589264E+01   1.005938E+01   4.544401E+01  -2.621963E-01
   8.628937E+01   1.003479E+01   4.482002E+01  -2.630437E-01
   8.668793E+01   1.001025E+01   4.420129E+01  -2.638883E-01
   8.708833E+01   9.985751E+00   4.358783E+01  -2.647303E-01
   8.749058E+01   9.961300E+00   4.297970E+01  -2.655696E-01
   8.789469E+01   9.936896E+00   4.237692E+01  -2.664062E-01
   8.830067E+01   9.912539E+00   4.177951E+01  -2.672402E-01
   8.870852E+01   9.888229E+00   4.118751E+01  -2.680715E-01
   8.911825E+01   9.863967E+00   4.060095E+01  -2.689000E-01
   8.952988E+01   9.839753E+00   4.001984E+01  -2.697259E-01
   8.994340E+01   9.815587E+00   3.944421E+01  -2.705491E-01
   9.035884E+01   9.791469E+00   3.887408E+01  -2.713696E-01
   9.077620E+01   9.767400E+00   3.830947E+01  -2.721873E-01
   9.119548E+01   9.743380E+00   3.775040E+01  -2.730023E-01
   9.161670E+01   9.719409E+00   3.719688E+01  -2.738146E-01
   9.203987E+01   9.695488E+00   3.664893E+01  -2.746241E-01
   9.246499E+01   9.671616E+00   3.610656E+01  -2.754308E-01
   9.289207E+01   9.647794E+00   3.556978E+01  -2.762348E-01
   9.332113E+01   9.624021E+00   3.503860E+01  -2.770360E-01
   9.375217E+01   9.600300E+00   3.451303E+01  -2.778344E-01
   9.418520E+01   9.576628E+00   3.399308E+01  -2.786300E-01
   9.462023E+01   9.553007E+00   3.347874E+01  -2.794227E-01
   9.505727E+01   9.529437E+00   3.297002E+01  -2.802126E-01
   9.549632E+01   9.505917E+00   3.246692E+01  -2.809996E-01
   9.593741E+01   9.482449E+00   3.196945E+01  -2.817838E-01
   9.638053E+01   9.459032E+00   3.147759E+01  -2.825650E-01
   9.682570E+01   9.435666E+00   3.099134E+01  -2.833434E-01
   9.727293E+01   9.412352E+00   3.051071E+01  -2.841188E-01
   9.772222E+01   9.389089E+00   3.003567E+01  -2.848912E-01
   9.817359E+01   9.365878E+00   2.956622E+01  -2.856607E-01
   9.862704E+01   9.342719E+00   2.910236E+01  -2.864272E-01
   9.908259E+01   9.319612E+00   2.864406E+01  -2.871908E-01
   9.954024E+01   9.296556E+00   2.819132E+01  -2.879512E-01
   1.000000E+02   9.273553E+00   2.774411E+01  -2.887087E-01
