#============================================================================
# Opacities computed by OpTool        <a^n>=  1.6612E-1  2.1167E-1  3.5518E-1
# Method:   DHS  fmax=  0.700
# Parameters:
#   amin [um]=      0.100 amax [um]=     10.000  na  =   31    apow=   3.5    
#   lmin [um]=      0.100 lmax [um]=    100.000  nlam=  300    nang=   180
#   porosity =      0.000 p_mantle =      0.000  fmax= 0.70    chop=   0.0
# Composition:
#  Where   mfrac  rho   Material
#  -----   -----  ----  -----------------------------------------------------
#  core    1.000  2.65  qua
#  - - -   - - -  -  -  - - - - - - - - - - - - - - - - - - - - - - - - - - -
#  grain   1.000  2.65  mixture of  1 materials
#----------------------------------------------------------------------------
# Command: optool qua -a 0.1 10 -l 0.1 100 -dhs 0.7
#============================================================================
# Standard output file, no scattering matrix
#    iformat
#    nlambda
#    lambda[um]  kabs [cm^2/g]  ksca [cm^2/g]    g_asymmetry
#============================================================================
           3
         300
   1.000000E-01   3.909635E+03   5.095832E+03   8.719588E-01
   1.023372E-01   3.899578E+03   5.148030E+03   8.654271E-01
   1.047290E-01   3.899408E+03   5.194416E+03   8.596818E-01
   1.071767E-01   3.923749E+03   5.204734E+03   8.587336E-01
   1.096816E-01   3.978722E+03   5.175114E+03   8.644240E-01
   1.122451E-01   4.082575E+03   5.106028E+03   8.811094E-01
   1.148684E-01   4.117498E+03   5.036649E+03   8.876859E-01
   1.175531E-01   3.857512E+03   5.349748E+03   8.387095E-01
   1.203005E-01   3.858444E+03   5.390755E+03   8.295286E-01
   1.231122E-01   3.897226E+03   5.300974E+03   8.423380E-01
   1.259895E-01   3.741672E+03   5.494580E+03   8.499514E-01
   1.289341E-01   3.249284E+03   6.091336E+03   8.475510E-01
   1.319476E-01   2.719804E+03   6.747504E+03   8.410210E-01
   1.350314E-01   2.280935E+03   7.331916E+03   8.315109E-01
   1.381873E-01   1.951964E+03   7.843845E+03   8.246307E-01
   1.414170E-01   1.460580E+03   8.533020E+03   8.127996E-01
   1.447222E-01   9.205117E+02   9.262531E+03   7.999127E-01
   1.481046E-01   2.988017E+02   1.008801E+04   7.834613E-01
   1.515661E-01   1.159373E+02   1.042970E+04   7.815029E-01
   1.551084E-01   1.093108E+01   1.063888E+04   7.808661E-01
   1.587336E-01   2.329939E+00   1.077572E+04   7.830608E-01
   1.624435E-01   2.269222E+00   1.089514E+04   7.818691E-01
   1.662401E-01   2.355664E+00   1.092561E+04   7.821571E-01
   1.701254E-01   2.262862E+00   1.094371E+04   7.843482E-01
   1.741016E-01   2.263425E+00   1.097008E+04   7.852007E-01
   1.781706E-01   2.109356E+00   1.096889E+04   7.879209E-01
   1.823348E-01   2.155450E+00   1.099507E+04   7.873099E-01
   1.865963E-01   2.124763E+00   1.096976E+04   7.884036E-01
   1.909574E-01   2.132329E+00   1.093058E+04   7.873029E-01
   1.954204E-01   2.014995E+00   1.087736E+04   7.892787E-01
   1.999877E-01   1.993864E+00   1.084965E+04   7.887298E-01
   2.046618E-01   2.032604E+00   1.079298E+04   7.894619E-01
   2.094451E-01   1.909055E+00   1.075205E+04   7.896374E-01
   2.143402E-01   1.980513E+00   1.070557E+04   7.872561E-01
   2.193497E-01   1.922759E+00   1.065594E+04   7.861614E-01
   2.244763E-01   1.832084E+00   1.058932E+04   7.859080E-01
   2.297228E-01   1.778773E+00   1.053285E+04   7.861341E-01
   2.350918E-01   1.789004E+00   1.048960E+04   7.852541E-01
   2.405863E-01   1.941763E+00   1.044939E+04   7.842111E-01
   2.462092E-01   1.718180E+00   1.037546E+04   7.833122E-01
   2.519636E-01   1.692392E+00   1.030346E+04   7.819915E-01
   2.578524E-01   1.747808E+00   1.021974E+04   7.812899E-01
   2.638789E-01   1.769770E+00   1.014959E+04   7.805830E-01
   2.700462E-01   1.673227E+00   1.006430E+04   7.801111E-01
   2.763577E-01   1.899173E+00   1.001169E+04   7.791668E-01
   2.828167E-01   1.587308E+00   9.933584E+03   7.778700E-01
   2.894266E-01   1.642138E+00   9.853134E+03   7.763280E-01
   2.961910E-01   1.586686E+00   9.766693E+03   7.747161E-01
   3.031136E-01   1.500570E+00   9.677343E+03   7.748071E-01
   3.101979E-01   1.525172E+00   9.582815E+03   7.746715E-01
   3.174477E-01   1.412869E+00   9.503749E+03   7.744540E-01
   3.248671E-01   1.486053E+00   9.420326E+03   7.738516E-01
   3.324598E-01   1.433354E+00   9.332073E+03   7.732785E-01
   3.402300E-01   1.447648E+00   9.231906E+03   7.722608E-01
   3.481818E-01   1.361024E+00   9.135158E+03   7.721049E-01
   3.563194E-01   1.379853E+00   9.031161E+03   7.720074E-01
   3.646472E-01   1.379026E+00   8.939381E+03   7.722504E-01
   3.731697E-01   1.371880E+00   8.845145E+03   7.724187E-01
   3.818913E-01   1.297368E+00   8.756060E+03   7.715241E-01
   3.908168E-01   1.263811E+00   8.650817E+03   7.710734E-01
   3.999509E-01   1.372851E+00   8.550595E+03   7.704971E-01
   4.092985E-01   1.327001E+00   8.438571E+03   7.706145E-01
   4.188645E-01   1.270406E+00   8.349772E+03   7.706433E-01
   4.286541E-01   1.266365E+00   8.250027E+03   7.707452E-01
   4.386726E-01   1.149513E+00   8.145467E+03   7.715114E-01
   4.489251E-01   1.143607E+00   8.046846E+03   7.714647E-01
   4.594173E-01   1.108873E+00   7.936050E+03   7.708369E-01
   4.701547E-01   1.108242E+00   7.835743E+03   7.706692E-01
   4.811431E-01   1.076402E+00   7.734385E+03   7.711322E-01
   4.923883E-01   1.102886E+00   7.637993E+03   7.709545E-01
   5.038963E-01   1.070533E+00   7.543446E+03   7.713006E-01
   5.156732E-01   1.141939E+00   7.455143E+03   7.705151E-01
   5.277254E-01   1.091082E+00   7.353702E+03   7.698114E-01
   5.400593E-01   1.012325E+00   7.249202E+03   7.697226E-01
   5.526815E-01   9.963195E-01   7.152648E+03   7.698898E-01
   5.655986E-01   9.602145E-01   7.059796E+03   7.695192E-01
   5.788177E-01   1.031217E+00   6.967946E+03   7.700315E-01
   5.923457E-01   9.537283E-01   6.877307E+03   7.704273E-01
   6.061899E-01   9.540577E-01   6.785271E+03   7.697992E-01
   6.203576E-01   9.124932E-01   6.681796E+03   7.699297E-01
   6.348565E-01   8.806878E-01   6.590880E+03   7.695416E-01
   6.496943E-01   9.151912E-01   6.500489E+03   7.697718E-01
   6.648788E-01   8.822843E-01   6.412760E+03   7.700337E-01
   6.804182E-01   8.292726E-01   6.327410E+03   7.703482E-01
   6.963208E-01   8.305397E-01   6.239456E+03   7.702683E-01
   7.125951E-01   8.316646E-01   6.152462E+03   7.695513E-01
   7.292497E-01   7.767223E-01   6.062107E+03   7.691675E-01
   7.462936E-01   7.691807E-01   5.970709E+03   7.696332E-01
   7.637358E-01   7.932889E-01   5.892639E+03   7.691687E-01
   7.815857E-01   7.401421E-01   5.810803E+03   7.699653E-01
   7.998527E-01   7.507910E-01   5.732655E+03   7.698651E-01
   8.185467E-01   7.226435E-01   5.654483E+03   7.691717E-01
   8.376776E-01   7.154859E-01   5.564811E+03   7.694975E-01
   8.572557E-01   6.842275E-01   5.480780E+03   7.695559E-01
   8.772913E-01   6.959506E-01   5.400831E+03   7.699606E-01
   8.977952E-01   6.704316E-01   5.324632E+03   7.701374E-01
   9.187782E-01   6.739504E-01   5.251868E+03   7.702634E-01
   9.402517E-01   6.303005E-01   5.172940E+03   7.706056E-01
   9.622271E-01   7.517484E-01   5.095759E+03   7.702360E-01
   9.847161E-01   6.263777E-01   5.013009E+03   7.705490E-01
   1.007731E+00   5.875259E-01   4.937468E+03   7.708572E-01
   1.031283E+00   6.323675E-01   4.869160E+03   7.705657E-01
   1.055386E+00   5.705926E-01   4.800404E+03   7.710737E-01
   1.080052E+00   5.889591E-01   4.736138E+03   7.707388E-01
   1.105295E+00   6.717181E-01   4.663810E+03   7.704465E-01
   1.131128E+00   5.971076E-01   4.591466E+03   7.702732E-01
   1.157564E+00   5.644527E-01   4.520325E+03   7.705228E-01
   1.184619E+00   5.378472E-01   4.451445E+03   7.710425E-01
   1.212305E+00   6.674671E-01   4.383509E+03   7.715137E-01
   1.240639E+00   5.152823E-01   4.317614E+03   7.723032E-01
   1.269635E+00   4.957498E-01   4.253231E+03   7.722898E-01
   1.299309E+00   4.876228E-01   4.184902E+03   7.721584E-01
   1.329676E+00   4.834766E-01   4.113983E+03   7.725099E-01
   1.360753E+00   4.818360E-01   4.052200E+03   7.723070E-01
   1.392556E+00   4.773747E-01   3.989764E+03   7.729695E-01
   1.425103E+00   4.971505E-01   3.932567E+03   7.725667E-01
   1.458410E+00   4.747511E-01   3.874726E+03   7.724387E-01
   1.492496E+00   4.393134E-01   3.811411E+03   7.726548E-01
   1.527378E+00   4.455103E-01   3.749173E+03   7.725236E-01
   1.563075E+00   4.223385E-01   3.687885E+03   7.722955E-01
   1.599607E+00   4.210650E-01   3.630449E+03   7.724192E-01
   1.636993E+00   4.499461E-01   3.573688E+03   7.728189E-01
   1.675252E+00   4.029119E-01   3.515132E+03   7.739926E-01
   1.714406E+00   3.997332E-01   3.458025E+03   7.741654E-01
   1.754475E+00   3.921881E-01   3.402499E+03   7.735668E-01
   1.795480E+00   3.875215E-01   3.344628E+03   7.738203E-01
   1.837444E+00   3.749730E-01   3.289195E+03   7.742013E-01
   1.880388E+00   3.690723E-01   3.237164E+03   7.745383E-01
   1.924336E+00   3.648522E-01   3.189230E+03   7.742027E-01
   1.969311E+00   3.520919E-01   3.138856E+03   7.744382E-01
   2.015338E+00   3.547361E-01   3.088818E+03   7.739487E-01
   2.062440E+00   3.507173E-01   3.033938E+03   7.746540E-01
   2.110643E+00   3.408275E-01   2.985875E+03   7.740002E-01
   2.159972E+00   3.238994E-01   2.937884E+03   7.743858E-01
   2.210455E+00   3.531267E-01   2.891042E+03   7.746425E-01
   2.262117E+00   3.098716E-01   2.840954E+03   7.761326E-01
   2.314987E+00   3.337802E-01   2.795171E+03   7.760687E-01
   2.369092E+00   3.011264E-01   2.747715E+03   7.757919E-01
   2.424462E+00   2.956993E-01   2.698167E+03   7.762293E-01
   2.481126E+00   3.025534E-01   2.652767E+03   7.763951E-01
   2.539114E+00   2.875043E-01   2.609530E+03   7.765397E-01
   2.598458E+00   2.790033E-01   2.564618E+03   7.773153E-01
   2.659189E+00   2.802004E-01   2.523149E+03   7.769921E-01
   2.721339E+00   2.705490E-01   2.478204E+03   7.770634E-01
   2.784941E+00   2.658056E-01   2.434346E+03   7.768635E-01
   2.850030E+00   2.653719E-01   2.391117E+03   7.766197E-01
   2.916641E+00   2.629428E-01   2.351630E+03   7.762569E-01
   2.984808E+00   2.526278E-01   2.309001E+03   7.772470E-01
   3.054568E+00   2.536479E-01   2.267815E+03   7.779322E-01
   3.125959E+00   2.392741E-01   2.226857E+03   7.782541E-01
   3.199018E+00   2.382757E-01   2.187006E+03   7.774086E-01
   3.273785E+00   2.314413E-01   2.144028E+03   7.779803E-01
   3.350299E+00   2.264885E-01   2.102880E+03   7.787672E-01
   3.428602E+00   2.224458E-01   2.066439E+03   7.782705E-01
   3.508734E+00   2.180397E-01   2.027382E+03   7.790218E-01
   3.590740E+00   2.124725E-01   1.990409E+03   7.788054E-01
   3.674662E+00   2.087951E-01   1.952650E+03   7.783159E-01
   3.760545E+00   2.040555E-01   1.914490E+03   7.777507E-01
   3.848436E+00   1.993548E-01   1.876056E+03   7.776640E-01
   3.938381E+00   1.950193E-01   1.831969E+03   7.781751E-01
   4.030428E+00   1.904520E-01   1.788177E+03   7.788919E-01
   4.124626E+00   1.854473E-01   1.743320E+03   7.803128E-01
   4.221026E+00   1.811922E-01   1.697771E+03   7.807084E-01
   4.319679E+00   1.753391E-01   1.647147E+03   7.822596E-01
   4.420638E+00   1.700572E-01   1.598595E+03   7.836523E-01
   4.523956E+00   1.650959E-01   1.552536E+03   7.850445E-01
   4.629689E+00   1.600548E-01   1.504056E+03   7.870766E-01
   4.737893E+00   1.549517E-01   1.455444E+03   7.894983E-01
   4.848626E+00   1.498930E-01   1.407180E+03   7.913676E-01
   4.961948E+00   1.448174E-01   1.357923E+03   7.932749E-01
   5.077917E+00   1.391069E-01   1.303383E+03   7.963701E-01
   5.196597E+00   1.334040E-01   1.247233E+03   7.996881E-01
   5.318051E+00   1.276315E-01   1.189935E+03   8.032224E-01
   5.442344E+00   1.218908E-01   1.132846E+03   8.065267E-01
   5.569541E+00   1.159861E-01   1.073068E+03   8.096850E-01
   5.699711E+00   1.088742E-01   9.999804E+02   8.142468E-01
   5.832924E+00   1.018741E-01   9.273621E+02   8.185821E-01
   5.969250E+00   9.392964E-02   8.444308E+02   8.237048E-01
   6.108762E+00   8.555732E-02   7.563719E+02   8.288220E-01
   6.251534E+00   7.736234E-02   6.697038E+02   8.331137E-01
   6.397644E+00   6.767584E-02   5.652498E+02   8.385285E-01
   6.547168E+00   5.726290E-02   4.496897E+02   8.442825E-01
   6.700188E+00   4.732972E-02   3.333125E+02   8.493530E-01
   6.856783E+00   3.795148E-02   2.038741E+02   8.545158E-01
   7.017038E+00   1.211937E+00   7.771054E+01   8.586074E-01
   7.181039E+00   4.319313E+00   1.082364E+01   8.584960E-01
   7.348873E+00   1.389711E+01   1.124253E+01   8.534044E-01
   7.520629E+00   4.396042E+01   1.202379E+02   8.382222E-01
   7.696400E+00   1.511596E+02   3.457325E+02   8.015626E-01
   7.876279E+00   5.533581E+02   5.872257E+02   7.124458E-01
   8.060361E+00   1.415889E+03   7.135432E+02   6.111131E-01
   8.248747E+00   1.640728E+03   7.094493E+02   6.063942E-01
   8.441535E+00   1.820684E+03   7.472839E+02   5.936367E-01
   8.638828E+00   2.047457E+03   8.973772E+02   5.532059E-01
   8.840733E+00   3.700119E+03   1.617613E+03   4.587636E-01
   9.047357E+00   4.339160E+03   2.079882E+03   3.872766E-01
   9.258810E+00   2.900555E+03   1.496097E+03   4.411355E-01
   9.475205E+00   2.371598E+03   1.340792E+03   4.764454E-01
   9.696658E+00   1.862794E+03   1.311420E+03   5.104379E-01
   9.923286E+00   1.359516E+03   1.341260E+03   5.558180E-01
   1.015521E+01   1.035505E+03   1.306294E+03   5.973017E-01
   1.039256E+01   9.201238E+02   1.205820E+03   6.244989E-01
   1.063545E+01   8.323158E+02   1.135482E+03   6.395576E-01
   1.088402E+01   7.353574E+02   1.084730E+03   6.505779E-01
   1.113840E+01   6.515389E+02   1.019209E+03   6.621605E-01
   1.139872E+01   6.306593E+02   9.002193E+02   6.779033E-01
   1.166513E+01   7.195945E+02   7.343077E+02   6.940101E-01
   1.193777E+01   8.846823E+02   6.159547E+02   6.953806E-01
   1.221677E+01   1.015847E+03   6.016720E+02   6.818870E-01
   1.250230E+01   1.032649E+03   6.497338E+02   6.672190E-01
   1.279450E+01   9.345340E+02   7.183554E+02   6.578986E-01
   1.309353E+01   7.598400E+02   7.908148E+02   6.524006E-01
   1.339955E+01   5.532312E+02   8.539562E+02   6.470155E-01
   1.371272E+01   3.643060E+02   8.845610E+02   6.411744E-01
   1.403322E+01   2.370443E+02   8.602505E+02   6.393023E-01
   1.436120E+01   1.839275E+02   7.782964E+02   6.452786E-01
   1.469684E+01   1.838844E+02   6.668516E+02   6.560590E-01
   1.504034E+01   2.104503E+02   5.530530E+02   6.672986E-01
   1.539186E+01   2.490542E+02   4.502093E+02   6.767680E-01
   1.575159E+01   2.932972E+02   3.617701E+02   6.834012E-01
   1.611973E+01   3.405391E+02   2.882295E+02   6.870086E-01
   1.649648E+01   3.896944E+02   2.290016E+02   6.878481E-01
   1.688203E+01   4.400820E+02   1.824188E+02   6.862229E-01
   1.727660E+01   4.913213E+02   1.463844E+02   6.823521E-01
   1.768038E+01   5.435493E+02   1.188316E+02   6.763664E-01
   1.809360E+01   5.980385E+02   9.829139E+01   6.681694E-01
   1.851648E+01   6.583362E+02   8.453889E+01   6.570772E-01
   1.894925E+01   7.339818E+02   8.088630E+01   6.407202E-01
   1.939213E+01   8.539907E+02   1.009626E+02   6.111500E-01
   1.984535E+01   1.099531E+03   1.837598E+02   5.462597E-01
   2.030918E+01   1.756712E+03   3.916896E+02   4.566785E-01
   2.078384E+01   2.957822E+03   8.239444E+02   3.640717E-01
   2.126959E+01   2.144940E+03   7.788449E+02   3.531054E-01
   2.176670E+01   1.574011E+03   6.804365E+02   3.851617E-01
   2.227543E+01   1.322325E+03   6.222577E+02   4.204261E-01
   2.279605E+01   1.181931E+03   6.108405E+02   4.319682E-01
   2.332883E+01   1.011563E+03   6.301699E+02   4.388496E-01
   2.387407E+01   8.208741E+02   6.594381E+02   4.493960E-01
   2.443205E+01   6.393416E+02   6.859654E+02   4.597924E-01
   2.500307E+01   5.004443E+02   6.888665E+02   4.677799E-01
   2.558744E+01   4.201661E+02   6.607947E+02   4.748813E-01
   2.618546E+01   3.796811E+02   6.182307E+02   4.797276E-01
   2.679746E+01   3.552535E+02   5.778231E+02   4.819379E-01
   2.742377E+01   3.355446E+02   5.438440E+02   4.824741E-01
   2.806471E+01   3.165779E+02   5.154146E+02   4.816992E-01
   2.872063E+01   2.974163E+02   4.909460E+02   4.798972E-01
   2.939188E+01   2.780162E+02   4.689512E+02   4.773021E-01
   3.007883E+01   2.584697E+02   4.482930E+02   4.741249E-01
   3.078182E+01   2.390048E+02   4.284569E+02   4.706188E-01
   3.150125E+01   2.201075E+02   4.094221E+02   4.671815E-01
   3.223749E+01   2.023032E+02   3.914556E+02   4.642096E-01
   3.299094E+01   1.858491E+02   3.745321E+02   4.618016E-01
   3.376199E+01   1.704916E+02   3.580610E+02   4.595207E-01
   3.455107E+01   1.557022E+02   3.410947E+02   4.566764E-01
   3.535859E+01   1.412354E+02   3.233038E+02   4.528135E-01
   3.618499E+01   1.272880E+02   3.051399E+02   4.480593E-01
   3.703070E+01   1.142432E+02   2.873247E+02   4.430501E-01
   3.789617E+01   1.023835E+02   2.705549E+02   4.385826E-01
   3.878187E+01   9.176283E+01   2.548501E+02   4.353731E-01
   3.968827E+01   8.227882E+01   2.399769E+02   4.337042E-01
   4.061586E+01   7.377464E+01   2.256448E+02   4.334064E-01
   4.156513E+01   6.612225E+01   2.117237E+02   4.341288E-01
   4.253658E+01   5.923396E+01   1.981770E+02   4.357064E-01
   4.353073E+01   5.303447E+01   1.849408E+02   4.382159E-01
   4.454813E+01   4.744164E+01   1.718551E+02   4.416881E-01
   4.558929E+01   4.235905E+01   1.586799E+02   4.457807E-01
   4.665480E+01   3.771300E+01   1.453801E+02   4.496178E-01
   4.774521E+01   3.346692E+01   1.321697E+02   4.520766E-01
   4.886110E+01   2.961501E+01   1.194313E+02   4.521953E-01
   5.000307E+01   2.616661E+01   1.075363E+02   4.494383E-01
   5.117173E+01   2.480846E+01   9.740263E+01   4.439674E-01
   5.236771E+01   2.352442E+01   8.826141E+01   4.360691E-01
   5.359163E+01   2.232182E+01   8.008607E+01   4.260654E-01
   5.484417E+01   2.120175E+01   7.280178E+01   4.143493E-01
   5.612597E+01   2.016130E+01   6.631274E+01   4.013271E-01
   5.743774E+01   1.919530E+01   6.051979E+01   3.873823E-01
   5.878016E+01   1.829765E+01   5.533011E+01   3.728549E-01
   6.015396E+01   1.746203E+01   5.066151E+01   3.580327E-01
   6.155987E+01   1.668241E+01   4.644356E+01   3.431500E-01
   6.299863E+01   1.595321E+01   4.261712E+01   3.283911E-01
   6.447102E+01   1.526942E+01   3.913300E+01   3.138960E-01
   6.597782E+01   1.462660E+01   3.595046E+01   2.997673E-01
   6.751985E+01   1.402087E+01   3.303574E+01   2.860765E-01
   6.909791E+01   1.344882E+01   3.036071E+01   2.728710E-01
   7.071285E+01   1.290749E+01   2.790171E+01   2.601788E-01
   7.236553E+01   1.239429E+01   2.563866E+01   2.480134E-01
   7.405685E+01   1.190697E+01   2.355432E+01   2.363773E-01
   7.578769E+01   1.144354E+01   2.163367E+01   2.252651E-01
   7.755898E+01   1.100227E+01   1.986345E+01   2.146659E-01
   7.937168E+01   1.058160E+01   1.823187E+01   2.045648E-01
   8.122674E+01   1.018017E+01   1.672830E+01   1.949442E-01
   8.312515E+01   9.796750E+00   1.534306E+01   1.857852E-01
   8.506793E+01   9.430239E+00   1.406730E+01   1.770681E-01
   8.705612E+01   9.079638E+00   1.289286E+01   1.687728E-01
   8.909078E+01   8.744042E+00   1.181220E+01   1.608795E-01
   9.117299E+01   8.422624E+00   1.081832E+01   1.533687E-01
   9.330387E+01   8.114623E+00   9.904717E+00   1.462214E-01
   9.548455E+01   7.819341E+00   9.065328E+00   1.394195E-01
   9.771620E+01   7.536129E+00   8.294512E+00   1.329455E-01
   1.000000E+02   7.264387E+00   7.587015E+00   1.267828E-01
