#============================================================================
# Opacities computed by OpTool        <a^n>=  1.6612E-1  2.1167E-1  3.5518E-1
# Method:   DHS  fmax=  0.700
# Parameters:
#   amin [um]=      0.100 amax [um]=     10.000  na  =   31    apow=   3.5    
#   lmin [um]=      0.100 lmax [um]=    100.000  nlam= 1500    nang=   180
#   porosity =      0.000 p_mantle =      0.000  fmax= 0.70    chop=   0.0
# Composition:
#  Where   mfrac  rho   Material
#  -----   -----  ----  -----------------------------------------------------
#  core    1.000  2.65  qua
#  - - -   - - -  -  -  - - - - - - - - - - - - - - - - - - - - - - - - - - -
#  grain   1.000  2.65  mixture of  1 materials
#----------------------------------------------------------------------------
# Command: optool qua -a 0.1 10 -l 0.1 100 1500 -dhs 0.7
#============================================================================
# Standard output file, no scattering matrix
#    iformat
#    nlambda
#    lambda[um]  kabs [cm^2/g]  ksca [cm^2/g]    g_asymmetry
#============================================================================
           3
        1500
   1.000000E-01   3.909635E+03   5.095832E+03   8.719588E-01
   1.004619E-01   3.907423E+03   5.105131E+03   8.707685E-01
   1.009259E-01   3.905157E+03   5.114466E+03   8.695707E-01
   1.013921E-01   3.903174E+03   5.124721E+03   8.682892E-01
   1.018604E-01   3.901501E+03   5.136279E+03   8.668796E-01
   1.023309E-01   3.899605E+03   5.147875E+03   8.654464E-01
   1.028035E-01   3.897490E+03   5.159505E+03   8.639899E-01
   1.032784E-01   3.895158E+03   5.171167E+03   8.625106E-01
   1.037554E-01   3.896879E+03   5.178744E+03   8.616107E-01
   1.042346E-01   3.898357E+03   5.186362E+03   8.606864E-01
   1.047161E-01   3.899387E+03   5.194203E+03   8.597087E-01
   1.051997E-01   3.901122E+03   5.200763E+03   8.588890E-01
   1.056856E-01   3.906753E+03   5.202019E+03   8.588112E-01
   1.061738E-01   3.911781E+03   5.203845E+03   8.586489E-01
   1.066642E-01   3.916205E+03   5.206209E+03   8.584031E-01
   1.071569E-01   3.923355E+03   5.204922E+03   8.587008E-01
   1.076518E-01   3.932754E+03   5.200789E+03   8.594506E-01
   1.081490E-01   3.941276E+03   5.197736E+03   8.600638E-01
   1.086486E-01   3.948924E+03   5.195703E+03   8.605420E-01
   1.091504E-01   3.962546E+03   5.186487E+03   8.622368E-01
   1.096546E-01   3.977934E+03   5.175638E+03   8.643185E-01
   1.101610E-01   3.992082E+03   5.166765E+03   8.661955E-01
   1.106699E-01   4.005009E+03   5.159763E+03   8.678738E-01
   1.111810E-01   4.031717E+03   5.138784E+03   8.723958E-01
   1.116946E-01   4.057366E+03   5.120818E+03   8.767802E-01
   1.122105E-01   4.081058E+03   5.106825E+03   8.808482E-01
   1.127287E-01   4.102362E+03   5.096551E+03   8.845268E-01
   1.132494E-01   4.114174E+03   5.084969E+03   8.865070E-01
   1.137725E-01   4.124359E+03   5.071539E+03   8.882530E-01
   1.142980E-01   4.124867E+03   5.052595E+03   8.885593E-01
   1.148259E-01   4.119315E+03   5.036526E+03   8.879939E-01
   1.153563E-01   4.093178E+03   5.043944E+03   8.835881E-01
   1.158891E-01   4.059390E+03   5.065701E+03   8.778928E-01
   1.164244E-01   3.998799E+03   5.139097E+03   8.664915E-01
   1.169622E-01   3.927435E+03   5.235955E+03   8.531209E-01
   1.175024E-01   3.863696E+03   5.339738E+03   8.399702E-01
   1.180451E-01   3.794589E+03   5.450022E+03   8.261619E-01
   1.185904E-01   3.779415E+03   5.483712E+03   8.215616E-01
   1.191381E-01   3.783291E+03   5.488148E+03   8.197531E-01
   1.196884E-01   3.817951E+03   5.444638E+03   8.238140E-01
   1.202412E-01   3.855508E+03   5.394933E+03   8.291129E-01
   1.207966E-01   3.880790E+03   5.358735E+03   8.329334E-01
   1.213545E-01   3.890047E+03   5.336555E+03   8.345516E-01
   1.219151E-01   3.905797E+03   5.310152E+03   8.382217E-01
   1.224782E-01   3.907707E+03   5.298031E+03   8.406079E-01
   1.230439E-01   3.897995E+03   5.300243E+03   8.420447E-01
   1.236122E-01   3.885387E+03   5.312692E+03   8.439993E-01
   1.241832E-01   3.862662E+03   5.337967E+03   8.454735E-01
   1.247567E-01   3.836128E+03   5.373289E+03   8.473165E-01
   1.253330E-01   3.797988E+03   5.422158E+03   8.486772E-01
   1.259119E-01   3.749112E+03   5.485101E+03   8.498321E-01
   1.264935E-01   3.688500E+03   5.561903E+03   8.505332E-01
   1.270777E-01   3.616042E+03   5.654567E+03   8.510123E-01
   1.276647E-01   3.533015E+03   5.760705E+03   8.510636E-01
   1.282543E-01   3.415206E+03   5.902628E+03   8.499687E-01
   1.288467E-01   3.272153E+03   6.066186E+03   8.479151E-01
   1.294419E-01   3.139053E+03   6.210677E+03   8.460779E-01
   1.300397E-01   3.021104E+03   6.338454E+03   8.449210E-01
   1.306404E-01   2.911387E+03   6.468539E+03   8.439669E-01
   1.312438E-01   2.822395E+03   6.592811E+03   8.429938E-01
   1.318500E-01   2.733849E+03   6.726220E+03   8.413416E-01
   1.324590E-01   2.645675E+03   6.854666E+03   8.391607E-01
   1.330708E-01   2.547249E+03   6.977520E+03   8.368091E-01
   1.336854E-01   2.455534E+03   7.089590E+03   8.347754E-01
   1.343029E-01   2.372040E+03   7.200120E+03   8.330651E-01
   1.349232E-01   2.292490E+03   7.313937E+03   8.316528E-01
   1.355464E-01   2.227781E+03   7.416815E+03   8.308567E-01
   1.361725E-01   2.165757E+03   7.518245E+03   8.297062E-01
   1.368015E-01   2.100982E+03   7.615101E+03   8.278274E-01
   1.374333E-01   2.032955E+03   7.714941E+03   8.260956E-01
   1.380681E-01   1.964710E+03   7.822388E+03   8.248728E-01
   1.387058E-01   1.893090E+03   7.935802E+03   8.236346E-01
   1.393465E-01   1.814809E+03   8.044552E+03   8.226741E-01
   1.399901E-01   1.691936E+03   8.201972E+03   8.197029E-01
   1.406367E-01   1.573862E+03   8.357346E+03   8.163603E-01
   1.412863E-01   1.478940E+03   8.504344E+03   8.132320E-01
   1.419389E-01   1.390383E+03   8.653265E+03   8.111003E-01
   1.425945E-01   1.307635E+03   8.799840E+03   8.085661E-01
   1.432531E-01   1.189502E+03   8.954031E+03   8.054921E-01
   1.439148E-01   1.079921E+03   9.098044E+03   8.025333E-01
   1.445795E-01   9.498243E+02   9.228869E+03   8.004382E-01
   1.452473E-01   8.229328E+02   9.389662E+03   7.975625E-01
   1.459182E-01   7.125741E+02   9.561836E+03   7.944055E-01
   1.465922E-01   5.567140E+02   9.746468E+03   7.910569E-01
   1.472692E-01   4.376816E+02   9.932600E+03   7.871775E-01
   1.479495E-01   3.231205E+02   1.005953E+04   7.846757E-01
   1.486328E-01   2.268036E+02   1.017095E+04   7.814913E-01
   1.493193E-01   1.561139E+02   1.025539E+04   7.817486E-01
   1.500090E-01   1.507254E+02   1.032893E+04   7.803909E-01
   1.507019E-01   1.469122E+02   1.034572E+04   7.823983E-01
   1.513980E-01   1.300448E+02   1.040557E+04   7.820865E-01
   1.520973E-01   8.466443E+01   1.048959E+04   7.804630E-01
   1.527998E-01   5.161744E+01   1.051439E+04   7.821926E-01
   1.535056E-01   3.274533E+01   1.057412E+04   7.800504E-01
   1.542146E-01   2.087985E+01   1.062337E+04   7.782369E-01
   1.549269E-01   1.232938E+01   1.061586E+04   7.813484E-01
   1.556425E-01   9.322476E+00   1.069400E+04   7.798313E-01
   1.563614E-01   6.949757E+00   1.072079E+04   7.809792E-01
   1.570836E-01   4.749024E+00   1.074036E+04   7.820998E-01
   1.578091E-01   3.305767E+00   1.076315E+04   7.819164E-01
   1.585380E-01   2.684744E+00   1.078460E+04   7.818653E-01
   1.592703E-01   2.245907E+00   1.078148E+04   7.838165E-01
   1.600059E-01   2.196195E+00   1.080976E+04   7.817408E-01
   1.607450E-01   2.341234E+00   1.081785E+04   7.823152E-01
   1.614874E-01   2.186034E+00   1.084317E+04   7.833051E-01
   1.622333E-01   2.134526E+00   1.087561E+04   7.830323E-01
   1.629827E-01   2.106251E+00   1.089349E+04   7.827494E-01
   1.637355E-01   2.306097E+00   1.090921E+04   7.827832E-01
   1.644917E-01   2.228415E+00   1.091417E+04   7.829850E-01
   1.652515E-01   2.199706E+00   1.091765E+04   7.829036E-01
   1.660148E-01   2.130304E+00   1.092110E+04   7.824472E-01
   1.667816E-01   2.151517E+00   1.090993E+04   7.836129E-01
   1.675519E-01   2.495690E+00   1.093054E+04   7.838705E-01
   1.683258E-01   2.293188E+00   1.094653E+04   7.831861E-01
   1.691033E-01   2.212818E+00   1.094037E+04   7.836051E-01
   1.698844E-01   2.231017E+00   1.093242E+04   7.849673E-01
   1.706690E-01   2.105005E+00   1.094500E+04   7.849271E-01
   1.714573E-01   2.135323E+00   1.097482E+04   7.839394E-01
   1.722493E-01   2.082851E+00   1.094829E+04   7.856173E-01
   1.730449E-01   2.213687E+00   1.095518E+04   7.856328E-01
   1.738442E-01   2.110800E+00   1.096967E+04   7.852835E-01
   1.746471E-01   2.096610E+00   1.096393E+04   7.857741E-01
   1.754538E-01   2.071290E+00   1.094564E+04   7.875838E-01
   1.762642E-01   2.189931E+00   1.098278E+04   7.857685E-01
   1.770783E-01   2.087962E+00   1.096858E+04   7.872409E-01
   1.778962E-01   2.184871E+00   1.097792E+04   7.873909E-01
   1.787179E-01   2.265006E+00   1.096401E+04   7.886308E-01
   1.795434E-01   2.191838E+00   1.099048E+04   7.867292E-01
   1.803727E-01   2.256004E+00   1.098543E+04   7.877393E-01
   1.812058E-01   2.124842E+00   1.098734E+04   7.883922E-01
   1.820428E-01   2.270838E+00   1.099290E+04   7.877181E-01
   1.828836E-01   2.064800E+00   1.098598E+04   7.876669E-01
   1.837283E-01   2.154454E+00   1.097933E+04   7.879680E-01
   1.845769E-01   2.255419E+00   1.098520E+04   7.879691E-01
   1.854295E-01   2.172245E+00   1.098464E+04   7.879051E-01
   1.862860E-01   2.070184E+00   1.097549E+04   7.881972E-01
   1.871464E-01   2.126299E+00   1.097678E+04   7.877859E-01
   1.880108E-01   2.105505E+00   1.096937E+04   7.877189E-01
   1.888792E-01   2.013214E+00   1.094868E+04   7.886345E-01
   1.897516E-01   2.069618E+00   1.094173E+04   7.880843E-01
   1.906280E-01   2.184881E+00   1.092723E+04   7.878735E-01
   1.915085E-01   2.046011E+00   1.091154E+04   7.883143E-01
   1.923931E-01   2.061933E+00   1.090660E+04   7.885206E-01
   1.932817E-01   1.973735E+00   1.090399E+04   7.891692E-01
   1.941745E-01   2.018948E+00   1.090727E+04   7.882005E-01
   1.950713E-01   1.995540E+00   1.087418E+04   7.894707E-01
   1.959723E-01   2.121419E+00   1.087615E+04   7.892524E-01
   1.968775E-01   1.974500E+00   1.086267E+04   7.894085E-01
   1.977869E-01   2.041973E+00   1.086017E+04   7.893862E-01
   1.987004E-01   1.998487E+00   1.084485E+04   7.900095E-01
   1.996182E-01   2.001306E+00   1.084350E+04   7.896122E-01
   2.005402E-01   1.948104E+00   1.083836E+04   7.889421E-01
   2.014665E-01   2.006627E+00   1.080282E+04   7.906605E-01
   2.023970E-01   2.004811E+00   1.080503E+04   7.900455E-01
   2.033319E-01   1.952893E+00   1.079634E+04   7.902512E-01
   2.042710E-01   1.932270E+00   1.078564E+04   7.903674E-01
   2.052145E-01   1.993409E+00   1.077436E+04   7.904189E-01
   2.061624E-01   2.039500E+00   1.077221E+04   7.903690E-01
   2.071146E-01   1.956898E+00   1.077457E+04   7.896833E-01
   2.080713E-01   2.012847E+00   1.076765E+04   7.898151E-01
   2.090323E-01   2.059934E+00   1.076388E+04   7.892517E-01
   2.099978E-01   2.006713E+00   1.074650E+04   7.895805E-01
   2.109678E-01   1.973162E+00   1.073561E+04   7.893284E-01
   2.119422E-01   2.002909E+00   1.072583E+04   7.889164E-01
   2.129212E-01   1.885167E+00   1.070697E+04   7.890732E-01
   2.139046E-01   1.946715E+00   1.071449E+04   7.871821E-01
   2.148926E-01   2.023438E+00   1.069736E+04   7.872135E-01
   2.158852E-01   1.865288E+00   1.068895E+04   7.869973E-01
   2.168823E-01   1.835405E+00   1.066615E+04   7.879304E-01
   2.178841E-01   1.837451E+00   1.065391E+04   7.876045E-01
   2.188905E-01   1.860433E+00   1.065093E+04   7.868562E-01
   2.199015E-01   1.980425E+00   1.065002E+04   7.859961E-01
   2.209172E-01   1.790306E+00   1.062207E+04   7.871553E-01
   2.219376E-01   1.961235E+00   1.061257E+04   7.868272E-01
   2.229627E-01   2.018033E+00   1.061428E+04   7.858218E-01
   2.239925E-01   1.838800E+00   1.060096E+04   7.854926E-01
   2.250271E-01   1.906051E+00   1.058415E+04   7.859869E-01
   2.260665E-01   1.884062E+00   1.057813E+04   7.862141E-01
   2.271106E-01   1.823849E+00   1.056871E+04   7.862797E-01
   2.281596E-01   1.968337E+00   1.056281E+04   7.857193E-01
   2.292135E-01   1.781772E+00   1.054733E+04   7.855401E-01
   2.302722E-01   1.831037E+00   1.052924E+04   7.860136E-01
   2.313358E-01   1.812597E+00   1.053399E+04   7.845320E-01
   2.324043E-01   1.905820E+00   1.050507E+04   7.854133E-01
   2.334777E-01   1.832787E+00   1.049348E+04   7.859186E-01
   2.345562E-01   1.762629E+00   1.049166E+04   7.854385E-01
   2.356395E-01   1.764141E+00   1.048177E+04   7.852882E-01
   2.367279E-01   1.839478E+00   1.046952E+04   7.850836E-01
   2.378213E-01   1.798549E+00   1.046367E+04   7.848118E-01
   2.389198E-01   1.915453E+00   1.045175E+04   7.851759E-01
   2.400234E-01   1.743220E+00   1.045443E+04   7.844430E-01
   2.411320E-01   1.842111E+00   1.044031E+04   7.844996E-01
   2.422458E-01   1.767193E+00   1.043334E+04   7.839787E-01
   2.433647E-01   1.717837E+00   1.041353E+04   7.838720E-01
   2.444887E-01   1.811397E+00   1.039937E+04   7.834328E-01
   2.456180E-01   1.729030E+00   1.038769E+04   7.829932E-01
   2.467525E-01   1.802924E+00   1.036474E+04   7.834920E-01
   2.478922E-01   1.741832E+00   1.035594E+04   7.827656E-01
   2.490372E-01   1.699059E+00   1.034282E+04   7.819974E-01
   2.501874E-01   1.758364E+00   1.032586E+04   7.820688E-01
   2.513430E-01   1.758316E+00   1.030862E+04   7.821085E-01
   2.525040E-01   1.723717E+00   1.029872E+04   7.816229E-01
   2.536702E-01   1.732363E+00   1.027590E+04   7.818916E-01
   2.548419E-01   1.773074E+00   1.027251E+04   7.806462E-01
   2.560190E-01   1.757622E+00   1.024594E+04   7.811298E-01
   2.572015E-01   1.713244E+00   1.022522E+04   7.813608E-01
   2.583895E-01   1.656984E+00   1.021445E+04   7.812591E-01
   2.595830E-01   1.685255E+00   1.020925E+04   7.803852E-01
   2.607819E-01   1.712529E+00   1.019340E+04   7.802937E-01
   2.619865E-01   1.703939E+00   1.017541E+04   7.808499E-01
   2.631965E-01   1.664084E+00   1.016456E+04   7.804458E-01
   2.644122E-01   1.693243E+00   1.014214E+04   7.804627E-01
   2.656335E-01   1.672636E+00   1.012929E+04   7.798351E-01
   2.668604E-01   1.746619E+00   1.010482E+04   7.805965E-01
   2.680930E-01   1.798377E+00   1.010579E+04   7.793442E-01
   2.693313E-01   1.657074E+00   1.008829E+04   7.790401E-01
   2.705753E-01   1.728981E+00   1.006108E+04   7.800796E-01
   2.718251E-01   1.819444E+00   1.006081E+04   7.792620E-01
   2.730806E-01   1.717383E+00   1.004165E+04   7.794594E-01
   2.743419E-01   1.745185E+00   1.003627E+04   7.786220E-01
   2.756091E-01   1.595716E+00   1.001615E+04   7.791940E-01
   2.768821E-01   1.584362E+00   9.999137E+03   7.797987E-01
   2.781610E-01   1.577762E+00   9.996436E+03   7.789623E-01
   2.794458E-01   1.682645E+00   9.978232E+03   7.785313E-01
   2.807365E-01   1.595878E+00   9.961320E+03   7.784969E-01
   2.820332E-01   1.607997E+00   9.945685E+03   7.778933E-01
   2.833359E-01   1.701189E+00   9.927170E+03   7.777171E-01
   2.846445E-01   1.576863E+00   9.911651E+03   7.776534E-01
   2.859593E-01   1.650757E+00   9.894290E+03   7.775976E-01
   2.872801E-01   1.732346E+00   9.875743E+03   7.774561E-01
   2.886070E-01   1.641496E+00   9.868345E+03   7.762544E-01
   2.899400E-01   1.535139E+00   9.841654E+03   7.765563E-01
   2.912792E-01   1.782355E+00   9.829667E+03   7.757074E-01
   2.926246E-01   1.520253E+00   9.803584E+03   7.763464E-01
   2.939762E-01   1.585241E+00   9.780727E+03   7.764313E-01
   2.953341E-01   1.722362E+00   9.778072E+03   7.749893E-01
   2.966982E-01   1.567780E+00   9.751453E+03   7.752564E-01
   2.980686E-01   1.520971E+00   9.727151E+03   7.757111E-01
   2.994453E-01   1.497822E+00   9.710290E+03   7.758567E-01
   3.008284E-01   1.621529E+00   9.703796E+03   7.752286E-01
   3.022179E-01   1.529965E+00   9.690505E+03   7.746559E-01
   3.036138E-01   1.543798E+00   9.666381E+03   7.752184E-01
   3.050162E-01   1.530142E+00   9.648944E+03   7.751451E-01
   3.064250E-01   1.493431E+00   9.626795E+03   7.751509E-01
   3.078404E-01   1.572265E+00   9.609367E+03   7.748808E-01
   3.092622E-01   1.534602E+00   9.592277E+03   7.747574E-01
   3.106907E-01   1.533124E+00   9.586633E+03   7.739434E-01
   3.121257E-01   1.633109E+00   9.572009E+03   7.735853E-01
   3.135674E-01   1.645600E+00   9.538604E+03   7.746942E-01
   3.150157E-01   1.531563E+00   9.528249E+03   7.746197E-01
   3.164707E-01   1.503282E+00   9.519551E+03   7.741315E-01
   3.179325E-01   1.491263E+00   9.505450E+03   7.739272E-01
   3.194010E-01   1.602227E+00   9.487770E+03   7.740267E-01
   3.208762E-01   1.458010E+00   9.470595E+03   7.741155E-01
   3.223583E-01   1.453562E+00   9.451127E+03   7.744471E-01
   3.238473E-01   1.572647E+00   9.443358E+03   7.730743E-01
   3.253431E-01   1.461693E+00   9.414252E+03   7.739008E-01
   3.268458E-01   1.526218E+00   9.407707E+03   7.729523E-01
   3.283555E-01   1.474900E+00   9.385310E+03   7.730008E-01
   3.298721E-01   1.464777E+00   9.363402E+03   7.732928E-01
   3.313957E-01   1.396019E+00   9.347409E+03   7.730654E-01
   3.329264E-01   1.396239E+00   9.321003E+03   7.737071E-01
   3.344641E-01   1.457723E+00   9.317086E+03   7.722490E-01
   3.360090E-01   1.432759E+00   9.291587E+03   7.722358E-01
   3.375610E-01   1.491584E+00   9.269661E+03   7.719243E-01
   3.391201E-01   1.406850E+00   9.244047E+03   7.724164E-01
   3.406865E-01   1.438854E+00   9.225609E+03   7.722088E-01
   3.422601E-01   1.456284E+00   9.206437E+03   7.720605E-01
   3.438409E-01   1.516925E+00   9.196554E+03   7.710300E-01
   3.454291E-01   1.356782E+00   9.164488E+03   7.720964E-01
   3.470246E-01   1.359742E+00   9.141500E+03   7.725520E-01
   3.486274E-01   1.394887E+00   9.132730E+03   7.718110E-01
   3.502377E-01   1.419405E+00   9.117189E+03   7.713141E-01
   3.518554E-01   1.364580E+00   9.094081E+03   7.713916E-01
   3.534806E-01   1.388384E+00   9.068503E+03   7.719421E-01
   3.551133E-01   1.393004E+00   9.044951E+03   7.721461E-01
   3.567535E-01   1.402302E+00   9.026574E+03   7.719499E-01
   3.584013E-01   1.346018E+00   9.011421E+03   7.715967E-01
   3.600567E-01   1.318866E+00   8.989986E+03   7.719668E-01
   3.617198E-01   1.371469E+00   8.982795E+03   7.712667E-01
   3.633905E-01   1.336551E+00   8.952704E+03   7.719376E-01
   3.650690E-01   1.313943E+00   8.933287E+03   7.724667E-01
   3.667552E-01   1.296034E+00   8.924628E+03   7.720544E-01
   3.684492E-01   1.316274E+00   8.902422E+03   7.721508E-01
   3.701510E-01   1.315751E+00   8.884644E+03   7.718886E-01
   3.718607E-01   1.360613E+00   8.866587E+03   7.718843E-01
   3.735783E-01   1.320843E+00   8.841111E+03   7.724423E-01
   3.753038E-01   1.332512E+00   8.829457E+03   7.716602E-01
   3.770372E-01   1.335083E+00   8.805450E+03   7.718574E-01
   3.787787E-01   1.355576E+00   8.788884E+03   7.718878E-01
   3.805283E-01   1.307199E+00   8.772503E+03   7.714928E-01
   3.822859E-01   1.263045E+00   8.750306E+03   7.716901E-01
   3.840516E-01   1.311720E+00   8.734166E+03   7.714239E-01
   3.858255E-01   1.303417E+00   8.708971E+03   7.717562E-01
   3.876076E-01   1.310002E+00   8.692535E+03   7.713175E-01
   3.893979E-01   1.327908E+00   8.674118E+03   7.707061E-01
   3.911965E-01   1.255674E+00   8.648094E+03   7.708628E-01
   3.930034E-01   1.261120E+00   8.623933E+03   7.709874E-01
   3.948186E-01   1.242845E+00   8.602556E+03   7.711633E-01
   3.966422E-01   1.259879E+00   8.580666E+03   7.711574E-01
   3.984743E-01   1.245287E+00   8.570659E+03   7.701759E-01
   4.003148E-01   1.243554E+00   8.544684E+03   7.706237E-01
   4.021638E-01   1.283888E+00   8.517301E+03   7.712048E-01
   4.040213E-01   1.307459E+00   8.497785E+03   7.711909E-01
   4.058874E-01   1.200840E+00   8.478091E+03   7.708744E-01
   4.077622E-01   1.255046E+00   8.463155E+03   7.700870E-01
   4.096456E-01   1.232859E+00   8.433062E+03   7.708324E-01
   4.115377E-01   1.219180E+00   8.412728E+03   7.710258E-01
   4.134385E-01   1.276630E+00   8.392557E+03   7.711191E-01
   4.153481E-01   1.197298E+00   8.376357E+03   7.712206E-01
   4.172666E-01   1.245289E+00   8.355329E+03   7.713818E-01
   4.191939E-01   1.196432E+00   8.343813E+03   7.709462E-01
   4.211301E-01   1.177429E+00   8.320389E+03   7.708854E-01
   4.230752E-01   1.284903E+00   8.296888E+03   7.715454E-01
   4.250294E-01   1.240996E+00   8.282471E+03   7.714170E-01
   4.269925E-01   1.178381E+00   8.263499E+03   7.713142E-01
   4.289648E-01   1.214809E+00   8.246008E+03   7.707382E-01
   4.309461E-01   1.191116E+00   8.220685E+03   7.713829E-01
   4.329366E-01   1.171591E+00   8.197027E+03   7.717905E-01
   4.349363E-01   1.184230E+00   8.180741E+03   7.716550E-01
   4.369452E-01   1.132454E+00   8.161800E+03   7.714015E-01
   4.389634E-01   1.215510E+00   8.144142E+03   7.713793E-01
   4.409909E-01   1.299782E+00   8.129207E+03   7.710564E-01
   4.430278E-01   1.162857E+00   8.108129E+03   7.710370E-01
   4.450741E-01   1.117116E+00   8.086513E+03   7.713640E-01
   4.471298E-01   1.130547E+00   8.065976E+03   7.712132E-01
   4.491950E-01   1.187366E+00   8.046385E+03   7.712540E-01
   4.512698E-01   1.147357E+00   8.032654E+03   7.703468E-01
   4.533542E-01   1.160412E+00   8.005418E+03   7.706618E-01
   4.554482E-01   1.170165E+00   7.981990E+03   7.705358E-01
   4.575518E-01   1.110932E+00   7.957143E+03   7.708030E-01
   4.596652E-01   1.217024E+00   7.935898E+03   7.705866E-01
   4.617883E-01   1.140186E+00   7.923110E+03   7.698532E-01
   4.639213E-01   1.100444E+00   7.901532E+03   7.699075E-01
   4.660641E-01   1.103391E+00   7.873582E+03   7.705279E-01
   4.682168E-01   1.079364E+00   7.848414E+03   7.711941E-01
   4.703794E-01   1.084554E+00   7.834666E+03   7.705760E-01
   4.725520E-01   1.107787E+00   7.815287E+03   7.703169E-01
   4.747347E-01   1.116354E+00   7.798724E+03   7.699295E-01
   4.769274E-01   1.094717E+00   7.773305E+03   7.707171E-01
   4.791303E-01   1.092348E+00   7.753034E+03   7.708199E-01
   4.813433E-01   1.071209E+00   7.732706E+03   7.711687E-01
   4.835666E-01   1.099307E+00   7.718337E+03   7.705503E-01
   4.858001E-01   1.126041E+00   7.703634E+03   7.700628E-01
   4.880440E-01   1.175395E+00   7.681912E+03   7.699288E-01
   4.902982E-01   1.131407E+00   7.650946E+03   7.711417E-01
   4.925628E-01   1.098057E+00   7.636999E+03   7.709339E-01
   4.948379E-01   1.076352E+00   7.626009E+03   7.702602E-01
   4.971235E-01   1.078010E+00   7.602266E+03   7.705447E-01
   4.994197E-01   1.034832E+00   7.580455E+03   7.709054E-01
   5.017264E-01   1.048699E+00   7.564385E+03   7.707421E-01
   5.040438E-01   1.064318E+00   7.543670E+03   7.711453E-01
   5.063720E-01   1.057358E+00   7.532799E+03   7.703608E-01
   5.087108E-01   1.135581E+00   7.509377E+03   7.708487E-01
   5.110605E-01   1.063648E+00   7.494071E+03   7.706028E-01
   5.134210E-01   1.121142E+00   7.478697E+03   7.699910E-01
   5.157925E-01   1.087613E+00   7.452825E+03   7.706446E-01
   5.181748E-01   1.110491E+00   7.432490E+03   7.704672E-01
   5.205682E-01   1.015123E+00   7.407256E+03   7.710614E-01
   5.229727E-01   1.034391E+00   7.397482E+03   7.698997E-01
   5.253882E-01   1.064833E+00   7.372604E+03   7.701138E-01
   5.278149E-01   1.062401E+00   7.353409E+03   7.697625E-01
   5.302528E-01   9.877993E-01   7.326946E+03   7.703571E-01
   5.327020E-01   1.004155E+00   7.305773E+03   7.702725E-01
   5.351625E-01   1.015767E+00   7.286260E+03   7.701161E-01
   5.376343E-01   1.004363E+00   7.275268E+03   7.691896E-01
   5.401176E-01   9.736671E-01   7.248169E+03   7.697933E-01
   5.426123E-01   9.710083E-01   7.222953E+03   7.705883E-01
   5.451186E-01   1.027606E+00   7.209741E+03   7.701027E-01
   5.476364E-01   9.998224E-01   7.190610E+03   7.698848E-01
   5.501659E-01   1.034533E+00   7.175485E+03   7.693978E-01
   5.527070E-01   9.996295E-01   7.152310E+03   7.699065E-01
   5.552599E-01   1.083856E+00   7.129459E+03   7.703154E-01
   5.578246E-01   9.967455E-01   7.110817E+03   7.704073E-01
   5.604011E-01   9.719655E-01   7.095820E+03   7.700810E-01
   5.629895E-01   1.036796E+00   7.079933E+03   7.696440E-01
   5.655899E-01   9.657126E-01   7.059911E+03   7.695164E-01
   5.682023E-01   1.004063E+00   7.033398E+03   7.702237E-01
   5.708268E-01   9.464664E-01   7.014388E+03   7.706115E-01
   5.734634E-01   9.784660E-01   7.003790E+03   7.702380E-01
   5.761121E-01   1.110350E+00   6.985852E+03   7.699693E-01
   5.787731E-01   9.783735E-01   6.967591E+03   7.700970E-01
   5.814464E-01   9.145003E-01   6.948833E+03   7.703026E-01
   5.841320E-01   9.784757E-01   6.929421E+03   7.705461E-01
   5.868300E-01   9.458723E-01   6.917436E+03   7.700656E-01
   5.895405E-01   1.023445E+00   6.894092E+03   7.704433E-01
   5.922636E-01   9.308053E-01   6.878152E+03   7.703932E-01
   5.949991E-01   9.426833E-01   6.862067E+03   7.699835E-01
   5.977474E-01   9.498379E-01   6.842882E+03   7.699950E-01
   6.005083E-01   9.094204E-01   6.821725E+03   7.701560E-01
   6.032820E-01   9.566741E-01   6.798923E+03   7.704497E-01
   6.060685E-01   9.754026E-01   6.786901E+03   7.697053E-01
   6.088678E-01   9.027974E-01   6.768160E+03   7.694691E-01
   6.116801E-01   8.857715E-01   6.747195E+03   7.694562E-01
   6.145054E-01   9.092861E-01   6.726649E+03   7.695400E-01
   6.173437E-01   9.166932E-01   6.704070E+03   7.698386E-01
   6.201951E-01   9.043050E-01   6.684159E+03   7.697917E-01
   6.230597E-01   9.448337E-01   6.676071E+03   7.686163E-01
   6.259376E-01   8.647279E-01   6.652322E+03   7.689939E-01
   6.288287E-01   8.991609E-01   6.632168E+03   7.691668E-01
   6.317332E-01   9.217182E-01   6.608493E+03   7.699668E-01
   6.346511E-01   8.637202E-01   6.591790E+03   7.696054E-01
   6.375825E-01   8.709125E-01   6.579401E+03   7.688078E-01
   6.405274E-01   8.692044E-01   6.558080E+03   7.691335E-01
   6.434859E-01   8.465155E-01   6.532535E+03   7.699154E-01
   6.464581E-01   8.866684E-01   6.518358E+03   7.696452E-01
   6.494440E-01   8.737721E-01   6.500962E+03   7.698924E-01
   6.524437E-01   8.654297E-01   6.485595E+03   7.695518E-01
   6.554572E-01   8.419067E-01   6.469294E+03   7.693137E-01
   6.584847E-01   8.514890E-01   6.447238E+03   7.694945E-01
   6.615262E-01   8.661907E-01   6.427196E+03   7.701361E-01
   6.645817E-01   8.429348E-01   6.414981E+03   7.699819E-01
   6.676513E-01   8.397731E-01   6.400048E+03   7.696263E-01
   6.707351E-01   8.201794E-01   6.381393E+03   7.696899E-01
   6.738331E-01   8.167170E-01   6.363869E+03   7.700385E-01
   6.769455E-01   9.388982E-01   6.347705E+03   7.699151E-01
   6.800722E-01   8.188504E-01   6.327770E+03   7.704831E-01
   6.832134E-01   8.343075E-01   6.314060E+03   7.698531E-01
   6.863691E-01   8.516701E-01   6.297094E+03   7.700312E-01
   6.895393E-01   8.067311E-01   6.280633E+03   7.698632E-01
   6.927242E-01   8.394204E-01   6.266110E+03   7.694400E-01
   6.959238E-01   8.075702E-01   6.241608E+03   7.702673E-01
   6.991382E-01   8.252488E-01   6.226637E+03   7.697742E-01
   7.023674E-01   8.445012E-01   6.208718E+03   7.699870E-01
   7.056116E-01   8.293971E-01   6.198236E+03   7.689618E-01
   7.088707E-01   8.034767E-01   6.173830E+03   7.695297E-01
   7.121449E-01   7.956038E-01   6.153837E+03   7.696760E-01
   7.154342E-01   7.838580E-01   6.136675E+03   7.696062E-01
   7.187387E-01   8.324619E-01   6.116319E+03   7.697003E-01
   7.220585E-01   7.996585E-01   6.103631E+03   7.690924E-01
   7.253936E-01   8.857162E-01   6.086532E+03   7.687607E-01
   7.287441E-01   7.878273E-01   6.064551E+03   7.691919E-01
   7.321101E-01   8.882574E-01   6.041991E+03   7.699231E-01
   7.354916E-01   8.031268E-01   6.028067E+03   7.696080E-01
   7.388887E-01   7.781126E-01   6.014258E+03   7.690960E-01
   7.423016E-01   7.759067E-01   5.999168E+03   7.686640E-01
   7.457302E-01   7.541934E-01   5.975238E+03   7.694521E-01
   7.491746E-01   8.141428E-01   5.957898E+03   7.695987E-01
   7.526350E-01   7.409361E-01   5.939145E+03   7.702482E-01
   7.561113E-01   7.856541E-01   5.928479E+03   7.695327E-01
   7.596037E-01   7.872081E-01   5.918093E+03   7.687476E-01
   7.631122E-01   7.501934E-01   5.897225E+03   7.689832E-01
   7.666369E-01   7.706683E-01   5.873645E+03   7.701405E-01
   7.701779E-01   7.486250E-01   5.858411E+03   7.703183E-01
   7.737353E-01   7.371845E-01   5.847761E+03   7.697112E-01
   7.773091E-01   7.621723E-01   5.831023E+03   7.695901E-01
   7.808994E-01   7.268716E-01   5.811313E+03   7.702488E-01
   7.845062E-01   7.506886E-01   5.797182E+03   7.700527E-01
   7.881298E-01   7.644176E-01   5.780729E+03   7.702830E-01
   7.917700E-01   7.861273E-01   5.769490E+03   7.696744E-01
   7.954271E-01   7.901454E-01   5.748298E+03   7.702893E-01
   7.991011E-01   7.179123E-01   5.734071E+03   7.701293E-01
   8.027921E-01   7.343207E-01   5.722335E+03   7.695266E-01
   8.065001E-01   7.434835E-01   5.700783E+03   7.701386E-01
   8.102252E-01   7.932479E-01   5.685035E+03   7.699683E-01
   8.139675E-01   7.329003E-01   5.666099E+03   7.704574E-01
   8.177271E-01   7.304011E-01   5.656341E+03   7.694691E-01
   8.215041E-01   7.070775E-01   5.635719E+03   7.697353E-01
   8.252985E-01   8.455864E-01   5.623926E+03   7.689624E-01
   8.291105E-01   7.314914E-01   5.601923E+03   7.697096E-01
   8.329400E-01   7.473447E-01   5.583003E+03   7.698265E-01
   8.367873E-01   6.993696E-01   5.566554E+03   7.697918E-01
   8.406523E-01   7.187171E-01   5.553667E+03   7.690702E-01
   8.445352E-01   7.316028E-01   5.534512E+03   7.691464E-01
   8.484360E-01   6.742922E-01   5.510693E+03   7.701406E-01
   8.523548E-01   6.968872E-01   5.499011E+03   7.697925E-01
   8.562917E-01   6.702342E-01   5.482499E+03   7.698705E-01
   8.602468E-01   7.321913E-01   5.472236E+03   7.689878E-01
   8.642202E-01   6.942399E-01   5.452293E+03   7.693860E-01
   8.682119E-01   7.658928E-01   5.430353E+03   7.702263E-01
   8.722221E-01   6.838359E-01   5.415934E+03   7.703741E-01
   8.762508E-01   7.202064E-01   5.404566E+03   7.699627E-01
   8.802981E-01   6.904572E-01   5.394218E+03   7.692473E-01
   8.843641E-01   6.627048E-01   5.375579E+03   7.694172E-01
   8.884488E-01   7.058541E-01   5.356623E+03   7.699828E-01
   8.925525E-01   8.054156E-01   5.339775E+03   7.705021E-01
   8.966751E-01   7.035864E-01   5.327786E+03   7.702813E-01
   9.008167E-01   6.656340E-01   5.314730E+03   7.698112E-01
   9.049775E-01   7.035315E-01   5.299761E+03   7.700010E-01
   9.091574E-01   6.442139E-01   5.282656E+03   7.704071E-01
   9.133567E-01   6.602054E-01   5.267146E+03   7.706522E-01
   9.175754E-01   6.565658E-01   5.254580E+03   7.705454E-01
   9.218136E-01   6.709328E-01   5.238699E+03   7.704839E-01
   9.260713E-01   6.523933E-01   5.223427E+03   7.706194E-01
   9.303487E-01   6.412622E-01   5.212048E+03   7.701705E-01
   9.346459E-01   7.131465E-01   5.198235E+03   7.698929E-01
   9.389629E-01   7.331899E-01   5.176415E+03   7.707994E-01
   9.432999E-01   6.331664E-01   5.159576E+03   7.709992E-01
   9.476568E-01   6.639623E-01   5.148779E+03   7.704244E-01
   9.520339E-01   6.580652E-01   5.135952E+03   7.697203E-01
   9.564313E-01   6.393452E-01   5.118825E+03   7.698655E-01
   9.608489E-01   6.246072E-01   5.099790E+03   7.703674E-01
   9.652870E-01   6.453632E-01   5.084412E+03   7.701857E-01
   9.697455E-01   6.137811E-01   5.066025E+03   7.706872E-01
   9.742246E-01   6.465134E-01   5.058649E+03   7.694533E-01
   9.787245E-01   6.231249E-01   5.040214E+03   7.696955E-01
   9.832451E-01   6.262187E-01   5.023850E+03   7.696737E-01
   9.877866E-01   6.128796E-01   5.002991E+03   7.707614E-01
   9.923490E-01   6.120038E-01   4.991233E+03   7.704259E-01
   9.969326E-01   6.384419E-01   4.981119E+03   7.697452E-01
   1.001537E+00   6.781422E-01   4.965362E+03   7.696865E-01
   1.006163E+00   5.919869E-01   4.942663E+03   7.707040E-01
   1.010811E+00   6.072431E-01   4.930561E+03   7.705754E-01
   1.015479E+00   6.111658E-01   4.914778E+03   7.711449E-01
   1.020170E+00   6.042319E-01   4.905713E+03   7.704155E-01
   1.024882E+00   5.946301E-01   4.892787E+03   7.698435E-01
   1.029616E+00   6.039820E-01   4.875000E+03   7.702831E-01
   1.034371E+00   6.135994E-01   4.857817E+03   7.712127E-01
   1.039149E+00   6.136734E-01   4.847351E+03   7.707241E-01
   1.043949E+00   5.923579E-01   4.833377E+03   7.707735E-01
   1.048770E+00   6.432821E-01   4.821445E+03   7.704379E-01
   1.053615E+00   6.163685E-01   4.805689E+03   7.710089E-01
   1.058481E+00   6.243383E-01   4.792240E+03   7.710351E-01
   1.063370E+00   5.893158E-01   4.776568E+03   7.716572E-01
   1.068282E+00   5.800616E-01   4.764059E+03   7.714448E-01
   1.073216E+00   5.902475E-01   4.750804E+03   7.712946E-01
   1.078173E+00   5.798615E-01   4.739172E+03   7.710729E-01
   1.083153E+00   5.726750E-01   4.725954E+03   7.708607E-01
   1.088156E+00   5.686920E-01   4.705838E+03   7.717596E-01
   1.093182E+00   6.141711E-01   4.695891E+03   7.710307E-01
   1.098231E+00   5.758563E-01   4.678974E+03   7.716807E-01
   1.103304E+00   5.696230E-01   4.671350E+03   7.702805E-01
   1.108400E+00   5.690117E-01   4.652852E+03   7.707832E-01
   1.113519E+00   5.627957E-01   4.635233E+03   7.712008E-01
   1.118663E+00   5.533340E-01   4.620900E+03   7.711521E-01
   1.123830E+00   5.614015E-01   4.605235E+03   7.712484E-01
   1.129020E+00   5.604859E-01   4.594258E+03   7.708398E-01
   1.134235E+00   5.562058E-01   4.579986E+03   7.706199E-01
   1.139474E+00   5.346072E-01   4.563515E+03   7.708014E-01
   1.144737E+00   5.810926E-01   4.545836E+03   7.713699E-01
   1.150025E+00   5.518496E-01   4.533589E+03   7.713610E-01
   1.155336E+00   5.469322E-01   4.523407E+03   7.709900E-01
   1.160673E+00   5.565884E-01   4.511367E+03   7.705402E-01
   1.166034E+00   5.414470E-01   4.493102E+03   7.711028E-01
   1.171420E+00   5.407486E-01   4.477420E+03   7.716176E-01
   1.176830E+00   5.616534E-01   4.464057E+03   7.719762E-01
   1.182266E+00   5.249047E-01   4.453540E+03   7.717204E-01
   1.187727E+00   5.305313E-01   4.445232E+03   7.706346E-01
   1.193213E+00   5.245690E-01   4.428463E+03   7.709741E-01
   1.198724E+00   5.310010E-01   4.412037E+03   7.718617E-01
   1.204261E+00   5.265227E-01   4.398602E+03   7.721410E-01
   1.209823E+00   5.164329E-01   4.386527E+03   7.719887E-01
   1.215411E+00   5.272571E-01   4.376999E+03   7.712936E-01
   1.221025E+00   5.202914E-01   4.361594E+03   7.719125E-01
   1.226665E+00   6.047587E-01   4.349668E+03   7.718173E-01
   1.232330E+00   5.241788E-01   4.335782E+03   7.723130E-01
   1.238022E+00   5.127440E-01   4.325043E+03   7.721121E-01
   1.243741E+00   5.102183E-01   4.309576E+03   7.724954E-01
   1.249485E+00   5.144181E-01   4.299919E+03   7.720882E-01
   1.255257E+00   5.138895E-01   4.290307E+03   7.714881E-01
   1.261054E+00   5.014044E-01   4.271740E+03   7.723107E-01
   1.266879E+00   5.008379E-01   4.257794E+03   7.726121E-01
   1.272731E+00   5.044113E-01   4.244173E+03   7.727844E-01
   1.278609E+00   4.948879E-01   4.236080E+03   7.718669E-01
   1.284515E+00   5.102278E-01   4.220541E+03   7.718876E-01
   1.290448E+00   5.040489E-01   4.208246E+03   7.715879E-01
   1.296408E+00   4.898583E-01   4.191198E+03   7.722815E-01
   1.302396E+00   4.950307E-01   4.178752E+03   7.719389E-01
   1.308412E+00   4.951700E-01   4.166614E+03   7.718264E-01
   1.314455E+00   4.879419E-01   4.154259E+03   7.715168E-01
   1.320527E+00   4.795579E-01   4.139360E+03   7.716026E-01
   1.326626E+00   4.986274E-01   4.122011E+03   7.721560E-01
   1.332754E+00   5.273325E-01   4.110152E+03   7.721367E-01
   1.338909E+00   5.482172E-01   4.097324E+03   7.722945E-01
   1.345094E+00   4.900479E-01   4.090302E+03   7.712445E-01
   1.351306E+00   4.766800E-01   4.073970E+03   7.716881E-01
   1.357548E+00   4.813072E-01   4.057658E+03   7.723601E-01
   1.363818E+00   4.737440E-01   4.045256E+03   7.726795E-01
   1.370118E+00   4.741188E-01   4.034519E+03   7.727439E-01
   1.376446E+00   4.933021E-01   4.027510E+03   7.715944E-01
   1.382804E+00   4.625521E-01   4.013795E+03   7.716718E-01
   1.389191E+00   5.090023E-01   3.999572E+03   7.721381E-01
   1.395607E+00   4.636508E-01   3.984786E+03   7.729341E-01
   1.402053E+00   4.650181E-01   3.974046E+03   7.727559E-01
   1.408529E+00   4.634890E-01   3.963905E+03   7.723942E-01
   1.415035E+00   4.589487E-01   3.951455E+03   7.723318E-01
   1.421571E+00   4.633476E-01   3.937932E+03   7.727622E-01
   1.428137E+00   4.671157E-01   3.926060E+03   7.728757E-01
   1.434733E+00   4.488078E-01   3.913320E+03   7.733344E-01
   1.441360E+00   5.063888E-01   3.902910E+03   7.729117E-01
   1.448018E+00   4.429838E-01   3.889285E+03   7.732870E-01
   1.454706E+00   4.928466E-01   3.883016E+03   7.722434E-01
   1.461425E+00   4.556337E-01   3.868539E+03   7.724686E-01
   1.468175E+00   4.623083E-01   3.851302E+03   7.734782E-01
   1.474956E+00   4.398971E-01   3.840233E+03   7.733847E-01
   1.481769E+00   4.439563E-01   3.830626E+03   7.730540E-01
   1.488613E+00   4.828529E-01   3.821303E+03   7.721492E-01
   1.495489E+00   4.509708E-01   3.806772E+03   7.724602E-01
   1.502396E+00   4.305999E-01   3.790566E+03   7.731704E-01
   1.509336E+00   4.390721E-01   3.779780E+03   7.728440E-01
   1.516307E+00   4.346399E-01   3.766757E+03   7.729030E-01
   1.523311E+00   4.464343E-01   3.757958E+03   7.723195E-01
   1.530347E+00   4.364793E-01   3.743430E+03   7.725556E-01
   1.537415E+00   4.377780E-01   3.730036E+03   7.723912E-01
   1.544516E+00   4.346802E-01   3.714230E+03   7.732530E-01
   1.551650E+00   4.204974E-01   3.704195E+03   7.730363E-01
   1.558817E+00   4.539564E-01   3.695605E+03   7.723380E-01
   1.566017E+00   4.320045E-01   3.683541E+03   7.720965E-01
   1.573250E+00   4.154007E-01   3.666482E+03   7.730887E-01
   1.580517E+00   4.221674E-01   3.655452E+03   7.731315E-01
   1.587817E+00   4.305925E-01   3.643404E+03   7.736590E-01
   1.595151E+00   4.194648E-01   3.635709E+03   7.728756E-01
   1.602519E+00   4.136954E-01   3.626229E+03   7.722898E-01
   1.609921E+00   4.098348E-01   3.611010E+03   7.729486E-01
   1.617357E+00   4.049236E-01   3.597531E+03   7.737522E-01
   1.624827E+00   4.221217E-01   3.590882E+03   7.730026E-01
   1.632332E+00   4.321796E-01   3.577565E+03   7.735164E-01
   1.639872E+00   4.174915E-01   3.569924E+03   7.726643E-01
   1.647446E+00   4.020809E-01   3.555385E+03   7.734602E-01
   1.655055E+00   4.176668E-01   3.544582E+03   7.734605E-01
   1.662700E+00   4.081187E-01   3.532319E+03   7.740040E-01
   1.670380E+00   4.058920E-01   3.521332E+03   7.741052E-01
   1.678095E+00   4.213795E-01   3.511517E+03   7.738734E-01
   1.685846E+00   3.948183E-01   3.501273E+03   7.737441E-01
   1.693633E+00   3.996763E-01   3.491296E+03   7.733028E-01
   1.701455E+00   4.157980E-01   3.476987E+03   7.738404E-01
   1.709314E+00   4.226840E-01   3.466029E+03   7.739773E-01
   1.717209E+00   3.921169E-01   3.454343E+03   7.741732E-01
   1.725141E+00   4.081923E-01   3.448887E+03   7.727943E-01
   1.733109E+00   3.961432E-01   3.434481E+03   7.732846E-01
   1.741114E+00   3.807336E-01   3.419644E+03   7.739024E-01
   1.749156E+00   3.905469E-01   3.408306E+03   7.739375E-01
   1.757235E+00   3.876086E-01   3.398634E+03   7.736045E-01
   1.765352E+00   3.930264E-01   3.389078E+03   7.732960E-01
   1.773506E+00   3.864746E-01   3.377063E+03   7.732874E-01
   1.781697E+00   3.839615E-01   3.365099E+03   7.732725E-01
   1.789927E+00   3.880154E-01   3.350804E+03   7.739302E-01
   1.798194E+00   3.723119E-01   3.339930E+03   7.741423E-01
   1.806500E+00   3.920865E-01   3.331035E+03   7.737012E-01
   1.814844E+00   4.017868E-01   3.322630E+03   7.729409E-01
   1.823226E+00   3.736495E-01   3.308701E+03   7.735611E-01
   1.831647E+00   4.103228E-01   3.296838E+03   7.739317E-01
   1.840108E+00   3.777848E-01   3.285595E+03   7.743953E-01
   1.848607E+00   3.727341E-01   3.276069E+03   7.743679E-01
   1.857145E+00   3.772072E-01   3.270249E+03   7.732377E-01
   1.865723E+00   3.784742E-01   3.258345E+03   7.732537E-01
   1.874341E+00   3.708817E-01   3.244935E+03   7.741101E-01
   1.882998E+00   3.589967E-01   3.234088E+03   7.746738E-01
   1.891696E+00   3.709854E-01   3.225364E+03   7.744242E-01
   1.900433E+00   3.642819E-01   3.216762E+03   7.740489E-01
   1.909211E+00   3.706267E-01   3.205359E+03   7.742777E-01
   1.918029E+00   3.626153E-01   3.195928E+03   7.742350E-01
   1.926888E+00   3.625097E-01   3.184435E+03   7.747156E-01
   1.935788E+00   3.561016E-01   3.174334E+03   7.749250E-01
   1.944730E+00   3.733726E-01   3.165308E+03   7.748614E-01
   1.953712E+00   3.676773E-01   3.156315E+03   7.747310E-01
   1.962736E+00   3.564858E-01   3.148160E+03   7.741621E-01
   1.971802E+00   3.606410E-01   3.135433E+03   7.745100E-01
   1.980909E+00   3.474472E-01   3.122431E+03   7.753558E-01
   1.990059E+00   3.588359E-01   3.113486E+03   7.752390E-01
   1.999251E+00   3.455485E-01   3.105989E+03   7.746820E-01
   2.008485E+00   3.507064E-01   3.096148E+03   7.742039E-01
   2.017762E+00   3.898719E-01   3.084291E+03   7.743338E-01
   2.027082E+00   3.469829E-01   3.071531E+03   7.750765E-01
   2.036445E+00   3.474232E-01   3.063417E+03   7.746217E-01
   2.045851E+00   3.441412E-01   3.054281E+03   7.742882E-01
   2.055300E+00   3.414595E-01   3.043456E+03   7.742693E-01
   2.064793E+00   3.316368E-01   3.031056E+03   7.747552E-01
   2.074330E+00   3.407368E-01   3.020595E+03   7.746818E-01
   2.083911E+00   3.402596E-01   3.010046E+03   7.749363E-01
   2.093537E+00   3.319533E-01   3.000158E+03   7.749484E-01
   2.103207E+00   3.419145E-01   2.992854E+03   7.742570E-01
   2.112921E+00   3.385475E-01   2.982494E+03   7.742562E-01
   2.122680E+00   3.361745E-01   2.970144E+03   7.749075E-01
   2.132485E+00   3.303332E-01   2.959790E+03   7.752604E-01
   2.142334E+00   3.339066E-01   2.950157E+03   7.755736E-01
   2.152230E+00   3.452189E-01   2.944545E+03   7.746595E-01
   2.162170E+00   3.243790E-01   2.936094E+03   7.742161E-01
   2.172157E+00   3.390264E-01   2.923729E+03   7.747990E-01
   2.182190E+00   3.293202E-01   2.912467E+03   7.755353E-01
   2.192269E+00   3.305268E-01   2.905801E+03   7.750980E-01
   2.202395E+00   3.403633E-01   2.895418E+03   7.755305E-01
   2.212568E+00   3.238214E-01   2.887573E+03   7.749903E-01
   2.222787E+00   3.132993E-01   2.876617E+03   7.754519E-01
   2.233054E+00   3.248301E-01   2.868597E+03   7.751540E-01
   2.243368E+00   3.129617E-01   2.855963E+03   7.763457E-01
   2.253730E+00   3.367677E-01   2.848808E+03   7.759695E-01
   2.264140E+00   3.141650E-01   2.839271E+03   7.761122E-01
   2.274598E+00   3.213446E-01   2.833477E+03   7.751960E-01
   2.285104E+00   3.141919E-01   2.822336E+03   7.755942E-01
   2.295658E+00   3.346130E-01   2.810415E+03   7.762732E-01
   2.306262E+00   3.058300E-01   2.801537E+03   7.763252E-01
   2.316914E+00   3.063060E-01   2.792919E+03   7.762165E-01
   2.327616E+00   3.144318E-01   2.787312E+03   7.749289E-01
   2.338367E+00   3.152988E-01   2.776359E+03   7.751879E-01
   2.349167E+00   3.056530E-01   2.763372E+03   7.761341E-01
   2.360018E+00   3.045535E-01   2.753777E+03   7.763083E-01
   2.370918E+00   3.049936E-01   2.746885E+03   7.755563E-01
   2.381869E+00   3.014906E-01   2.737396E+03   7.754592E-01
   2.392871E+00   2.996491E-01   2.726934E+03   7.756614E-01
   2.403923E+00   3.012962E-01   2.717730E+03   7.754931E-01
   2.415027E+00   3.039693E-01   2.706069E+03   7.761569E-01
   2.426181E+00   2.952496E-01   2.696998E+03   7.761531E-01
   2.437388E+00   2.957406E-01   2.688726E+03   7.759412E-01
   2.448646E+00   3.013099E-01   2.681422E+03   7.754132E-01
   2.459956E+00   3.046764E-01   2.670324E+03   7.758687E-01
   2.471318E+00   2.899494E-01   2.659560E+03   7.763722E-01
   2.482733E+00   2.964812E-01   2.650863E+03   7.766217E-01
   2.494200E+00   2.923089E-01   2.642943E+03   7.766494E-01
   2.505720E+00   2.934978E-01   2.637864E+03   7.756244E-01
   2.517294E+00   3.111326E-01   2.627872E+03   7.756117E-01
   2.528921E+00   3.266821E-01   2.615788E+03   7.765888E-01
   2.540602E+00   2.919351E-01   2.609659E+03   7.761960E-01
   2.552337E+00   2.886487E-01   2.599166E+03   7.769055E-01
   2.564126E+00   2.868959E-01   2.594151E+03   7.759545E-01
   2.575969E+00   2.801474E-01   2.583226E+03   7.765105E-01
   2.587867E+00   3.043508E-01   2.575004E+03   7.762934E-01
   2.599820E+00   2.788174E-01   2.563732E+03   7.773263E-01
   2.611828E+00   2.821408E-01   2.556544E+03   7.771392E-01
   2.623892E+00   2.759697E-01   2.547997E+03   7.772073E-01
   2.636011E+00   2.798993E-01   2.540351E+03   7.769243E-01
   2.648187E+00   2.881232E-01   2.532614E+03   7.765090E-01
   2.660419E+00   2.822779E-01   2.522233E+03   7.770001E-01
   2.672707E+00   2.726299E-01   2.512866E+03   7.774028E-01
   2.685052E+00   2.851468E-01   2.504772E+03   7.773028E-01
   2.697454E+00   2.756507E-01   2.497961E+03   7.766253E-01
   2.709913E+00   2.804008E-01   2.488991E+03   7.763796E-01
   2.722429E+00   2.703534E-01   2.476859E+03   7.772504E-01
   2.735004E+00   2.725688E-01   2.468253E+03   7.772387E-01
   2.747637E+00   2.664810E-01   2.459456E+03   7.773052E-01
   2.760328E+00   2.753998E-01   2.453121E+03   7.764451E-01
   2.773077E+00   2.634758E-01   2.442544E+03   7.768407E-01
   2.785886E+00   2.649528E-01   2.434098E+03   7.767293E-01
   2.798753E+00   2.619695E-01   2.423053E+03   7.772548E-01
   2.811681E+00   2.590750E-01   2.413537E+03   7.775490E-01
   2.824667E+00   2.626646E-01   2.406769E+03   7.770502E-01
   2.837714E+00   2.618261E-01   2.399027E+03   7.767836E-01
   2.850821E+00   2.620179E-01   2.390359E+03   7.766912E-01
   2.863989E+00   2.566984E-01   2.380050E+03   7.771895E-01
   2.877217E+00   2.599598E-01   2.370729E+03   7.776771E-01
   2.890507E+00   2.630300E-01   2.362665E+03   7.779912E-01
   2.903858E+00   2.580550E-01   2.358342E+03   7.768977E-01
   2.917270E+00   2.598023E-01   2.350921E+03   7.763366E-01
   2.930745E+00   2.532114E-01   2.339563E+03   7.771138E-01
   2.944281E+00   2.504531E-01   2.329721E+03   7.779324E-01
   2.957881E+00   2.502392E-01   2.322329E+03   7.779239E-01
   2.971543E+00   2.518181E-01   2.315649E+03   7.777598E-01
   2.985268E+00   2.506228E-01   2.308695E+03   7.772544E-01
   2.999057E+00   2.525244E-01   2.300241E+03   7.772408E-01
   3.012909E+00   2.467361E-01   2.289622E+03   7.781081E-01
   3.026825E+00   2.453046E-01   2.281228E+03   7.785472E-01
   3.040806E+00   2.472003E-01   2.274548E+03   7.783184E-01
   3.054851E+00   2.495542E-01   2.267464E+03   7.779967E-01
   3.068961E+00   2.529257E-01   2.261264E+03   7.772245E-01
   3.083136E+00   2.441382E-01   2.250850E+03   7.779734E-01
   3.097376E+00   2.424104E-01   2.241346E+03   7.785714E-01
   3.111683E+00   2.396090E-01   2.233712E+03   7.785625E-01
   3.126055E+00   2.393053E-01   2.226827E+03   7.782456E-01
   3.140494E+00   2.401366E-01   2.220617E+03   7.773236E-01
   3.155000E+00   2.423386E-01   2.211160E+03   7.774799E-01
   3.169572E+00   2.375591E-01   2.201160E+03   7.781116E-01
   3.184212E+00   2.365930E-01   2.192535E+03   7.783388E-01
   3.198920E+00   2.382229E-01   2.187048E+03   7.774144E-01
   3.213695E+00   2.330096E-01   2.177869E+03   7.776063E-01
   3.228539E+00   2.319694E-01   2.168507E+03   7.779788E-01
   3.243451E+00   2.350440E-01   2.161020E+03   7.776007E-01
   3.258432E+00   2.369583E-01   2.152584E+03   7.777019E-01
   3.273482E+00   2.313070E-01   2.144108E+03   7.780091E-01
   3.288602E+00   2.306221E-01   2.136791E+03   7.777965E-01
   3.303792E+00   2.283760E-01   2.129278E+03   7.775381E-01
   3.319052E+00   2.288748E-01   2.120276E+03   7.777873E-01
   3.334382E+00   2.310807E-01   2.111757E+03   7.780815E-01
   3.349783E+00   2.257513E-01   2.103010E+03   7.787990E-01
   3.365255E+00   2.271291E-01   2.098354E+03   7.780450E-01
   3.380799E+00   2.243410E-01   2.092324E+03   7.773644E-01
   3.396414E+00   2.247969E-01   2.083348E+03   7.774986E-01
   3.412102E+00   2.223883E-01   2.073416E+03   7.783911E-01
   3.427862E+00   2.233249E-01   2.066958E+03   7.781985E-01
   3.443695E+00   2.204767E-01   2.058456E+03   7.788199E-01
   3.459601E+00   2.209084E-01   2.054078E+03   7.777113E-01
   3.475580E+00   2.189059E-01   2.045966E+03   7.777689E-01
   3.491634E+00   2.202925E-01   2.037461E+03   7.779306E-01
   3.507761E+00   2.172498E-01   2.027780E+03   7.790162E-01
   3.523963E+00   2.163192E-01   2.021367E+03   7.789042E-01
   3.540240E+00   2.153339E-01   2.014884E+03   7.786286E-01
   3.556592E+00   2.164630E-01   2.008935E+03   7.779501E-01
   3.573019E+00   2.130697E-01   1.999370E+03   7.784857E-01
   3.589523E+00   2.130640E-01   1.991222E+03   7.786947E-01
   3.606102E+00   2.109656E-01   1.983654E+03   7.788524E-01
   3.622758E+00   2.104565E-01   1.976272E+03   7.788939E-01
   3.639491E+00   2.127527E-01   1.971269E+03   7.778300E-01
   3.656302E+00   2.129997E-01   1.963790E+03   7.774109E-01
   3.673190E+00   2.093267E-01   1.953471E+03   7.782607E-01
   3.690156E+00   2.070922E-01   1.944638E+03   7.787007E-01
   3.707200E+00   2.076522E-01   1.938724E+03   7.781333E-01
   3.724323E+00   2.075771E-01   1.932033E+03   7.775481E-01
   3.741525E+00   2.049409E-01   1.923057E+03   7.778238E-01
   3.758807E+00   2.045160E-01   1.915420E+03   7.777081E-01
   3.776169E+00   2.033132E-01   1.906495E+03   7.781250E-01
   3.793610E+00   2.019772E-01   1.898727E+03   7.782589E-01
   3.811132E+00   2.017382E-01   1.892353E+03   7.778008E-01
   3.828736E+00   2.016233E-01   1.885490E+03   7.774653E-01
   3.846420E+00   1.999105E-01   1.877335E+03   7.775656E-01
   3.864186E+00   1.994445E-01   1.867392E+03   7.779542E-01
   3.882034E+00   1.979907E-01   1.857437E+03   7.787196E-01
   3.899965E+00   1.972173E-01   1.849805E+03   7.787235E-01
   3.917978E+00   1.962546E-01   1.843130E+03   7.779571E-01
   3.936075E+00   1.955495E-01   1.833492E+03   7.780227E-01
   3.954255E+00   1.940067E-01   1.822744E+03   7.789046E-01
   3.972520E+00   1.930305E-01   1.813917E+03   7.792232E-01
   3.990868E+00   1.918916E-01   1.805042E+03   7.796917E-01
   4.009301E+00   1.914603E-01   1.798171E+03   7.790760E-01
   4.027820E+00   1.906445E-01   1.789620E+03   7.788408E-01
   4.046424E+00   1.893684E-01   1.778278E+03   7.798600E-01
   4.065114E+00   1.878929E-01   1.769060E+03   7.806023E-01
   4.083890E+00   1.869233E-01   1.761339E+03   7.805772E-01
   4.102753E+00   1.867224E-01   1.753784E+03   7.802301E-01
   4.121703E+00   1.858579E-01   1.744931E+03   7.801971E-01
   4.140741E+00   1.844527E-01   1.735191E+03   7.806730E-01
   4.159866E+00   1.835800E-01   1.726110E+03   7.810687E-01
   4.179080E+00   1.825188E-01   1.717071E+03   7.812514E-01
   4.198383E+00   1.818590E-01   1.708136E+03   7.811910E-01
   4.217775E+00   1.813320E-01   1.699446E+03   7.807306E-01
   4.237256E+00   1.792651E-01   1.687699E+03   7.815247E-01
   4.256828E+00   1.779913E-01   1.676999E+03   7.821800E-01
   4.276489E+00   1.774956E-01   1.668099E+03   7.821592E-01
   4.296242E+00   1.767951E-01   1.659168E+03   7.819354E-01
   4.316086E+00   1.754913E-01   1.648903E+03   7.822406E-01
   4.336021E+00   1.741877E-01   1.638504E+03   7.826042E-01
   4.356049E+00   1.729868E-01   1.627854E+03   7.833601E-01
   4.376169E+00   1.723386E-01   1.619384E+03   7.832875E-01
   4.396382E+00   1.715862E-01   1.610394E+03   7.832393E-01
   4.416688E+00   1.703020E-01   1.600517E+03   7.835824E-01
   4.437088E+00   1.691511E-01   1.590512E+03   7.840122E-01
   4.457583E+00   1.679634E-01   1.580161E+03   7.849729E-01
   4.478172E+00   1.673555E-01   1.572185E+03   7.850615E-01
   4.498856E+00   1.666686E-01   1.564730E+03   7.845268E-01
   4.519635E+00   1.653461E-01   1.554733E+03   7.848845E-01
   4.540511E+00   1.642278E-01   1.544352E+03   7.856957E-01
   4.561483E+00   1.633327E-01   1.534625E+03   7.862810E-01
   4.582552E+00   1.625853E-01   1.525719E+03   7.864815E-01
   4.603718E+00   1.614546E-01   1.516752E+03   7.864902E-01
   4.624982E+00   1.603158E-01   1.506512E+03   7.868879E-01
   4.646345E+00   1.591708E-01   1.495592E+03   7.878225E-01
   4.667805E+00   1.582135E-01   1.486114E+03   7.883709E-01
   4.689365E+00   1.573283E-01   1.477207E+03   7.886122E-01
   4.711025E+00   1.562919E-01   1.467756E+03   7.889160E-01
   4.732785E+00   1.552062E-01   1.457817E+03   7.893764E-01
   4.754645E+00   1.541218E-01   1.447652E+03   7.899845E-01
   4.776606E+00   1.531465E-01   1.438220E+03   7.903991E-01
   4.798668E+00   1.522092E-01   1.428970E+03   7.906583E-01
   4.820833E+00   1.511932E-01   1.419445E+03   7.909387E-01
   4.843100E+00   1.501469E-01   1.409617E+03   7.912881E-01
   4.865469E+00   1.491197E-01   1.399682E+03   7.916437E-01
   4.887942E+00   1.480917E-01   1.389706E+03   7.921072E-01
   4.910519E+00   1.471052E-01   1.380106E+03   7.924589E-01
   4.933200E+00   1.461190E-01   1.370462E+03   7.927751E-01
   4.955986E+00   1.450956E-01   1.360564E+03   7.931496E-01
   4.978877E+00   1.440190E-01   1.350408E+03   7.936926E-01
   5.001874E+00   1.429598E-01   1.340497E+03   7.942496E-01
   5.024977E+00   1.418023E-01   1.329512E+03   7.947798E-01
   5.048187E+00   1.406258E-01   1.318253E+03   7.953336E-01
   5.071504E+00   1.394303E-01   1.306579E+03   7.961239E-01
   5.094928E+00   1.382728E-01   1.295143E+03   7.969928E-01
   5.118461E+00   1.371819E-01   1.284350E+03   7.976227E-01
   5.142103E+00   1.360936E-01   1.273609E+03   7.980528E-01
   5.165854E+00   1.349352E-01   1.262225E+03   7.986379E-01
   5.189714E+00   1.337430E-01   1.250547E+03   7.994505E-01
   5.213685E+00   1.325781E-01   1.239152E+03   8.002320E-01
   5.237766E+00   1.314464E-01   1.227999E+03   8.008665E-01
   5.261959E+00   1.303197E-01   1.216737E+03   8.014331E-01
   5.286263E+00   1.291547E-01   1.205092E+03   8.021326E-01
   5.310680E+00   1.279802E-01   1.193398E+03   8.029712E-01
   5.335209E+00   1.268329E-01   1.182014E+03   8.037663E-01
   5.359852E+00   1.257055E-01   1.170869E+03   8.044209E-01
   5.384608E+00   1.245674E-01   1.159645E+03   8.049877E-01
   5.409479E+00   1.234104E-01   1.148126E+03   8.056067E-01
   5.434465E+00   1.222524E-01   1.136487E+03   8.063059E-01
   5.459566E+00   1.211076E-01   1.124961E+03   8.069853E-01
   5.484783E+00   1.199804E-01   1.113527E+03   8.075749E-01
   5.510116E+00   1.188433E-01   1.101987E+03   8.081095E-01
   5.535567E+00   1.176826E-01   1.090247E+03   8.086759E-01
   5.561135E+00   1.164579E-01   1.077865E+03   8.093649E-01
   5.586821E+00   1.150221E-01   1.063265E+03   8.103294E-01
   5.612626E+00   1.136025E-01   1.048737E+03   8.112452E-01
   5.638550E+00   1.121830E-01   1.034177E+03   8.121295E-01
   5.664594E+00   1.107651E-01   1.019555E+03   8.130227E-01
   5.690758E+00   1.093535E-01   1.004947E+03   8.139351E-01
   5.717043E+00   1.079506E-01   9.904165E+02   8.148435E-01
   5.743449E+00   1.065564E-01   9.759507E+02   8.157276E-01
   5.769977E+00   1.051625E-01   9.614947E+02   8.165871E-01
   5.796628E+00   1.037666E-01   9.470111E+02   8.174358E-01
   5.823402E+00   1.023693E-01   9.325055E+02   8.182827E-01
   5.850300E+00   1.009717E-01   9.179988E+02   8.191236E-01
   5.877322E+00   9.957456E-02   9.034920E+02   8.199493E-01
   5.904468E+00   9.793345E-02   8.863499E+02   8.210421E-01
   5.931740E+00   9.623985E-02   8.686379E+02   8.221776E-01
   5.959138E+00   9.455042E-02   8.509352E+02   8.232977E-01
   5.986663E+00   9.286545E-02   8.332684E+02   8.243959E-01
   6.014314E+00   9.118739E-02   8.156431E+02   8.254642E-01
   6.042094E+00   8.951489E-02   7.980579E+02   8.264988E-01
   6.070001E+00   8.784907E-02   7.805164E+02   8.274988E-01
   6.098038E+00   8.618948E-02   7.630257E+02   8.284635E-01
   6.126204E+00   8.453528E-02   7.455931E+02   8.293926E-01
   6.154500E+00   8.289025E-02   7.282269E+02   8.302867E-01
   6.182927E+00   8.125293E-02   7.109381E+02   8.311477E-01
   6.211485E+00   7.962850E-02   6.937403E+02   8.319787E-01
   6.240175E+00   7.801534E-02   6.766487E+02   8.327824E-01
   6.268998E+00   7.615963E-02   6.568171E+02   8.338187E-01
   6.297954E+00   7.418980E-02   6.356778E+02   8.349526E-01
   6.327043E+00   7.224502E-02   6.147404E+02   8.360484E-01
   6.356267E+00   7.032828E-02   5.940218E+02   8.371058E-01
   6.385626E+00   6.843822E-02   5.735374E+02   8.381243E-01
   6.415120E+00   6.657730E-02   5.533010E+02   8.391031E-01
   6.444751E+00   6.474695E-02   5.333250E+02   8.400409E-01
   6.474518E+00   6.257453E-02   5.093265E+02   8.412848E-01
   6.504423E+00   6.033673E-02   4.843617E+02   8.425737E-01
   6.534467E+00   5.816007E-02   4.598649E+02   8.437911E-01
   6.564648E+00   5.604882E-02   4.358678E+02   8.449364E-01
   6.594970E+00   5.399959E-02   4.124017E+02   8.460095E-01
   6.625431E+00   5.202094E-02   3.894960E+02   8.470104E-01
   6.656033E+00   5.012737E-02   3.671781E+02   8.479394E-01
   6.686777E+00   4.818045E-02   3.437095E+02   8.489219E-01
   6.717662E+00   4.625790E-02   3.200235E+02   8.498888E-01
   6.748690E+00   4.444652E-02   2.971551E+02   8.507696E-01
   6.779861E+00   4.239306E-02   2.700308E+02   8.519062E-01
   6.811177E+00   4.043058E-02   2.424270E+02   8.530359E-01
   6.842637E+00   3.870950E-02   2.163223E+02   8.540327E-01
   6.874242E+00   3.706005E-02   1.878630E+02   8.551421E-01
   6.905993E+00   3.576464E-02   1.605808E+02   8.561393E-01
   6.937891E+00   3.486191E-02   1.355549E+02   8.569634E-01
   6.969936E+00   1.779927E-01   1.093431E+02   8.578154E-01
   7.002130E+00   1.071123E+00   8.599649E+01   8.584605E-01
   7.034472E+00   1.397654E+00   6.838017E+01   8.587519E-01
   7.066963E+00   1.814236E+00   5.229065E+01   8.589284E-01
   7.099605E+00   2.342644E+00   3.784554E+01   8.589834E-01
   7.132397E+00   3.009953E+00   2.523776E+01   8.589046E-01
   7.165340E+00   3.849286E+00   1.487451E+01   8.586687E-01
   7.198436E+00   4.900643E+00   6.981073E+00   8.582571E-01
   7.231685E+00   6.213941E+00   1.930199E+00   8.576418E-01
   7.265087E+00   7.851891E+00   2.164759E-02   8.567916E-01
   7.298644E+00   9.891622E+00   1.615440E+00   8.556695E-01
   7.332355E+00   1.243425E+01   7.038385E+00   8.542374E-01
   7.366222E+00   1.561064E+01   1.671679E+01   8.524397E-01
   7.400246E+00   1.959185E+01   3.096809E+01   8.502278E-01
   7.434427E+00   2.460666E+01   5.004511E+01   8.475438E-01
   7.468766E+00   3.096082E+01   7.412813E+01   8.443173E-01
   7.503263E+00   3.906663E+01   1.034864E+02   8.404442E-01
   7.537920E+00   4.947596E+01   1.381626E+02   8.358148E-01
   7.572736E+00   6.291329E+01   1.776215E+02   8.303424E-01
   7.607714E+00   8.034706E+01   2.215745E+02   8.238499E-01
   7.642853E+00   1.030318E+02   2.692292E+02   8.161305E-01
   7.678154E+00   1.325926E+02   3.193904E+02   8.069492E-01
   7.713619E+00   1.711332E+02   3.708390E+02   7.959878E-01
   7.749247E+00   2.213605E+02   4.221347E+02   7.828628E-01
   7.785040E+00   2.867892E+02   4.721077E+02   7.670940E-01
   7.820998E+00   3.719428E+02   5.198486E+02   7.481271E-01
   7.857122E+00   4.825127E+02   5.647840E+02   7.256579E-01
   7.893413E+00   6.247912E+02   6.064735E+02   6.999879E-01
   7.929872E+00   8.022020E+02   6.440604E+02   6.726563E-01
   7.966499E+00   1.004987E+03   6.753232E+02   6.472089E-01
   8.003295E+00   1.202203E+03   6.979411E+02   6.274109E-01
   8.040262E+00   1.356037E+03   7.104607E+02   6.150434E-01
   8.077399E+00   1.455106E+03   7.146406E+02   6.089539E-01
   8.114707E+00   1.514048E+03   7.137991E+02   6.068497E-01
   8.152188E+00   1.553466E+03   7.113673E+02   6.065523E-01
   8.189842E+00   1.587009E+03   7.093661E+02   6.067312E-01
   8.227670E+00   1.620983E+03   7.088801E+02   6.066645E-01
   8.265672E+00   1.656968E+03   7.103631E+02   6.060362E-01
   8.303850E+00   1.694236E+03   7.139858E+02   6.047272E-01
   8.342205E+00   1.731469E+03   7.198822E+02   6.026832E-01
   8.380737E+00   1.767537E+03   7.282677E+02   5.998500E-01
   8.419446E+00   1.801861E+03   7.394353E+02   5.961673E-01
   8.458335E+00   1.834734E+03   7.540228E+02   5.914977E-01
   8.497403E+00   1.867267E+03   7.726966E+02   5.857300E-01
   8.536651E+00   1.902092E+03   7.966700E+02   5.786668E-01
   8.576081E+00   1.944056E+03   8.275050E+02   5.701478E-01
   8.615693E+00   2.001531E+03   8.679173E+02   5.599564E-01
   8.655487E+00   2.089042E+03   9.221085E+02   5.479549E-01
   8.695466E+00   2.230955E+03   9.971371E+02   5.339982E-01
   8.735629E+00   2.463293E+03   1.103254E+03   5.178708E-01
   8.775978E+00   2.830616E+03   1.254588E+03   4.986967E-01
   8.816513E+00   3.349397E+03   1.464863E+03   4.749766E-01
   8.857236E+00   3.935453E+03   1.729031E+03   4.473615E-01
   8.898146E+00   4.431778E+03   1.996373E+03   4.209000E-01
   8.939246E+00   4.722429E+03   2.181336E+03   4.010196E-01
   8.980535E+00   4.757331E+03   2.229518E+03   3.896193E-01
   9.022015E+00   4.549140E+03   2.157884E+03   3.861090E-01
   9.063686E+00   4.187733E+03   2.023511E+03   3.891472E-01
   9.105550E+00   3.797518E+03   1.876276E+03   3.970480E-01
   9.147608E+00   3.460473E+03   1.742536E+03   4.080389E-01
   9.189860E+00   3.197293E+03   1.630589E+03   4.206432E-01
   9.232306E+00   2.998683E+03   1.541090E+03   4.335391E-01
   9.274949E+00   2.848411E+03   1.472465E+03   4.454509E-01
   9.317789E+00   2.730020E+03   1.422497E+03   4.553497E-01
   9.360827E+00   2.628662E+03   1.388089E+03   4.628844E-01
   9.404063E+00   2.532425E+03   1.365047E+03   4.685563E-01
   9.447500E+00   2.434949E+03   1.348919E+03   4.733862E-01
   9.491136E+00   2.334878E+03   1.336630E+03   4.782810E-01
   9.534975E+00   2.233441E+03   1.326768E+03   4.837759E-01
   9.579016E+00   2.131770E+03   1.319070E+03   4.900827E-01
   9.623260E+00   2.030287E+03   1.313803E+03   4.972075E-01
   9.667709E+00   1.928822E+03   1.311370E+03   5.050401E-01
   9.712362E+00   1.826960E+03   1.311972E+03   5.134499E-01
   9.757223E+00   1.724449E+03   1.315625E+03   5.222658E-01
   9.802290E+00   1.621756E+03   1.321765E+03   5.313566E-01
   9.847566E+00   1.520144E+03   1.329416E+03   5.405719E-01
   9.893050E+00   1.421674E+03   1.337135E+03   5.497670E-01
   9.938745E+00   1.329047E+03   1.342919E+03   5.588606E-01
   9.984651E+00   1.245059E+03   1.344896E+03   5.677464E-01
   1.003077E+01   1.171958E+03   1.341617E+03   5.763554E-01
   1.007710E+01   1.111174E+03   1.332513E+03   5.845917E-01
   1.012364E+01   1.062351E+03   1.318226E+03   5.923660E-01
   1.017040E+01   1.024124E+03   1.300106E+03   5.995691E-01
   1.021738E+01   9.942198E+02   1.279791E+03   6.061184E-01
   1.026457E+01   9.702390E+02   1.258673E+03   6.119890E-01
   1.031198E+01   9.500343E+02   1.238005E+03   6.171590E-01
   1.035961E+01   9.319667E+02   1.218431E+03   6.216994E-01
   1.040746E+01   9.148584E+02   1.200347E+03   6.256910E-01
   1.045553E+01   8.979765E+02   1.183922E+03   6.292146E-01
   1.050383E+01   8.809068E+02   1.169053E+03   6.323665E-01
   1.055234E+01   8.633717E+02   1.155657E+03   6.352132E-01
   1.060108E+01   8.453086E+02   1.143438E+03   6.378338E-01
   1.065005E+01   8.267447E+02   1.132238E+03   6.402639E-01
   1.069924E+01   8.076964E+02   1.121760E+03   6.425623E-01
   1.074866E+01   7.883245E+02   1.111711E+03   6.447731E-01
   1.079830E+01   7.687548E+02   1.101841E+03   6.469332E-01
   1.084818E+01   7.492120E+02   1.091962E+03   6.490593E-01
   1.089829E+01   7.299106E+02   1.081738E+03   6.511936E-01
   1.094862E+01   7.111386E+02   1.070898E+03   6.533559E-01
   1.099920E+01   6.931897E+02   1.059133E+03   6.555699E-01
   1.105000E+01   6.764361E+02   1.046045E+03   6.578710E-01
   1.110104E+01   6.612956E+02   1.031232E+03   6.602994E-01
   1.115231E+01   6.482457E+02   1.014462E+03   6.628719E-01
   1.120382E+01   6.377944E+02   9.953290E+02   6.656437E-01
   1.125557E+01   6.305015E+02   9.735417E+02   6.686479E-01
   1.130756E+01   6.269062E+02   9.491715E+02   6.718516E-01
   1.135979E+01   6.273984E+02   9.220640E+02   6.752628E-01
   1.141226E+01   6.323933E+02   8.923935E+02   6.788222E-01
   1.146497E+01   6.421016E+02   8.606176E+02   6.824251E-01
   1.151793E+01   6.565819E+02   8.272838E+02   6.859528E-01
   1.157112E+01   6.757372E+02   7.931115E+02   6.892634E-01
   1.162457E+01   6.992417E+02   7.591752E+02   6.921729E-01
   1.167826E+01   7.266047E+02   7.265114E+02   6.945238E-01
   1.173220E+01   7.571003E+02   6.961790E+02   6.961841E-01
   1.178639E+01   7.899189E+02   6.690492E+02   6.970728E-01
   1.184083E+01   8.240864E+02   6.459252E+02   6.971449E-01
   1.189552E+01   8.585711E+02   6.272192E+02   6.964282E-01
   1.195047E+01   8.923812E+02   6.131052E+02   6.949884E-01
   1.200567E+01   9.244776E+02   6.034654E+02   6.929385E-01
   1.206112E+01   9.539258E+02   5.980990E+02   6.903961E-01
   1.211683E+01   9.799466E+02   5.965383E+02   6.875031E-01
   1.217279E+01   1.001866E+03   5.982832E+02   6.843962E-01
   1.222902E+01   1.019219E+03   6.028634E+02   6.811893E-01
   1.228550E+01   1.031680E+03   6.097087E+02   6.779984E-01
   1.234225E+01   1.038994E+03   6.183957E+02   6.749115E-01
   1.239926E+01   1.041193E+03   6.286572E+02   6.719687E-01
   1.245653E+01   1.038381E+03   6.400158E+02   6.692354E-01
   1.251406E+01   1.030697E+03   6.523069E+02   6.667258E-01
   1.257186E+01   1.018360E+03   6.652461E+02   6.644647E-01
   1.262993E+01   1.001716E+03   6.787469E+02   6.624337E-01
   1.268827E+01   9.810629E+02   6.926261E+02   6.606320E-01
   1.274687E+01   9.566944E+02   7.067850E+02   6.590434E-01
   1.280575E+01   9.290451E+02   7.211027E+02   6.576412E-01
   1.286490E+01   8.983568E+02   7.356118E+02   6.563857E-01
   1.292432E+01   8.650500E+02   7.501365E+02   6.552559E-01
   1.298401E+01   8.294718E+02   7.646679E+02   6.542056E-01
   1.304398E+01   7.919186E+02   7.791365E+02   6.532010E-01
   1.310423E+01   7.528158E+02   7.933358E+02   6.522220E-01
   1.316476E+01   7.124577E+02   8.071530E+02   6.512411E-01
   1.322557E+01   6.712798E+02   8.205080E+02   6.502158E-01
   1.328665E+01   6.296094E+02   8.331070E+02   6.491535E-01
   1.334802E+01   5.878766E+02   8.449579E+02   6.480057E-01
   1.340968E+01   5.464937E+02   8.555888E+02   6.468226E-01
   1.347161E+01   5.058805E+02   8.649068E+02   6.455973E-01
   1.353384E+01   4.664935E+02   8.727435E+02   6.443490E-01
   1.359635E+01   4.286898E+02   8.787347E+02   6.431490E-01
   1.365915E+01   3.929008E+02   8.828241E+02   6.420196E-01
   1.372224E+01   3.594302E+02   8.847146E+02   6.410344E-01
   1.378562E+01   3.285790E+02   8.844407E+02   6.402044E-01
   1.384929E+01   3.005527E+02   8.818338E+02   6.395744E-01
   1.391326E+01   2.755177E+02   8.766975E+02   6.391963E-01
   1.397753E+01   2.535346E+02   8.689806E+02   6.391097E-01
   1.404209E+01   2.346276E+02   8.587397E+02   6.393488E-01
   1.410694E+01   2.187928E+02   8.460026E+02   6.399560E-01
   1.417210E+01   2.059567E+02   8.310865E+02   6.409112E-01
   1.423756E+01   1.959281E+02   8.141606E+02   6.421970E-01
   1.430332E+01   1.884949E+02   7.957216E+02   6.437298E-01
   1.436939E+01   1.834020E+02   7.757936E+02   6.455037E-01
   1.443576E+01   1.803951E+02   7.547099E+02   6.474656E-01
   1.450244E+01   1.792021E+02   7.327800E+02   6.495664E-01
   1.456942E+01   1.795933E+02   7.103734E+02   6.517473E-01
   1.463672E+01   1.813373E+02   6.874227E+02   6.540154E-01
   1.470432E+01   1.842485E+02   6.642826E+02   6.563148E-01
   1.477224E+01   1.881692E+02   6.412351E+02   6.586036E-01
   1.484047E+01   1.929299E+02   6.181867E+02   6.608952E-01
   1.490902E+01   1.984068E+02   5.953832E+02   6.631534E-01
   1.497788E+01   2.045008E+02   5.730001E+02   6.653525E-01
   1.504706E+01   2.111153E+02   5.509611E+02   6.675003E-01
   1.511656E+01   2.181762E+02   5.294141E+02   6.695713E-01
   1.518638E+01   2.256231E+02   5.083974E+02   6.715545E-01
   1.525653E+01   2.333974E+02   4.878831E+02   6.734473E-01
   1.532699E+01   2.414522E+02   4.679247E+02   6.752361E-01
   1.539779E+01   2.497553E+02   4.486004E+02   6.769051E-01
   1.546891E+01   2.582659E+02   4.298149E+02   6.784633E-01
   1.554036E+01   2.669578E+02   4.115777E+02   6.799063E-01
   1.561214E+01   2.758132E+02   3.939794E+02   6.812208E-01
   1.568425E+01   2.848148E+02   3.770328E+02   6.824050E-01
   1.575669E+01   2.939401E+02   3.606277E+02   6.834735E-01
   1.582947E+01   3.031753E+02   3.447781E+02   6.844252E-01
   1.590258E+01   3.125199E+02   3.296075E+02   6.852467E-01
   1.597603E+01   3.219673E+02   3.150009E+02   6.859540E-01
   1.604983E+01   3.314919E+02   3.009602E+02   6.865486E-01
   1.612396E+01   3.410866E+02   2.874847E+02   6.870324E-01
   1.619843E+01   3.507752E+02   2.746101E+02   6.874030E-01
   1.627325E+01   3.605268E+02   2.623317E+02   6.876625E-01
   1.634841E+01   3.703343E+02   2.505467E+02   6.878237E-01
   1.642393E+01   3.802053E+02   2.393015E+02   6.878822E-01
   1.649979E+01   3.901286E+02   2.285410E+02   6.878447E-01
   1.657600E+01   4.001025E+02   2.183837E+02   6.876987E-01
   1.665256E+01   4.101190E+02   2.086296E+02   6.874661E-01
   1.672948E+01   4.201718E+02   1.993742E+02   6.871367E-01
   1.680675E+01   4.302763E+02   1.905491E+02   6.867171E-01
   1.688438E+01   4.403870E+02   1.821716E+02   6.862063E-01
   1.696236E+01   4.505414E+02   1.742134E+02   6.856062E-01
   1.704071E+01   4.607322E+02   1.666687E+02   6.849171E-01
   1.711942E+01   4.709664E+02   1.595392E+02   6.841383E-01
   1.719849E+01   4.811962E+02   1.527197E+02   6.832810E-01
   1.727793E+01   4.914932E+02   1.462779E+02   6.823357E-01
   1.735773E+01   5.018025E+02   1.401508E+02   6.813096E-01
   1.743791E+01   5.121622E+02   1.343729E+02   6.801977E-01
   1.751845E+01   5.225901E+02   1.289118E+02   6.790010E-01
   1.759936E+01   5.330493E+02   1.237380E+02   6.777227E-01
   1.768065E+01   5.435846E+02   1.188155E+02   6.763617E-01
   1.776232E+01   5.542047E+02   1.142216E+02   6.749108E-01
   1.784436E+01   5.649262E+02   1.098389E+02   6.733745E-01
   1.792678E+01   5.757696E+02   1.057241E+02   6.717454E-01
   1.800958E+01   5.867607E+02   1.018960E+02   6.700180E-01
   1.809277E+01   5.979257E+02   9.832621E+01   6.681882E-01
   1.817634E+01   6.093060E+02   9.497814E+01   6.662488E-01
   1.826029E+01   6.209486E+02   9.194029E+01   6.641876E-01
   1.834463E+01   6.328940E+02   8.916988E+01   6.619943E-01
   1.842936E+01   6.452313E+02   8.669846E+01   6.596506E-01
   1.851449E+01   6.580307E+02   8.458315E+01   6.571381E-01
   1.860000E+01   6.713878E+02   8.282459E+01   6.544305E-01
   1.868591E+01   6.854129E+02   8.148859E+01   6.514973E-01
   1.877222E+01   7.002858E+02   8.065715E+01   6.482962E-01
   1.885893E+01   7.161757E+02   8.040245E+01   6.447755E-01
   1.894604E+01   7.333179E+02   8.085431E+01   6.408730E-01
   1.903354E+01   7.520441E+02   8.215448E+01   6.364976E-01
   1.912146E+01   7.727063E+02   8.449623E+01   6.315518E-01
   1.920978E+01   7.958887E+02   8.812435E+01   6.258650E-01
   1.929851E+01   8.221315E+02   9.333923E+01   6.192912E-01
   1.938764E+01   8.523351E+02   1.005362E+02   6.115762E-01
   1.947719E+01   8.874971E+02   1.101763E+02   6.024469E-01
   1.956715E+01   9.285650E+02   1.227187E+02   5.916416E-01
   1.965753E+01   9.768732E+02   1.387658E+02   5.788227E-01
   1.974833E+01   1.032686E+03   1.585865E+02   5.639621E-01
   1.983954E+01   1.095304E+03   1.821305E+02   5.473670E-01
   1.993118E+01   1.163838E+03   2.090719E+02   5.297150E-01
   2.002324E+01   1.240037E+03   2.390243E+02   5.119517E-01
   2.011573E+01   1.338059E+03   2.739242E+02   4.942949E-01
   2.020864E+01   1.489952E+03   3.198948E+02   4.764301E-01
   2.030198E+01   1.733542E+03   3.856090E+02   4.581299E-01
   2.039575E+01   2.076293E+03   4.756545E+02   4.384263E-01
   2.048996E+01   2.454642E+03   5.831131E+02   4.167533E-01
   2.058460E+01   2.760535E+03   6.878291E+02   3.957031E-01
   2.067967E+01   2.930910E+03   7.701282E+02   3.781339E-01
   2.077519E+01   2.960912E+03   8.207026E+02   3.650743E-01
   2.087115E+01   2.877555E+03   8.416140E+02   3.562982E-01
   2.096755E+01   2.720607E+03   8.404159E+02   3.513003E-01
   2.106440E+01   2.530891E+03   8.256324E+02   3.494870E-01
   2.116169E+01   2.339042E+03   8.044402E+02   3.501512E-01
   2.125943E+01   2.162272E+03   7.811443E+02   3.527767E-01
   2.135763E+01   2.007089E+03   7.581220E+02   3.569682E-01
   2.145628E+01   1.874001E+03   7.365110E+02   3.624296E-01
   2.155538E+01   1.760922E+03   7.166008E+02   3.689671E-01
   2.165494E+01   1.664796E+03   6.985301E+02   3.763224E-01
   2.175496E+01   1.582770E+03   6.822454E+02   3.842132E-01
   2.185545E+01   1.512833E+03   6.675511E+02   3.923308E-01
   2.195640E+01   1.453421E+03   6.542811E+02   4.003181E-01
   2.205781E+01   1.403409E+03   6.423564E+02   4.077935E-01
   2.215969E+01   1.361603E+03   6.319331E+02   4.143735E-01
   2.226204E+01   1.326544E+03   6.232540E+02   4.198006E-01
   2.236487E+01   1.296336E+03   6.166129E+02   4.239798E-01
   2.246817E+01   1.268869E+03   6.121706E+02   4.270085E-01
   2.257195E+01   1.242288E+03   6.098557E+02   4.291216E-01
   2.267621E+01   1.215062E+03   6.094253E+02   4.306269E-01
   2.278094E+01   1.186277E+03   6.105643E+02   4.318052E-01
   2.288617E+01   1.155712E+03   6.128910E+02   4.328830E-01
   2.299187E+01   1.123267E+03   6.160914E+02   4.340469E-01
   2.309807E+01   1.089228E+03   6.200116E+02   4.353488E-01
   2.320476E+01   1.053857E+03   6.244645E+02   4.368509E-01
   2.331194E+01   1.017419E+03   6.293815E+02   4.385474E-01
   2.341961E+01   9.801785E+02   6.346775E+02   4.404246E-01
   2.352779E+01   9.423482E+02   6.402878E+02   4.424552E-01
   2.363646E+01   9.041361E+02   6.461619E+02   4.445932E-01
   2.374563E+01   8.657448E+02   6.522313E+02   4.467928E-01
   2.385531E+01   8.273889E+02   6.583855E+02   4.490191E-01
   2.396549E+01   7.893160E+02   6.645010E+02   4.512338E-01
   2.407619E+01   7.517840E+02   6.704443E+02   4.534020E-01
   2.418739E+01   7.150908E+02   6.760189E+02   4.555077E-01
   2.429911E+01   6.795434E+02   6.810557E+02   4.575203E-01
   2.441135E+01   6.454393E+02   6.852817E+02   4.594510E-01
   2.452410E+01   6.130336E+02   6.885682E+02   4.612619E-01
   2.463737E+01   5.825820E+02   6.907081E+02   4.629600E-01
   2.475117E+01   5.542759E+02   6.916040E+02   4.645447E-01
   2.486549E+01   5.283433E+02   6.911618E+02   4.660406E-01
   2.498034E+01   5.048423E+02   6.893534E+02   4.674975E-01
   2.509572E+01   4.838173E+02   6.862585E+02   4.689329E-01
   2.521164E+01   4.652219E+02   6.818803E+02   4.703855E-01
   2.532809E+01   4.489359E+02   6.763579E+02   4.718326E-01
   2.544508E+01   4.347601E+02   6.698147E+02   4.732538E-01
   2.556260E+01   4.225366E+02   6.624306E+02   4.746082E-01
   2.568067E+01   4.119158E+02   6.544665E+02   4.758562E-01
   2.579929E+01   4.026696E+02   6.461102E+02   4.769780E-01
   2.591845E+01   3.945516E+02   6.375075E+02   4.779735E-01
   2.603817E+01   3.873903E+02   6.288154E+02   4.788379E-01
   2.615843E+01   3.810322E+02   6.201595E+02   4.795761E-01
   2.627926E+01   3.752685E+02   6.116364E+02   4.802019E-01
   2.640064E+01   3.700040E+02   6.032722E+02   4.807373E-01
   2.652258E+01   3.651193E+02   5.951089E+02   4.811949E-01
   2.664508E+01   3.605750E+02   5.872312E+02   4.815660E-01
   2.676815E+01   3.562550E+02   5.796143E+02   4.818694E-01
   2.689179E+01   3.521076E+02   5.722435E+02   4.821143E-01
   2.701600E+01   3.481007E+02   5.651324E+02   4.822988E-01
   2.714079E+01   3.441822E+02   5.583332E+02   4.824095E-01
   2.726615E+01   3.403187E+02   5.517281E+02   4.824781E-01
   2.739208E+01   3.364997E+02   5.453912E+02   4.824830E-01
   2.751861E+01   3.327085E+02   5.392804E+02   4.824346E-01
   2.764571E+01   3.289284E+02   5.334014E+02   4.823304E-01
   2.777340E+01   3.251504E+02   5.276977E+02   4.821846E-01
   2.790168E+01   3.213674E+02   5.221718E+02   4.819955E-01
   2.803056E+01   3.175809E+02   5.168060E+02   4.817664E-01
   2.816003E+01   3.137775E+02   5.116525E+02   4.814825E-01
   2.829010E+01   3.099715E+02   5.065806E+02   4.811770E-01
   2.842076E+01   3.061508E+02   5.016716E+02   4.808270E-01
   2.855204E+01   3.023253E+02   4.969060E+02   4.804363E-01
   2.868391E+01   2.984822E+02   4.922494E+02   4.800129E-01
   2.881640E+01   2.946452E+02   4.876667E+02   4.795643E-01
   2.894950E+01   2.907761E+02   4.831784E+02   4.790843E-01
   2.908322E+01   2.869145E+02   4.788113E+02   4.785648E-01
   2.921755E+01   2.830399E+02   4.744593E+02   4.780323E-01
   2.935250E+01   2.791467E+02   4.701783E+02   4.774718E-01
   2.948808E+01   2.752649E+02   4.659559E+02   4.768862E-01
   2.962428E+01   2.713610E+02   4.618189E+02   4.762685E-01
   2.976111E+01   2.674655E+02   4.576728E+02   4.756433E-01
   2.989857E+01   2.635669E+02   4.536067E+02   4.749885E-01
   3.003667E+01   2.596642E+02   4.495316E+02   4.743278E-01
   3.017540E+01   2.557491E+02   4.454888E+02   4.736523E-01
   3.031478E+01   2.518554E+02   4.414893E+02   4.729620E-01
   3.045480E+01   2.479722E+02   4.375249E+02   4.722614E-01
   3.059547E+01   2.440837E+02   4.335804E+02   4.715569E-01
   3.073678E+01   2.402274E+02   4.296857E+02   4.708454E-01
   3.087875E+01   2.363837E+02   4.257874E+02   4.701439E-01
   3.102138E+01   2.325653E+02   4.219536E+02   4.694391E-01
   3.116466E+01   2.287833E+02   4.181343E+02   4.687486E-01
   3.130861E+01   2.250272E+02   4.143780E+02   4.680634E-01
   3.145322E+01   2.213278E+02   4.106436E+02   4.673992E-01
   3.159850E+01   2.176588E+02   4.069617E+02   4.667505E-01
   3.174445E+01   2.140242E+02   4.033117E+02   4.661260E-01
   3.189107E+01   2.104530E+02   3.997098E+02   4.655246E-01
   3.203837E+01   2.069353E+02   3.961456E+02   4.649504E-01
   3.218635E+01   2.034765E+02   3.926521E+02   4.643943E-01
   3.233502E+01   2.000762E+02   3.891942E+02   4.638655E-01
   3.248437E+01   1.967200E+02   3.857699E+02   4.633621E-01
   3.263441E+01   1.934246E+02   3.823993E+02   4.628752E-01
   3.278515E+01   1.901791E+02   3.790423E+02   4.624119E-01
   3.293658E+01   1.869834E+02   3.757325E+02   4.619559E-01
   3.308871E+01   1.838275E+02   3.724229E+02   4.615145E-01
   3.324154E+01   1.807249E+02   3.691433E+02   4.610709E-01
   3.339508E+01   1.776543E+02   3.658612E+02   4.606264E-01
   3.354933E+01   1.746095E+02   3.625695E+02   4.601742E-01
   3.370429E+01   1.716017E+02   3.592707E+02   4.597055E-01
   3.385996E+01   1.686117E+02   3.559699E+02   4.592103E-01
   3.401636E+01   1.656485E+02   3.526501E+02   4.586868E-01
   3.417347E+01   1.626932E+02   3.492641E+02   4.581414E-01
   3.433132E+01   1.597519E+02   3.458513E+02   4.575578E-01
   3.448989E+01   1.568247E+02   3.424198E+02   4.569300E-01
   3.464919E+01   1.539097E+02   3.389612E+02   4.562582E-01
   3.480923E+01   1.510052E+02   3.354613E+02   4.555448E-01
   3.497001E+01   1.481127E+02   3.319224E+02   4.547896E-01
   3.513154E+01   1.452331E+02   3.283491E+02   4.539929E-01
   3.529380E+01   1.423699E+02   3.247453E+02   4.531568E-01
   3.545682E+01   1.395240E+02   3.211175E+02   4.522833E-01
   3.562059E+01   1.367013E+02   3.174864E+02   4.513729E-01
   3.578512E+01   1.339062E+02   3.138697E+02   4.504274E-01
   3.595041E+01   1.311396E+02   3.102545E+02   4.494564E-01
   3.611646E+01   1.284024E+02   3.066133E+02   4.484729E-01
   3.628327E+01   1.257027E+02   3.030147E+02   4.474692E-01
   3.645086E+01   1.230400E+02   2.994211E+02   4.464614E-01
   3.661922E+01   1.204166E+02   2.958343E+02   4.454573E-01
   3.678836E+01   1.178391E+02   2.923191E+02   4.444498E-01
   3.695828E+01   1.153058E+02   2.888187E+02   4.434602E-01
   3.712899E+01   1.128192E+02   2.853468E+02   4.424931E-01
   3.730048E+01   1.103827E+02   2.819425E+02   4.415461E-01
   3.747277E+01   1.079961E+02   2.785788E+02   4.406328E-01
   3.764585E+01   1.056577E+02   2.752577E+02   4.397588E-01
   3.781973E+01   1.033699E+02   2.719785E+02   4.389301E-01
   3.799442E+01   1.011325E+02   2.687412E+02   4.381517E-01
   3.816991E+01   9.894430E+01   2.655449E+02   4.374276E-01
   3.834621E+01   9.680391E+01   2.623889E+02   4.367612E-01
   3.852333E+01   9.471324E+01   2.592892E+02   4.361495E-01
   3.870126E+01   9.267057E+01   2.562317E+02   4.355975E-01
   3.888002E+01   9.067136E+01   2.531809E+02   4.351176E-01
   3.905960E+01   8.871770E+01   2.501599E+02   4.347016E-01
   3.924001E+01   8.680911E+01   2.472108E+02   4.343323E-01
   3.942126E+01   8.494106E+01   2.442568E+02   4.340353E-01
   3.960334E+01   8.311488E+01   2.413397E+02   4.337923E-01
   3.978626E+01   8.132589E+01   2.384141E+02   4.336174E-01
   3.997003E+01   7.957760E+01   2.355413E+02   4.334834E-01
   4.015465E+01   7.786637E+01   2.326995E+02   4.333946E-01
   4.034012E+01   7.618975E+01   2.298305E+02   4.333712E-01
   4.052644E+01   7.454841E+01   2.270077E+02   4.333798E-01
   4.071363E+01   7.294048E+01   2.241773E+02   4.334394E-01
   4.090168E+01   7.136747E+01   2.213911E+02   4.335257E-01
   4.109060E+01   6.982676E+01   2.186178E+02   4.336494E-01
   4.128039E+01   6.831682E+01   2.158266E+02   4.338224E-01
   4.147106E+01   6.683776E+01   2.130695E+02   4.340209E-01
   4.166261E+01   6.539038E+01   2.103351E+02   4.342492E-01
   4.185505E+01   6.397287E+01   2.076140E+02   4.345113E-01
   4.204837E+01   6.258479E+01   2.049059E+02   4.348077E-01
   4.224259E+01   6.122616E+01   2.022105E+02   4.351392E-01
   4.243770E+01   5.989514E+01   1.995276E+02   4.355066E-01
   4.263371E+01   5.859203E+01   1.968565E+02   4.359113E-01
   4.283063E+01   5.731578E+01   1.941962E+02   4.363545E-01
   4.302846E+01   5.606740E+01   1.915681E+02   4.368265E-01
   4.322721E+01   5.484442E+01   1.889409E+02   4.373425E-01
   4.342687E+01   5.364586E+01   1.863051E+02   4.379070E-01
   4.362745E+01   5.247251E+01   1.836741E+02   4.385127E-01
   4.382896E+01   5.132321E+01   1.810776E+02   4.391431E-01
   4.403140E+01   5.019654E+01   1.784567E+02   4.398253E-01
   4.423478E+01   4.909206E+01   1.758637E+02   4.405297E-01
   4.443909E+01   4.800869E+01   1.732361E+02   4.412839E-01
   4.464435E+01   4.694715E+01   1.706383E+02   4.420503E-01
   4.485056E+01   4.590414E+01   1.680000E+02   4.428588E-01
   4.505772E+01   4.488047E+01   1.653889E+02   4.436689E-01
   4.526583E+01   4.387525E+01   1.627385E+02   4.445066E-01
   4.547491E+01   4.288921E+01   1.601139E+02   4.453319E-01
   4.568495E+01   4.192047E+01   1.574778E+02   4.461553E-01
   4.589597E+01   4.096775E+01   1.548071E+02   4.469791E-01
   4.610795E+01   4.003269E+01   1.521620E+02   4.477663E-01
   4.632092E+01   3.911319E+01   1.495128E+02   4.485227E-01
   4.653487E+01   3.821064E+01   1.468611E+02   4.492389E-01
   4.674981E+01   3.732314E+01   1.442096E+02   4.499054E-01
   4.696574E+01   3.645152E+01   1.415609E+02   4.505133E-01
   4.718267E+01   3.559572E+01   1.389179E+02   4.510537E-01
   4.740060E+01   3.475575E+01   1.362838E+02   4.515182E-01
   4.761954E+01   3.393161E+01   1.336620E+02   4.518992E-01
   4.783949E+01   3.312239E+01   1.310561E+02   4.521894E-01
   4.806045E+01   3.232916E+01   1.284692E+02   4.523826E-01
   4.828244E+01   3.155108E+01   1.259049E+02   4.524729E-01
   4.850545E+01   3.079002E+01   1.233919E+02   4.524517E-01
   4.872949E+01   3.004434E+01   1.208862E+02   4.523232E-01
   4.895456E+01   2.931400E+01   1.184072E+02   4.520806E-01
   4.918068E+01   2.860042E+01   1.159817E+02   4.517197E-01
   4.940784E+01   2.790215E+01   1.135824E+02   4.512411E-01
   4.963605E+01   2.722001E+01   1.112268E+02   4.506432E-01
   4.986531E+01   2.655355E+01   1.089093E+02   4.499257E-01
   5.009563E+01   2.605546E+01   1.066892E+02   4.490950E-01
   5.032702E+01   2.578025E+01   1.046052E+02   4.481671E-01
   5.055947E+01   2.550760E+01   1.025598E+02   4.471361E-01
   5.079300E+01   2.523765E+01   1.005535E+02   4.460034E-01
   5.102761E+01   2.497052E+01   9.858678E+01   4.447705E-01
   5.126330E+01   2.470631E+01   9.665974E+01   4.434394E-01
   5.150008E+01   2.444510E+01   9.477244E+01   4.420120E-01
   5.173795E+01   2.418698E+01   9.292485E+01   4.404908E-01
   5.197692E+01   2.393201E+01   9.111676E+01   4.388782E-01
   5.221699E+01   2.368024E+01   8.934791E+01   4.371769E-01
   5.245818E+01   2.343170E+01   8.761791E+01   4.353898E-01
   5.270048E+01   2.318644E+01   8.592631E+01   4.335199E-01
   5.294389E+01   2.294447E+01   8.427258E+01   4.315701E-01
   5.318843E+01   2.270580E+01   8.265615E+01   4.295437E-01
   5.343411E+01   2.247044E+01   8.107636E+01   4.274438E-01
   5.368091E+01   2.223838E+01   7.953254E+01   4.252737E-01
   5.392886E+01   2.200961E+01   7.802397E+01   4.230365E-01
   5.417795E+01   2.178412E+01   7.654992E+01   4.207357E-01
   5.442819E+01   2.156188E+01   7.510960E+01   4.183744E-01
   5.467959E+01   2.134286E+01   7.370224E+01   4.159559E-01
   5.493214E+01   2.112705E+01   7.232705E+01   4.134834E-01
   5.518587E+01   2.091439E+01   7.098323E+01   4.109601E-01
   5.544077E+01   2.070486E+01   6.966998E+01   4.083893E-01
   5.569684E+01   2.049842E+01   6.838650E+01   4.057739E-01
   5.595410E+01   2.029501E+01   6.713200E+01   4.031170E-01
   5.621254E+01   2.009460E+01   6.590569E+01   4.004216E-01
   5.647218E+01   1.989714E+01   6.470679E+01   3.976906E-01
   5.673302E+01   1.970258E+01   6.353454E+01   3.949268E-01
   5.699506E+01   1.951088E+01   6.238820E+01   3.921330E-01
   5.725831E+01   1.932198E+01   6.126702E+01   3.893119E-01
   5.752278E+01   1.913583E+01   6.017028E+01   3.864661E-01
   5.778847E+01   1.895239E+01   5.909729E+01   3.835980E-01
   5.805539E+01   1.877160E+01   5.804736E+01   3.807102E-01
   5.832354E+01   1.859341E+01   5.701982E+01   3.778050E-01
   5.859293E+01   1.841777E+01   5.601402E+01   3.748845E-01
   5.886357E+01   1.824464E+01   5.502935E+01   3.719511E-01
   5.913545E+01   1.807396E+01   5.406518E+01   3.690067E-01
   5.940859E+01   1.790568E+01   5.312093E+01   3.660534E-01
   5.968299E+01   1.773975E+01   5.219602E+01   3.630931E-01
   5.995866E+01   1.757613E+01   5.128992E+01   3.601276E-01
   6.023560E+01   1.741477E+01   5.040207E+01   3.571586E-01
   6.051382E+01   1.725563E+01   4.953196E+01   3.541879E-01
   6.079333E+01   1.709865E+01   4.867910E+01   3.512171E-01
   6.107412E+01   1.694379E+01   4.784301E+01   3.482476E-01
   6.135622E+01   1.679101E+01   4.702322E+01   3.452808E-01
   6.163961E+01   1.664026E+01   4.621929E+01   3.423182E-01
   6.192432E+01   1.649151E+01   4.543078E+01   3.393610E-01
   6.221034E+01   1.634471E+01   4.465728E+01   3.364104E-01
   6.249768E+01   1.619982E+01   4.389839E+01   3.334677E-01
   6.278635E+01   1.605680E+01   4.315373E+01   3.305338E-01
   6.307635E+01   1.591561E+01   4.242293E+01   3.276098E-01
   6.336770E+01   1.577622E+01   4.170562E+01   3.246967E-01
   6.366038E+01   1.563859E+01   4.100147E+01   3.217953E-01
   6.395442E+01   1.550267E+01   4.031014E+01   3.189066E-01
   6.424982E+01   1.536845E+01   3.963132E+01   3.160313E-01
   6.454658E+01   1.523588E+01   3.896469E+01   3.131702E-01
   6.484471E+01   1.510493E+01   3.830997E+01   3.103238E-01
   6.514422E+01   1.497556E+01   3.766687E+01   3.074930E-01
   6.544512E+01   1.484776E+01   3.703511E+01   3.046783E-01
   6.574740E+01   1.472148E+01   3.641443E+01   3.018802E-01
   6.605108E+01   1.459669E+01   3.580458E+01   2.990992E-01
   6.635616E+01   1.447337E+01   3.520531E+01   2.963358E-01
   6.666265E+01   1.435149E+01   3.461638E+01   2.935905E-01
   6.697056E+01   1.423103E+01   3.403756E+01   2.908637E-01
   6.727989E+01   1.411194E+01   3.346864E+01   2.881556E-01
   6.759065E+01   1.399422E+01   3.290940E+01   2.854667E-01
   6.790284E+01   1.387782E+01   3.235963E+01   2.827972E-01
   6.821647E+01   1.376274E+01   3.181914E+01   2.801474E-01
   6.853156E+01   1.364894E+01   3.128774E+01   2.775176E-01
   6.884809E+01   1.353640E+01   3.076524E+01   2.749079E-01
   6.916610E+01   1.342510E+01   3.025146E+01   2.723185E-01
   6.948557E+01   1.331502E+01   2.974622E+01   2.697497E-01
   6.980651E+01   1.320613E+01   2.924937E+01   2.672014E-01
   7.012894E+01   1.309841E+01   2.876073E+01   2.646740E-01
   7.045286E+01   1.299185E+01   2.828015E+01   2.621674E-01
   7.077827E+01   1.288642E+01   2.780748E+01   2.596817E-01
   7.110518E+01   1.278211E+01   2.734257E+01   2.572171E-01
   7.143361E+01   1.267889E+01   2.688527E+01   2.547735E-01
   7.176355E+01   1.257675E+01   2.643545E+01   2.523510E-01
   7.209502E+01   1.247567E+01   2.599296E+01   2.499495E-01
   7.242802E+01   1.237564E+01   2.555768E+01   2.475692E-01
   7.276255E+01   1.227662E+01   2.512948E+01   2.452099E-01
   7.309864E+01   1.217862E+01   2.470824E+01   2.428717E-01
   7.343627E+01   1.208161E+01   2.429383E+01   2.405546E-01
   7.377546E+01   1.198558E+01   2.388613E+01   2.382584E-01
   7.411622E+01   1.189051E+01   2.348504E+01   2.359831E-01
   7.445856E+01   1.179638E+01   2.309043E+01   2.337287E-01
   7.480247E+01   1.170319E+01   2.270220E+01   2.314950E-01
   7.514797E+01   1.161092E+01   2.232024E+01   2.292821E-01
   7.549507E+01   1.151955E+01   2.194444E+01   2.270897E-01
   7.584378E+01   1.142908E+01   2.157472E+01   2.249179E-01
   7.619409E+01   1.133948E+01   2.121095E+01   2.227664E-01
   7.654602E+01   1.125075E+01   2.085306E+01   2.206353E-01
   7.689958E+01   1.116288E+01   2.050094E+01   2.185243E-01
   7.725477E+01   1.107584E+01   2.015449E+01   2.164334E-01
   7.761160E+01   1.098963E+01   1.981364E+01   2.143624E-01
   7.797007E+01   1.090424E+01   1.947828E+01   2.123112E-01
   7.833021E+01   1.081966E+01   1.914834E+01   2.102797E-01
   7.869201E+01   1.073588E+01   1.882372E+01   2.082678E-01
   7.905548E+01   1.065287E+01   1.850435E+01   2.062752E-01
   7.942062E+01   1.057064E+01   1.819014E+01   2.043019E-01
   7.978746E+01   1.048918E+01   1.788100E+01   2.023477E-01
   8.015599E+01   1.040847E+01   1.757686E+01   2.004124E-01
   8.052622E+01   1.032850E+01   1.727765E+01   1.984960E-01
   8.089816E+01   1.024927E+01   1.698328E+01   1.965982E-01
   8.127182E+01   1.017076E+01   1.669368E+01   1.947189E-01
   8.164720E+01   1.009296E+01   1.640878E+01   1.928579E-01
   8.202432E+01   1.001587E+01   1.612850E+01   1.910152E-01
   8.240318E+01   9.939480E+00   1.585278E+01   1.891905E-01
   8.278379E+01   9.863777E+00   1.558154E+01   1.873837E-01
   8.316616E+01   9.788753E+00   1.531471E+01   1.855946E-01
   8.355029E+01   9.714401E+00   1.505223E+01   1.838230E-01
   8.393620E+01   9.640713E+00   1.479403E+01   1.820689E-01
   8.432389E+01   9.567679E+00   1.454004E+01   1.803320E-01
   8.471337E+01   9.495293E+00   1.429021E+01   1.786122E-01
   8.510465E+01   9.423547E+00   1.404446E+01   1.769093E-01
   8.549774E+01   9.352432E+00   1.380273E+01   1.752232E-01
   8.589264E+01   9.281943E+00   1.356496E+01   1.735538E-01
   8.628937E+01   9.212070E+00   1.333110E+01   1.719007E-01
   8.668793E+01   9.142808E+00   1.310108E+01   1.702640E-01
   8.708833E+01   9.074149E+00   1.287484E+01   1.686433E-01
   8.749058E+01   9.006086E+00   1.265232E+01   1.670387E-01
   8.789469E+01   8.938612E+00   1.243348E+01   1.654499E-01
   8.830067E+01   8.871721E+00   1.221824E+01   1.638768E-01
   8.870852E+01   8.805407E+00   1.200656E+01   1.623191E-01
   8.911825E+01   8.739662E+00   1.179838E+01   1.607768E-01
   8.952988E+01   8.674481E+00   1.159365E+01   1.592498E-01
   8.994340E+01   8.609856E+00   1.139232E+01   1.577378E-01
   9.035884E+01   8.545783E+00   1.119432E+01   1.562406E-01
   9.077620E+01   8.482255E+00   1.099962E+01   1.547583E-01
   9.119548E+01   8.419267E+00   1.080816E+01   1.532905E-01
   9.161670E+01   8.356811E+00   1.061988E+01   1.518372E-01
   9.203987E+01   8.294883E+00   1.043475E+01   1.503982E-01
   9.246499E+01   8.233478E+00   1.025271E+01   1.489734E-01
   9.289207E+01   8.172588E+00   1.007371E+01   1.475626E-01
   9.332113E+01   8.112210E+00   9.897711E+00   1.461656E-01
   9.375217E+01   8.052337E+00   9.724659E+00   1.447824E-01
   9.418520E+01   7.992965E+00   9.554510E+00   1.434128E-01
   9.462023E+01   7.934088E+00   9.387220E+00   1.420566E-01
   9.505727E+01   7.875700E+00   9.222744E+00   1.407138E-01
   9.549632E+01   7.817798E+00   9.061037E+00   1.393841E-01
   9.593741E+01   7.760376E+00   8.902055E+00   1.380675E-01
   9.638053E+01   7.703429E+00   8.745757E+00   1.367638E-01
   9.682570E+01   7.646952E+00   8.592100E+00   1.354728E-01
   9.727293E+01   7.590940E+00   8.441042E+00   1.341945E-01
   9.772222E+01   7.535389E+00   8.292542E+00   1.329287E-01
   9.817359E+01   7.480295E+00   8.146560E+00   1.316753E-01
   9.862704E+01   7.425652E+00   8.003055E+00   1.304341E-01
   9.908259E+01   7.371455E+00   7.861988E+00   1.292050E-01
   9.954024E+01   7.317702E+00   7.723321E+00   1.279880E-01
   1.000000E+02   7.264387E+00   7.587015E+00   1.267828E-01
