#============================================================================
# Opacities computed by OpTool        <a^n>=  1.6609E-1  2.1930E-1  5.3377E-1
# Method:   DHS  fmax=  0.700
# Parameters:
#   amin [um]=      0.100 amax [um]=    100.000  na  =   46    apow=   3.5    
#   lmin [um]=      0.100 lmax [um]=    100.000  nlam= 1500    nang=   180
#   porosity =      0.000 p_mantle =      0.000  fmax= 0.70    chop=   0.0
# Composition:
#  Where   mfrac  rho   Material
#  -----   -----  ----  -----------------------------------------------------
#  core    1.000  4.39  fay
#  - - -   - - -  -  -  - - - - - - - - - - - - - - - - - - - - - - - - - - -
#  grain   1.000  4.39  mixture of  1 materials
#----------------------------------------------------------------------------
# Command: optool fay -a 0.1 100 -l 0.1 100 1500 -dhs 0.7
#============================================================================
# Standard output file, no scattering matrix
#    iformat
#    nlambda
#    lambda[um]  kabs [cm^2/g]  ksca [cm^2/g]    g_asymmetry
#============================================================================
           3
        1500
   1.000000E-01   5.931795E+00   1.735542E+03   7.997051E-01
   1.004619E-01   5.945796E+00   1.736739E+03   7.997956E-01
   1.009259E-01   5.898966E+00   1.742606E+03   7.981367E-01
   1.013921E-01   5.944757E+00   1.747106E+03   7.965824E-01
   1.018604E-01   5.945574E+00   1.746820E+03   7.973037E-01
   1.023309E-01   5.848652E+00   1.749265E+03   7.977317E-01
   1.028035E-01   5.796933E+00   1.748307E+03   7.994724E-01
   1.032784E-01   5.812293E+00   1.754604E+03   7.972604E-01
   1.037554E-01   5.801067E+00   1.756965E+03   7.973286E-01
   1.042346E-01   5.714855E+00   1.759954E+03   7.963474E-01
   1.047161E-01   6.010396E+00   1.761237E+03   7.966439E-01
   1.051997E-01   5.656044E+00   1.762477E+03   7.971719E-01
   1.056856E-01   5.661468E+00   1.767311E+03   7.947445E-01
   1.061738E-01   5.679630E+00   1.763933E+03   7.950564E-01
   1.066642E-01   5.804679E+00   1.756013E+03   7.976525E-01
   1.071569E-01   5.645479E+00   1.761496E+03   7.956375E-01
   1.076518E-01   5.570282E+00   1.758926E+03   7.963132E-01
   1.081490E-01   5.593319E+00   1.763764E+03   7.948509E-01
   1.086486E-01   5.596732E+00   1.768002E+03   7.946031E-01
   1.091504E-01   5.485173E+00   1.770181E+03   7.955677E-01
   1.096546E-01   5.496024E+00   1.774700E+03   7.940516E-01
   1.101610E-01   5.492410E+00   1.779210E+03   7.928115E-01
   1.106699E-01   5.467071E+00   1.779502E+03   7.936140E-01
   1.111810E-01   5.516808E+00   1.782758E+03   7.930299E-01
   1.116946E-01   5.386207E+00   1.787854E+03   7.912570E-01
   1.122105E-01   5.419397E+00   1.786935E+03   7.934301E-01
   1.127287E-01   5.357030E+00   1.785573E+03   7.943099E-01
   1.132494E-01   5.564716E+00   1.788909E+03   7.924474E-01
   1.137725E-01   5.376838E+00   1.794618E+03   7.900346E-01
   1.142980E-01   5.398966E+00   1.794840E+03   7.898384E-01
   1.148259E-01   5.273314E+00   1.792096E+03   7.918482E-01
   1.153563E-01   5.363109E+00   1.792202E+03   7.930651E-01
   1.158891E-01   5.215380E+00   1.799996E+03   7.914979E-01
   1.164244E-01   5.266828E+00   1.800960E+03   7.899727E-01
   1.169622E-01   5.203146E+00   1.795646E+03   7.929158E-01
   1.175024E-01   5.114606E+00   1.797756E+03   7.931909E-01
   1.180451E-01   5.181227E+00   1.804125E+03   7.913692E-01
   1.185904E-01   5.138259E+00   1.807373E+03   7.905277E-01
   1.191381E-01   5.194821E+00   1.812670E+03   7.893877E-01
   1.196884E-01   5.047938E+00   1.808354E+03   7.928729E-01
   1.202412E-01   5.096782E+00   1.815101E+03   7.909155E-01
   1.207966E-01   5.165904E+00   1.819540E+03   7.903040E-01
   1.213545E-01   5.154148E+00   1.827122E+03   7.881974E-01
   1.219151E-01   5.099447E+00   1.826738E+03   7.886702E-01
   1.224782E-01   5.016668E+00   1.828677E+03   7.900547E-01
   1.230439E-01   4.985305E+00   1.834216E+03   7.880382E-01
   1.236122E-01   4.965714E+00   1.833932E+03   7.878625E-01
   1.241832E-01   4.948386E+00   1.829519E+03   7.886281E-01
   1.247567E-01   4.902613E+00   1.828266E+03   7.897889E-01
   1.253330E-01   4.887615E+00   1.832867E+03   7.877466E-01
   1.259119E-01   4.916483E+00   1.832861E+03   7.884986E-01
   1.264935E-01   4.904996E+00   1.840502E+03   7.863591E-01
   1.270777E-01   4.852322E+00   1.844292E+03   7.869479E-01
   1.276647E-01   4.788575E+00   1.845092E+03   7.871618E-01
   1.282543E-01   4.770700E+00   1.850306E+03   7.855253E-01
   1.288467E-01   4.766053E+00   1.853046E+03   7.851751E-01
   1.294419E-01   4.800519E+00   1.855495E+03   7.846987E-01
   1.300397E-01   4.767508E+00   1.861991E+03   7.824220E-01
   1.306404E-01   4.790606E+00   1.859649E+03   7.846944E-01
   1.312438E-01   4.744363E+00   1.857967E+03   7.859880E-01
   1.318500E-01   4.738638E+00   1.860583E+03   7.845825E-01
   1.324590E-01   4.763348E+00   1.864610E+03   7.826371E-01
   1.330708E-01   4.655166E+00   1.868273E+03   7.815522E-01
   1.336854E-01   4.731659E+00   1.866778E+03   7.830001E-01
   1.343029E-01   4.599904E+00   1.866196E+03   7.839756E-01
   1.349232E-01   4.591100E+00   1.872682E+03   7.838772E-01
   1.355464E-01   4.575318E+00   1.876806E+03   7.818101E-01
   1.361725E-01   4.608330E+00   1.875491E+03   7.829226E-01
   1.368015E-01   4.539108E+00   1.875036E+03   7.842277E-01
   1.374333E-01   4.495389E+00   1.883011E+03   7.823614E-01
   1.380681E-01   4.480051E+00   1.888266E+03   7.809436E-01
   1.387058E-01   4.536100E+00   1.892568E+03   7.804931E-01
   1.393465E-01   4.420352E+00   1.891330E+03   7.825283E-01
   1.399901E-01   4.415332E+00   1.895972E+03   7.820160E-01
   1.406367E-01   4.407101E+00   1.901331E+03   7.808984E-01
   1.412863E-01   4.650400E+00   1.907269E+03   7.796292E-01
   1.419389E-01   4.432337E+00   1.910739E+03   7.785434E-01
   1.425945E-01   4.471509E+00   1.912761E+03   7.792311E-01
   1.432531E-01   4.320078E+00   1.914482E+03   7.793098E-01
   1.439148E-01   4.337756E+00   1.916938E+03   7.780239E-01
   1.445795E-01   4.374575E+00   1.914816E+03   7.782777E-01
   1.452473E-01   4.241294E+00   1.910230E+03   7.799947E-01
   1.459182E-01   4.631740E+00   1.918712E+03   7.768808E-01
   1.465922E-01   4.219326E+00   1.912279E+03   7.795114E-01
   1.472692E-01   4.397078E+00   1.923006E+03   7.761163E-01
   1.479495E-01   4.248398E+00   1.925593E+03   7.770579E-01
   1.486328E-01   4.225348E+00   1.926837E+03   7.773264E-01
   1.493193E-01   4.397107E+00   1.933584E+03   7.749409E-01
   1.500090E-01   4.264105E+00   1.938264E+03   7.736856E-01
   1.507019E-01   4.175017E+00   1.937691E+03   7.743908E-01
   1.513980E-01   4.168900E+00   1.941161E+03   7.735377E-01
   1.520973E-01   4.143930E+00   1.943318E+03   7.733561E-01
   1.527998E-01   4.064127E+00   1.941104E+03   7.752538E-01
   1.535056E-01   4.068141E+00   1.944306E+03   7.743819E-01
   1.542146E-01   4.129428E+00   1.946866E+03   7.730160E-01
   1.549269E-01   4.128699E+00   1.951804E+03   7.715253E-01
   1.556425E-01   4.091700E+00   1.951298E+03   7.718788E-01
   1.563614E-01   4.121016E+00   1.949917E+03   7.731387E-01
   1.570836E-01   4.133803E+00   1.954567E+03   7.735219E-01
   1.578091E-01   3.977370E+00   1.960220E+03   7.718286E-01
   1.585380E-01   3.972004E+00   1.958502E+03   7.726019E-01
   1.592703E-01   4.014485E+00   1.959770E+03   7.729200E-01
   1.600059E-01   4.051351E+00   1.966880E+03   7.715546E-01
   1.607450E-01   3.982438E+00   1.972675E+03   7.700381E-01
   1.614874E-01   4.003202E+00   1.975007E+03   7.699554E-01
   1.622333E-01   3.969861E+00   1.978125E+03   7.700586E-01
   1.629827E-01   3.888726E+00   1.978764E+03   7.710597E-01
   1.637355E-01   3.904592E+00   1.984106E+03   7.697803E-01
   1.644917E-01   3.878984E+00   1.988284E+03   7.691586E-01
   1.652515E-01   3.926626E+00   1.990694E+03   7.685657E-01
   1.660148E-01   3.811900E+00   1.993209E+03   7.685921E-01
   1.667816E-01   3.777986E+00   1.994241E+03   7.691567E-01
   1.675519E-01   3.810990E+00   1.998392E+03   7.674590E-01
   1.683258E-01   3.791165E+00   1.996210E+03   7.676594E-01
   1.691033E-01   3.767623E+00   1.991346E+03   7.690628E-01
   1.698844E-01   3.776545E+00   1.996803E+03   7.673319E-01
   1.706690E-01   3.714532E+00   1.994439E+03   7.680236E-01
   1.714573E-01   3.705310E+00   2.000099E+03   7.665059E-01
   1.722493E-01   3.798480E+00   2.004890E+03   7.660061E-01
   1.730449E-01   3.652356E+00   2.007276E+03   7.661906E-01
   1.738442E-01   3.711475E+00   2.011642E+03   7.647932E-01
   1.746471E-01   3.671893E+00   2.016103E+03   7.634308E-01
   1.754538E-01   3.732875E+00   2.017298E+03   7.633599E-01
   1.762642E-01   3.624909E+00   2.019370E+03   7.628520E-01
   1.770783E-01   3.591039E+00   2.023106E+03   7.614856E-01
   1.778962E-01   3.579407E+00   2.021638E+03   7.630141E-01
   1.787179E-01   3.768094E+00   2.022604E+03   7.626849E-01
   1.795434E-01   3.712907E+00   2.024856E+03   7.613052E-01
   1.803727E-01   3.605981E+00   2.028607E+03   7.598537E-01
   1.812058E-01   3.541755E+00   2.028339E+03   7.597260E-01
   1.820428E-01   3.501732E+00   2.027124E+03   7.607847E-01
   1.828836E-01   3.554476E+00   2.027809E+03   7.615388E-01
   1.837283E-01   3.511686E+00   2.035646E+03   7.597318E-01
   1.845769E-01   3.777650E+00   2.036380E+03   7.588267E-01
   1.854295E-01   3.522208E+00   2.032793E+03   7.606649E-01
   1.862860E-01   3.437545E+00   2.036380E+03   7.603084E-01
   1.871464E-01   3.469746E+00   2.041881E+03   7.589479E-01
   1.880108E-01   3.469121E+00   2.044561E+03   7.582753E-01
   1.888792E-01   3.479851E+00   2.048251E+03   7.576813E-01
   1.897516E-01   3.379016E+00   2.046428E+03   7.595028E-01
   1.906280E-01   3.418955E+00   2.051934E+03   7.579386E-01
   1.915085E-01   3.424606E+00   2.055609E+03   7.573050E-01
   1.923931E-01   3.437568E+00   2.061587E+03   7.556557E-01
   1.932817E-01   3.376612E+00   2.059609E+03   7.564857E-01
   1.941745E-01   3.328829E+00   2.060445E+03   7.573378E-01
   1.950713E-01   3.320228E+00   2.064180E+03   7.558464E-01
   1.959723E-01   3.284932E+00   2.062618E+03   7.558539E-01
   1.968775E-01   3.283140E+00   2.058717E+03   7.562636E-01
   1.977869E-01   3.271263E+00   2.057499E+03   7.569012E-01
   1.987004E-01   3.331228E+00   2.059899E+03   7.555895E-01
   1.996182E-01   3.237425E+00   2.060275E+03   7.557652E-01
   2.005402E-01   3.312618E+00   2.065994E+03   7.541842E-01
   2.014665E-01   3.407148E+00   2.068189E+03   7.545423E-01
   2.023970E-01   3.225538E+00   2.069275E+03   7.541750E-01
   2.033319E-01   3.193276E+00   2.072809E+03   7.530171E-01
   2.042710E-01   3.222270E+00   2.074175E+03   7.527419E-01
   2.052145E-01   3.175244E+00   2.075612E+03   7.521588E-01
   2.061624E-01   3.287591E+00   2.080049E+03   7.504759E-01
   2.071146E-01   3.236578E+00   2.078816E+03   7.515530E-01
   2.080713E-01   3.162629E+00   2.076649E+03   7.522493E-01
   2.090323E-01   3.104941E+00   2.077387E+03   7.512859E-01
   2.099978E-01   3.148315E+00   2.080691E+03   7.496161E-01
   2.109678E-01   3.124087E+00   2.083296E+03   7.485186E-01
   2.119422E-01   3.064450E+00   2.080768E+03   7.496131E-01
   2.129212E-01   3.069959E+00   2.080459E+03   7.499267E-01
   2.139046E-01   3.068430E+00   2.085802E+03   7.493636E-01
   2.148926E-01   3.100301E+00   2.088825E+03   7.474641E-01
   2.158852E-01   3.092468E+00   2.086538E+03   7.482763E-01
   2.168823E-01   3.038149E+00   2.086634E+03   7.486026E-01
   2.178841E-01   3.000864E+00   2.091178E+03   7.473890E-01
   2.188905E-01   3.050861E+00   2.094960E+03   7.459966E-01
   2.199015E-01   2.989327E+00   2.096879E+03   7.456593E-01
   2.209172E-01   3.017168E+00   2.094828E+03   7.468590E-01
   2.219376E-01   2.980420E+00   2.097540E+03   7.462199E-01
   2.229627E-01   2.979374E+00   2.100558E+03   7.453097E-01
   2.239925E-01   3.020907E+00   2.103082E+03   7.445486E-01
   2.250271E-01   3.024598E+00   2.104522E+03   7.435382E-01
   2.260665E-01   3.127136E+00   2.104942E+03   7.438625E-01
   2.271106E-01   2.870179E+00   2.104390E+03   7.438092E-01
   2.281596E-01   2.985468E+00   2.104994E+03   7.426159E-01
   2.292135E-01   2.914154E+00   2.100200E+03   7.431166E-01
   2.302722E-01   2.880877E+00   2.095540E+03   7.439630E-01
   2.313358E-01   2.948238E+00   2.099526E+03   7.418959E-01
   2.324043E-01   2.840399E+00   2.092932E+03   7.435205E-01
   2.334777E-01   2.876359E+00   2.098648E+03   7.413857E-01
   2.345562E-01   2.833139E+00   2.099375E+03   7.417787E-01
   2.356395E-01   2.838250E+00   2.098407E+03   7.417617E-01
   2.367279E-01   2.874714E+00   2.101707E+03   7.399279E-01
   2.378213E-01   2.953762E+00   2.102690E+03   7.391731E-01
   2.389198E-01   2.780634E+00   2.100543E+03   7.393356E-01
   2.400234E-01   2.790167E+00   2.101674E+03   7.383791E-01
   2.411320E-01   2.777509E+00   2.100579E+03   7.382934E-01
   2.422458E-01   2.719709E+00   2.097003E+03   7.392408E-01
   2.433647E-01   2.710390E+00   2.096762E+03   7.386080E-01
   2.444887E-01   2.732614E+00   2.097219E+03   7.372525E-01
   2.456180E-01   2.732353E+00   2.099356E+03   7.358571E-01
   2.467525E-01   2.695131E+00   2.096405E+03   7.362037E-01
   2.478922E-01   2.644527E+00   2.093299E+03   7.368456E-01
   2.490372E-01   2.811758E+00   2.096629E+03   7.365412E-01
   2.501874E-01   2.642110E+00   2.098533E+03   7.352632E-01
   2.513430E-01   2.651132E+00   2.096032E+03   7.354293E-01
   2.525040E-01   2.631102E+00   2.094753E+03   7.356169E-01
   2.536702E-01   2.652824E+00   2.099486E+03   7.342018E-01
   2.548419E-01   2.650393E+00   2.102245E+03   7.330065E-01
   2.560190E-01   2.730940E+00   2.104383E+03   7.321325E-01
   2.572015E-01   2.688205E+00   2.104431E+03   7.322835E-01
   2.583895E-01   2.597793E+00   2.102925E+03   7.330165E-01
   2.595830E-01   2.589773E+00   2.105494E+03   7.320316E-01
   2.607819E-01   2.575744E+00   2.107409E+03   7.313280E-01
   2.619865E-01   2.545766E+00   2.107749E+03   7.306943E-01
   2.631965E-01   2.576898E+00   2.108389E+03   7.305608E-01
   2.644122E-01   2.611631E+00   2.108516E+03   7.304786E-01
   2.656335E-01   2.564302E+00   2.108949E+03   7.294467E-01
   2.668604E-01   2.593752E+00   2.105300E+03   7.295202E-01
   2.680930E-01   2.527282E+00   2.099782E+03   7.304315E-01
   2.693313E-01   2.511487E+00   2.102395E+03   7.290363E-01
   2.705753E-01   2.476087E+00   2.098102E+03   7.295999E-01
   2.718251E-01   2.455296E+00   2.101387E+03   7.282423E-01
   2.730806E-01   2.494394E+00   2.102222E+03   7.282909E-01
   2.743419E-01   2.440531E+00   2.102334E+03   7.281646E-01
   2.756091E-01   2.439136E+00   2.103214E+03   7.272269E-01
   2.768821E-01   2.451935E+00   2.105162E+03   7.259439E-01
   2.781610E-01   2.402067E+00   2.103044E+03   7.260916E-01
   2.794458E-01   2.427719E+00   2.102859E+03   7.255290E-01
   2.807365E-01   2.444616E+00   2.103353E+03   7.244940E-01
   2.820332E-01   2.433035E+00   2.099695E+03   7.256108E-01
   2.833359E-01   2.380516E+00   2.097893E+03   7.253548E-01
   2.846445E-01   2.418499E+00   2.097433E+03   7.241677E-01
   2.859593E-01   2.392573E+00   2.098245E+03   7.228455E-01
   2.872801E-01   2.482282E+00   2.095509E+03   7.226771E-01
   2.886070E-01   2.331197E+00   2.091888E+03   7.234781E-01
   2.899400E-01   2.347249E+00   2.090381E+03   7.238647E-01
   2.912792E-01   2.466684E+00   2.094395E+03   7.221375E-01
   2.926246E-01   2.336500E+00   2.090141E+03   7.221018E-01
   2.939762E-01   2.323911E+00   2.086463E+03   7.227846E-01
   2.953341E-01   2.291490E+00   2.087435E+03   7.221089E-01
   2.966982E-01   2.576285E+00   2.089963E+03   7.206310E-01
   2.980686E-01   2.451294E+00   2.088273E+03   7.203833E-01
   2.994453E-01   2.309083E+00   2.088138E+03   7.199822E-01
   3.008284E-01   2.249578E+00   2.084661E+03   7.208862E-01
   3.022179E-01   2.280688E+00   2.086433E+03   7.195691E-01
   3.036138E-01   2.266245E+00   2.086428E+03   7.190010E-01
   3.050162E-01   2.284846E+00   2.087192E+03   7.180274E-01
   3.064250E-01   2.247000E+00   2.083766E+03   7.182411E-01
   3.078404E-01   2.252308E+00   2.082001E+03   7.186078E-01
   3.092622E-01   2.197546E+00   2.081921E+03   7.174294E-01
   3.106907E-01   2.197985E+00   2.078144E+03   7.171630E-01
   3.121257E-01   2.258465E+00   2.072039E+03   7.174426E-01
   3.135674E-01   2.222855E+00   2.069420E+03   7.174349E-01
   3.150157E-01   2.194434E+00   2.067584E+03   7.166513E-01
   3.164707E-01   2.238385E+00   2.065931E+03   7.163910E-01
   3.179325E-01   2.205732E+00   2.066956E+03   7.154538E-01
   3.194010E-01   2.181772E+00   2.066574E+03   7.154209E-01
   3.208762E-01   2.133580E+00   2.064824E+03   7.149215E-01
   3.223583E-01   2.159578E+00   2.064808E+03   7.139917E-01
   3.238473E-01   2.104409E+00   2.062866E+03   7.138127E-01
   3.253431E-01   2.130985E+00   2.061352E+03   7.132379E-01
   3.268458E-01   2.148094E+00   2.061670E+03   7.119568E-01
   3.283555E-01   2.211514E+00   2.058754E+03   7.124166E-01
   3.298721E-01   2.138810E+00   2.053750E+03   7.129501E-01
   3.313957E-01   2.052412E+00   2.051448E+03   7.121035E-01
   3.329264E-01   2.094950E+00   2.051830E+03   7.105719E-01
   3.344641E-01   2.098846E+00   2.050564E+03   7.098103E-01
   3.360090E-01   2.067733E+00   2.045684E+03   7.106056E-01
   3.375610E-01   2.061892E+00   2.042472E+03   7.108296E-01
   3.391201E-01   2.023763E+00   2.044321E+03   7.102175E-01
   3.406865E-01   2.081732E+00   2.043749E+03   7.087102E-01
   3.422601E-01   2.039322E+00   2.038652E+03   7.094176E-01
   3.438409E-01   2.056165E+00   2.037123E+03   7.092999E-01
   3.454291E-01   2.018382E+00   2.038064E+03   7.083096E-01
   3.470246E-01   2.045577E+00   2.038299E+03   7.072366E-01
   3.486274E-01   2.006909E+00   2.037610E+03   7.068225E-01
   3.502377E-01   1.990128E+00   2.032927E+03   7.079364E-01
   3.518554E-01   2.020088E+00   2.033283E+03   7.071740E-01
   3.534806E-01   1.939428E+00   2.032987E+03   7.065771E-01
   3.551133E-01   2.002793E+00   2.033020E+03   7.058025E-01
   3.567535E-01   1.977778E+00   2.031414E+03   7.051553E-01
   3.584013E-01   1.991493E+00   2.029225E+03   7.056173E-01
   3.600567E-01   1.928811E+00   2.027890E+03   7.050830E-01
   3.617198E-01   1.987358E+00   2.025769E+03   7.042959E-01
   3.633905E-01   1.946257E+00   2.020050E+03   7.045268E-01
   3.650690E-01   1.905416E+00   2.014641E+03   7.052519E-01
   3.667552E-01   1.946758E+00   2.015602E+03   7.035924E-01
   3.684492E-01   1.882236E+00   2.009274E+03   7.046868E-01
   3.701510E-01   1.930313E+00   2.011844E+03   7.031145E-01
   3.718607E-01   1.957862E+00   2.011411E+03   7.032089E-01
   3.735783E-01   1.921408E+00   2.008384E+03   7.033374E-01
   3.753038E-01   1.906249E+00   2.008484E+03   7.021783E-01
   3.770372E-01   1.875426E+00   2.006932E+03   7.017902E-01
   3.787787E-01   1.907316E+00   2.004657E+03   7.015397E-01
   3.805283E-01   1.925667E+00   2.004285E+03   7.005954E-01
   3.822859E-01   1.847346E+00   1.999783E+03   7.012272E-01
   3.840516E-01   1.834870E+00   1.995173E+03   7.019155E-01
   3.858255E-01   1.803458E+00   1.992672E+03   7.014845E-01
   3.876076E-01   1.802740E+00   1.990902E+03   7.004778E-01
   3.893979E-01   1.822433E+00   1.990551E+03   6.993824E-01
   3.911965E-01   1.815518E+00   1.985446E+03   7.000401E-01
   3.930034E-01   1.780040E+00   1.980651E+03   7.006472E-01
   3.948186E-01   1.844280E+00   1.981403E+03   7.003630E-01
   3.966422E-01   1.771019E+00   1.979500E+03   6.996277E-01
   3.984743E-01   1.786920E+00   1.975078E+03   6.999206E-01
   4.003148E-01   1.748349E+00   1.971007E+03   7.003546E-01
   4.021638E-01   1.781452E+00   1.972096E+03   6.993576E-01
   4.040213E-01   1.743577E+00   1.970937E+03   6.987543E-01
   4.058874E-01   1.920984E+00   1.969668E+03   6.983070E-01
   4.077622E-01   1.810122E+00   1.966603E+03   6.986612E-01
   4.096456E-01   1.736036E+00   1.962956E+03   6.993240E-01
   4.115377E-01   1.805837E+00   1.962630E+03   6.985406E-01
   4.134385E-01   1.735571E+00   1.960774E+03   6.983140E-01
   4.153481E-01   1.719673E+00   1.958049E+03   6.979955E-01
   4.172666E-01   1.740737E+00   1.955380E+03   6.981917E-01
   4.191939E-01   1.717161E+00   1.952353E+03   6.983731E-01
   4.211301E-01   1.696020E+00   1.950042E+03   6.975852E-01
   4.230752E-01   1.674366E+00   1.943406E+03   6.981158E-01
   4.250294E-01   1.653230E+00   1.936216E+03   6.990380E-01
   4.269925E-01   1.814372E+00   1.936184E+03   6.977953E-01
   4.289648E-01   1.716691E+00   1.929426E+03   6.986319E-01
   4.309461E-01   1.642788E+00   1.929532E+03   6.976193E-01
   4.329366E-01   1.650258E+00   1.927000E+03   6.981214E-01
   4.349363E-01   1.666531E+00   1.924423E+03   6.980608E-01
   4.369452E-01   1.626515E+00   1.922196E+03   6.975526E-01
   4.389634E-01   1.647311E+00   1.921040E+03   6.966842E-01
   4.409909E-01   1.611779E+00   1.916865E+03   6.969640E-01
   4.430278E-01   1.611805E+00   1.913808E+03   6.967680E-01
   4.450741E-01   1.752002E+00   1.911534E+03   6.961803E-01
   4.471298E-01   1.620203E+00   1.905651E+03   6.974071E-01
   4.491950E-01   1.600547E+00   1.902252E+03   6.971916E-01
   4.512698E-01   1.694770E+00   1.899632E+03   6.962445E-01
   4.533542E-01   1.585300E+00   1.896813E+03   6.957569E-01
   4.554482E-01   1.704016E+00   1.892327E+03   6.956707E-01
   4.575518E-01   1.685599E+00   1.887639E+03   6.963948E-01
   4.596652E-01   1.564006E+00   1.883522E+03   6.971814E-01
   4.617883E-01   1.570422E+00   1.884030E+03   6.958942E-01
   4.639213E-01   1.552818E+00   1.877785E+03   6.963009E-01
   4.660641E-01   1.542532E+00   1.872917E+03   6.969405E-01
   4.682168E-01   1.544521E+00   1.871886E+03   6.964171E-01
   4.703794E-01   1.570329E+00   1.870963E+03   6.955728E-01
   4.725520E-01   1.565903E+00   1.867480E+03   6.954948E-01
   4.747347E-01   1.627145E+00   1.864867E+03   6.955570E-01
   4.769274E-01   1.500967E+00   1.859885E+03   6.964689E-01
   4.791303E-01   1.533851E+00   1.859237E+03   6.954697E-01
   4.813433E-01   1.504441E+00   1.855950E+03   6.956004E-01
   4.835666E-01   1.537094E+00   1.854282E+03   6.949622E-01
   4.858001E-01   1.527864E+00   1.849458E+03   6.953765E-01
   4.880440E-01   1.475989E+00   1.845917E+03   6.958066E-01
   4.902982E-01   1.501021E+00   1.843731E+03   6.950167E-01
   4.925628E-01   1.516288E+00   1.838341E+03   6.950125E-01
   4.948379E-01   1.600188E+00   1.830979E+03   6.956715E-01
   4.971235E-01   1.583387E+00   1.827930E+03   6.953884E-01
   4.994197E-01   1.471278E+00   1.822915E+03   6.954798E-01
   5.017264E-01   1.437698E+00   1.819803E+03   6.953544E-01
   5.040438E-01   1.527188E+00   1.818703E+03   6.947710E-01
   5.063720E-01   1.499125E+00   1.815678E+03   6.951381E-01
   5.087108E-01   1.506678E+00   1.812730E+03   6.946829E-01
   5.110605E-01   1.423544E+00   1.810138E+03   6.942958E-01
   5.134210E-01   1.413262E+00   1.806234E+03   6.943738E-01
   5.157925E-01   1.411691E+00   1.803050E+03   6.940893E-01
   5.181748E-01   1.441771E+00   1.800666E+03   6.933435E-01
   5.205682E-01   1.419555E+00   1.795748E+03   6.942328E-01
   5.229727E-01   1.493020E+00   1.790736E+03   6.944538E-01
   5.253882E-01   1.439876E+00   1.786319E+03   6.941061E-01
   5.278149E-01   1.427240E+00   1.784571E+03   6.929748E-01
   5.302528E-01   1.419674E+00   1.780798E+03   6.927532E-01
   5.327020E-01   1.361718E+00   1.775160E+03   6.935841E-01
   5.351625E-01   1.465741E+00   1.770524E+03   6.940734E-01
   5.376343E-01   1.371341E+00   1.769721E+03   6.937472E-01
   5.401176E-01   1.381966E+00   1.766774E+03   6.927108E-01
   5.426123E-01   1.471700E+00   1.760513E+03   6.936558E-01
   5.451186E-01   1.366546E+00   1.756817E+03   6.938995E-01
   5.476364E-01   1.347976E+00   1.755467E+03   6.932455E-01
   5.501659E-01   1.323398E+00   1.753278E+03   6.926048E-01
   5.527070E-01   1.365108E+00   1.751260E+03   6.921787E-01
   5.552599E-01   1.307211E+00   1.744744E+03   6.937014E-01
   5.578246E-01   1.340327E+00   1.743039E+03   6.930779E-01
   5.604011E-01   1.295005E+00   1.740676E+03   6.928175E-01
   5.629895E-01   1.410249E+00   1.738996E+03   6.921496E-01
   5.655899E-01   1.309694E+00   1.734673E+03   6.921169E-01
   5.682023E-01   1.361851E+00   1.731311E+03   6.925840E-01
   5.708268E-01   1.287640E+00   1.727945E+03   6.923052E-01
   5.734634E-01   1.314622E+00   1.723615E+03   6.919988E-01
   5.761121E-01   1.262735E+00   1.716672E+03   6.924404E-01
   5.787731E-01   1.297852E+00   1.710930E+03   6.930842E-01
   5.814464E-01   1.282597E+00   1.709152E+03   6.919314E-01
   5.841320E-01   1.271358E+00   1.702889E+03   6.928600E-01
   5.868300E-01   1.302187E+00   1.702474E+03   6.917257E-01
   5.895405E-01   1.289392E+00   1.700493E+03   6.918229E-01
   5.922636E-01   1.315385E+00   1.696151E+03   6.920419E-01
   5.949991E-01   1.239974E+00   1.693649E+03   6.913943E-01
   5.977474E-01   1.345403E+00   1.690500E+03   6.911857E-01
   6.005083E-01   1.332995E+00   1.686944E+03   6.910230E-01
   6.032820E-01   1.300514E+00   1.685779E+03   6.898303E-01
   6.060685E-01   1.289180E+00   1.679847E+03   6.908557E-01
   6.088678E-01   1.234851E+00   1.673819E+03   6.917567E-01
   6.116801E-01   1.199997E+00   1.670313E+03   6.913137E-01
   6.145054E-01   1.261815E+00   1.667144E+03   6.904597E-01
   6.173437E-01   1.235612E+00   1.665187E+03   6.895089E-01
   6.201951E-01   1.205514E+00   1.659289E+03   6.903634E-01
   6.230597E-01   1.191107E+00   1.654229E+03   6.908501E-01
   6.259376E-01   1.224655E+00   1.653037E+03   6.907670E-01
   6.288287E-01   1.187703E+00   1.650045E+03   6.899521E-01
   6.317332E-01   1.206571E+00   1.645226E+03   6.902529E-01
   6.346511E-01   1.181501E+00   1.640053E+03   6.909944E-01
   6.375825E-01   1.186258E+00   1.639269E+03   6.901203E-01
   6.405274E-01   1.162181E+00   1.636955E+03   6.895674E-01
   6.434859E-01   1.201227E+00   1.634338E+03   6.893144E-01
   6.464581E-01   1.175709E+00   1.629774E+03   6.899595E-01
   6.494440E-01   1.151196E+00   1.626501E+03   6.902113E-01
   6.524437E-01   1.180309E+00   1.624541E+03   6.896428E-01
   6.554572E-01   1.150169E+00   1.621851E+03   6.894466E-01
   6.584847E-01   1.156167E+00   1.618790E+03   6.890135E-01
   6.615262E-01   1.152550E+00   1.615094E+03   6.893534E-01
   6.645817E-01   1.121849E+00   1.611461E+03   6.895071E-01
   6.676513E-01   1.138409E+00   1.608393E+03   6.887575E-01
   6.707351E-01   1.133543E+00   1.602270E+03   6.891603E-01
   6.738331E-01   1.089885E+00   1.595272E+03   6.901270E-01
   6.769455E-01   1.146478E+00   1.594157E+03   6.888926E-01
   6.800722E-01   1.115550E+00   1.587219E+03   6.899005E-01
   6.832134E-01   1.097294E+00   1.586947E+03   6.887090E-01
   6.863691E-01   1.113134E+00   1.583608E+03   6.892836E-01
   6.895393E-01   1.093347E+00   1.580222E+03   6.893409E-01
   6.927242E-01   1.109860E+00   1.577752E+03   6.887030E-01
   6.959238E-01   1.162210E+00   1.576014E+03   6.878107E-01
   6.991382E-01   1.115765E+00   1.571719E+03   6.880648E-01
   7.023674E-01   1.135901E+00   1.568583E+03   6.877717E-01
   7.056116E-01   1.077068E+00   1.565040E+03   6.875957E-01
   7.088707E-01   1.047986E+00   1.559443E+03   6.887435E-01
   7.121449E-01   1.105540E+00   1.556220E+03   6.883707E-01
   7.154342E-01   1.112014E+00   1.553010E+03   6.875050E-01
   7.187387E-01   1.059261E+00   1.549948E+03   6.871219E-01
   7.220585E-01   1.067872E+00   1.545547E+03   6.870773E-01
   7.253936E-01   1.028607E+00   1.540440E+03   6.878958E-01
   7.287441E-01   1.185833E+00   1.537818E+03   6.881196E-01
   7.321101E-01   1.049967E+00   1.536357E+03   6.872063E-01
   7.354916E-01   1.055187E+00   1.530850E+03   6.876520E-01
   7.388887E-01   1.097987E+00   1.526298E+03   6.881756E-01
   7.423016E-01   1.015991E+00   1.524952E+03   6.875528E-01
   7.457302E-01   1.050719E+00   1.523652E+03   6.866346E-01
   7.491746E-01   1.024393E+00   1.519698E+03   6.868039E-01
   7.526350E-01   1.056156E+00   1.516692E+03   6.869853E-01
   7.561113E-01   1.004107E+00   1.512533E+03   6.876658E-01
   7.596037E-01   1.004319E+00   1.511219E+03   6.867587E-01
   7.631122E-01   1.002227E+00   1.507887E+03   6.868931E-01
   7.666369E-01   9.983347E-01   1.505439E+03   6.864239E-01
   7.701779E-01   9.882758E-01   1.501322E+03   6.867725E-01
   7.737353E-01   1.004107E+00   1.497943E+03   6.871462E-01
   7.773091E-01   1.003287E+00   1.495670E+03   6.862416E-01
   7.808994E-01   9.912767E-01   1.490472E+03   6.863823E-01
   7.845062E-01   1.004836E+00   1.483598E+03   6.872455E-01
   7.881298E-01   1.014232E+00   1.481118E+03   6.867429E-01
   7.917700E-01   9.757393E-01   1.476269E+03   6.869249E-01
   7.954271E-01   9.839607E-01   1.473993E+03   6.865353E-01
   7.991011E-01   9.975828E-01   1.472109E+03   6.862117E-01
   8.027921E-01   9.529135E-01   1.468901E+03   6.866316E-01
   8.065001E-01   9.687597E-01   1.466294E+03   6.860630E-01
   8.102252E-01   9.503893E-01   1.463766E+03   6.857154E-01
   8.139675E-01   9.564043E-01   1.459944E+03   6.858648E-01
   8.177271E-01   9.548237E-01   1.456987E+03   6.855211E-01
   8.215041E-01   9.454585E-01   1.454462E+03   6.849142E-01
   8.252985E-01   9.446935E-01   1.449777E+03   6.859417E-01
   8.291105E-01   9.346243E-01   1.445065E+03   6.862452E-01
   8.329400E-01   9.377334E-01   1.441700E+03   6.856636E-01
   8.367873E-01   9.606792E-01   1.439991E+03   6.845112E-01
   8.406523E-01   9.640332E-01   1.436101E+03   6.844295E-01
   8.445352E-01   9.581684E-01   1.431282E+03   6.852350E-01
   8.484360E-01   9.294830E-01   1.426906E+03   6.859361E-01
   8.523548E-01   9.161963E-01   1.426199E+03   6.853660E-01
   8.562917E-01   9.410716E-01   1.423223E+03   6.844549E-01
   8.602468E-01   9.260240E-01   1.417430E+03   6.855674E-01
   8.642202E-01   8.888393E-01   1.414271E+03   6.858032E-01
   8.682119E-01   9.208295E-01   1.412910E+03   6.851236E-01
   8.722221E-01   8.853273E-01   1.410426E+03   6.846445E-01
   8.762508E-01   9.271222E-01   1.408517E+03   6.842215E-01
   8.802981E-01   8.810892E-01   1.403002E+03   6.857745E-01
   8.843641E-01   9.438023E-01   1.401764E+03   6.849095E-01
   8.884488E-01   8.786631E-01   1.399179E+03   6.847762E-01
   8.925525E-01   9.152434E-01   1.397485E+03   6.841910E-01
   8.966751E-01   9.432426E-01   1.393685E+03   6.841678E-01
   9.008167E-01   9.089180E-01   1.390161E+03   6.849289E-01
   9.049775E-01   8.546621E-01   1.387505E+03   6.843952E-01
   9.091574E-01   9.097413E-01   1.383474E+03   6.842691E-01
   9.133567E-01   8.549530E-01   1.377456E+03   6.847354E-01
   9.175754E-01   9.360808E-01   1.372895E+03   6.852637E-01
   9.218136E-01   8.626289E-01   1.370547E+03   6.844621E-01
   9.260713E-01   8.507561E-01   1.366076E+03   6.850619E-01
   9.303487E-01   8.739836E-01   1.364989E+03   6.841791E-01
   9.346459E-01   8.517928E-01   1.362802E+03   6.844576E-01
   9.389629E-01   8.495695E-01   1.358933E+03   6.847432E-01
   9.432999E-01   8.205513E-01   1.356821E+03   6.840398E-01
   9.476568E-01   8.519208E-01   1.353915E+03   6.839041E-01
   9.520339E-01   8.544276E-01   1.350969E+03   6.837096E-01
   9.564313E-01   8.614682E-01   1.349365E+03   6.827053E-01
   9.608489E-01   8.132577E-01   1.344140E+03   6.839069E-01
   9.652870E-01   8.763709E-01   1.339608E+03   6.845869E-01
   9.697455E-01   8.409694E-01   1.336665E+03   6.839430E-01
   9.742246E-01   8.314218E-01   1.333778E+03   6.832695E-01
   9.787245E-01   8.209625E-01   1.331467E+03   6.826108E-01
   9.832451E-01   8.499499E-01   1.327030E+03   6.832263E-01
   9.877866E-01   8.093753E-01   1.322746E+03   6.838132E-01
   9.923490E-01   8.233823E-01   1.321177E+03   6.839149E-01
   9.969326E-01   8.082477E-01   1.318756E+03   6.830255E-01
   1.001537E+00   8.249943E-01   1.314301E+03   6.834925E-01
   1.006163E+00   7.769833E-01   1.310157E+03   6.842782E-01
   1.010811E+00   8.104534E-01   1.309305E+03   6.834141E-01
   1.015479E+00   7.942894E-01   1.307170E+03   6.828798E-01
   1.020170E+00   8.093584E-01   1.304788E+03   6.826195E-01
   1.024882E+00   7.621775E-01   1.300488E+03   6.837112E-01
   1.029616E+00   7.806135E-01   1.298110E+03   6.836610E-01
   1.034371E+00   7.548093E-01   1.295807E+03   6.833199E-01
   1.039149E+00   7.692097E-01   1.293830E+03   6.830550E-01
   1.043949E+00   7.704870E-01   1.291219E+03   6.825580E-01
   1.048770E+00   7.722972E-01   1.287950E+03   6.830835E-01
   1.053615E+00   7.733016E-01   1.284917E+03   6.831782E-01
   1.058481E+00   7.603590E-01   1.281980E+03   6.826534E-01
   1.063370E+00   8.201031E-01   1.277447E+03   6.826851E-01
   1.068282E+00   7.282556E-01   1.271330E+03   6.839388E-01
   1.073216E+00   7.754277E-01   1.270381E+03   6.826691E-01
   1.078173E+00   7.441692E-01   1.264386E+03   6.839296E-01
   1.083153E+00   7.449013E-01   1.264305E+03   6.825617E-01
   1.088156E+00   7.911774E-01   1.261437E+03   6.832082E-01
   1.093182E+00   7.417366E-01   1.258171E+03   6.834571E-01
   1.098231E+00   7.711394E-01   1.256491E+03   6.825900E-01
   1.103304E+00   7.641580E-01   1.254799E+03   6.818898E-01
   1.108400E+00   7.165392E-01   1.250798E+03   6.823611E-01
   1.113519E+00   7.458394E-01   1.248141E+03   6.820589E-01
   1.118663E+00   7.272573E-01   1.245207E+03   6.819542E-01
   1.123830E+00   7.012216E-01   1.240487E+03   6.831616E-01
   1.129020E+00   7.147160E-01   1.237727E+03   6.827640E-01
   1.134235E+00   7.089531E-01   1.234823E+03   6.820869E-01
   1.139474E+00   7.118834E-01   1.232410E+03   6.815582E-01
   1.144737E+00   7.087788E-01   1.228759E+03   6.816835E-01
   1.150025E+00   6.896945E-01   1.224421E+03   6.824817E-01
   1.155336E+00   7.265029E-01   1.222251E+03   6.828628E-01
   1.160673E+00   6.916717E-01   1.220643E+03   6.819889E-01
   1.166034E+00   6.796907E-01   1.216154E+03   6.824601E-01
   1.171420E+00   7.056774E-01   1.212863E+03   6.828240E-01
   1.176830E+00   6.975760E-01   1.211562E+03   6.822959E-01
   1.182266E+00   7.038343E-01   1.210043E+03   6.815261E-01
   1.187727E+00   7.044884E-01   1.207166E+03   6.815882E-01
   1.193213E+00   6.883198E-01   1.204471E+03   6.818588E-01
   1.198724E+00   6.676342E-01   1.201042E+03   6.825411E-01
   1.204261E+00   6.875820E-01   1.199620E+03   6.818555E-01
   1.209823E+00   6.959655E-01   1.197376E+03   6.817510E-01
   1.215411E+00   6.719659E-01   1.194634E+03   6.815757E-01
   1.221025E+00   6.896281E-01   1.191773E+03   6.818055E-01
   1.226665E+00   6.482969E-01   1.188557E+03   6.823492E-01
   1.232330E+00   6.574149E-01   1.186518E+03   6.814936E-01
   1.238022E+00   7.342349E-01   1.182281E+03   6.816014E-01
   1.243741E+00   7.149252E-01   1.176864E+03   6.825006E-01
   1.249485E+00   6.716250E-01   1.174953E+03   6.818750E-01
   1.255257E+00   6.461939E-01   1.170570E+03   6.823614E-01
   1.261054E+00   6.522617E-01   1.168766E+03   6.818838E-01
   1.266879E+00   6.496925E-01   1.167028E+03   6.818352E-01
   1.272731E+00   6.354097E-01   1.164276E+03   6.822117E-01
   1.278609E+00   6.523835E-01   1.162160E+03   6.816521E-01
   1.284515E+00   6.583270E-01   1.160257E+03   6.811658E-01
   1.290448E+00   6.387686E-01   1.157027E+03   6.813934E-01
   1.296408E+00   6.542976E-01   1.154402E+03   6.811655E-01
   1.302396E+00   6.215683E-01   1.152250E+03   6.806170E-01
   1.308412E+00   6.501948E-01   1.148460E+03   6.816069E-01
   1.314455E+00   6.701373E-01   1.144824E+03   6.819418E-01
   1.320527E+00   6.750992E-01   1.142314E+03   6.811185E-01
   1.326626E+00   6.379475E-01   1.140269E+03   6.804172E-01
   1.332754E+00   6.325889E-01   1.137106E+03   6.804151E-01
   1.338909E+00   6.178635E-01   1.133037E+03   6.811917E-01
   1.345094E+00   6.272111E-01   1.129790E+03   6.818866E-01
   1.351306E+00   6.321611E-01   1.129111E+03   6.811731E-01
   1.357548E+00   6.582213E-01   1.126269E+03   6.805385E-01
   1.363818E+00   6.169715E-01   1.121675E+03   6.818130E-01
   1.370118E+00   5.983640E-01   1.119356E+03   6.818293E-01
   1.376446E+00   6.049541E-01   1.118165E+03   6.811785E-01
   1.382804E+00   5.916048E-01   1.115934E+03   6.807770E-01
   1.389191E+00   6.160300E-01   1.114212E+03   6.805109E-01
   1.395607E+00   5.991937E-01   1.110020E+03   6.819535E-01
   1.402053E+00   6.012799E-01   1.108965E+03   6.811069E-01
   1.408529E+00   5.848199E-01   1.106734E+03   6.810582E-01
   1.415035E+00   6.227716E-01   1.105638E+03   6.801804E-01
   1.421571E+00   5.996115E-01   1.101863E+03   6.807364E-01
   1.428137E+00   5.813038E-01   1.098910E+03   6.814401E-01
   1.434733E+00   5.861213E-01   1.097276E+03   6.806485E-01
   1.441360E+00   5.817231E-01   1.093454E+03   6.807542E-01
   1.448018E+00   5.794243E-01   1.088939E+03   6.811877E-01
   1.454706E+00   5.685287E-01   1.085128E+03   6.817572E-01
   1.461425E+00   5.733318E-01   1.083140E+03   6.809959E-01
   1.468175E+00   5.700807E-01   1.079879E+03   6.814435E-01
   1.474956E+00   5.873346E-01   1.078933E+03   6.806735E-01
   1.481769E+00   5.751507E-01   1.076730E+03   6.811329E-01
   1.488613E+00   5.527980E-01   1.073829E+03   6.812037E-01
   1.495489E+00   5.546226E-01   1.072144E+03   6.806441E-01
   1.502396E+00   5.605517E-01   1.069590E+03   6.805756E-01
   1.509336E+00   5.563770E-01   1.067035E+03   6.804682E-01
   1.516307E+00   5.669863E-01   1.065639E+03   6.795351E-01
   1.523311E+00   5.993025E-01   1.061752E+03   6.805819E-01
   1.530347E+00   5.512561E-01   1.058151E+03   6.812819E-01
   1.537415E+00   5.700368E-01   1.055383E+03   6.807104E-01
   1.544516E+00   5.621643E-01   1.053504E+03   6.798896E-01
   1.551650E+00   5.448608E-01   1.051333E+03   6.794494E-01
   1.558817E+00   5.453752E-01   1.047350E+03   6.802483E-01
   1.566017E+00   5.442420E-01   1.044340E+03   6.807788E-01
   1.573250E+00   6.029316E-01   1.043006E+03   6.807885E-01
   1.580517E+00   5.476787E-01   1.041117E+03   6.798236E-01
   1.587817E+00   5.516212E-01   1.037350E+03   6.804657E-01
   1.595151E+00   5.262294E-01   1.034239E+03   6.811670E-01
   1.602519E+00   5.213222E-01   1.033187E+03   6.804490E-01
   1.609921E+00   5.254568E-01   1.031564E+03   6.797761E-01
   1.617357E+00   5.269667E-01   1.029504E+03   6.797549E-01
   1.624827E+00   5.128146E-01   1.026077E+03   6.809097E-01
   1.632332E+00   5.146595E-01   1.024042E+03   6.807388E-01
   1.639872E+00   5.137795E-01   1.022510E+03   6.803968E-01
   1.647446E+00   5.535682E-01   1.020844E+03   6.799976E-01
   1.655055E+00   5.301895E-01   1.018756E+03   6.795897E-01
   1.662700E+00   5.426769E-01   1.016145E+03   6.800717E-01
   1.670380E+00   5.014842E-01   1.013529E+03   6.803586E-01
   1.678095E+00   5.177571E-01   1.010980E+03   6.798142E-01
   1.685846E+00   5.135757E-01   1.006977E+03   6.801023E-01
   1.693633E+00   4.929366E-01   1.002751E+03   6.810495E-01
   1.701455E+00   5.524533E-01   1.002110E+03   6.796459E-01
   1.709314E+00   4.830457E-01   9.969319E+02   6.811518E-01
   1.717209E+00   5.091233E-01   9.969779E+02   6.797633E-01
   1.725141E+00   4.968699E-01   9.946237E+02   6.804813E-01
   1.733109E+00   5.023498E-01   9.918925E+02   6.806915E-01
   1.741114E+00   5.126854E-01   9.908076E+02   6.797125E-01
   1.749156E+00   5.128074E-01   9.892421E+02   6.792108E-01
   1.757235E+00   4.833176E-01   9.858470E+02   6.796428E-01
   1.765352E+00   5.110181E-01   9.839510E+02   6.793315E-01
   1.773506E+00   5.040700E-01   9.813517E+02   6.793819E-01
   1.781697E+00   4.685176E-01   9.776860E+02   6.805228E-01
   1.789927E+00   4.737565E-01   9.752928E+02   6.801408E-01
   1.798194E+00   4.724884E-01   9.729996E+02   6.794897E-01
   1.806500E+00   4.975454E-01   9.714101E+02   6.787300E-01
   1.814844E+00   5.844341E-01   9.682914E+02   6.790284E-01
   1.823226E+00   4.810151E-01   9.645969E+02   6.799739E-01
   1.831647E+00   4.870360E-01   9.630978E+02   6.802537E-01
   1.840108E+00   4.805408E-01   9.616327E+02   6.794561E-01
   1.848607E+00   4.610463E-01   9.580153E+02   6.799032E-01
   1.857145E+00   4.664524E-01   9.554356E+02   6.803375E-01
   1.865723E+00   4.846896E-01   9.545133E+02   6.795666E-01
   1.874341E+00   4.822870E-01   9.532716E+02   6.788818E-01
   1.882998E+00   4.776155E-01   9.509887E+02   6.789622E-01
   1.891696E+00   4.758515E-01   9.488238E+02   6.792357E-01
   1.900433E+00   4.599922E-01   9.460536E+02   6.799105E-01
   1.909211E+00   4.508139E-01   9.445342E+02   6.795457E-01
   1.918029E+00   4.546599E-01   9.429466E+02   6.793172E-01
   1.926888E+00   4.917324E-01   9.407077E+02   6.791634E-01
   1.935788E+00   4.488805E-01   9.385094E+02   6.793317E-01
   1.944730E+00   4.390469E-01   9.359571E+02   6.798390E-01
   1.953712E+00   4.962013E-01   9.342190E+02   6.790516E-01
   1.962736E+00   4.486162E-01   9.304358E+02   6.793311E-01
   1.971802E+00   4.401611E-01   9.262275E+02   6.803005E-01
   1.980909E+00   4.494497E-01   9.248689E+02   6.795826E-01
   1.990059E+00   4.317237E-01   9.211774E+02   6.800907E-01
   1.999251E+00   4.508975E-01   9.200264E+02   6.794280E-01
   2.008485E+00   4.523019E-01   9.183734E+02   6.796643E-01
   2.017762E+00   4.318162E-01   9.160548E+02   6.799799E-01
   2.027082E+00   4.464824E-01   9.143425E+02   6.795200E-01
   2.036445E+00   4.538234E-01   9.131565E+02   6.789152E-01
   2.045851E+00   4.457266E-01   9.099732E+02   6.792335E-01
   2.055300E+00   4.775214E-01   9.079116E+02   6.790841E-01
   2.064793E+00   4.801481E-01   9.062562E+02   6.785453E-01
   2.074330E+00   4.709216E-01   9.026106E+02   6.798063E-01
   2.083911E+00   4.792076E-01   9.002102E+02   6.797589E-01
   2.093537E+00   5.165076E-01   8.981410E+02   6.788887E-01
   2.103207E+00   4.903664E-01   8.961579E+02   6.784942E-01
   2.112921E+00   5.092376E-01   8.934308E+02   6.786352E-01
   2.122680E+00   4.802125E-01   8.901204E+02   6.794714E-01
   2.132485E+00   5.183620E-01   8.880907E+02   6.800045E-01
   2.142334E+00   5.003991E-01   8.872996E+02   6.791058E-01
   2.152230E+00   5.143887E-01   8.838233E+02   6.795743E-01
   2.162170E+00   5.158597E-01   8.810624E+02   6.801950E-01
   2.172157E+00   5.067130E-01   8.799724E+02   6.796549E-01
   2.182190E+00   5.338826E-01   8.788658E+02   6.788752E-01
   2.192269E+00   5.493593E-01   8.770980E+02   6.787231E-01
   2.202395E+00   5.410993E-01   8.745650E+02   6.792321E-01
   2.212568E+00   5.181219E-01   8.717391E+02   6.800060E-01
   2.222787E+00   5.442764E-01   8.707343E+02   6.793387E-01
   2.233054E+00   5.473871E-01   8.689467E+02   6.793675E-01
   2.243368E+00   5.578590E-01   8.668820E+02   6.792153E-01
   2.253730E+00   5.602082E-01   8.647663E+02   6.794639E-01
   2.264140E+00   5.613188E-01   8.623765E+02   6.798968E-01
   2.274598E+00   5.709150E-01   8.604965E+02   6.792232E-01
   2.285104E+00   5.967557E-01   8.569328E+02   6.794424E-01
   2.295658E+00   5.695251E-01   8.529842E+02   6.804835E-01
   2.306262E+00   6.020700E-01   8.519886E+02   6.796597E-01
   2.316914E+00   5.866094E-01   8.482271E+02   6.805209E-01
   2.327616E+00   5.794360E-01   8.475147E+02   6.797331E-01
   2.338367E+00   6.069358E-01   8.455951E+02   6.801267E-01
   2.349167E+00   6.097923E-01   8.434335E+02   6.802530E-01
   2.360018E+00   6.173595E-01   8.418355E+02   6.799127E-01
   2.370918E+00   6.577267E-01   8.407341E+02   6.791165E-01
   2.381869E+00   6.353767E-01   8.380690E+02   6.794736E-01
   2.392871E+00   6.550934E-01   8.361687E+02   6.793577E-01
   2.403923E+00   6.512701E-01   8.341488E+02   6.790983E-01
   2.415027E+00   6.244701E-01   8.306447E+02   6.803626E-01
   2.426181E+00   6.497465E-01   8.283972E+02   6.799832E-01
   2.437388E+00   6.690350E-01   8.262253E+02   6.793656E-01
   2.448646E+00   6.922849E-01   8.247869E+02   6.787715E-01
   2.459956E+00   7.078751E-01   8.220787E+02   6.791341E-01
   2.471318E+00   6.631368E-01   8.190285E+02   6.800562E-01
   2.482733E+00   7.251272E-01   8.175095E+02   6.802941E-01
   2.494200E+00   6.808610E-01   8.162419E+02   6.797532E-01
   2.505720E+00   7.193190E-01   8.133574E+02   6.801687E-01
   2.517294E+00   7.317575E-01   8.109740E+02   6.805900E-01
   2.528921E+00   7.323188E-01   8.099378E+02   6.800410E-01
   2.540602E+00   7.156153E-01   8.084034E+02   6.795540E-01
   2.552337E+00   7.640875E-01   8.068493E+02   6.794175E-01
   2.564126E+00   7.625022E-01   8.044414E+02   6.798794E-01
   2.575969E+00   7.425523E-01   8.019185E+02   6.804304E-01
   2.587867E+00   7.663050E-01   8.008059E+02   6.799857E-01
   2.599820E+00   7.692405E-01   7.990641E+02   6.800595E-01
   2.611828E+00   7.815642E-01   7.975113E+02   6.796329E-01
   2.623892E+00   8.502668E-01   7.954795E+02   6.800834E-01
   2.636011E+00   7.739458E-01   7.930508E+02   6.805008E-01
   2.648187E+00   7.936364E-01   7.910392E+02   6.797632E-01
   2.660419E+00   8.302876E-01   7.877143E+02   6.800223E-01
   2.672707E+00   8.020549E-01   7.843003E+02   6.811636E-01
   2.685052E+00   8.785533E-01   7.837450E+02   6.799272E-01
   2.697454E+00   8.063380E-01   7.797743E+02   6.814788E-01
   2.709913E+00   8.609652E-01   7.801059E+02   6.800354E-01
   2.722429E+00   8.546935E-01   7.775845E+02   6.807495E-01
   2.735004E+00   8.500901E-01   7.752836E+02   6.811251E-01
   2.747637E+00   9.143519E-01   7.744692E+02   6.802219E-01
   2.760328E+00   9.084365E-01   7.727567E+02   6.799808E-01
   2.773077E+00   9.153696E-01   7.707158E+02   6.803311E-01
   2.785886E+00   9.304889E-01   7.693401E+02   6.796159E-01
   2.798753E+00   9.398681E-01   7.663660E+02   6.801396E-01
   2.811681E+00   9.125502E-01   7.629974E+02   6.811283E-01
   2.824667E+00   9.305902E-01   7.608328E+02   6.806148E-01
   2.837714E+00   9.589469E-01   7.594038E+02   6.798436E-01
   2.850821E+00   9.392601E-01   7.578220E+02   6.794744E-01
   2.863989E+00   9.360294E-01   7.548346E+02   6.803401E-01
   2.877217E+00   9.597004E-01   7.528994E+02   6.808218E-01
   2.890507E+00   9.610086E-01   7.514757E+02   6.810087E-01
   2.903858E+00   1.026334E+00   7.503387E+02   6.801962E-01
   2.917270E+00   1.022758E+00   7.476296E+02   6.807371E-01
   2.930745E+00   1.009349E+00   7.450521E+02   6.815814E-01
   2.944281E+00   9.826176E-01   7.441724E+02   6.810421E-01
   2.957881E+00   9.950424E-01   7.426660E+02   6.806636E-01
   2.971543E+00   1.034616E+00   7.410133E+02   6.804425E-01
   2.985268E+00   1.021001E+00   7.377262E+02   6.816657E-01
   2.999057E+00   1.061767E+00   7.364977E+02   6.813094E-01
   3.012909E+00   1.051805E+00   7.350838E+02   6.811052E-01
   3.026825E+00   1.086730E+00   7.339956E+02   6.808166E-01
   3.040806E+00   1.102435E+00   7.320901E+02   6.810077E-01
   3.054851E+00   1.086326E+00   7.297115E+02   6.817629E-01
   3.068961E+00   1.081916E+00   7.278553E+02   6.812543E-01
   3.083136E+00   1.111756E+00   7.253116E+02   6.809527E-01
   3.097376E+00   1.231263E+00   7.224771E+02   6.813656E-01
   3.111683E+00   1.203111E+00   7.200838E+02   6.821589E-01
   3.126055E+00   1.170936E+00   7.183566E+02   6.818660E-01
   3.140494E+00   1.142261E+00   7.164773E+02   6.823692E-01
   3.155000E+00   1.209357E+00   7.155700E+02   6.817187E-01
   3.169572E+00   1.147959E+00   7.132449E+02   6.822824E-01
   3.184212E+00   1.218734E+00   7.119951E+02   6.818813E-01
   3.198920E+00   1.193571E+00   7.108569E+02   6.815528E-01
   3.213695E+00   1.244706E+00   7.088207E+02   6.818218E-01
   3.228539E+00   1.239319E+00   7.068930E+02   6.818399E-01
   3.243451E+00   1.266494E+00   7.053780E+02   6.809410E-01
   3.258432E+00   1.245195E+00   7.016849E+02   6.820973E-01
   3.273482E+00   1.263365E+00   6.991540E+02   6.823132E-01
   3.288602E+00   1.353596E+00   6.978305E+02   6.813782E-01
   3.303792E+00   1.327550E+00   6.964668E+02   6.810238E-01
   3.319052E+00   1.312887E+00   6.942680E+02   6.814758E-01
   3.334382E+00   1.314526E+00   6.919424E+02   6.822545E-01
   3.349783E+00   1.375815E+00   6.902535E+02   6.826787E-01
   3.365255E+00   1.342462E+00   6.892287E+02   6.821100E-01
   3.380799E+00   1.381767E+00   6.867456E+02   6.825909E-01
   3.396414E+00   1.370381E+00   6.845663E+02   6.831920E-01
   3.412102E+00   1.401667E+00   6.834548E+02   6.830117E-01
   3.427862E+00   1.396988E+00   6.823271E+02   6.823986E-01
   3.443695E+00   1.468532E+00   6.805914E+02   6.820851E-01
   3.459601E+00   1.446647E+00   6.782570E+02   6.824185E-01
   3.475580E+00   1.439638E+00   6.760683E+02   6.830687E-01
   3.491634E+00   1.471709E+00   6.752380E+02   6.825486E-01
   3.507761E+00   1.541281E+00   6.734766E+02   6.830174E-01
   3.523963E+00   1.546358E+00   6.724375E+02   6.824800E-01
   3.540240E+00   1.619555E+00   6.701355E+02   6.829988E-01
   3.556592E+00   1.511855E+00   6.677399E+02   6.833313E-01
   3.573019E+00   1.601286E+00   6.660423E+02   6.824906E-01
   3.589523E+00   1.565807E+00   6.632868E+02   6.831335E-01
   3.606102E+00   1.556515E+00   6.606478E+02   6.843008E-01
   3.622758E+00   1.652025E+00   6.600623E+02   6.834143E-01
   3.639491E+00   1.605127E+00   6.572700E+02   6.846007E-01
   3.656302E+00   1.722121E+00   6.570985E+02   6.831369E-01
   3.673190E+00   1.701423E+00   6.546292E+02   6.839848E-01
   3.690156E+00   1.667701E+00   6.529335E+02   6.841855E-01
   3.707200E+00   1.702541E+00   6.520509E+02   6.839562E-01
   3.724323E+00   1.722159E+00   6.503495E+02   6.839865E-01
   3.741525E+00   1.732755E+00   6.483062E+02   6.840676E-01
   3.758807E+00   1.772144E+00   6.467707E+02   6.830327E-01
   3.776169E+00   1.790645E+00   6.434762E+02   6.835009E-01
   3.793610E+00   1.765662E+00   6.406312E+02   6.843263E-01
   3.811132E+00   1.900590E+00   6.396101E+02   6.836482E-01
   3.828736E+00   1.882934E+00   6.383999E+02   6.834319E-01
   3.846420E+00   1.902790E+00   6.366095E+02   6.836436E-01
   3.864186E+00   1.891414E+00   6.342243E+02   6.844928E-01
   3.882034E+00   1.978358E+00   6.325906E+02   6.847096E-01
   3.899965E+00   1.890966E+00   6.314883E+02   6.844587E-01
   3.917978E+00   1.985151E+00   6.295007E+02   6.847373E-01
   3.936075E+00   1.914318E+00   6.271669E+02   6.857574E-01
   3.954255E+00   1.982744E+00   6.259160E+02   6.856144E-01
   3.972520E+00   2.008625E+00   6.248978E+02   6.848830E-01
   3.990868E+00   2.086669E+00   6.231506E+02   6.846430E-01
   4.009301E+00   2.061614E+00   6.209597E+02   6.849992E-01
   4.027820E+00   2.073235E+00   6.188489E+02   6.856374E-01
   4.046424E+00   2.124692E+00   6.179594E+02   6.852328E-01
   4.065114E+00   2.133017E+00   6.160859E+02   6.857055E-01
   4.083890E+00   2.223018E+00   6.147428E+02   6.852506E-01
   4.102753E+00   2.176730E+00   6.124159E+02   6.859276E-01
   4.121703E+00   2.133396E+00   6.104795E+02   6.861149E-01
   4.140741E+00   2.247291E+00   6.090032E+02   6.853944E-01
   4.159866E+00   2.301797E+00   6.067561E+02   6.861353E-01
   4.179080E+00   2.273313E+00   6.045262E+02   6.873537E-01
   4.198383E+00   2.345042E+00   6.035379E+02   6.866727E-01
   4.217775E+00   2.290630E+00   6.013543E+02   6.874950E-01
   4.237256E+00   2.398580E+00   6.006430E+02   6.865332E-01
   4.256828E+00   2.340414E+00   5.982886E+02   6.875073E-01
   4.276489E+00   2.428478E+00   5.972012E+02   6.871710E-01
   4.296242E+00   2.471831E+00   5.959645E+02   6.869368E-01
   4.316086E+00   2.441860E+00   5.937190E+02   6.871563E-01
   4.336021E+00   2.532914E+00   5.917217E+02   6.869880E-01
   4.356049E+00   2.597017E+00   5.901817E+02   6.858236E-01
   4.376169E+00   2.466542E+00   5.866318E+02   6.872011E-01
   4.396382E+00   2.508118E+00   5.849026E+02   6.876989E-01
   4.416688E+00   2.655542E+00   5.841981E+02   6.871464E-01
   4.437088E+00   2.664043E+00   5.829842E+02   6.870521E-01
   4.457583E+00   2.693616E+00   5.808193E+02   6.875980E-01
   4.478172E+00   2.720765E+00   5.789746E+02   6.879058E-01
   4.498856E+00   2.691419E+00   5.773583E+02   6.883346E-01
   4.519635E+00   2.798956E+00   5.762213E+02   6.879531E-01
   4.540511E+00   2.806254E+00   5.740591E+02   6.888010E-01
   4.561483E+00   2.794571E+00   5.720672E+02   6.895383E-01
   4.582552E+00   2.873719E+00   5.709407E+02   6.890341E-01
   4.603718E+00   2.887205E+00   5.693072E+02   6.887188E-01
   4.624982E+00   3.019575E+00   5.676834E+02   6.884738E-01
   4.646345E+00   2.855681E+00   5.649443E+02   6.897858E-01
   4.667805E+00   2.995721E+00   5.638015E+02   6.895815E-01
   4.689365E+00   3.047273E+00   5.623764E+02   6.893843E-01
   4.711025E+00   3.051965E+00   5.604695E+02   6.896947E-01
   4.732785E+00   3.141605E+00   5.588785E+02   6.895317E-01
   4.754645E+00   3.113257E+00   5.568405E+02   6.903658E-01
   4.776606E+00   3.157371E+00   5.557601E+02   6.900553E-01
   4.798668E+00   3.219072E+00   5.539481E+02   6.905752E-01
   4.820833E+00   3.181483E+00   5.516453E+02   6.920035E-01
   4.843100E+00   3.335066E+00   5.506706E+02   6.916173E-01
   4.865469E+00   3.238179E+00   5.484990E+02   6.922360E-01
   4.887942E+00   3.476990E+00   5.476217E+02   6.911974E-01
   4.910519E+00   3.433355E+00   5.452389E+02   6.919833E-01
   4.933200E+00   3.430288E+00   5.436259E+02   6.921514E-01
   4.955986E+00   3.531183E+00   5.423858E+02   6.916611E-01
   4.978877E+00   3.590667E+00   5.403378E+02   6.917861E-01
   5.001874E+00   3.584966E+00   5.382592E+02   6.920157E-01
   5.024977E+00   3.671974E+00   5.369296E+02   6.911970E-01
   5.048187E+00   3.637125E+00   5.343326E+02   6.920551E-01
   5.071504E+00   3.679176E+00   5.324738E+02   6.930004E-01
   5.094928E+00   3.743972E+00   5.316152E+02   6.924876E-01
   5.118461E+00   3.886995E+00   5.301345E+02   6.923694E-01
   5.142103E+00   3.883296E+00   5.279329E+02   6.932526E-01
   5.165854E+00   3.927166E+00   5.263066E+02   6.936334E-01
   5.189714E+00   3.916314E+00   5.249400E+02   6.937944E-01
   5.213685E+00   4.017395E+00   5.234106E+02   6.938399E-01
   5.237766E+00   4.048976E+00   5.211315E+02   6.947131E-01
   5.261959E+00   4.106474E+00   5.192623E+02   6.950971E-01
   5.286263E+00   4.186214E+00   5.179019E+02   6.946822E-01
   5.310680E+00   4.220967E+00   5.161831E+02   6.945464E-01
   5.335209E+00   4.276701E+00   5.141691E+02   6.948993E-01
   5.359852E+00   4.279032E+00   5.121272E+02   6.958478E-01
   5.384608E+00   4.349169E+00   5.107715E+02   6.956704E-01
   5.409479E+00   4.415370E+00   5.091275E+02   6.956842E-01
   5.434465E+00   4.498156E+00   5.072277E+02   6.963447E-01
   5.459566E+00   4.512506E+00   5.059931E+02   6.968341E-01
   5.484783E+00   4.541830E+00   5.045319E+02   6.974710E-01
   5.510116E+00   4.790290E+00   5.032761E+02   6.969854E-01
   5.535567E+00   4.717529E+00   5.010154E+02   6.980283E-01
   5.561135E+00   4.732333E+00   4.990037E+02   6.988298E-01
   5.586821E+00   4.764428E+00   4.971910E+02   6.990464E-01
   5.612626E+00   5.051047E+00   4.960585E+02   6.984541E-01
   5.638550E+00   5.025677E+00   4.939438E+02   6.989243E-01
   5.664594E+00   4.946968E+00   4.918216E+02   6.997114E-01
   5.690758E+00   5.120865E+00   4.904585E+02   6.992762E-01
   5.717043E+00   5.216152E+00   4.887293E+02   6.992704E-01
   5.743449E+00   5.239549E+00   4.868209E+02   6.998017E-01
   5.769977E+00   5.299920E+00   4.853753E+02   6.997927E-01
   5.796628E+00   5.398965E+00   4.833981E+02   7.001740E-01
   5.823402E+00   5.463388E+00   4.813646E+02   7.010145E-01
   5.850300E+00   5.521846E+00   4.801540E+02   7.006100E-01
   5.877322E+00   5.689969E+00   4.784542E+02   7.006982E-01
   5.904468E+00   5.665066E+00   4.762881E+02   7.020412E-01
   5.931740E+00   5.809352E+00   4.748797E+02   7.022567E-01
   5.959138E+00   5.843212E+00   4.731887E+02   7.024839E-01
   5.986663E+00   6.011501E+00   4.711638E+02   7.025814E-01
   6.014314E+00   5.909412E+00   4.685280E+02   7.037031E-01
   6.042094E+00   6.092420E+00   4.668332E+02   7.038746E-01
   6.070001E+00   6.168720E+00   4.653155E+02   7.038160E-01
   6.098038E+00   6.423644E+00   4.638549E+02   7.035932E-01
   6.126204E+00   6.302952E+00   4.614063E+02   7.051951E-01
   6.154500E+00   6.418637E+00   4.599100E+02   7.056378E-01
   6.182927E+00   6.605742E+00   4.586578E+02   7.057041E-01
   6.211485E+00   6.671643E+00   4.568197E+02   7.065269E-01
   6.240175E+00   6.742472E+00   4.550846E+02   7.073059E-01
   6.268998E+00   6.749880E+00   4.531381E+02   7.080125E-01
   6.297954E+00   7.057607E+00   4.515054E+02   7.077953E-01
   6.327043E+00   7.084111E+00   4.492385E+02   7.085331E-01
   6.356267E+00   7.103805E+00   4.471160E+02   7.094086E-01
   6.385626E+00   7.152001E+00   4.453123E+02   7.102014E-01
   6.415120E+00   7.414483E+00   4.440593E+02   7.098119E-01
   6.444751E+00   7.456614E+00   4.418268E+02   7.106694E-01
   6.474518E+00   7.567566E+00   4.400880E+02   7.112148E-01
   6.504423E+00   7.694833E+00   4.384193E+02   7.114799E-01
   6.534467E+00   7.912252E+00   4.367255E+02   7.115644E-01
   6.564648E+00   7.927699E+00   4.345504E+02   7.123348E-01
   6.594970E+00   8.115829E+00   4.327050E+02   7.125171E-01
   6.625431E+00   8.262212E+00   4.307975E+02   7.131342E-01
   6.656033E+00   8.307086E+00   4.289229E+02   7.137775E-01
   6.686777E+00   8.524014E+00   4.271170E+02   7.139380E-01
   6.717662E+00   8.599324E+00   4.246980E+02   7.151718E-01
   6.748690E+00   8.744959E+00   4.227632E+02   7.157366E-01
   6.779861E+00   8.848285E+00   4.208623E+02   7.160242E-01
   6.811177E+00   9.093885E+00   4.187045E+02   7.164916E-01
   6.842637E+00   9.146656E+00   4.163453E+02   7.176615E-01
   6.874242E+00   9.379816E+00   4.144677E+02   7.182801E-01
   6.905993E+00   9.485053E+00   4.125349E+02   7.189826E-01
   6.937891E+00   9.714638E+00   4.106935E+02   7.192429E-01
   6.969936E+00   9.740755E+00   4.082861E+02   7.208221E-01
   7.002130E+00   1.001464E+01   4.065316E+02   7.214537E-01
   7.034472E+00   1.016888E+01   4.046189E+02   7.220914E-01
   7.066963E+00   1.034311E+01   4.024885E+02   7.230644E-01
   7.099605E+00   1.039220E+01   4.001848E+02   7.242871E-01
   7.132397E+00   1.079707E+01   3.981629E+02   7.247186E-01
   7.165340E+00   1.093235E+01   3.957586E+02   7.256471E-01
   7.198436E+00   1.103122E+01   3.934975E+02   7.268280E-01
   7.231685E+00   1.123647E+01   3.914882E+02   7.279182E-01
   7.265087E+00   1.158694E+01   3.896478E+02   7.283580E-01
   7.298644E+00   1.167879E+01   3.872634E+02   7.295711E-01
   7.332355E+00   1.190098E+01   3.851264E+02   7.304055E-01
   7.366222E+00   1.223851E+01   3.830946E+02   7.309085E-01
   7.400246E+00   1.239935E+01   3.807555E+02   7.318453E-01
   7.434427E+00   1.259626E+01   3.783311E+02   7.330556E-01
   7.468766E+00   1.288955E+01   3.761525E+02   7.338753E-01
   7.503263E+00   1.307604E+01   3.737336E+02   7.348452E-01
   7.537920E+00   1.343397E+01   3.712187E+02   7.357910E-01
   7.572736E+00   1.366517E+01   3.685456E+02   7.369009E-01
   7.607714E+00   1.388470E+01   3.659664E+02   7.381739E-01
   7.642853E+00   1.418422E+01   3.634853E+02   7.391452E-01
   7.678154E+00   1.456575E+01   3.608619E+02   7.404416E-01
   7.713619E+00   1.477432E+01   3.581910E+02   7.420272E-01
   7.749247E+00   1.507114E+01   3.556820E+02   7.431929E-01
   7.785040E+00   1.544417E+01   3.529829E+02   7.443717E-01
   7.820998E+00   1.573654E+01   3.501280E+02   7.461533E-01
   7.857122E+00   1.607099E+01   3.475040E+02   7.475170E-01
   7.893413E+00   1.644122E+01   3.447406E+02   7.491147E-01
   7.929872E+00   1.675906E+01   3.418303E+02   7.508889E-01
   7.966499E+00   1.728322E+01   3.390590E+02   7.522985E-01
   8.003295E+00   1.752982E+01   3.360429E+02   7.542835E-01
   8.040262E+00   1.796071E+01   3.332080E+02   7.560547E-01
   8.077399E+00   1.844639E+01   3.302412E+02   7.578567E-01
   8.114707E+00   1.883417E+01   3.272031E+02   7.597838E-01
   8.152188E+00   1.931349E+01   3.241577E+02   7.615701E-01
   8.189842E+00   1.977709E+01   3.209661E+02   7.634629E-01
   8.227670E+00   2.031273E+01   3.176584E+02   7.653463E-01
   8.265672E+00   2.078063E+01   3.142343E+02   7.674206E-01
   8.303850E+00   2.128186E+01   3.107138E+02   7.695717E-01
   8.342205E+00   2.192150E+01   3.071006E+02   7.716659E-01
   8.380737E+00   2.246449E+01   3.033139E+02   7.739853E-01
   8.419446E+00   2.301697E+01   2.994507E+02   7.763747E-01
   8.458335E+00   2.372917E+01   2.955468E+02   7.787385E-01
   8.497403E+00   2.428943E+01   2.914345E+02   7.815200E-01
   8.536651E+00   2.497524E+01   2.873130E+02   7.843761E-01
   8.576081E+00   2.573644E+01   2.830620E+02   7.872195E-01
   8.615693E+00   2.641189E+01   2.786023E+02   7.904959E-01
   8.655487E+00   2.723331E+01   2.741672E+02   7.937200E-01
   8.695466E+00   2.808050E+01   2.695272E+02   7.969826E-01
   8.735629E+00   2.890600E+01   2.646469E+02   8.007407E-01
   8.775978E+00   2.983913E+01   2.596522E+02   8.044713E-01
   8.816513E+00   3.079600E+01   2.543700E+02   8.084611E-01
   8.857236E+00   3.176573E+01   2.488945E+02   8.127235E-01
   8.898146E+00   3.286523E+01   2.432250E+02   8.170698E-01
   8.939246E+00   3.395152E+01   2.372035E+02   8.217678E-01
   8.980535E+00   3.516577E+01   2.309203E+02   8.266219E-01
   9.022015E+00   3.640256E+01   2.242602E+02   8.317420E-01
   9.063686E+00   3.772150E+01   2.172263E+02   8.372274E-01
   9.105550E+00   3.912464E+01   2.097949E+02   8.430759E-01
   9.147608E+00   4.061201E+01   2.019234E+02   8.493107E-01
   9.189860E+00   4.220321E+01   1.935869E+02   8.560004E-01
   9.232306E+00   4.389501E+01   1.846889E+02   8.631687E-01
   9.274949E+00   4.571527E+01   1.751345E+02   8.708449E-01
   9.317789E+00   4.765315E+01   1.648366E+02   8.790905E-01
   9.360827E+00   4.974019E+01   1.536930E+02   8.879219E-01
   9.404063E+00   5.196740E+01   1.415866E+02   8.974052E-01
   9.447500E+00   5.437516E+01   1.283640E+02   9.075420E-01
   9.491136E+00   5.696694E+01   1.138162E+02   9.183729E-01
   9.534975E+00   5.976592E+01   9.763182E+01   9.297957E-01
   9.579016E+00   6.279878E+01   7.936402E+01   9.415603E-01
   9.623260E+00   6.611059E+01   5.863700E+01   9.531095E-01
   9.667709E+00   6.982324E+01   3.630829E+01   9.630194E-01
   9.712362E+00   7.423598E+01   1.986564E+01   9.674580E-01
   9.757223E+00   7.998567E+01   2.514543E+01   9.610575E-01
   9.802290E+00   8.851650E+01   4.663233E+01   9.405011E-01
   9.847566E+00   1.036835E+02   7.091374E+01   9.067405E-01
   9.893050E+00   1.362045E+02   9.322448E+01   8.631500E-01
   9.938745E+00   1.868731E+02   1.066342E+02   8.268113E-01
   9.984651E+00   2.256259E+02   1.133352E+02   8.065018E-01
   1.003077E+01   2.516679E+02   1.182737E+02   7.930271E-01
   1.007710E+01   2.705240E+02   1.225854E+02   7.823928E-01
   1.012364E+01   2.852070E+02   1.266329E+02   7.730240E-01
   1.017040E+01   2.970398E+02   1.305696E+02   7.642162E-01
   1.021738E+01   3.066381E+02   1.345531E+02   7.554315E-01
   1.026457E+01   3.142155E+02   1.388625E+02   7.459591E-01
   1.031198E+01   3.195939E+02   1.441006E+02   7.344610E-01
   1.035961E+01   3.223432E+02   1.519713E+02   7.174399E-01
   1.040746E+01   3.220698E+02   1.674908E+02   6.853410E-01
   1.045553E+01   3.230772E+02   1.968491E+02   6.312950E-01
   1.050383E+01   4.041767E+02   2.389824E+02   5.814821E-01
   1.055234E+01   6.240418E+02   2.984502E+02   5.396450E-01
   1.060108E+01   6.624874E+02   3.003705E+02   5.369452E-01
   1.065005E+01   4.804828E+02   2.190066E+02   6.395190E-01
   1.069924E+01   4.031119E+02   1.617510E+02   7.254304E-01
   1.074866E+01   3.932068E+02   1.514088E+02   7.270485E-01
   1.079830E+01   4.104570E+02   1.736628E+02   6.782617E-01
   1.084818E+01   4.767576E+02   2.219136E+02   6.062561E-01
   1.089829E+01   6.488587E+02   3.006015E+02   5.344018E-01
   1.094862E+01   7.273326E+02   3.488624E+02   4.942491E-01
   1.099920E+01   6.245870E+02   3.076485E+02   5.198351E-01
   1.105000E+01   5.652796E+02   2.712089E+02   5.576461E-01
   1.110104E+01   5.479302E+02   2.579640E+02   5.732746E-01
   1.115231E+01   5.434970E+02   2.547736E+02   5.765031E-01
   1.120382E+01   5.439153E+02   2.565029E+02   5.733979E-01
   1.125557E+01   5.463361E+02   2.614799E+02   5.661680E-01
   1.130756E+01   5.490448E+02   2.692147E+02   5.555394E-01
   1.135979E+01   5.501185E+02   2.797490E+02   5.415298E-01
   1.141226E+01   5.465440E+02   2.932939E+02   5.238282E-01
   1.146497E+01   5.321828E+02   3.099436E+02   5.018445E-01
   1.151793E+01   4.950562E+02   3.275147E+02   4.762902E-01
   1.157112E+01   4.310448E+02   3.371725E+02   4.545590E-01
   1.162457E+01   3.698472E+02   3.338340E+02   4.477203E-01
   1.167826E+01   3.289325E+02   3.266806E+02   4.618786E-01
   1.173220E+01   2.960152E+02   3.249438E+02   4.882494E-01
   1.178639E+01   2.665695E+02   3.257590E+02   5.147052E-01
   1.184083E+01   2.438347E+02   3.233790E+02   5.411775E-01
   1.189552E+01   2.331275E+02   3.121386E+02   5.714787E-01
   1.195047E+01   2.458060E+02   2.834411E+02   6.104836E-01
   1.200567E+01   3.040241E+02   2.468119E+02   6.318600E-01
   1.206112E+01   3.263401E+02   2.692919E+02   5.775852E-01
   1.211683E+01   2.601524E+02   3.074865E+02   5.474809E-01
   1.217279E+01   1.995228E+02   3.366830E+02   5.459453E-01
   1.222902E+01   1.636453E+02   3.511846E+02   5.512956E-01
   1.228550E+01   1.420245E+02   3.576830E+02   5.584852E-01
   1.234225E+01   1.271524E+02   3.598009E+02   5.664750E-01
   1.239926E+01   1.161835E+02   3.604039E+02   5.736891E-01
   1.245653E+01   1.075278E+02   3.603713E+02   5.792026E-01
   1.251406E+01   1.001307E+02   3.596442E+02   5.839819E-01
   1.257186E+01   9.392208E+01   3.583430E+02   5.888629E-01
   1.262993E+01   8.870598E+01   3.564519E+02   5.938062E-01
   1.268827E+01   8.390171E+01   3.539649E+02   5.986973E-01
   1.274687E+01   7.950904E+01   3.513807E+02   6.034814E-01
   1.280575E+01   7.561068E+01   3.489087E+02   6.081406E-01
   1.286490E+01   7.233212E+01   3.465850E+02   6.127541E-01
   1.292432E+01   6.971263E+01   3.442695E+02   6.169474E-01
   1.298401E+01   6.725032E+01   3.417388E+02   6.205685E-01
   1.304398E+01   6.461620E+01   3.389277E+02   6.242294E-01
   1.310423E+01   6.227069E+01   3.361308E+02   6.282157E-01
   1.316476E+01   6.049379E+01   3.335280E+02   6.320894E-01
   1.322557E+01   5.909790E+01   3.310477E+02   6.355766E-01
   1.328665E+01   5.781453E+01   3.285443E+02   6.386531E-01
   1.334802E+01   5.641175E+01   3.257803E+02   6.414476E-01
   1.340968E+01   5.484131E+01   3.226179E+02   6.443599E-01
   1.347161E+01   5.346156E+01   3.193438E+02   6.476001E-01
   1.353384E+01   5.232397E+01   3.160803E+02   6.509433E-01
   1.359635E+01   5.135632E+01   3.128112E+02   6.545128E-01
   1.365915E+01   5.061156E+01   3.095617E+02   6.581766E-01
   1.372224E+01   5.004893E+01   3.063819E+02   6.615364E-01
   1.378562E+01   4.949384E+01   3.032211E+02   6.646750E-01
   1.384929E+01   4.894519E+01   2.999684E+02   6.679361E-01
   1.391326E+01   4.850567E+01   2.966227E+02   6.713605E-01
   1.397753E+01   4.810206E+01   2.932015E+02   6.748998E-01
   1.404209E+01   4.781471E+01   2.897731E+02   6.784662E-01
   1.410694E+01   4.764281E+01   2.863545E+02   6.819207E-01
   1.417210E+01   4.756231E+01   2.829248E+02   6.852887E-01
   1.423756E+01   4.749943E+01   2.794570E+02   6.886971E-01
   1.430332E+01   4.751152E+01   2.758940E+02   6.922128E-01
   1.436939E+01   4.754620E+01   2.721560E+02   6.958852E-01
   1.443576E+01   4.765695E+01   2.682226E+02   6.997802E-01
   1.450244E+01   4.790552E+01   2.641544E+02   7.037896E-01
   1.456942E+01   4.826771E+01   2.600381E+02   7.077785E-01
   1.463672E+01   4.870391E+01   2.558657E+02   7.117707E-01
   1.470432E+01   4.918723E+01   2.515822E+02   7.158353E-01
   1.477224E+01   4.972283E+01   2.471543E+02   7.201026E-01
   1.484047E+01   5.035397E+01   2.425882E+02   7.245879E-01
   1.490902E+01   5.106881E+01   2.378714E+02   7.292838E-01
   1.497788E+01   5.185735E+01   2.330121E+02   7.341665E-01
   1.504706E+01   5.275654E+01   2.280150E+02   7.392694E-01
   1.511656E+01   5.375452E+01   2.228514E+02   7.446311E-01
   1.518638E+01   5.487377E+01   2.174800E+02   7.502672E-01
   1.525653E+01   5.611885E+01   2.118536E+02   7.561655E-01
   1.532699E+01   5.750253E+01   2.059877E+02   7.623544E-01
   1.539779E+01   5.905576E+01   1.998476E+02   7.688573E-01
   1.546891E+01   6.077408E+01   1.933734E+02   7.756488E-01
   1.554036E+01   6.266648E+01   1.865082E+02   7.827592E-01
   1.561214E+01   6.474433E+01   1.792170E+02   7.902120E-01
   1.568425E+01   6.703791E+01   1.714707E+02   7.981015E-01
   1.575669E+01   6.958582E+01   1.632408E+02   8.065406E-01
   1.582947E+01   7.244867E+01   1.544585E+02   8.155799E-01
   1.590258E+01   7.567792E+01   1.450708E+02   8.252162E-01
   1.597603E+01   7.935322E+01   1.349722E+02   8.354845E-01
   1.604983E+01   8.354706E+01   1.241162E+02   8.463136E-01
   1.612396E+01   8.841348E+01   1.123815E+02   8.576399E-01
   1.619843E+01   9.412140E+01   9.978330E+01   8.691927E-01
   1.627325E+01   1.009691E+02   8.642883E+01   8.805116E-01
   1.634841E+01   1.094043E+02   7.284918E+01   8.905913E-01
   1.642393E+01   1.201250E+02   6.049689E+01   8.974604E-01
   1.649979E+01   1.341411E+02   5.222795E+01   8.978748E-01
   1.657600E+01   1.521437E+02   5.095731E+01   8.887879E-01
   1.665256E+01   1.729628E+02   5.579279E+01   8.715412E-01
   1.672948E+01   1.937601E+02   6.299339E+01   8.514898E-01
   1.680675E+01   2.124837E+02   7.013895E+01   8.326080E-01
   1.688438E+01   2.285501E+02   7.647912E+01   8.162144E-01
   1.696236E+01   2.425247E+02   8.209378E+01   8.019197E-01
   1.704071E+01   2.547978E+02   8.709762E+01   7.893620E-01
   1.711942E+01   2.657613E+02   9.163648E+01   7.781412E-01
   1.719849E+01   2.756833E+02   9.581794E+01   7.679609E-01
   1.727793E+01   2.847922E+02   9.974086E+01   7.585595E-01
   1.735773E+01   2.932271E+02   1.034767E+02   7.497647E-01
   1.743791E+01   3.010420E+02   1.070668E+02   7.414784E-01
   1.751845E+01   3.083337E+02   1.105826E+02   7.335500E-01
   1.759936E+01   3.150469E+02   1.140379E+02   7.259617E-01
   1.768065E+01   3.211524E+02   1.174957E+02   7.186333E-01
   1.776232E+01   3.264824E+02   1.209463E+02   7.115985E-01
   1.784436E+01   3.307024E+02   1.244431E+02   7.049171E-01
   1.792678E+01   3.333788E+02   1.279092E+02   6.987785E-01
   1.800958E+01   3.333322E+02   1.312945E+02   6.937164E-01
   1.809277E+01   3.294413E+02   1.343061E+02   6.905330E-01
   1.817634E+01   3.191375E+02   1.363293E+02   6.913666E-01
   1.826029E+01   3.017846E+02   1.364986E+02   6.982991E-01
   1.834463E+01   2.786439E+02   1.334982E+02   7.134762E-01
   1.842936E+01   2.559109E+02   1.267807E+02   7.345788E-01
   1.851449E+01   2.391264E+02   1.165169E+02   7.574523E-01
   1.860000E+01   2.318913E+02   1.045134E+02   7.767250E-01
   1.868591E+01   2.347392E+02   9.454695E+01   7.865919E-01
   1.877222E+01   2.473177E+02   9.091144E+01   7.817349E-01
   1.885893E+01   2.654426E+02   9.379085E+01   7.652002E-01
   1.894604E+01   2.851136E+02   1.000892E+02   7.443891E-01
   1.903354E+01   3.032159E+02   1.069838E+02   7.249876E-01
   1.912146E+01   3.193090E+02   1.136024E+02   7.079928E-01
   1.920978E+01   3.329757E+02   1.195839E+02   6.936004E-01
   1.929851E+01   3.447621E+02   1.251127E+02   6.809399E-01
   1.938764E+01   3.547759E+02   1.302719E+02   6.696246E-01
   1.947719E+01   3.630777E+02   1.351264E+02   6.593625E-01
   1.956715E+01   3.696322E+02   1.398035E+02   6.498651E-01
   1.965753E+01   3.739548E+02   1.441750E+02   6.413387E-01
   1.974833E+01   3.751697E+02   1.480984E+02   6.341551E-01
   1.983954E+01   3.723269E+02   1.511377E+02   6.291961E-01
   1.993118E+01   3.642122E+02   1.524357E+02   6.283367E-01
   2.002324E+01   3.520881E+02   1.511770E+02   6.330760E-01
   2.011573E+01   3.403604E+02   1.479556E+02   6.414809E-01
   2.020864E+01   3.338682E+02   1.441760E+02   6.492900E-01
   2.030198E+01   3.324523E+02   1.414740E+02   6.533814E-01
   2.039575E+01   3.351935E+02   1.403783E+02   6.531494E-01
   2.048996E+01   3.406587E+02   1.408170E+02   6.493692E-01
   2.058460E+01   3.482546E+02   1.427407E+02   6.424818E-01
   2.067967E+01   3.577298E+02   1.463482E+02   6.323852E-01
   2.077519E+01   3.683038E+02   1.515307E+02   6.196175E-01
   2.087115E+01   3.789804E+02   1.584874E+02   6.041208E-01
   2.096755E+01   3.877637E+02   1.669617E+02   5.866042E-01
   2.106440E+01   3.920714E+02   1.765653E+02   5.677572E-01
   2.116169E+01   3.878264E+02   1.866105E+02   5.485490E-01
   2.125943E+01   3.725854E+02   1.956078E+02   5.310508E-01
   2.135763E+01   3.454304E+02   2.015503E+02   5.188978E-01
   2.145628E+01   3.134816E+02   2.034964E+02   5.157229E-01
   2.155538E+01   2.837725E+02   2.029155E+02   5.220168E-01
   2.165494E+01   2.601225E+02   2.008045E+02   5.368943E-01
   2.175496E+01   2.405893E+02   1.991052E+02   5.534685E-01
   2.185545E+01   2.252059E+02   1.971468E+02   5.699466E-01
   2.195640E+01   2.135320E+02   1.945665E+02   5.853506E-01
   2.205781E+01   2.053914E+02   1.911315E+02   5.994352E-01
   2.215969E+01   2.011221E+02   1.871983E+02   6.108064E-01
   2.226204E+01   1.985292E+02   1.841462E+02   6.184032E-01
   2.236487E+01   1.946827E+02   1.831991E+02   6.222443E-01
   2.246817E+01   1.871273E+02   1.844427E+02   6.244360E-01
   2.257195E+01   1.766748E+02   1.866262E+02   6.272124E-01
   2.267621E+01   1.650987E+02   1.886428E+02   6.314765E-01
   2.278094E+01   1.542101E+02   1.897749E+02   6.370470E-01
   2.288617E+01   1.444958E+02   1.899631E+02   6.434453E-01
   2.299187E+01   1.363624E+02   1.890409E+02   6.505402E-01
   2.309807E+01   1.295062E+02   1.872466E+02   6.580879E-01
   2.320476E+01   1.237710E+02   1.847147E+02   6.660559E-01
   2.331194E+01   1.191903E+02   1.814821E+02   6.744149E-01
   2.341961E+01   1.154102E+02   1.777182E+02   6.830899E-01
   2.352779E+01   1.123626E+02   1.734552E+02   6.920604E-01
   2.363646E+01   1.100074E+02   1.687140E+02   7.012626E-01
   2.374563E+01   1.081719E+02   1.635072E+02   7.106981E-01
   2.385531E+01   1.068521E+02   1.578079E+02   7.204176E-01
   2.396549E+01   1.060458E+02   1.516211E+02   7.304908E-01
   2.407619E+01   1.056921E+02   1.449839E+02   7.409420E-01
   2.418739E+01   1.058077E+02   1.378800E+02   7.518167E-01
   2.429911E+01   1.063971E+02   1.303013E+02   7.631305E-01
   2.441135E+01   1.074496E+02   1.222471E+02   7.748542E-01
   2.452410E+01   1.090286E+02   1.136927E+02   7.869118E-01
   2.463737E+01   1.111710E+02   1.046438E+02   7.991669E-01
   2.475117E+01   1.139187E+02   9.516599E+01   8.113978E-01
   2.486549E+01   1.174485E+02   8.531302E+01   8.233273E-01
   2.498034E+01   1.218857E+02   7.538331E+01   8.343074E-01
   2.509572E+01   1.274207E+02   6.588424E+01   8.433429E-01
   2.521164E+01   1.344235E+02   5.766370E+01   8.489196E-01
   2.532809E+01   1.432442E+02   5.195094E+01   8.491361E-01
   2.544508E+01   1.541661E+02   4.980705E+01   8.424249E-01
   2.556260E+01   1.673239E+02   5.143349E+01   8.284790E-01
   2.568067E+01   1.820336E+02   5.577384E+01   8.093859E-01
   2.579929E+01   1.971663E+02   6.135521E+01   7.883862E-01
   2.591845E+01   2.120086E+02   6.721530E+01   7.677887E-01
   2.603817E+01   2.260836E+02   7.283791E+01   7.489122E-01
   2.615843E+01   2.392299E+02   7.803819E+01   7.321136E-01
   2.627926E+01   2.517785E+02   8.291195E+01   7.169695E-01
   2.640064E+01   2.638676E+02   8.750878E+01   7.032723E-01
   2.652258E+01   2.755000E+02   9.186907E+01   6.907977E-01
   2.664508E+01   2.865584E+02   9.598116E+01   6.795653E-01
   2.676815E+01   2.965033E+02   9.970624E+01   6.698754E-01
   2.689179E+01   3.049245E+02   1.029755E+02   6.617282E-01
   2.701600E+01   3.111002E+02   1.055635E+02   6.555542E-01
   2.714079E+01   3.146057E+02   1.072649E+02   6.515758E-01
   2.726615E+01   3.164235E+02   1.083951E+02   6.489032E-01
   2.739208E+01   3.170249E+02   1.090576E+02   6.472250E-01
   2.751861E+01   3.172506E+02   1.095230E+02   6.458308E-01
   2.764571E+01   3.171939E+02   1.098643E+02   6.446603E-01
   2.777340E+01   3.167095E+02   1.100246E+02   6.438926E-01
   2.790168E+01   3.154867E+02   1.099120E+02   6.438368E-01
   2.803056E+01   3.126968E+02   1.091917E+02   6.454020E-01
   2.816003E+01   3.079894E+02   1.075491E+02   6.492583E-01
   2.829010E+01   3.013242E+02   1.047120E+02   6.558797E-01
   2.842076E+01   2.940112E+02   1.008970E+02   6.641404E-01
   2.855204E+01   2.891214E+02   9.756900E+01   6.697997E-01
   2.868391E+01   2.876694E+02   9.583504E+01   6.703039E-01
   2.881640E+01   2.902637E+02   9.646813E+01   6.642403E-01
   2.894950E+01   2.966627E+02   9.954700E+01   6.522928E-01
   2.908322E+01   3.060128E+02   1.046050E+02   6.364039E-01
   2.921755E+01   3.198065E+02   1.119480E+02   6.167480E-01
   2.935250E+01   3.397977E+02   1.217434E+02   5.943716E-01
   2.948808E+01   3.667322E+02   1.339367E+02   5.707437E-01
   2.962428E+01   3.987512E+02   1.478153E+02   5.477414E-01
   2.976111E+01   4.305275E+02   1.619577E+02   5.269105E-01
   2.989857E+01   4.550947E+02   1.737953E+02   5.104809E-01
   3.003667E+01   4.715254E+02   1.829148E+02   4.978861E-01
   3.017540E+01   4.801998E+02   1.887621E+02   4.893827E-01
   3.031478E+01   4.857944E+02   1.933657E+02   4.825688E-01
   3.045480E+01   4.921698E+02   1.987812E+02   4.751955E-01
   3.059547E+01   5.013802E+02   2.066102E+02   4.655818E-01
   3.073678E+01   5.146446E+02   2.187026E+02   4.520294E-01
   3.087875E+01   5.298117E+02   2.350822E+02   4.348991E-01
   3.102138E+01   5.434865E+02   2.546168E+02   4.155325E-01
   3.116466E+01   5.522643E+02   2.751525E+02   3.957121E-01
   3.130861E+01   5.535052E+02   2.943308E+02   3.767405E-01
   3.145322E+01   5.462995E+02   3.105365E+02   3.594008E-01
   3.159850E+01   5.298896E+02   3.224614E+02   3.442900E-01
   3.174445E+01   5.040590E+02   3.303114E+02   3.312150E-01
   3.189107E+01   4.665952E+02   3.331999E+02   3.205633E-01
   3.203837E+01   4.190692E+02   3.319855E+02   3.121545E-01
   3.218635E+01   3.655195E+02   3.268182E+02   3.061060E-01
   3.233502E+01   3.131327E+02   3.185064E+02   3.020884E-01
   3.248437E+01   2.676344E+02   3.072000E+02   3.000957E-01
   3.263441E+01   2.328703E+02   2.941769E+02   2.998068E-01
   3.278515E+01   2.082646E+02   2.807665E+02   3.007256E-01
   3.293658E+01   1.934748E+02   2.668194E+02   3.037625E-01
   3.308871E+01   1.880410E+02   2.526952E+02   3.100026E-01
   3.324154E+01   1.883761E+02   2.404695E+02   3.181930E-01
   3.339508E+01   1.915537E+02   2.303544E+02   3.275258E-01
   3.354933E+01   1.952422E+02   2.224303E+02   3.366312E-01
   3.370429E+01   1.979322E+02   2.167901E+02   3.438786E-01
   3.385996E+01   1.992998E+02   2.123367E+02   3.496073E-01
   3.401636E+01   1.996354E+02   2.087165E+02   3.540724E-01
   3.417347E+01   1.991288E+02   2.056757E+02   3.575070E-01
   3.433132E+01   1.982334E+02   2.028252E+02   3.606686E-01
   3.448989E+01   1.974125E+02   2.001001E+02   3.639595E-01
   3.464919E+01   1.968000E+02   1.975329E+02   3.674194E-01
   3.480923E+01   1.963577E+02   1.951625E+02   3.709246E-01
   3.497001E+01   1.960930E+02   1.931178E+02   3.741411E-01
   3.513154E+01   1.955449E+02   1.915206E+02   3.763609E-01
   3.529380E+01   1.945998E+02   1.902716E+02   3.776199E-01
   3.545682E+01   1.932260E+02   1.893284E+02   3.779218E-01
   3.562059E+01   1.911316E+02   1.887481E+02   3.768665E-01
   3.578512E+01   1.884548E+02   1.883366E+02   3.749638E-01
   3.595041E+01   1.853446E+02   1.879997E+02   3.725032E-01
   3.611646E+01   1.818937E+02   1.876740E+02   3.696846E-01
   3.628327E+01   1.782126E+02   1.872490E+02   3.669298E-01
   3.645086E+01   1.746245E+02   1.866592E+02   3.648954E-01
   3.661922E+01   1.712829E+02   1.860140E+02   3.637796E-01
   3.678836E+01   1.681521E+02   1.853532E+02   3.640326E-01
   3.695828E+01   1.651834E+02   1.847442E+02   3.659146E-01
   3.712899E+01   1.624528E+02   1.841457E+02   3.696166E-01
   3.730048E+01   1.598108E+02   1.835819E+02   3.746102E-01
   3.747277E+01   1.574224E+02   1.828866E+02   3.810585E-01
   3.764585E+01   1.555296E+02   1.818660E+02   3.890603E-01
   3.781973E+01   1.544602E+02   1.802904E+02   3.986528E-01
   3.799442E+01   1.544709E+02   1.780015E+02   4.097403E-01
   3.816991E+01   1.558391E+02   1.749084E+02   4.220813E-01
   3.834621E+01   1.591540E+02   1.709367E+02   4.349577E-01
   3.852333E+01   1.644589E+02   1.666106E+02   4.460997E-01
   3.870126E+01   1.710888E+02   1.632634E+02   4.507920E-01
   3.888002E+01   1.757771E+02   1.626150E+02   4.454454E-01
   3.905960E+01   1.759872E+02   1.643765E+02   4.331154E-01
   3.924001E+01   1.720227E+02   1.670831E+02   4.192481E-01
   3.942126E+01   1.659778E+02   1.697815E+02   4.071017E-01
   3.960334E+01   1.595764E+02   1.720642E+02   3.990140E-01
   3.978626E+01   1.536803E+02   1.741307E+02   3.937240E-01
   3.997003E+01   1.481004E+02   1.761707E+02   3.902809E-01
   4.015465E+01   1.427588E+02   1.782273E+02   3.880710E-01
   4.034012E+01   1.377202E+02   1.802294E+02   3.868508E-01
   4.052644E+01   1.328219E+02   1.822924E+02   3.861034E-01
   4.071363E+01   1.280275E+02   1.844258E+02   3.856998E-01
   4.090168E+01   1.233163E+02   1.865358E+02   3.857305E-01
   4.109060E+01   1.186182E+02   1.885074E+02   3.862959E-01
   4.128039E+01   1.140321E+02   1.901976E+02   3.874509E-01
   4.147106E+01   1.095967E+02   1.917025E+02   3.888911E-01
   4.166261E+01   1.054740E+02   1.931423E+02   3.903864E-01
   4.185505E+01   1.019128E+02   1.945623E+02   3.919358E-01
   4.204837E+01   9.898423E+01   1.959551E+02   3.936013E-01
   4.224259E+01   9.654856E+01   1.971694E+02   3.954736E-01
   4.243770E+01   9.422994E+01   1.980679E+02   3.976709E-01
   4.263371E+01   9.177362E+01   1.985613E+02   4.004280E-01
   4.283063E+01   8.921174E+01   1.986382E+02   4.038812E-01
   4.302846E+01   8.670840E+01   1.983739E+02   4.077692E-01
   4.322721E+01   8.440933E+01   1.978688E+02   4.116074E-01
   4.342687E+01   8.233752E+01   1.972766E+02   4.150918E-01
   4.362745E+01   8.058399E+01   1.967156E+02   4.183662E-01
   4.382896E+01   7.935894E+01   1.962081E+02   4.217794E-01
   4.403140E+01   7.877219E+01   1.956649E+02   4.255587E-01
   4.423478E+01   7.879906E+01   1.947906E+02   4.298552E-01
   4.443909E+01   7.940426E+01   1.931073E+02   4.349924E-01
   4.464435E+01   8.074375E+01   1.901841E+02   4.415128E-01
   4.485056E+01   8.349250E+01   1.856596E+02   4.499230E-01
   4.505772E+01   8.813863E+01   1.797605E+02   4.593937E-01
   4.526583E+01   9.409734E+01   1.736879E+02   4.672954E-01
   4.547491E+01   9.519002E+01   1.729015E+02   4.650339E-01
   4.568495E+01   9.009322E+01   1.764369E+02   4.593404E-01
   4.589597E+01   8.375369E+01   1.801834E+02   4.558537E-01
   4.610795E+01   7.855752E+01   1.823517E+02   4.559385E-01
   4.632092E+01   7.542576E+01   1.827047E+02   4.585272E-01
   4.653487E+01   7.393255E+01   1.819435E+02   4.626076E-01
   4.674981E+01   7.356253E+01   1.805588E+02   4.677333E-01
   4.696574E+01   7.393766E+01   1.786526E+02   4.737029E-01
   4.718267E+01   7.483236E+01   1.761368E+02   4.804777E-01
   4.740060E+01   7.611261E+01   1.730022E+02   4.880654E-01
   4.761954E+01   7.777457E+01   1.693290E+02   4.964224E-01
   4.783949E+01   8.004117E+01   1.650496E+02   5.056708E-01
   4.806045E+01   8.288230E+01   1.602804E+02   5.156216E-01
   4.828244E+01   8.640032E+01   1.549783E+02   5.264201E-01
   4.850545E+01   9.076013E+01   1.490675E+02   5.382521E-01
   4.872949E+01   9.612356E+01   1.425213E+02   5.510055E-01
   4.895456E+01   1.027653E+02   1.353334E+02   5.642670E-01
   4.918068E+01   1.109766E+02   1.277087E+02   5.769899E-01
   4.940784E+01   1.206485E+02   1.203385E+02   5.871802E-01
   4.963605E+01   1.313310E+02   1.141470E+02   5.925905E-01
   4.986531E+01   1.421582E+02   1.099504E+02   5.917960E-01
   5.009563E+01   1.520097E+02   1.080441E+02   5.850932E-01
   5.032702E+01   1.598872E+02   1.082701E+02   5.736763E-01
   5.055947E+01   1.649793E+02   1.102340E+02   5.589817E-01
   5.079300E+01   1.667194E+02   1.131921E+02   5.434854E-01
   5.102761E+01   1.652976E+02   1.165542E+02   5.287568E-01
   5.126330E+01   1.611757E+02   1.198918E+02   5.161296E-01
   5.150008E+01   1.551868E+02   1.230828E+02   5.058417E-01
   5.173795E+01   1.474864E+02   1.260477E+02   4.992262E-01
   5.197692E+01   1.396165E+02   1.283372E+02   4.976122E-01
   5.221699E+01   1.325340E+02   1.298523E+02   5.001039E-01
   5.245818E+01   1.267575E+02   1.303742E+02   5.061021E-01
   5.270048E+01   1.227556E+02   1.294859E+02   5.157586E-01
   5.294389E+01   1.212399E+02   1.267201E+02   5.291016E-01
   5.318843E+01   1.229693E+02   1.217932E+02   5.455577E-01
   5.343411E+01   1.303207E+02   1.140960E+02   5.638946E-01
   5.368091E+01   1.430594E+02   1.059092E+02   5.768669E-01
   5.392886E+01   1.600011E+02   1.008026E+02   5.752054E-01
   5.417795E+01   1.767080E+02   1.013394E+02   5.562266E-01
   5.442819E+01   1.874213E+02   1.064627E+02   5.273242E-01
   5.467959E+01   1.892177E+02   1.132004E+02   4.977542E-01
   5.493214E+01   1.829246E+02   1.196305E+02   4.713028E-01
   5.518587E+01   1.738571E+02   1.239037E+02   4.530657E-01
   5.544077E+01   1.640195E+02   1.276012E+02   4.362511E-01
   5.569684E+01   1.541115E+02   1.304792E+02   4.227751E-01
   5.595410E+01   1.446255E+02   1.330131E+02   4.118195E-01
   5.621254E+01   1.356983E+02   1.356562E+02   4.027719E-01
   5.647218E+01   1.266060E+02   1.383445E+02   4.001945E-01
   5.673302E+01   1.222101E+02   1.388767E+02   4.055266E-01
   5.699506E+01   1.185243E+02   1.396049E+02   4.079288E-01
   5.725831E+01   1.148820E+02   1.406056E+02   4.087762E-01
   5.752278E+01   1.113033E+02   1.415340E+02   4.106566E-01
   5.778847E+01   1.087897E+02   1.417359E+02   4.145904E-01
   5.805539E+01   1.091182E+02   1.402731E+02   4.201204E-01
   5.832354E+01   1.100116E+02   1.389890E+02   4.221520E-01
   5.859293E+01   1.096421E+02   1.389919E+02   4.193943E-01
   5.886357E+01   1.069499E+02   1.407860E+02   4.121462E-01
   5.913545E+01   1.021238E+02   1.439352E+02   4.040048E-01
   5.940859E+01   9.612323E+01   1.479385E+02   3.963402E-01
   5.968299E+01   8.966350E+01   1.524410E+02   3.895418E-01
   5.995866E+01   8.306317E+01   1.570985E+02   3.840816E-01
   6.023560E+01   7.654828E+01   1.613658E+02   3.805842E-01
   6.051382E+01   7.093345E+01   1.643701E+02   3.796682E-01
   6.079333E+01   6.575527E+01   1.667361E+02   3.796759E-01
   6.107412E+01   6.101555E+01   1.686883E+02   3.797335E-01
   6.135622E+01   5.667712E+01   1.704766E+02   3.794311E-01
   6.163961E+01   5.302247E+01   1.721986E+02   3.790196E-01
   6.192432E+01   5.012875E+01   1.740815E+02   3.786471E-01
   6.221034E+01   4.801327E+01   1.761535E+02   3.782438E-01
   6.249768E+01   4.644357E+01   1.783107E+02   3.776210E-01
   6.278635E+01   4.516344E+01   1.801770E+02   3.766637E-01
   6.307635E+01   4.371419E+01   1.816028E+02   3.754697E-01
   6.336770E+01   4.198356E+01   1.823675E+02   3.746590E-01
   6.366038E+01   4.009991E+01   1.825011E+02   3.748944E-01
   6.395442E+01   3.827160E+01   1.821983E+02   3.764099E-01
   6.424982E+01   3.660548E+01   1.816523E+02   3.790230E-01
   6.454658E+01   3.521584E+01   1.809974E+02   3.822260E-01
   6.484471E+01   3.420340E+01   1.803339E+02   3.851983E-01
   6.514422E+01   3.335127E+01   1.797468E+02   3.872785E-01
   6.544512E+01   3.237431E+01   1.792412E+02   3.883213E-01
   6.574740E+01   3.120542E+01   1.787766E+02   3.884932E-01
   6.605108E+01   2.983648E+01   1.782783E+02   3.881361E-01
   6.635616E+01   2.841308E+01   1.777898E+02   3.878594E-01
   6.666265E+01   2.719872E+01   1.774989E+02   3.879601E-01
   6.697056E+01   2.637661E+01   1.775469E+02   3.882800E-01
   6.727989E+01   2.590880E+01   1.779644E+02   3.885311E-01
   6.759065E+01   2.563061E+01   1.786818E+02   3.885438E-01
   6.790284E+01   2.542113E+01   1.795933E+02   3.883297E-01
   6.821647E+01   2.521536E+01   1.805847E+02   3.879354E-01
   6.853156E+01   2.499461E+01   1.815021E+02   3.873623E-01
   6.884809E+01   2.471749E+01   1.821234E+02   3.865635E-01
   6.916610E+01   2.430310E+01   1.822607E+02   3.857052E-01
   6.948557E+01   2.374650E+01   1.818525E+02   3.851920E-01
   6.980651E+01   2.311202E+01   1.810074E+02   3.853564E-01
   7.012894E+01   2.245663E+01   1.799253E+02   3.863648E-01
   7.045286E+01   2.187522E+01   1.787673E+02   3.880670E-01
   7.077827E+01   2.138989E+01   1.776061E+02   3.900690E-01
   7.110518E+01   2.096283E+01   1.764525E+02   3.921774E-01
   7.143361E+01   2.063946E+01   1.753517E+02   3.942407E-01
   7.176355E+01   2.048016E+01   1.744177E+02   3.959069E-01
   7.209502E+01   2.042511E+01   1.737067E+02   3.968021E-01
   7.242802E+01   2.027626E+01   1.731256E+02   3.968237E-01
   7.276255E+01   1.989387E+01   1.725328E+02   3.963435E-01
   7.309864E+01   1.929936E+01   1.718779E+02   3.956380E-01
   7.343627E+01   1.851764E+01   1.711092E+02   3.948638E-01
   7.377546E+01   1.767975E+01   1.702674E+02   3.944305E-01
   7.411622E+01   1.696797E+01   1.695327E+02   3.944374E-01
   7.445856E+01   1.647138E+01   1.690647E+02   3.947316E-01
   7.480247E+01   1.623752E+01   1.689461E+02   3.949709E-01
   7.514797E+01   1.617826E+01   1.691464E+02   3.949550E-01
   7.549507E+01   1.614296E+01   1.695595E+02   3.947056E-01
   7.584378E+01   1.603815E+01   1.700958E+02   3.943337E-01
   7.619409E+01   1.589921E+01   1.706922E+02   3.939425E-01
   7.654602E+01   1.582898E+01   1.712829E+02   3.935248E-01
   7.689958E+01   1.575135E+01   1.717316E+02   3.930699E-01
   7.725477E+01   1.562584E+01   1.718922E+02   3.925643E-01
   7.761160E+01   1.544699E+01   1.716997E+02   3.920208E-01
   7.797007E+01   1.523447E+01   1.711365E+02   3.916247E-01
   7.833021E+01   1.499581E+01   1.702574E+02   3.916078E-01
   7.869201E+01   1.473904E+01   1.691739E+02   3.921714E-01
   7.905548E+01   1.444071E+01   1.680066E+02   3.933560E-01
   7.942062E+01   1.418069E+01   1.668459E+02   3.950249E-01
   7.978746E+01   1.397712E+01   1.657454E+02   3.968809E-01
   8.015599E+01   1.385380E+01   1.647376E+02   3.986738E-01
   8.052622E+01   1.376919E+01   1.638096E+02   4.001879E-01
   8.089816E+01   1.379304E+01   1.630061E+02   4.011771E-01
   8.127182E+01   1.382042E+01   1.623506E+02   4.014947E-01
   8.164720E+01   1.382042E+01   1.618267E+02   4.010749E-01
   8.202432E+01   1.372924E+01   1.613467E+02   4.000787E-01
   8.240318E+01   1.348349E+01   1.608124E+02   3.988642E-01
   8.278379E+01   1.308055E+01   1.601315E+02   3.976178E-01
   8.316616E+01   1.253516E+01   1.592580E+02   3.965342E-01
   8.355029E+01   1.193732E+01   1.582788E+02   3.959987E-01
   8.393620E+01   1.145587E+01   1.574333E+02   3.960442E-01
   8.432389E+01   1.114934E+01   1.568582E+02   3.963956E-01
   8.471337E+01   1.100881E+01   1.566045E+02   3.967298E-01
   8.510465E+01   1.104338E+01   1.566664E+02   3.967392E-01
   8.549774E+01   1.111964E+01   1.569258E+02   3.965658E-01
   8.589264E+01   1.108743E+01   1.572930E+02   3.962698E-01
   8.628937E+01   1.091691E+01   1.576936E+02   3.960356E-01
   8.668793E+01   1.076094E+01   1.581121E+02   3.957844E-01
   8.708833E+01   1.073278E+01   1.585074E+02   3.954484E-01
   8.749058E+01   1.073307E+01   1.587497E+02   3.950695E-01
   8.789469E+01   1.066901E+01   1.587239E+02   3.946325E-01
   8.830067E+01   1.053432E+01   1.583959E+02   3.942192E-01
   8.870852E+01   1.044583E+01   1.577996E+02   3.939195E-01
   8.911825E+01   1.032964E+01   1.569588E+02   3.938888E-01
   8.952988E+01   1.022987E+01   1.559621E+02   3.942571E-01
   8.994340E+01   1.008909E+01   1.548868E+02   3.950376E-01
   9.035884E+01   9.943477E+00   1.537949E+02   3.962524E-01
   9.077620E+01   9.788431E+00   1.527268E+02   3.978168E-01
   9.119548E+01   9.716117E+00   1.517861E+02   3.995100E-01
   9.161670E+01   9.658731E+00   1.509688E+02   4.010173E-01
   9.203987E+01   9.697389E+00   1.502937E+02   4.021102E-01
   9.246499E+01   9.800233E+00   1.497433E+02   4.025989E-01
   9.289207E+01   9.866423E+00   1.493048E+02   4.023276E-01
   9.332113E+01   9.841809E+00   1.488948E+02   4.014306E-01
   9.375217E+01   9.741769E+00   1.484565E+02   4.001938E-01
   9.418520E+01   9.577971E+00   1.479856E+02   3.988292E-01
   9.462023E+01   9.322676E+00   1.473599E+02   3.973683E-01
   9.505727E+01   8.944000E+00   1.465093E+02   3.961654E-01
   9.549632E+01   8.535939E+00   1.455352E+02   3.953604E-01
   9.593741E+01   8.134483E+00   1.446172E+02   3.951569E-01
   9.638053E+01   7.923120E+00   1.439678E+02   3.952839E-01
   9.682570E+01   7.813946E+00   1.435822E+02   3.955122E-01
   9.727293E+01   7.803649E+00   1.434951E+02   3.956541E-01
   9.772222E+01   7.914303E+00   1.436887E+02   3.954975E-01
   9.817359E+01   7.991136E+00   1.439965E+02   3.951208E-01
   9.862704E+01   7.875482E+00   1.442908E+02   3.948875E-01
   9.908259E+01   7.674660E+00   1.445643E+02   3.949029E-01
   9.954024E+01   7.583967E+00   1.448623E+02   3.947567E-01
   1.000000E+02   7.581776E+00   1.451007E+02   3.945116E-01
