#============================================================================
# Opacities computed by OpTool        <a^n>=  1.6609E-1  2.1930E-1  5.3377E-1
# Method:   DHS  fmax=  0.700
# Parameters:
#   amin [um]=      0.100 amax [um]=    100.000  na  =   46    apow=   3.5    
#   lmin [um]=      0.100 lmax [um]=    100.000  nlam= 1500    nang=   180
#   porosity =      0.000 p_mantle =      0.000  fmax= 0.70    chop=   0.0
# Composition:
#  Where   mfrac  rho   Material
#  -----   -----  ----  -----------------------------------------------------
#  core    1.000  7.87  fe-c
#  - - -   - - -  -  -  - - - - - - - - - - - - - - - - - - - - - - - - - - -
#  grain   1.000  7.87  mixture of  1 materials
#----------------------------------------------------------------------------
# Command: optool fe-c -a 0.1 100 -l 0.1 100 1500 -dhs 0.7
#============================================================================
# Standard output file, no scattering matrix
#    iformat
#    nlambda
#    lambda[um]  kabs [cm^2/g]  ksca [cm^2/g]    g_asymmetry
#============================================================================
           3
        1500
   1.000000E-01   4.055219E+02   5.513649E+02   8.594241E-01
   1.004619E-01   4.055480E+02   5.517611E+02   8.589151E-01
   1.009259E-01   4.055741E+02   5.521585E+02   8.584050E-01
   1.013921E-01   4.056002E+02   5.525570E+02   8.578937E-01
   1.018604E-01   4.056262E+02   5.529565E+02   8.573808E-01
   1.023309E-01   4.056520E+02   5.533570E+02   8.568661E-01
   1.028035E-01   4.056776E+02   5.537587E+02   8.563492E-01
   1.032784E-01   4.057027E+02   5.541617E+02   8.558300E-01
   1.037554E-01   4.057275E+02   5.545662E+02   8.553088E-01
   1.042346E-01   4.057518E+02   5.549722E+02   8.547854E-01
   1.047161E-01   4.057758E+02   5.553799E+02   8.542595E-01
   1.051997E-01   4.057950E+02   5.557873E+02   8.537332E-01
   1.056856E-01   4.058075E+02   5.561935E+02   8.532076E-01
   1.061738E-01   4.058201E+02   5.566013E+02   8.526805E-01
   1.066642E-01   4.058330E+02   5.570105E+02   8.521525E-01
   1.071569E-01   4.058461E+02   5.574211E+02   8.516240E-01
   1.076518E-01   4.058597E+02   5.578328E+02   8.510945E-01
   1.081490E-01   4.058735E+02   5.582456E+02   8.505637E-01
   1.086486E-01   4.058876E+02   5.586596E+02   8.500315E-01
   1.091504E-01   4.059017E+02   5.590749E+02   8.494980E-01
   1.096546E-01   4.059159E+02   5.594918E+02   8.489633E-01
   1.101610E-01   4.059300E+02   5.599101E+02   8.484275E-01
   1.106699E-01   4.059442E+02   5.603300E+02   8.478908E-01
   1.111810E-01   4.059586E+02   5.607512E+02   8.473530E-01
   1.116946E-01   4.059731E+02   5.611736E+02   8.468145E-01
   1.122105E-01   4.059880E+02   5.615972E+02   8.462755E-01
   1.127287E-01   4.060030E+02   5.620217E+02   8.457361E-01
   1.132494E-01   4.060183E+02   5.624473E+02   8.451962E-01
   1.137725E-01   4.060336E+02   5.628737E+02   8.446557E-01
   1.142980E-01   4.060490E+02   5.633012E+02   8.441144E-01
   1.148259E-01   4.060642E+02   5.637298E+02   8.435716E-01
   1.153563E-01   4.060792E+02   5.641598E+02   8.430272E-01
   1.158891E-01   4.060940E+02   5.645912E+02   8.424812E-01
   1.164244E-01   4.061088E+02   5.650240E+02   8.419339E-01
   1.169622E-01   4.061237E+02   5.654581E+02   8.413858E-01
   1.175024E-01   4.061386E+02   5.658934E+02   8.408371E-01
   1.180451E-01   4.061537E+02   5.663298E+02   8.402877E-01
   1.185904E-01   4.061688E+02   5.667671E+02   8.397373E-01
   1.191381E-01   4.061839E+02   5.672055E+02   8.391854E-01
   1.196884E-01   4.061990E+02   5.676449E+02   8.386319E-01
   1.202412E-01   4.062138E+02   5.680856E+02   8.380765E-01
   1.207966E-01   4.062283E+02   5.685277E+02   8.375193E-01
   1.213545E-01   4.062427E+02   5.689713E+02   8.369607E-01
   1.219151E-01   4.062569E+02   5.694165E+02   8.364002E-01
   1.224782E-01   4.062711E+02   5.698633E+02   8.358382E-01
   1.230439E-01   4.062855E+02   5.703115E+02   8.352751E-01
   1.236122E-01   4.063001E+02   5.707612E+02   8.347112E-01
   1.241832E-01   4.063151E+02   5.712122E+02   8.341469E-01
   1.247567E-01   4.063303E+02   5.716643E+02   8.335828E-01
   1.253330E-01   4.063467E+02   5.721175E+02   8.330182E-01
   1.259119E-01   4.063639E+02   5.725718E+02   8.324525E-01
   1.264935E-01   4.063811E+02   5.730270E+02   8.318855E-01
   1.270777E-01   4.063981E+02   5.734835E+02   8.313170E-01
   1.276647E-01   4.064146E+02   5.739412E+02   8.307466E-01
   1.282543E-01   4.064307E+02   5.744004E+02   8.301744E-01
   1.288467E-01   4.064463E+02   5.748609E+02   8.296005E-01
   1.294419E-01   4.064614E+02   5.753228E+02   8.290245E-01
   1.300397E-01   4.064760E+02   5.757860E+02   8.284467E-01
   1.306404E-01   4.064903E+02   5.762502E+02   8.278671E-01
   1.312438E-01   4.065041E+02   5.767155E+02   8.272859E-01
   1.318500E-01   4.065175E+02   5.771818E+02   8.267028E-01
   1.324590E-01   4.065303E+02   5.776491E+02   8.261178E-01
   1.330708E-01   4.065424E+02   5.781174E+02   8.255306E-01
   1.336854E-01   4.065539E+02   5.785869E+02   8.249409E-01
   1.343029E-01   4.065645E+02   5.790577E+02   8.243485E-01
   1.349232E-01   4.065746E+02   5.795300E+02   8.237535E-01
   1.355464E-01   4.065841E+02   5.800038E+02   8.231565E-01
   1.361725E-01   4.065933E+02   5.804788E+02   8.225579E-01
   1.368015E-01   4.066022E+02   5.809551E+02   8.219581E-01
   1.374333E-01   4.066110E+02   5.814324E+02   8.213574E-01
   1.380681E-01   4.066196E+02   5.819107E+02   8.207554E-01
   1.387058E-01   4.066280E+02   5.823899E+02   8.201520E-01
   1.393465E-01   4.066363E+02   5.828701E+02   8.195472E-01
   1.399901E-01   4.066442E+02   5.833514E+02   8.189408E-01
   1.406367E-01   4.066528E+02   5.838343E+02   8.183326E-01
   1.412863E-01   4.066612E+02   5.843185E+02   8.177237E-01
   1.419389E-01   4.066696E+02   5.848041E+02   8.171140E-01
   1.425945E-01   4.066780E+02   5.852910E+02   8.165036E-01
   1.432531E-01   4.066868E+02   5.857791E+02   8.158931E-01
   1.439148E-01   4.066959E+02   5.862684E+02   8.152828E-01
   1.445795E-01   4.067054E+02   5.867587E+02   8.146730E-01
   1.452473E-01   4.067155E+02   5.872499E+02   8.140642E-01
   1.459182E-01   4.067260E+02   5.877419E+02   8.134563E-01
   1.465922E-01   4.067369E+02   5.882345E+02   8.128487E-01
   1.472692E-01   4.067481E+02   5.887279E+02   8.122408E-01
   1.479495E-01   4.067593E+02   5.892221E+02   8.116327E-01
   1.486328E-01   4.067705E+02   5.897172E+02   8.110242E-01
   1.493193E-01   4.067814E+02   5.902134E+02   8.104152E-01
   1.500090E-01   4.067922E+02   5.907107E+02   8.098057E-01
   1.507019E-01   4.068026E+02   5.912090E+02   8.091957E-01
   1.513980E-01   4.068129E+02   5.917083E+02   8.085849E-01
   1.520973E-01   4.068227E+02   5.922083E+02   8.079733E-01
   1.527998E-01   4.068322E+02   5.927092E+02   8.073607E-01
   1.535056E-01   4.068411E+02   5.932107E+02   8.067468E-01
   1.542146E-01   4.068491E+02   5.937129E+02   8.061311E-01
   1.549269E-01   4.068562E+02   5.942160E+02   8.055130E-01
   1.556425E-01   4.068629E+02   5.947200E+02   8.048925E-01
   1.563614E-01   4.068685E+02   5.952251E+02   8.042688E-01
   1.570836E-01   4.068728E+02   5.957315E+02   8.036419E-01
   1.578091E-01   4.068760E+02   5.962392E+02   8.030120E-01
   1.585380E-01   4.068780E+02   5.967482E+02   8.023795E-01
   1.592703E-01   4.068790E+02   5.972584E+02   8.017446E-01
   1.600059E-01   4.068790E+02   5.977695E+02   8.011075E-01
   1.607450E-01   4.068780E+02   5.982817E+02   8.004679E-01
   1.614874E-01   4.068760E+02   5.987946E+02   7.998257E-01
   1.622333E-01   4.068730E+02   5.993086E+02   7.991806E-01
   1.629827E-01   4.068689E+02   5.998235E+02   7.985326E-01
   1.637355E-01   4.068637E+02   6.003397E+02   7.978817E-01
   1.644917E-01   4.068575E+02   6.008572E+02   7.972286E-01
   1.652515E-01   4.068506E+02   6.013760E+02   7.965735E-01
   1.660148E-01   4.068430E+02   6.018960E+02   7.959166E-01
   1.667816E-01   4.068350E+02   6.024172E+02   7.952583E-01
   1.675519E-01   4.068268E+02   6.029394E+02   7.945990E-01
   1.683258E-01   4.068183E+02   6.034625E+02   7.939391E-01
   1.691033E-01   4.068097E+02   6.039865E+02   7.932789E-01
   1.698844E-01   4.068011E+02   6.045111E+02   7.926186E-01
   1.706690E-01   4.067923E+02   6.050363E+02   7.919579E-01
   1.714573E-01   4.067834E+02   6.055622E+02   7.912962E-01
   1.722493E-01   4.067742E+02   6.060887E+02   7.906335E-01
   1.730449E-01   4.067646E+02   6.066160E+02   7.899699E-01
   1.738442E-01   4.067547E+02   6.071441E+02   7.893054E-01
   1.746471E-01   4.067444E+02   6.076731E+02   7.886403E-01
   1.754538E-01   4.067340E+02   6.082030E+02   7.879744E-01
   1.762642E-01   4.067235E+02   6.087339E+02   7.873076E-01
   1.770783E-01   4.067126E+02   6.092653E+02   7.866402E-01
   1.778962E-01   4.067014E+02   6.097972E+02   7.859721E-01
   1.787179E-01   4.066896E+02   6.103296E+02   7.853030E-01
   1.795434E-01   4.066772E+02   6.108624E+02   7.846325E-01
   1.803727E-01   4.066640E+02   6.113958E+02   7.839603E-01
   1.812058E-01   4.066497E+02   6.119299E+02   7.832860E-01
   1.820428E-01   4.066344E+02   6.124649E+02   7.826095E-01
   1.828836E-01   4.066181E+02   6.130010E+02   7.819305E-01
   1.837283E-01   4.066009E+02   6.135381E+02   7.812495E-01
   1.845769E-01   4.065828E+02   6.140762E+02   7.805668E-01
   1.854295E-01   4.065641E+02   6.146152E+02   7.798827E-01
   1.862860E-01   4.065446E+02   6.151550E+02   7.791975E-01
   1.871464E-01   4.065244E+02   6.156954E+02   7.785111E-01
   1.880108E-01   4.065035E+02   6.162365E+02   7.778232E-01
   1.888792E-01   4.064817E+02   6.167783E+02   7.771337E-01
   1.897516E-01   4.064592E+02   6.173209E+02   7.764426E-01
   1.906280E-01   4.064357E+02   6.178644E+02   7.757499E-01
   1.915085E-01   4.064115E+02   6.184089E+02   7.750561E-01
   1.923931E-01   4.063866E+02   6.189545E+02   7.743616E-01
   1.932817E-01   4.063611E+02   6.195011E+02   7.736665E-01
   1.941745E-01   4.063350E+02   6.200486E+02   7.729710E-01
   1.950713E-01   4.063085E+02   6.205969E+02   7.722752E-01
   1.959723E-01   4.062815E+02   6.211460E+02   7.715792E-01
   1.968775E-01   4.062540E+02   6.216957E+02   7.708831E-01
   1.977869E-01   4.062260E+02   6.222460E+02   7.701869E-01
   1.987004E-01   4.061973E+02   6.227968E+02   7.694902E-01
   1.996182E-01   4.061677E+02   6.233482E+02   7.687924E-01
   2.005402E-01   4.061374E+02   6.238998E+02   7.680934E-01
   2.014665E-01   4.061062E+02   6.244520E+02   7.673929E-01
   2.023970E-01   4.060739E+02   6.250049E+02   7.666911E-01
   2.033319E-01   4.060406E+02   6.255585E+02   7.659879E-01
   2.042710E-01   4.060062E+02   6.261129E+02   7.652837E-01
   2.052145E-01   4.059710E+02   6.266680E+02   7.645781E-01
   2.061624E-01   4.059348E+02   6.272236E+02   7.638712E-01
   2.071146E-01   4.058977E+02   6.277797E+02   7.631630E-01
   2.080713E-01   4.058595E+02   6.283363E+02   7.624532E-01
   2.090323E-01   4.058203E+02   6.288933E+02   7.617415E-01
   2.099978E-01   4.057799E+02   6.294508E+02   7.610276E-01
   2.109678E-01   4.057381E+02   6.300090E+02   7.603113E-01
   2.119422E-01   4.056951E+02   6.305680E+02   7.595926E-01
   2.129212E-01   4.056508E+02   6.311279E+02   7.588714E-01
   2.139046E-01   4.056055E+02   6.316888E+02   7.581480E-01
   2.148926E-01   4.055593E+02   6.322506E+02   7.574228E-01
   2.158852E-01   4.055123E+02   6.328132E+02   7.566961E-01
   2.168823E-01   4.054646E+02   6.333764E+02   7.559681E-01
   2.178841E-01   4.054162E+02   6.339403E+02   7.552390E-01
   2.188905E-01   4.053671E+02   6.345047E+02   7.545085E-01
   2.199015E-01   4.053173E+02   6.350697E+02   7.537765E-01
   2.209172E-01   4.052669E+02   6.356347E+02   7.530435E-01
   2.219376E-01   4.052157E+02   6.362003E+02   7.523091E-01
   2.229627E-01   4.051640E+02   6.367668E+02   7.515736E-01
   2.239925E-01   4.051117E+02   6.373342E+02   7.508378E-01
   2.250271E-01   4.050591E+02   6.379023E+02   7.501016E-01
   2.260665E-01   4.050061E+02   6.384713E+02   7.493652E-01
   2.271106E-01   4.049528E+02   6.390408E+02   7.486287E-01
   2.281596E-01   4.048991E+02   6.396110E+02   7.478920E-01
   2.292135E-01   4.048451E+02   6.401817E+02   7.471551E-01
   2.302722E-01   4.047906E+02   6.407528E+02   7.464178E-01
   2.313358E-01   4.047355E+02   6.413244E+02   7.456801E-01
   2.324043E-01   4.046795E+02   6.418964E+02   7.449411E-01
   2.334777E-01   4.046227E+02   6.424690E+02   7.442005E-01
   2.345562E-01   4.045648E+02   6.430421E+02   7.434580E-01
   2.356395E-01   4.045059E+02   6.436159E+02   7.427137E-01
   2.367279E-01   4.044458E+02   6.441903E+02   7.419676E-01
   2.378213E-01   4.043847E+02   6.447654E+02   7.412200E-01
   2.389198E-01   4.043224E+02   6.453411E+02   7.404706E-01
   2.400234E-01   4.042591E+02   6.459173E+02   7.397192E-01
   2.411320E-01   4.041945E+02   6.464938E+02   7.389656E-01
   2.422458E-01   4.041286E+02   6.470708E+02   7.382096E-01
   2.433647E-01   4.040613E+02   6.476481E+02   7.374508E-01
   2.444887E-01   4.039923E+02   6.482259E+02   7.366889E-01
   2.456180E-01   4.039216E+02   6.488042E+02   7.359235E-01
   2.467525E-01   4.038491E+02   6.493832E+02   7.351546E-01
   2.478922E-01   4.037749E+02   6.499631E+02   7.343822E-01
   2.490372E-01   4.036989E+02   6.505437E+02   7.336063E-01
   2.501874E-01   4.036212E+02   6.511248E+02   7.328273E-01
   2.513430E-01   4.035412E+02   6.517051E+02   7.320456E-01
   2.525040E-01   4.034596E+02   6.522860E+02   7.312609E-01
   2.536702E-01   4.033764E+02   6.528674E+02   7.304733E-01
   2.548419E-01   4.032915E+02   6.534492E+02   7.296826E-01
   2.560190E-01   4.032049E+02   6.540314E+02   7.288887E-01
   2.572015E-01   4.031165E+02   6.546141E+02   7.280916E-01
   2.583895E-01   4.030264E+02   6.551975E+02   7.272914E-01
   2.595830E-01   4.029346E+02   6.557816E+02   7.264882E-01
   2.607819E-01   4.028413E+02   6.563663E+02   7.256827E-01
   2.619865E-01   4.027464E+02   6.569518E+02   7.248753E-01
   2.631965E-01   4.026502E+02   6.575378E+02   7.240658E-01
   2.644122E-01   4.025526E+02   6.581243E+02   7.232545E-01
   2.656335E-01   4.024535E+02   6.587113E+02   7.224413E-01
   2.668604E-01   4.023530E+02   6.592988E+02   7.216261E-01
   2.680930E-01   4.022510E+02   6.598866E+02   7.208089E-01
   2.693313E-01   4.021474E+02   6.604749E+02   7.199896E-01
   2.705753E-01   4.020421E+02   6.610636E+02   7.191678E-01
   2.718251E-01   4.019350E+02   6.616528E+02   7.183432E-01
   2.730806E-01   4.018261E+02   6.622426E+02   7.175156E-01
   2.743419E-01   4.017154E+02   6.628331E+02   7.166851E-01
   2.756091E-01   4.016030E+02   6.634243E+02   7.158521E-01
   2.768821E-01   4.014891E+02   6.640161E+02   7.150167E-01
   2.781610E-01   4.013737E+02   6.646086E+02   7.141791E-01
   2.794458E-01   4.012568E+02   6.652016E+02   7.133392E-01
   2.807365E-01   4.011384E+02   6.657952E+02   7.124969E-01
   2.820332E-01   4.010187E+02   6.663893E+02   7.116520E-01
   2.833359E-01   4.008974E+02   6.669840E+02   7.108045E-01
   2.846445E-01   4.007747E+02   6.675792E+02   7.099542E-01
   2.859593E-01   4.006505E+02   6.681751E+02   7.091010E-01
   2.872801E-01   4.005248E+02   6.687719E+02   7.082451E-01
   2.886070E-01   4.003979E+02   6.693695E+02   7.073866E-01
   2.899400E-01   4.002698E+02   6.699680E+02   7.065257E-01
   2.912792E-01   4.001406E+02   6.705673E+02   7.056627E-01
   2.926246E-01   4.000106E+02   6.711674E+02   7.047978E-01
   2.939762E-01   3.998798E+02   6.717682E+02   7.039311E-01
   2.953341E-01   3.997482E+02   6.723696E+02   7.030629E-01
   2.966982E-01   3.996160E+02   6.729716E+02   7.021933E-01
   2.980686E-01   3.994831E+02   6.735741E+02   7.013223E-01
   2.994453E-01   3.993497E+02   6.741774E+02   7.004500E-01
   3.008284E-01   3.992152E+02   6.747799E+02   6.995770E-01
   3.022179E-01   3.990799E+02   6.753822E+02   6.987034E-01
   3.036138E-01   3.989445E+02   6.759852E+02   6.978295E-01
   3.050162E-01   3.988089E+02   6.765888E+02   6.969560E-01
   3.064250E-01   3.986735E+02   6.771930E+02   6.960831E-01
   3.078404E-01   3.985381E+02   6.777977E+02   6.952108E-01
   3.092622E-01   3.984030E+02   6.784028E+02   6.943392E-01
   3.106907E-01   3.982680E+02   6.790083E+02   6.934682E-01
   3.121257E-01   3.981330E+02   6.796141E+02   6.925977E-01
   3.135674E-01   3.979982E+02   6.802203E+02   6.917279E-01
   3.150157E-01   3.978632E+02   6.808268E+02   6.908585E-01
   3.164707E-01   3.977282E+02   6.814337E+02   6.899893E-01
   3.179325E-01   3.975927E+02   6.820409E+02   6.891197E-01
   3.194010E-01   3.974561E+02   6.826479E+02   6.882499E-01
   3.208762E-01   3.973193E+02   6.832554E+02   6.873803E-01
   3.223583E-01   3.971826E+02   6.838633E+02   6.865111E-01
   3.238473E-01   3.970459E+02   6.844716E+02   6.856423E-01
   3.253431E-01   3.969092E+02   6.850801E+02   6.847738E-01
   3.268458E-01   3.967725E+02   6.856888E+02   6.839054E-01
   3.283555E-01   3.966356E+02   6.862977E+02   6.830368E-01
   3.298721E-01   3.964985E+02   6.869067E+02   6.821678E-01
   3.313957E-01   3.963611E+02   6.875159E+02   6.812982E-01
   3.329264E-01   3.962234E+02   6.881253E+02   6.804278E-01
   3.344641E-01   3.960852E+02   6.887349E+02   6.795565E-01
   3.360090E-01   3.959467E+02   6.893448E+02   6.786845E-01
   3.375610E-01   3.958077E+02   6.899548E+02   6.778116E-01
   3.391201E-01   3.956684E+02   6.905650E+02   6.769379E-01
   3.406865E-01   3.955287E+02   6.911751E+02   6.760633E-01
   3.422601E-01   3.953886E+02   6.917850E+02   6.751877E-01
   3.438409E-01   3.952480E+02   6.923947E+02   6.743111E-01
   3.454291E-01   3.951069E+02   6.930042E+02   6.734336E-01
   3.470246E-01   3.949652E+02   6.936132E+02   6.725550E-01
   3.486274E-01   3.948229E+02   6.942220E+02   6.716752E-01
   3.502377E-01   3.946797E+02   6.948300E+02   6.707943E-01
   3.518554E-01   3.945340E+02   6.954352E+02   6.699122E-01
   3.534806E-01   3.943877E+02   6.960400E+02   6.690292E-01
   3.551133E-01   3.942409E+02   6.966442E+02   6.681459E-01
   3.567535E-01   3.940936E+02   6.972476E+02   6.672624E-01
   3.584013E-01   3.939458E+02   6.978503E+02   6.663787E-01
   3.600567E-01   3.937974E+02   6.984521E+02   6.654946E-01
   3.617198E-01   3.936483E+02   6.990529E+02   6.646099E-01
   3.633905E-01   3.934984E+02   6.996527E+02   6.637245E-01
   3.650690E-01   3.933476E+02   7.002515E+02   6.628382E-01
   3.667552E-01   3.931958E+02   7.008493E+02   6.619510E-01
   3.684492E-01   3.930428E+02   7.014461E+02   6.610625E-01
   3.701510E-01   3.928886E+02   7.020420E+02   6.601724E-01
   3.718607E-01   3.927332E+02   7.026369E+02   6.592805E-01
   3.735783E-01   3.925765E+02   7.032309E+02   6.583870E-01
   3.753038E-01   3.924185E+02   7.038240E+02   6.574920E-01
   3.770372E-01   3.922593E+02   7.044161E+02   6.565954E-01
   3.787787E-01   3.920987E+02   7.050072E+02   6.556971E-01
   3.805283E-01   3.919367E+02   7.055972E+02   6.547967E-01
   3.822859E-01   3.917731E+02   7.061862E+02   6.538939E-01
   3.840516E-01   3.916079E+02   7.067741E+02   6.529882E-01
   3.858255E-01   3.914410E+02   7.073610E+02   6.520797E-01
   3.876076E-01   3.912721E+02   7.079469E+02   6.511678E-01
   3.893979E-01   3.911013E+02   7.085320E+02   6.502525E-01
   3.911965E-01   3.909286E+02   7.091163E+02   6.493338E-01
   3.930034E-01   3.907540E+02   7.096996E+02   6.484115E-01
   3.948186E-01   3.905773E+02   7.102821E+02   6.474854E-01
   3.966422E-01   3.903985E+02   7.108635E+02   6.465554E-01
   3.984743E-01   3.902177E+02   7.114440E+02   6.456212E-01
   4.003148E-01   3.900342E+02   7.120226E+02   6.446825E-01
   4.021638E-01   3.898464E+02   7.125967E+02   6.437392E-01
   4.040213E-01   3.896563E+02   7.131697E+02   6.427915E-01
   4.058874E-01   3.894638E+02   7.137417E+02   6.418390E-01
   4.077622E-01   3.892691E+02   7.143127E+02   6.408819E-01
   4.096456E-01   3.890720E+02   7.148827E+02   6.399202E-01
   4.115377E-01   3.888728E+02   7.154519E+02   6.389539E-01
   4.134385E-01   3.886714E+02   7.160201E+02   6.379832E-01
   4.153481E-01   3.884679E+02   7.165873E+02   6.370087E-01
   4.172666E-01   3.882624E+02   7.171536E+02   6.360301E-01
   4.191939E-01   3.880548E+02   7.177188E+02   6.350474E-01
   4.211301E-01   3.878452E+02   7.182832E+02   6.340604E-01
   4.230752E-01   3.876334E+02   7.188466E+02   6.330689E-01
   4.250294E-01   3.874195E+02   7.194092E+02   6.320728E-01
   4.269925E-01   3.872033E+02   7.199710E+02   6.310721E-01
   4.289648E-01   3.869850E+02   7.205323E+02   6.300667E-01
   4.309461E-01   3.867644E+02   7.210930E+02   6.290564E-01
   4.329366E-01   3.865416E+02   7.216533E+02   6.280408E-01
   4.349363E-01   3.863166E+02   7.222133E+02   6.270202E-01
   4.369452E-01   3.860896E+02   7.227730E+02   6.259947E-01
   4.389634E-01   3.858606E+02   7.233325E+02   6.249642E-01
   4.409909E-01   3.856296E+02   7.238918E+02   6.239288E-01
   4.430278E-01   3.853965E+02   7.244511E+02   6.228881E-01
   4.450741E-01   3.851614E+02   7.250102E+02   6.218417E-01
   4.471298E-01   3.849241E+02   7.255694E+02   6.207893E-01
   4.491950E-01   3.846846E+02   7.261287E+02   6.197311E-01
   4.512698E-01   3.844401E+02   7.266835E+02   6.186658E-01
   4.533542E-01   3.841916E+02   7.272356E+02   6.175935E-01
   4.554482E-01   3.839410E+02   7.277880E+02   6.165148E-01
   4.575518E-01   3.836882E+02   7.283406E+02   6.154296E-01
   4.596652E-01   3.834332E+02   7.288936E+02   6.143377E-01
   4.617883E-01   3.831761E+02   7.294469E+02   6.132389E-01
   4.639213E-01   3.829169E+02   7.300005E+02   6.121330E-01
   4.660641E-01   3.826555E+02   7.305544E+02   6.110198E-01
   4.682168E-01   3.823920E+02   7.311088E+02   6.098993E-01
   4.703794E-01   3.821263E+02   7.316635E+02   6.087717E-01
   4.725520E-01   3.818586E+02   7.322187E+02   6.076369E-01
   4.747347E-01   3.815889E+02   7.327745E+02   6.064947E-01
   4.769274E-01   3.813172E+02   7.333308E+02   6.053454E-01
   4.791303E-01   3.810437E+02   7.338876E+02   6.041889E-01
   4.813433E-01   3.807686E+02   7.344451E+02   6.030255E-01
   4.835666E-01   3.804919E+02   7.350031E+02   6.018558E-01
   4.858001E-01   3.802138E+02   7.355616E+02   6.006798E-01
   4.880440E-01   3.799342E+02   7.361207E+02   5.994974E-01
   4.902982E-01   3.796534E+02   7.366805E+02   5.983088E-01
   4.925628E-01   3.793713E+02   7.372408E+02   5.971138E-01
   4.948379E-01   3.790879E+02   7.378019E+02   5.959124E-01
   4.971235E-01   3.788034E+02   7.383637E+02   5.947047E-01
   4.994197E-01   3.785178E+02   7.389264E+02   5.934909E-01
   5.017264E-01   3.782311E+02   7.394900E+02   5.922712E-01
   5.040438E-01   3.779434E+02   7.400547E+02   5.910452E-01
   5.063720E-01   3.776549E+02   7.406204E+02   5.898130E-01
   5.087108E-01   3.773656E+02   7.411871E+02   5.885750E-01
   5.110605E-01   3.770756E+02   7.417550E+02   5.873313E-01
   5.134210E-01   3.767851E+02   7.423240E+02   5.860818E-01
   5.157925E-01   3.764939E+02   7.428941E+02   5.848266E-01
   5.181748E-01   3.762021E+02   7.434654E+02   5.835655E-01
   5.205682E-01   3.759097E+02   7.440378E+02   5.822980E-01
   5.229727E-01   3.756166E+02   7.446114E+02   5.810244E-01
   5.253882E-01   3.753230E+02   7.451862E+02   5.797448E-01
   5.278149E-01   3.750288E+02   7.457622E+02   5.784588E-01
   5.302528E-01   3.747337E+02   7.463388E+02   5.771663E-01
   5.327020E-01   3.744359E+02   7.469110E+02   5.758668E-01
   5.351625E-01   3.741375E+02   7.474843E+02   5.745608E-01
   5.376343E-01   3.738386E+02   7.480585E+02   5.732484E-01
   5.401176E-01   3.735391E+02   7.486335E+02   5.719296E-01
   5.426123E-01   3.732391E+02   7.492093E+02   5.706040E-01
   5.451186E-01   3.729386E+02   7.497859E+02   5.692718E-01
   5.476364E-01   3.726376E+02   7.503631E+02   5.679334E-01
   5.501659E-01   3.723361E+02   7.509409E+02   5.665886E-01
   5.527070E-01   3.720343E+02   7.515193E+02   5.652376E-01
   5.552599E-01   3.717321E+02   7.520981E+02   5.638806E-01
   5.578246E-01   3.714296E+02   7.526773E+02   5.625177E-01
   5.604011E-01   3.711271E+02   7.532569E+02   5.611489E-01
   5.629895E-01   3.708245E+02   7.538365E+02   5.597751E-01
   5.655899E-01   3.705221E+02   7.544162E+02   5.583966E-01
   5.682023E-01   3.702198E+02   7.549959E+02   5.570133E-01
   5.708268E-01   3.699123E+02   7.555640E+02   5.556228E-01
   5.734634E-01   3.695932E+02   7.561065E+02   5.542217E-01
   5.761121E-01   3.692745E+02   7.566486E+02   5.528161E-01
   5.787731E-01   3.689562E+02   7.571900E+02   5.514063E-01
   5.814464E-01   3.686385E+02   7.577309E+02   5.499927E-01
   5.841320E-01   3.683213E+02   7.582712E+02   5.485757E-01
   5.868300E-01   3.680048E+02   7.588107E+02   5.471554E-01
   5.895405E-01   3.676890E+02   7.593494E+02   5.457316E-01
   5.922636E-01   3.673741E+02   7.598871E+02   5.443048E-01
   5.949991E-01   3.670600E+02   7.604239E+02   5.428754E-01
   5.977474E-01   3.667467E+02   7.609594E+02   5.414434E-01
   6.005083E-01   3.664343E+02   7.614937E+02   5.400089E-01
   6.032820E-01   3.661226E+02   7.620266E+02   5.385722E-01
   6.060685E-01   3.658117E+02   7.625579E+02   5.371326E-01
   6.088678E-01   3.655015E+02   7.630876E+02   5.356906E-01
   6.116801E-01   3.651919E+02   7.636154E+02   5.342465E-01
   6.145054E-01   3.648829E+02   7.641412E+02   5.327999E-01
   6.173437E-01   3.645745E+02   7.646649E+02   5.313509E-01
   6.201951E-01   3.642665E+02   7.651861E+02   5.298998E-01
   6.230597E-01   3.639588E+02   7.657049E+02   5.284465E-01
   6.259376E-01   3.636515E+02   7.662208E+02   5.269909E-01
   6.288287E-01   3.633444E+02   7.667338E+02   5.255334E-01
   6.317332E-01   3.630375E+02   7.672435E+02   5.240736E-01
   6.346511E-01   3.627307E+02   7.677499E+02   5.226116E-01
   6.375825E-01   3.624240E+02   7.682526E+02   5.211479E-01
   6.405274E-01   3.621173E+02   7.687516E+02   5.196825E-01
   6.434859E-01   3.618106E+02   7.692465E+02   5.182156E-01
   6.464581E-01   3.615039E+02   7.697373E+02   5.167475E-01
   6.494440E-01   3.611971E+02   7.702237E+02   5.152784E-01
   6.524437E-01   3.611060E+02   7.704895E+02   5.139447E-01
   6.554572E-01   3.610648E+02   7.707012E+02   5.126419E-01
   6.584847E-01   3.610244E+02   7.709080E+02   5.113397E-01
   6.615262E-01   3.609846E+02   7.711096E+02   5.100379E-01
   6.645817E-01   3.609456E+02   7.713057E+02   5.087371E-01
   6.676513E-01   3.609073E+02   7.714963E+02   5.074374E-01
   6.707351E-01   3.608698E+02   7.716812E+02   5.061389E-01
   6.738331E-01   3.608329E+02   7.718602E+02   5.048416E-01
   6.769455E-01   3.607967E+02   7.720332E+02   5.035462E-01
   6.800722E-01   3.607611E+02   7.722000E+02   5.022533E-01
   6.832134E-01   3.607262E+02   7.723605E+02   5.009630E-01
   6.863691E-01   3.606918E+02   7.725146E+02   4.996750E-01
   6.895393E-01   3.606581E+02   7.726620E+02   4.983897E-01
   6.927242E-01   3.606248E+02   7.728026E+02   4.971078E-01
   6.959238E-01   3.605920E+02   7.729362E+02   4.958290E-01
   6.991382E-01   3.605596E+02   7.730626E+02   4.945536E-01
   7.023674E-01   3.605273E+02   7.731817E+02   4.932819E-01
   7.056116E-01   3.604951E+02   7.732934E+02   4.920135E-01
   7.088707E-01   3.604628E+02   7.733973E+02   4.907482E-01
   7.121449E-01   3.604303E+02   7.734935E+02   4.894868E-01
   7.154342E-01   3.603974E+02   7.735816E+02   4.882289E-01
   7.187387E-01   3.603641E+02   7.736615E+02   4.869741E-01
   7.220585E-01   3.603300E+02   7.737330E+02   4.857229E-01
   7.253936E-01   3.602950E+02   7.737959E+02   4.844753E-01
   7.287441E-01   3.602591E+02   7.738501E+02   4.832310E-01
   7.321101E-01   3.601857E+02   7.739837E+02   4.819678E-01
   7.354916E-01   3.600892E+02   7.741611E+02   4.806945E-01
   7.388887E-01   3.599914E+02   7.743294E+02   4.794241E-01
   7.423016E-01   3.598921E+02   7.744884E+02   4.781575E-01
   7.457302E-01   3.597911E+02   7.746380E+02   4.768946E-01
   7.491746E-01   3.596885E+02   7.747780E+02   4.756355E-01
   7.526350E-01   3.595840E+02   7.749083E+02   4.743802E-01
   7.561113E-01   3.594776E+02   7.750288E+02   4.731291E-01
   7.596037E-01   3.593694E+02   7.751393E+02   4.718818E-01
   7.631122E-01   3.592592E+02   7.752397E+02   4.706385E-01
   7.666369E-01   3.591471E+02   7.753299E+02   4.694003E-01
   7.701779E-01   3.590330E+02   7.754097E+02   4.681669E-01
   7.737353E-01   3.589168E+02   7.754791E+02   4.669387E-01
   7.773091E-01   3.587986E+02   7.755379E+02   4.657159E-01
   7.808994E-01   3.586782E+02   7.755861E+02   4.644985E-01
   7.845062E-01   3.585558E+02   7.756235E+02   4.632863E-01
   7.881298E-01   3.584311E+02   7.756502E+02   4.620798E-01
   7.917700E-01   3.583041E+02   7.756661E+02   4.608796E-01
   7.954271E-01   3.581749E+02   7.756712E+02   4.596860E-01
   7.991011E-01   3.580434E+02   7.756653E+02   4.584985E-01
   8.027921E-01   3.579095E+02   7.756484E+02   4.573171E-01
   8.065001E-01   3.577732E+02   7.756205E+02   4.561426E-01
   8.102252E-01   3.576343E+02   7.755814E+02   4.549747E-01
   8.139675E-01   3.574929E+02   7.755312E+02   4.538135E-01
   8.177271E-01   3.573486E+02   7.754697E+02   4.526592E-01
   8.215041E-01   3.572015E+02   7.753969E+02   4.515117E-01
   8.252985E-01   3.570513E+02   7.753128E+02   4.503701E-01
   8.291105E-01   3.568979E+02   7.752173E+02   4.492355E-01
   8.329400E-01   3.567412E+02   7.751103E+02   4.481075E-01
   8.367873E-01   3.565810E+02   7.749918E+02   4.469852E-01
   8.406523E-01   3.564172E+02   7.748616E+02   4.458693E-01
   8.445352E-01   3.562495E+02   7.747198E+02   4.447597E-01
   8.484360E-01   3.560779E+02   7.745663E+02   4.436557E-01
   8.523548E-01   3.559048E+02   7.744128E+02   4.425594E-01
   8.562917E-01   3.557292E+02   7.742554E+02   4.414700E-01
   8.602468E-01   3.555492E+02   7.740862E+02   4.403856E-01
   8.642202E-01   3.553648E+02   7.739053E+02   4.393070E-01
   8.682119E-01   3.551759E+02   7.737126E+02   4.382342E-01
   8.722221E-01   3.549824E+02   7.735082E+02   4.371669E-01
   8.762508E-01   3.547842E+02   7.732920E+02   4.361054E-01
   8.802981E-01   3.545812E+02   7.730639E+02   4.350498E-01
   8.843641E-01   3.543735E+02   7.728241E+02   4.339997E-01
   8.884488E-01   3.541610E+02   7.725726E+02   4.329548E-01
   8.925525E-01   3.539436E+02   7.723092E+02   4.319163E-01
   8.966751E-01   3.537215E+02   7.720340E+02   4.308840E-01
   9.008167E-01   3.534945E+02   7.717472E+02   4.298579E-01
   9.049775E-01   3.532627E+02   7.714485E+02   4.288384E-01
   9.091574E-01   3.530260E+02   7.711383E+02   4.278253E-01
   9.133567E-01   3.527845E+02   7.708163E+02   4.268183E-01
   9.175754E-01   3.525381E+02   7.704828E+02   4.258176E-01
   9.218136E-01   3.522868E+02   7.701378E+02   4.248238E-01
   9.260713E-01   3.520306E+02   7.697814E+02   4.238376E-01
   9.303487E-01   3.517695E+02   7.694135E+02   4.228581E-01
   9.346459E-01   3.515036E+02   7.690343E+02   4.218852E-01
   9.389629E-01   3.512327E+02   7.686438E+02   4.209195E-01
   9.432999E-01   3.509569E+02   7.682420E+02   4.199610E-01
   9.476568E-01   3.506761E+02   7.678290E+02   4.190094E-01
   9.520339E-01   3.503902E+02   7.674048E+02   4.180651E-01
   9.564313E-01   3.500991E+02   7.669695E+02   4.171279E-01
   9.608489E-01   3.498027E+02   7.665231E+02   4.161969E-01
   9.652870E-01   3.495009E+02   7.660657E+02   4.152728E-01
   9.697455E-01   3.491936E+02   7.655973E+02   4.143557E-01
   9.742246E-01   3.488807E+02   7.651179E+02   4.134443E-01
   9.787245E-01   3.485622E+02   7.646276E+02   4.125390E-01
   9.832451E-01   3.482379E+02   7.641264E+02   4.116402E-01
   9.877866E-01   3.479077E+02   7.636144E+02   4.107469E-01
   9.923490E-01   3.475716E+02   7.630915E+02   4.098596E-01
   9.969326E-01   3.472294E+02   7.625580E+02   4.089785E-01
   1.001537E+00   3.468365E+02   7.620639E+02   4.080756E-01
   1.006163E+00   3.463475E+02   7.616593E+02   4.071244E-01
   1.010811E+00   3.458518E+02   7.612438E+02   4.061787E-01
   1.015479E+00   3.453493E+02   7.608175E+02   4.052383E-01
   1.020170E+00   3.448400E+02   7.603804E+02   4.043031E-01
   1.024882E+00   3.443239E+02   7.599327E+02   4.033735E-01
   1.029616E+00   3.438010E+02   7.594743E+02   4.024491E-01
   1.034371E+00   3.432714E+02   7.590053E+02   4.015291E-01
   1.039149E+00   3.427351E+02   7.585258E+02   4.006146E-01
   1.043949E+00   3.421921E+02   7.580359E+02   3.997060E-01
   1.048770E+00   3.416424E+02   7.575357E+02   3.988026E-01
   1.053615E+00   3.410861E+02   7.570251E+02   3.979051E-01
   1.058481E+00   3.405233E+02   7.565043E+02   3.970134E-01
   1.063370E+00   3.399540E+02   7.559735E+02   3.961270E-01
   1.068282E+00   3.393782E+02   7.554326E+02   3.952458E-01
   1.073216E+00   3.387961E+02   7.548819E+02   3.943705E-01
   1.078173E+00   3.382075E+02   7.543213E+02   3.935018E-01
   1.083153E+00   3.376127E+02   7.537510E+02   3.926394E-01
   1.088156E+00   3.370117E+02   7.531710E+02   3.917824E-01
   1.093182E+00   3.364045E+02   7.525815E+02   3.909314E-01
   1.098231E+00   3.357912E+02   7.519826E+02   3.900868E-01
   1.103304E+00   3.351717E+02   7.513742E+02   3.892481E-01
   1.108400E+00   3.345460E+02   7.507564E+02   3.884155E-01
   1.113519E+00   3.339142E+02   7.501294E+02   3.875894E-01
   1.118663E+00   3.332761E+02   7.494932E+02   3.867684E-01
   1.123830E+00   3.326318E+02   7.488478E+02   3.859529E-01
   1.129020E+00   3.319812E+02   7.481934E+02   3.851439E-01
   1.134235E+00   3.313243E+02   7.475300E+02   3.843394E-01
   1.139474E+00   3.306611E+02   7.468576E+02   3.835398E-01
   1.144737E+00   3.299915E+02   7.461763E+02   3.827458E-01
   1.150025E+00   3.293155E+02   7.454861E+02   3.819564E-01
   1.155336E+00   3.286233E+02   7.447725E+02   3.811672E-01
   1.160673E+00   3.279249E+02   7.440500E+02   3.803837E-01
   1.166034E+00   3.272203E+02   7.433188E+02   3.796043E-01
   1.171420E+00   3.265095E+02   7.425789E+02   3.788288E-01
   1.176830E+00   3.257925E+02   7.418304E+02   3.780582E-01
   1.182266E+00   3.250694E+02   7.410734E+02   3.772918E-01
   1.187727E+00   3.243402E+02   7.403080E+02   3.765299E-01
   1.193213E+00   3.236050E+02   7.395343E+02   3.757726E-01
   1.198724E+00   3.228639E+02   7.387523E+02   3.750200E-01
   1.204261E+00   3.221168E+02   7.379623E+02   3.742707E-01
   1.209823E+00   3.213639E+02   7.371642E+02   3.735256E-01
   1.215411E+00   3.206053E+02   7.363583E+02   3.727856E-01
   1.221025E+00   3.198411E+02   7.355445E+02   3.720497E-01
   1.226665E+00   3.190713E+02   7.347231E+02   3.713186E-01
   1.232330E+00   3.182960E+02   7.338941E+02   3.705923E-01
   1.238022E+00   3.175154E+02   7.330576E+02   3.698704E-01
   1.243741E+00   3.167296E+02   7.322139E+02   3.691524E-01
   1.249485E+00   3.159385E+02   7.313628E+02   3.684389E-01
   1.255257E+00   3.151424E+02   7.305047E+02   3.677308E-01
   1.261054E+00   3.143414E+02   7.296396E+02   3.670283E-01
   1.266879E+00   3.135356E+02   7.287676E+02   3.663299E-01
   1.272731E+00   3.127250E+02   7.278888E+02   3.656362E-01
   1.278609E+00   3.119098E+02   7.270032E+02   3.649477E-01
   1.284515E+00   3.110899E+02   7.261111E+02   3.642640E-01
   1.290448E+00   3.102655E+02   7.252123E+02   3.635850E-01
   1.296408E+00   3.094366E+02   7.243071E+02   3.629115E-01
   1.302396E+00   3.086004E+02   7.234022E+02   3.622406E-01
   1.308412E+00   3.077553E+02   7.225014E+02   3.615711E-01
   1.314455E+00   3.069056E+02   7.215941E+02   3.609072E-01
   1.320527E+00   3.060513E+02   7.206807E+02   3.602470E-01
   1.326626E+00   3.051925E+02   7.197611E+02   3.595900E-01
   1.332754E+00   3.043292E+02   7.188353E+02   3.589375E-01
   1.338909E+00   3.034614E+02   7.179035E+02   3.582888E-01
   1.345094E+00   3.025892E+02   7.169658E+02   3.576434E-01
   1.351306E+00   3.017113E+02   7.160238E+02   3.570019E-01
   1.357548E+00   3.008243E+02   7.150822E+02   3.563614E-01
   1.363818E+00   2.999329E+02   7.141348E+02   3.557230E-01
   1.370118E+00   2.990373E+02   7.131817E+02   3.550885E-01
   1.376446E+00   2.981374E+02   7.122230E+02   3.544570E-01
   1.382804E+00   2.972334E+02   7.112587E+02   3.538289E-01
   1.389191E+00   2.963254E+02   7.102890E+02   3.532043E-01
   1.395607E+00   2.954134E+02   7.093139E+02   3.525833E-01
   1.402053E+00   2.944912E+02   7.083402E+02   3.519616E-01
   1.408529E+00   2.935515E+02   7.073758E+02   3.513356E-01
   1.415035E+00   2.926081E+02   7.064061E+02   3.507138E-01
   1.421571E+00   2.916610E+02   7.054313E+02   3.500949E-01
   1.428137E+00   2.907103E+02   7.044515E+02   3.494794E-01
   1.434733E+00   2.897562E+02   7.034668E+02   3.488679E-01
   1.441360E+00   2.887987E+02   7.024773E+02   3.482597E-01
   1.448018E+00   2.878380E+02   7.014830E+02   3.476540E-01
   1.454706E+00   2.868741E+02   7.004842E+02   3.470514E-01
   1.461425E+00   2.859073E+02   6.994808E+02   3.464529E-01
   1.468175E+00   2.849376E+02   6.984729E+02   3.458593E-01
   1.474956E+00   2.839651E+02   6.974607E+02   3.452685E-01
   1.481769E+00   2.829900E+02   6.964442E+02   3.446810E-01
   1.488613E+00   2.820124E+02   6.954235E+02   3.440976E-01
   1.495489E+00   2.810323E+02   6.943986E+02   3.435178E-01
   1.502396E+00   2.800498E+02   6.933695E+02   3.429414E-01
   1.509336E+00   2.790649E+02   6.923364E+02   3.423694E-01
   1.516307E+00   2.780778E+02   6.912993E+02   3.418009E-01
   1.523311E+00   2.770883E+02   6.902583E+02   3.412344E-01
   1.530347E+00   2.760950E+02   6.892146E+02   3.406718E-01
   1.537415E+00   2.750693E+02   6.881920E+02   3.400984E-01
   1.544516E+00   2.740413E+02   6.871655E+02   3.395267E-01
   1.551650E+00   2.730111E+02   6.861349E+02   3.389583E-01
   1.558817E+00   2.719788E+02   6.851003E+02   3.383933E-01
   1.566017E+00   2.709445E+02   6.840619E+02   3.378304E-01
   1.573250E+00   2.699082E+02   6.830195E+02   3.372711E-01
   1.580517E+00   2.688700E+02   6.819734E+02   3.367151E-01
   1.587817E+00   2.678299E+02   6.809235E+02   3.361598E-01
   1.595151E+00   2.667880E+02   6.798699E+02   3.356075E-01
   1.602519E+00   2.657444E+02   6.788126E+02   3.350575E-01
   1.609921E+00   2.646992E+02   6.777519E+02   3.345101E-01
   1.617357E+00   2.636524E+02   6.766876E+02   3.339654E-01
   1.624827E+00   2.626041E+02   6.756200E+02   3.334238E-01
   1.632332E+00   2.615545E+02   6.745490E+02   3.328842E-01
   1.639872E+00   2.605035E+02   6.734747E+02   3.323455E-01
   1.647446E+00   2.594514E+02   6.723973E+02   3.318104E-01
   1.655055E+00   2.583747E+02   6.713328E+02   3.312671E-01
   1.662700E+00   2.572852E+02   6.702730E+02   3.307208E-01
   1.670380E+00   2.561947E+02   6.692101E+02   3.301781E-01
   1.678095E+00   2.551033E+02   6.681441E+02   3.296380E-01
   1.685846E+00   2.540113E+02   6.670751E+02   3.290998E-01
   1.693633E+00   2.529187E+02   6.660031E+02   3.285636E-01
   1.701455E+00   2.518256E+02   6.649282E+02   3.280305E-01
   1.709314E+00   2.507321E+02   6.638505E+02   3.275019E-01
   1.717209E+00   2.496384E+02   6.627701E+02   3.269758E-01
   1.725141E+00   2.485445E+02   6.616869E+02   3.264517E-01
   1.733109E+00   2.474505E+02   6.606011E+02   3.259311E-01
   1.741114E+00   2.463565E+02   6.595126E+02   3.254134E-01
   1.749156E+00   2.452626E+02   6.584215E+02   3.248983E-01
   1.757235E+00   2.441688E+02   6.573279E+02   3.243866E-01
   1.765352E+00   2.430752E+02   6.562317E+02   3.238784E-01
   1.773506E+00   2.419817E+02   6.551330E+02   3.233709E-01
   1.781697E+00   2.408885E+02   6.540318E+02   3.228672E-01
   1.789927E+00   2.397956E+02   6.529282E+02   3.223670E-01
   1.798194E+00   2.387029E+02   6.518222E+02   3.218674E-01
   1.806500E+00   2.375871E+02   6.507268E+02   3.213599E-01
   1.814844E+00   2.364653E+02   6.496326E+02   3.208530E-01
   1.823226E+00   2.353440E+02   6.485357E+02   3.203473E-01
   1.831647E+00   2.342233E+02   6.474364E+02   3.198446E-01
   1.840108E+00   2.331033E+02   6.463345E+02   3.193453E-01
   1.848607E+00   2.319840E+02   6.452303E+02   3.188462E-01
   1.857145E+00   2.308655E+02   6.441237E+02   3.183488E-01
   1.865723E+00   2.297479E+02   6.430147E+02   3.178540E-01
   1.874341E+00   2.286312E+02   6.419035E+02   3.173609E-01
   1.882998E+00   2.275155E+02   6.407901E+02   3.168703E-01
   1.891696E+00   2.264009E+02   6.396745E+02   3.163824E-01
   1.900433E+00   2.252864E+02   6.385573E+02   3.158963E-01
   1.909211E+00   2.241543E+02   6.374471E+02   3.154019E-01
   1.918029E+00   2.230236E+02   6.363347E+02   3.149106E-01
   1.926888E+00   2.218943E+02   6.352204E+02   3.144217E-01
   1.935788E+00   2.207665E+02   6.341041E+02   3.139342E-01
   1.944730E+00   2.196403E+02   6.329859E+02   3.134502E-01
   1.953712E+00   2.185157E+02   6.318659E+02   3.129686E-01
   1.962736E+00   2.173930E+02   6.307441E+02   3.124884E-01
   1.971802E+00   2.162720E+02   6.296207E+02   3.120096E-01
   1.980909E+00   2.151530E+02   6.284956E+02   3.115330E-01
   1.990059E+00   2.140360E+02   6.273689E+02   3.110607E-01
   1.999251E+00   2.129211E+02   6.262407E+02   3.105908E-01
   2.008485E+00   2.117884E+02   6.251196E+02   3.101139E-01
   2.017762E+00   2.106562E+02   6.239977E+02   3.096392E-01
   2.027082E+00   2.095265E+02   6.228742E+02   3.091670E-01
   2.036445E+00   2.083992E+02   6.217491E+02   3.086969E-01
   2.045851E+00   2.072743E+02   6.206224E+02   3.082295E-01
   2.055300E+00   2.061520E+02   6.194941E+02   3.077659E-01
   2.064793E+00   2.050321E+02   6.183643E+02   3.073023E-01
   2.074330E+00   2.039149E+02   6.172330E+02   3.068416E-01
   2.083911E+00   2.028002E+02   6.161002E+02   3.063849E-01
   2.093537E+00   2.016881E+02   6.149659E+02   3.059284E-01
   2.103207E+00   2.005788E+02   6.138302E+02   3.054733E-01
   2.112921E+00   1.994722E+02   6.126930E+02   3.050217E-01
   2.122680E+00   1.983684E+02   6.115545E+02   3.045709E-01
   2.132485E+00   1.972673E+02   6.104145E+02   3.041223E-01
   2.142334E+00   1.961691E+02   6.092732E+02   3.036774E-01
   2.152230E+00   1.950694E+02   6.081320E+02   3.032308E-01
   2.162170E+00   1.939572E+02   6.069949E+02   3.027783E-01
   2.172157E+00   1.928482E+02   6.058563E+02   3.023288E-01
   2.182190E+00   1.917424E+02   6.047165E+02   3.018801E-01
   2.192269E+00   1.906397E+02   6.035754E+02   3.014341E-01
   2.202395E+00   1.895403E+02   6.024330E+02   3.009906E-01
   2.212568E+00   1.884441E+02   6.012896E+02   3.005496E-01
   2.222787E+00   1.873513E+02   6.001450E+02   3.001077E-01
   2.233054E+00   1.862618E+02   5.989994E+02   2.996681E-01
   2.243368E+00   1.851757E+02   5.978529E+02   2.992311E-01
   2.253730E+00   1.840931E+02   5.967054E+02   2.987952E-01
   2.264140E+00   1.830139E+02   5.955571E+02   2.983623E-01
   2.274598E+00   1.819336E+02   5.944093E+02   2.979300E-01
   2.285104E+00   1.808509E+02   5.932623E+02   2.974963E-01
   2.295658E+00   1.797720E+02   5.921146E+02   2.970633E-01
   2.306262E+00   1.786968E+02   5.909662E+02   2.966319E-01
   2.316914E+00   1.776255E+02   5.898172E+02   2.962049E-01
   2.327616E+00   1.765581E+02   5.886675E+02   2.957803E-01
   2.338367E+00   1.754946E+02   5.875171E+02   2.953569E-01
   2.349167E+00   1.744352E+02   5.863662E+02   2.949354E-01
   2.360018E+00   1.733701E+02   5.852170E+02   2.945125E-01
   2.370918E+00   1.723083E+02   5.840674E+02   2.940907E-01
   2.381869E+00   1.712507E+02   5.829172E+02   2.936711E-01
   2.392871E+00   1.701972E+02   5.817663E+02   2.932552E-01
   2.403923E+00   1.691479E+02   5.806149E+02   2.928393E-01
   2.415027E+00   1.681027E+02   5.794628E+02   2.924252E-01
   2.426181E+00   1.670618E+02   5.783102E+02   2.920155E-01
   2.437388E+00   1.660250E+02   5.771571E+02   2.916062E-01
   2.448646E+00   1.649925E+02   5.760034E+02   2.911971E-01
   2.459956E+00   1.639642E+02   5.748492E+02   2.907916E-01
   2.471318E+00   1.629402E+02   5.736945E+02   2.903867E-01
   2.482733E+00   1.619205E+02   5.725392E+02   2.899834E-01
   2.494200E+00   1.609050E+02   5.713836E+02   2.895843E-01
   2.505720E+00   1.598868E+02   5.702288E+02   2.891821E-01
   2.517294E+00   1.588660E+02   5.690750E+02   2.887766E-01
   2.528921E+00   1.578497E+02   5.679207E+02   2.883742E-01
   2.540602E+00   1.568379E+02   5.667661E+02   2.879724E-01
   2.552337E+00   1.558306E+02   5.656111E+02   2.875726E-01
   2.564126E+00   1.548278E+02   5.644558E+02   2.871754E-01
   2.575969E+00   1.538296E+02   5.633003E+02   2.867813E-01
   2.587867E+00   1.528360E+02   5.621446E+02   2.863855E-01
   2.599820E+00   1.518469E+02   5.609887E+02   2.859914E-01
   2.611828E+00   1.508623E+02   5.598328E+02   2.856003E-01
   2.623892E+00   1.498825E+02   5.586768E+02   2.852097E-01
   2.636011E+00   1.489072E+02   5.575209E+02   2.848216E-01
   2.648187E+00   1.479366E+02   5.563650E+02   2.844367E-01
   2.660419E+00   1.469707E+02   5.552092E+02   2.840530E-01
   2.672707E+00   1.460095E+02   5.540536E+02   2.836690E-01
   2.685052E+00   1.450530E+02   5.528982E+02   2.832866E-01
   2.697454E+00   1.441012E+02   5.517430E+02   2.829076E-01
   2.709913E+00   1.431541E+02   5.505880E+02   2.825321E-01
   2.722429E+00   1.422119E+02   5.494333E+02   2.821566E-01
   2.735004E+00   1.412744E+02   5.482788E+02   2.817830E-01
   2.747637E+00   1.403416E+02   5.471246E+02   2.814118E-01
   2.760328E+00   1.394058E+02   5.459713E+02   2.810379E-01
   2.773077E+00   1.384731E+02   5.448183E+02   2.806649E-01
   2.785886E+00   1.375452E+02   5.436655E+02   2.802956E-01
   2.798753E+00   1.366222E+02   5.425130E+02   2.799262E-01
   2.811681E+00   1.357040E+02   5.413608E+02   2.795574E-01
   2.824667E+00   1.347907E+02   5.402088E+02   2.791937E-01
   2.837714E+00   1.338823E+02   5.390571E+02   2.788301E-01
   2.850821E+00   1.329788E+02   5.379057E+02   2.784664E-01
   2.863989E+00   1.320801E+02   5.367546E+02   2.781057E-01
   2.877217E+00   1.311863E+02   5.356038E+02   2.777458E-01
   2.890507E+00   1.302973E+02   5.344533E+02   2.773865E-01
   2.903858E+00   1.294115E+02   5.333030E+02   2.770309E-01
   2.917270E+00   1.285268E+02   5.321531E+02   2.766739E-01
   2.930745E+00   1.276470E+02   5.310035E+02   2.763156E-01
   2.944281E+00   1.267721E+02   5.298544E+02   2.759604E-01
   2.957881E+00   1.259021E+02   5.287057E+02   2.756054E-01
   2.971543E+00   1.250370E+02   5.275575E+02   2.752522E-01
   2.985268E+00   1.241768E+02   5.264098E+02   2.749013E-01
   2.999057E+00   1.233214E+02   5.252627E+02   2.745537E-01
   3.012909E+00   1.224709E+02   5.241162E+02   2.742044E-01
   3.026825E+00   1.216252E+02   5.229704E+02   2.738555E-01
   3.040806E+00   1.207844E+02   5.218253E+02   2.735101E-01
   3.054851E+00   1.199485E+02   5.206809E+02   2.731649E-01
   3.068961E+00   1.191174E+02   5.195373E+02   2.728217E-01
   3.083136E+00   1.182912E+02   5.183946E+02   2.724817E-01
   3.097376E+00   1.174698E+02   5.172527E+02   2.721432E-01
   3.111683E+00   1.166492E+02   5.161110E+02   2.718014E-01
   3.126055E+00   1.158327E+02   5.149701E+02   2.714602E-01
   3.140494E+00   1.150211E+02   5.138301E+02   2.711218E-01
   3.155000E+00   1.142144E+02   5.126910E+02   2.707877E-01
   3.169572E+00   1.134126E+02   5.115529E+02   2.704531E-01
   3.184212E+00   1.126157E+02   5.104158E+02   2.701198E-01
   3.198920E+00   1.118237E+02   5.092796E+02   2.697889E-01
   3.213695E+00   1.110365E+02   5.081443E+02   2.694589E-01
   3.228539E+00   1.102542E+02   5.070100E+02   2.691299E-01
   3.243451E+00   1.094767E+02   5.058767E+02   2.688045E-01
   3.258432E+00   1.087040E+02   5.047443E+02   2.684796E-01
   3.273482E+00   1.079360E+02   5.036129E+02   2.681537E-01
   3.288602E+00   1.071729E+02   5.024824E+02   2.678332E-01
   3.303792E+00   1.064145E+02   5.013529E+02   2.675134E-01
   3.319052E+00   1.056608E+02   5.002244E+02   2.671924E-01
   3.334382E+00   1.049119E+02   4.990968E+02   2.668739E-01
   3.349783E+00   1.041676E+02   4.979702E+02   2.665568E-01
   3.365255E+00   1.034268E+02   4.968434E+02   2.662381E-01
   3.380799E+00   1.026907E+02   4.957175E+02   2.659236E-01
   3.396414E+00   1.019593E+02   4.945928E+02   2.656108E-01
   3.412102E+00   1.012325E+02   4.934690E+02   2.652956E-01
   3.427862E+00   1.005103E+02   4.923464E+02   2.649830E-01
   3.443695E+00   9.979274E+01   4.912249E+02   2.646709E-01
   3.459601E+00   9.907979E+01   4.901045E+02   2.643595E-01
   3.475580E+00   9.837141E+01   4.889853E+02   2.640507E-01
   3.491634E+00   9.766758E+01   4.878673E+02   2.637449E-01
   3.507761E+00   9.696676E+01   4.867503E+02   2.634375E-01
   3.523963E+00   9.626883E+01   4.856343E+02   2.631274E-01
   3.540240E+00   9.557548E+01   4.845195E+02   2.628215E-01
   3.556592E+00   9.488668E+01   4.834062E+02   2.625155E-01
   3.573019E+00   9.420241E+01   4.822942E+02   2.622110E-01
   3.589523E+00   9.352265E+01   4.811835E+02   2.619094E-01
   3.606102E+00   9.284739E+01   4.800744E+02   2.616100E-01
   3.622758E+00   9.217662E+01   4.789666E+02   2.613092E-01
   3.639491E+00   9.151032E+01   4.778603E+02   2.610089E-01
   3.656302E+00   9.084848E+01   4.767555E+02   2.607105E-01
   3.673190E+00   9.019107E+01   4.756522E+02   2.604169E-01
   3.690156E+00   8.953808E+01   4.745503E+02   2.601230E-01
   3.707200E+00   8.888949E+01   4.734499E+02   2.598293E-01
   3.724323E+00   8.824527E+01   4.723510E+02   2.595384E-01
   3.741525E+00   8.760540E+01   4.712536E+02   2.592476E-01
   3.758807E+00   8.696950E+01   4.701567E+02   2.589572E-01
   3.776169E+00   8.633760E+01   4.690605E+02   2.586691E-01
   3.793610E+00   8.571001E+01   4.679657E+02   2.583822E-01
   3.811132E+00   8.508670E+01   4.668724E+02   2.580937E-01
   3.828736E+00   8.446765E+01   4.657805E+02   2.578093E-01
   3.846420E+00   8.385285E+01   4.646901E+02   2.575271E-01
   3.864186E+00   8.324226E+01   4.636011E+02   2.572430E-01
   3.882034E+00   8.263586E+01   4.625136E+02   2.569604E-01
   3.899965E+00   8.203362E+01   4.614275E+02   2.566794E-01
   3.917978E+00   8.143552E+01   4.603429E+02   2.563984E-01
   3.936075E+00   8.084153E+01   4.592598E+02   2.561196E-01
   3.954255E+00   8.025163E+01   4.581782E+02   2.558442E-01
   3.972520E+00   7.966580E+01   4.570980E+02   2.555663E-01
   3.990868E+00   7.908401E+01   4.560194E+02   2.552890E-01
   4.009301E+00   7.850678E+01   4.549411E+02   2.550130E-01
   4.027820E+00   7.793408E+01   4.538632E+02   2.547368E-01
   4.046424E+00   7.736536E+01   4.527869E+02   2.544627E-01
   4.065114E+00   7.680061E+01   4.517122E+02   2.541907E-01
   4.083890E+00   7.623980E+01   4.506392E+02   2.539197E-01
   4.102753E+00   7.568292E+01   4.495680E+02   2.536466E-01
   4.121703E+00   7.512995E+01   4.484984E+02   2.533758E-01
   4.140741E+00   7.458086E+01   4.474306E+02   2.531054E-01
   4.159866E+00   7.403563E+01   4.463646E+02   2.528371E-01
   4.179080E+00   7.349424E+01   4.453003E+02   2.525709E-01
   4.198383E+00   7.295668E+01   4.442379E+02   2.523065E-01
   4.217775E+00   7.242292E+01   4.431773E+02   2.520411E-01
   4.237256E+00   7.189295E+01   4.421185E+02   2.517753E-01
   4.256828E+00   7.136674E+01   4.410615E+02   2.515125E-01
   4.276489E+00   7.084428E+01   4.400064E+02   2.512522E-01
   4.296242E+00   7.032554E+01   4.389531E+02   2.509921E-01
   4.316086E+00   6.981049E+01   4.379016E+02   2.507329E-01
   4.336021E+00   6.929912E+01   4.368520E+02   2.504760E-01
   4.356049E+00   6.879140E+01   4.358041E+02   2.502192E-01
   4.376169E+00   6.828731E+01   4.347580E+02   2.499623E-01
   4.396382E+00   6.778682E+01   4.337137E+02   2.497075E-01
   4.416688E+00   6.728992E+01   4.326712E+02   2.494548E-01
   4.437088E+00   6.679656E+01   4.316304E+02   2.492021E-01
   4.457583E+00   6.630674E+01   4.305913E+02   2.489502E-01
   4.478172E+00   6.582043E+01   4.295540E+02   2.487011E-01
   4.498856E+00   6.533760E+01   4.285185E+02   2.484505E-01
   4.519635E+00   6.485823E+01   4.274847E+02   2.482005E-01
   4.540511E+00   6.438295E+01   4.264506E+02   2.479519E-01
   4.561483E+00   6.391111E+01   4.254183E+02   2.477034E-01
   4.582552E+00   6.344266E+01   4.243878E+02   2.474559E-01
   4.603718E+00   6.297759E+01   4.233591E+02   2.472101E-01
   4.624982E+00   6.251587E+01   4.223321E+02   2.469643E-01
   4.646345E+00   6.205748E+01   4.213070E+02   2.467185E-01
   4.667805E+00   6.160239E+01   4.202837E+02   2.464736E-01
   4.689365E+00   6.115060E+01   4.192622E+02   2.462292E-01
   4.711025E+00   6.070206E+01   4.182425E+02   2.459860E-01
   4.732785E+00   6.025677E+01   4.172248E+02   2.457444E-01
   4.754645E+00   5.981470E+01   4.162089E+02   2.455031E-01
   4.776606E+00   5.937583E+01   4.151949E+02   2.452624E-01
   4.798668E+00   5.894014E+01   4.141829E+02   2.450223E-01
   4.820833E+00   5.850911E+01   4.131716E+02   2.447821E-01
   4.843100E+00   5.808130E+01   4.121622E+02   2.445435E-01
   4.865469E+00   5.765660E+01   4.111548E+02   2.443072E-01
   4.887942E+00   5.723500E+01   4.101494E+02   2.440717E-01
   4.910519E+00   5.681647E+01   4.091460E+02   2.438358E-01
   4.933200E+00   5.640100E+01   4.081447E+02   2.436007E-01
   4.955986E+00   5.598857E+01   4.071453E+02   2.433672E-01
   4.978877E+00   5.557915E+01   4.061480E+02   2.431352E-01
   5.001874E+00   5.517284E+01   4.051525E+02   2.429041E-01
   5.024977E+00   5.477076E+01   4.041580E+02   2.426735E-01
   5.048187E+00   5.437162E+01   4.031654E+02   2.424438E-01
   5.071504E+00   5.397541E+01   4.021748E+02   2.422152E-01
   5.094928E+00   5.358210E+01   4.011862E+02   2.419876E-01
   5.118461E+00   5.319167E+01   4.001996E+02   2.417610E-01
   5.142103E+00   5.280410E+01   3.992149E+02   2.415351E-01
   5.165854E+00   5.241937E+01   3.982321E+02   2.413099E-01
   5.189714E+00   5.203746E+01   3.972512E+02   2.410855E-01
   5.213685E+00   5.165834E+01   3.962723E+02   2.408619E-01
   5.237766E+00   5.128200E+01   3.952952E+02   2.406390E-01
   5.261959E+00   5.090842E+01   3.943201E+02   2.404168E-01
   5.286263E+00   5.053757E+01   3.933468E+02   2.401952E-01
   5.310680E+00   5.017025E+01   3.923749E+02   2.399744E-01
   5.335209E+00   4.980666E+01   3.914042E+02   2.397541E-01
   5.359852E+00   4.944573E+01   3.904355E+02   2.395345E-01
   5.384608E+00   4.908744E+01   3.894686E+02   2.393154E-01
   5.409479E+00   4.873176E+01   3.885037E+02   2.390968E-01
   5.434465E+00   4.837869E+01   3.875408E+02   2.388789E-01
   5.459566E+00   4.802819E+01   3.865798E+02   2.386614E-01
   5.484783E+00   4.768025E+01   3.856208E+02   2.384446E-01
   5.510116E+00   4.733485E+01   3.846637E+02   2.382283E-01
   5.535567E+00   4.699198E+01   3.837087E+02   2.380126E-01
   5.561135E+00   4.665162E+01   3.827557E+02   2.377976E-01
   5.586821E+00   4.631375E+01   3.818047E+02   2.375832E-01
   5.612626E+00   4.597911E+01   3.808552E+02   2.373695E-01
   5.638550E+00   4.564771E+01   3.799072E+02   2.371566E-01
   5.664594E+00   4.531873E+01   3.789612E+02   2.369444E-01
   5.690758E+00   4.499217E+01   3.780174E+02   2.367330E-01
   5.717043E+00   4.466801E+01   3.770756E+02   2.365224E-01
   5.743449E+00   4.434622E+01   3.761359E+02   2.363127E-01
   5.769977E+00   4.402680E+01   3.751983E+02   2.361037E-01
   5.796628E+00   4.370973E+01   3.742627E+02   2.358956E-01
   5.823402E+00   4.339498E+01   3.733293E+02   2.356884E-01
   5.850300E+00   4.308255E+01   3.723978E+02   2.354819E-01
   5.877322E+00   4.277241E+01   3.714684E+02   2.352762E-01
   5.904468E+00   4.246513E+01   3.705407E+02   2.350714E-01
   5.931740E+00   4.216301E+01   3.696131E+02   2.348676E-01
   5.959138E+00   4.186310E+01   3.686876E+02   2.346645E-01
   5.986663E+00   4.156538E+01   3.677641E+02   2.344621E-01
   6.014314E+00   4.126984E+01   3.668426E+02   2.342603E-01
   6.042094E+00   4.097645E+01   3.659231E+02   2.340592E-01
   6.070001E+00   4.068520E+01   3.650056E+02   2.338586E-01
   6.098038E+00   4.039607E+01   3.640900E+02   2.336586E-01
   6.126204E+00   4.010905E+01   3.631764E+02   2.334591E-01
   6.154500E+00   3.982412E+01   3.622648E+02   2.332601E-01
   6.182927E+00   3.954127E+01   3.613551E+02   2.330615E-01
   6.211485E+00   3.926047E+01   3.604473E+02   2.328634E-01
   6.240175E+00   3.898171E+01   3.595415E+02   2.326657E-01
   6.268998E+00   3.870498E+01   3.586377E+02   2.324684E-01
   6.297954E+00   3.843026E+01   3.577358E+02   2.322715E-01
   6.327043E+00   3.815753E+01   3.568359E+02   2.320751E-01
   6.356267E+00   3.788679E+01   3.559379E+02   2.318790E-01
   6.385626E+00   3.761801E+01   3.550420E+02   2.316834E-01
   6.415120E+00   3.735118E+01   3.541480E+02   2.314882E-01
   6.444751E+00   3.708629E+01   3.532561E+02   2.312935E-01
   6.474518E+00   3.682333E+01   3.523661E+02   2.310993E-01
   6.504423E+00   3.656228E+01   3.514782E+02   2.309057E-01
   6.534467E+00   3.630312E+01   3.505924E+02   2.307125E-01
   6.564648E+00   3.604585E+01   3.497085E+02   2.305200E-01
   6.594970E+00   3.579046E+01   3.488267E+02   2.303280E-01
   6.625431E+00   3.553692E+01   3.479470E+02   2.301367E-01
   6.656033E+00   3.528523E+01   3.470693E+02   2.299461E-01
   6.686777E+00   3.503537E+01   3.461937E+02   2.297561E-01
   6.717662E+00   3.478733E+01   3.453201E+02   2.295669E-01
   6.748690E+00   3.454110E+01   3.444485E+02   2.293783E-01
   6.779861E+00   3.430165E+01   3.435766E+02   2.291913E-01
   6.811177E+00   3.406415E+01   3.427066E+02   2.290050E-01
   6.842637E+00   3.382835E+01   3.418386E+02   2.288193E-01
   6.874242E+00   3.359425E+01   3.409727E+02   2.286343E-01
   6.905993E+00   3.336183E+01   3.401087E+02   2.284499E-01
   6.937891E+00   3.313108E+01   3.392468E+02   2.282660E-01
   6.969936E+00   3.290198E+01   3.383868E+02   2.280827E-01
   7.002130E+00   3.267453E+01   3.375287E+02   2.278999E-01
   7.034472E+00   3.244871E+01   3.366727E+02   2.277176E-01
   7.066963E+00   3.222450E+01   3.358185E+02   2.275357E-01
   7.099605E+00   3.200190E+01   3.349663E+02   2.273542E-01
   7.132397E+00   3.178090E+01   3.341160E+02   2.271731E-01
   7.165340E+00   3.156146E+01   3.332676E+02   2.269924E-01
   7.198436E+00   3.134360E+01   3.324212E+02   2.268120E-01
   7.231685E+00   3.112729E+01   3.315766E+02   2.266319E-01
   7.265087E+00   3.091252E+01   3.307339E+02   2.264521E-01
   7.298644E+00   3.069929E+01   3.298932E+02   2.262725E-01
   7.332355E+00   3.048757E+01   3.290544E+02   2.260933E-01
   7.366222E+00   3.027736E+01   3.282175E+02   2.259144E-01
   7.400246E+00   3.006864E+01   3.273825E+02   2.257357E-01
   7.434427E+00   2.986141E+01   3.265494E+02   2.255574E-01
   7.468766E+00   2.965566E+01   3.257183E+02   2.253793E-01
   7.503263E+00   2.945136E+01   3.248891E+02   2.252017E-01
   7.537920E+00   2.924853E+01   3.240619E+02   2.250243E-01
   7.572736E+00   2.904979E+01   3.232355E+02   2.248480E-01
   7.607714E+00   2.885386E+01   3.224106E+02   2.246724E-01
   7.642853E+00   2.865931E+01   3.215876E+02   2.244972E-01
   7.678154E+00   2.846613E+01   3.207667E+02   2.243225E-01
   7.713619E+00   2.827430E+01   3.199477E+02   2.241483E-01
   7.749247E+00   2.808382E+01   3.191307E+02   2.239746E-01
   7.785040E+00   2.789468E+01   3.183158E+02   2.238015E-01
   7.820998E+00   2.770687E+01   3.175028E+02   2.236289E-01
   7.857122E+00   2.752038E+01   3.166918E+02   2.234569E-01
   7.893413E+00   2.733520E+01   3.158828E+02   2.232854E-01
   7.929872E+00   2.715132E+01   3.150757E+02   2.231145E-01
   7.966499E+00   2.696873E+01   3.142706E+02   2.229441E-01
   8.003295E+00   2.678742E+01   3.134674E+02   2.227742E-01
   8.040262E+00   2.660738E+01   3.126660E+02   2.226048E-01
   8.077399E+00   2.642860E+01   3.118666E+02   2.224358E-01
   8.114707E+00   2.625108E+01   3.110691E+02   2.222672E-01
   8.152188E+00   2.607479E+01   3.102734E+02   2.220990E-01
   8.189842E+00   2.589974E+01   3.094796E+02   2.219312E-01
   8.227670E+00   2.572591E+01   3.086877E+02   2.217637E-01
   8.265672E+00   2.555429E+01   3.078972E+02   2.215968E-01
   8.303850E+00   2.538528E+01   3.071079E+02   2.214304E-01
   8.342205E+00   2.521744E+01   3.063205E+02   2.212642E-01
   8.380737E+00   2.505075E+01   3.055349E+02   2.210983E-01
   8.419446E+00   2.488521E+01   3.047512E+02   2.209325E-01
   8.458335E+00   2.472081E+01   3.039693E+02   2.207669E-01
   8.497403E+00   2.455754E+01   3.031892E+02   2.206015E-01
   8.536651E+00   2.439539E+01   3.024110E+02   2.204363E-01
   8.576081E+00   2.423436E+01   3.016346E+02   2.202713E-01
   8.615693E+00   2.407443E+01   3.008600E+02   2.201064E-01
   8.655487E+00   2.391560E+01   3.000873E+02   2.199417E-01
   8.695466E+00   2.375786E+01   2.993164E+02   2.197773E-01
   8.735629E+00   2.360224E+01   2.985469E+02   2.196132E-01
   8.775978E+00   2.344782E+01   2.977792E+02   2.194493E-01
   8.816513E+00   2.329446E+01   2.970134E+02   2.192858E-01
   8.857236E+00   2.314214E+01   2.962495E+02   2.191226E-01
   8.898146E+00   2.299086E+01   2.954875E+02   2.189597E-01
   8.939246E+00   2.284062E+01   2.947273E+02   2.187971E-01
   8.980535E+00   2.269140E+01   2.939690E+02   2.186350E-01
   9.022015E+00   2.254365E+01   2.932124E+02   2.184733E-01
   9.063686E+00   2.239732E+01   2.924575E+02   2.183121E-01
   9.105550E+00   2.225197E+01   2.917045E+02   2.181513E-01
   9.147608E+00   2.210762E+01   2.909533E+02   2.179910E-01
   9.189860E+00   2.196424E+01   2.902039E+02   2.178311E-01
   9.232306E+00   2.182184E+01   2.894565E+02   2.176716E-01
   9.274949E+00   2.168041E+01   2.887108E+02   2.175125E-01
   9.317789E+00   2.154046E+01   2.879667E+02   2.173539E-01
   9.360827E+00   2.140219E+01   2.872241E+02   2.171958E-01
   9.404063E+00   2.126485E+01   2.864834E+02   2.170381E-01
   9.447500E+00   2.112843E+01   2.857444E+02   2.168806E-01
   9.491136E+00   2.099293E+01   2.850071E+02   2.167235E-01
   9.534975E+00   2.085834E+01   2.842716E+02   2.165665E-01
   9.579016E+00   2.072466E+01   2.835379E+02   2.164099E-01
   9.623260E+00   2.059187E+01   2.828059E+02   2.162534E-01
   9.667709E+00   2.045997E+01   2.820757E+02   2.160971E-01
   9.712362E+00   2.032895E+01   2.813472E+02   2.159409E-01
   9.757223E+00   2.019901E+01   2.806203E+02   2.157849E-01
   9.802290E+00   2.007103E+01   2.798946E+02   2.156291E-01
   9.847566E+00   1.994390E+01   2.791707E+02   2.154734E-01
   9.893050E+00   1.981760E+01   2.784485E+02   2.153178E-01
   9.938745E+00   1.969215E+01   2.777280E+02   2.151623E-01
   9.984651E+00   1.956752E+01   2.770093E+02   2.150068E-01
   1.003077E+01   1.944508E+01   2.762917E+02   2.148517E-01
   1.007710E+01   1.932413E+01   2.755756E+02   2.146968E-01
   1.012364E+01   1.920396E+01   2.748613E+02   2.145420E-01
   1.017040E+01   1.908457E+01   2.741488E+02   2.143873E-01
   1.021738E+01   1.896597E+01   2.734380E+02   2.142328E-01
   1.026457E+01   1.884814E+01   2.727289E+02   2.140784E-01
   1.031198E+01   1.873108E+01   2.720216E+02   2.139243E-01
   1.035961E+01   1.861478E+01   2.713161E+02   2.137704E-01
   1.040746E+01   1.849924E+01   2.706124E+02   2.136168E-01
   1.045553E+01   1.838446E+01   2.699105E+02   2.134634E-01
   1.050383E+01   1.827072E+01   2.692102E+02   2.133105E-01
   1.055234E+01   1.816123E+01   2.685106E+02   2.131590E-01
   1.060108E+01   1.805244E+01   2.678128E+02   2.130078E-01
   1.065005E+01   1.794433E+01   2.671168E+02   2.128569E-01
   1.069924E+01   1.783691E+01   2.664225E+02   2.127063E-01
   1.074866E+01   1.773017E+01   2.657300E+02   2.125561E-01
   1.079830E+01   1.762411E+01   2.650392E+02   2.124062E-01
   1.084818E+01   1.751872E+01   2.643501E+02   2.122566E-01
   1.089829E+01   1.741400E+01   2.636627E+02   2.121072E-01
   1.094862E+01   1.730994E+01   2.629770E+02   2.119581E-01
   1.099920E+01   1.720653E+01   2.622930E+02   2.118092E-01
   1.105000E+01   1.710685E+01   2.616099E+02   2.116617E-01
   1.110104E+01   1.700783E+01   2.609284E+02   2.115143E-01
   1.115231E+01   1.690942E+01   2.602487E+02   2.113670E-01
   1.120382E+01   1.681161E+01   2.595705E+02   2.112199E-01
   1.125557E+01   1.671440E+01   2.588941E+02   2.110728E-01
   1.130756E+01   1.661779E+01   2.582192E+02   2.109257E-01
   1.135979E+01   1.652177E+01   2.575460E+02   2.107787E-01
   1.141226E+01   1.642682E+01   2.568743E+02   2.106319E-01
   1.146497E+01   1.633404E+01   2.562039E+02   2.104857E-01
   1.151793E+01   1.624182E+01   2.555351E+02   2.103395E-01
   1.157112E+01   1.615016E+01   2.548680E+02   2.101933E-01
   1.162457E+01   1.605904E+01   2.542024E+02   2.100471E-01
   1.167826E+01   1.596846E+01   2.535386E+02   2.099008E-01
   1.173220E+01   1.587842E+01   2.528763E+02   2.097545E-01
   1.178639E+01   1.578893E+01   2.522157E+02   2.096083E-01
   1.184083E+01   1.569996E+01   2.515568E+02   2.094620E-01
   1.189552E+01   1.561153E+01   2.508995E+02   2.093158E-01
   1.195047E+01   1.552362E+01   2.502438E+02   2.091697E-01
   1.200567E+01   1.543640E+01   2.495897E+02   2.090237E-01
   1.206112E+01   1.535111E+01   2.489370E+02   2.088784E-01
   1.211683E+01   1.526631E+01   2.482859E+02   2.087332E-01
   1.217279E+01   1.518202E+01   2.476365E+02   2.085882E-01
   1.222902E+01   1.509821E+01   2.469887E+02   2.084434E-01
   1.228550E+01   1.501490E+01   2.463426E+02   2.082989E-01
   1.234225E+01   1.493208E+01   2.456981E+02   2.081545E-01
   1.239926E+01   1.484975E+01   2.450553E+02   2.080104E-01
   1.245653E+01   1.476790E+01   2.444141E+02   2.078665E-01
   1.251406E+01   1.468653E+01   2.437745E+02   2.077229E-01
   1.257186E+01   1.460563E+01   2.431364E+02   2.075794E-01
   1.262993E+01   1.452521E+01   2.425000E+02   2.074362E-01
   1.268827E+01   1.444526E+01   2.418652E+02   2.072931E-01
   1.274687E+01   1.436729E+01   2.412315E+02   2.071506E-01
   1.280575E+01   1.429014E+01   2.405993E+02   2.070084E-01
   1.286490E+01   1.421343E+01   2.399686E+02   2.068662E-01
   1.292432E+01   1.413715E+01   2.393395E+02   2.067242E-01
   1.298401E+01   1.406132E+01   2.387119E+02   2.065821E-01
   1.304398E+01   1.398591E+01   2.380858E+02   2.064401E-01
   1.310423E+01   1.391094E+01   2.374612E+02   2.062981E-01
   1.316476E+01   1.383639E+01   2.368382E+02   2.061560E-01
   1.322557E+01   1.376226E+01   2.362167E+02   2.060138E-01
   1.328665E+01   1.368856E+01   2.355966E+02   2.058716E-01
   1.334802E+01   1.361527E+01   2.349781E+02   2.057293E-01
   1.340968E+01   1.354240E+01   2.343611E+02   2.055869E-01
   1.347161E+01   1.346994E+01   2.337455E+02   2.054444E-01
   1.353384E+01   1.339970E+01   2.331310E+02   2.053023E-01
   1.359635E+01   1.333135E+01   2.325177E+02   2.051607E-01
   1.365915E+01   1.326337E+01   2.319058E+02   2.050190E-01
   1.372224E+01   1.319577E+01   2.312955E+02   2.048772E-01
   1.378562E+01   1.312853E+01   2.306867E+02   2.047353E-01
   1.384929E+01   1.306165E+01   2.300794E+02   2.045934E-01
   1.391326E+01   1.299514E+01   2.294737E+02   2.044514E-01
   1.397753E+01   1.292899E+01   2.288695E+02   2.043095E-01
   1.404209E+01   1.286320E+01   2.282668E+02   2.041677E-01
   1.410694E+01   1.279777E+01   2.276656E+02   2.040258E-01
   1.417210E+01   1.273269E+01   2.270660E+02   2.038841E-01
   1.423756E+01   1.266797E+01   2.264679E+02   2.037425E-01
   1.430332E+01   1.260359E+01   2.258713E+02   2.036011E-01
   1.436939E+01   1.253957E+01   2.252762E+02   2.034597E-01
   1.443576E+01   1.247589E+01   2.246827E+02   2.033186E-01
   1.450244E+01   1.241256E+01   2.240906E+02   2.031775E-01
   1.456942E+01   1.234957E+01   2.235000E+02   2.030367E-01
   1.463672E+01   1.228692E+01   2.229109E+02   2.028959E-01
   1.470432E+01   1.222462E+01   2.223233E+02   2.027553E-01
   1.477224E+01   1.216265E+01   2.217371E+02   2.026148E-01
   1.484047E+01   1.210101E+01   2.211524E+02   2.024743E-01
   1.490902E+01   1.203971E+01   2.205691E+02   2.023339E-01
   1.497788E+01   1.197873E+01   2.199873E+02   2.021935E-01
   1.504706E+01   1.192061E+01   2.194063E+02   2.020541E-01
   1.511656E+01   1.186396E+01   2.188264E+02   2.019150E-01
   1.518638E+01   1.180760E+01   2.182480E+02   2.017758E-01
   1.525653E+01   1.175154E+01   2.176710E+02   2.016366E-01
   1.532699E+01   1.169575E+01   2.170953E+02   2.014972E-01
   1.539779E+01   1.164025E+01   2.165211E+02   2.013577E-01
   1.546891E+01   1.158503E+01   2.159482E+02   2.012181E-01
   1.554036E+01   1.153009E+01   2.153768E+02   2.010782E-01
   1.561214E+01   1.147542E+01   2.148067E+02   2.009382E-01
   1.568425E+01   1.142104E+01   2.142381E+02   2.007981E-01
   1.575669E+01   1.136693E+01   2.136708E+02   2.006577E-01
   1.582947E+01   1.131309E+01   2.131049E+02   2.005172E-01
   1.590258E+01   1.125952E+01   2.125404E+02   2.003764E-01
   1.597603E+01   1.120622E+01   2.119773E+02   2.002356E-01
   1.604983E+01   1.115319E+01   2.114156E+02   2.000946E-01
   1.612396E+01   1.110043E+01   2.108552E+02   1.999534E-01
   1.619843E+01   1.104794E+01   2.102963E+02   1.998122E-01
   1.627325E+01   1.099571E+01   2.097388E+02   1.996710E-01
   1.634841E+01   1.094374E+01   2.091827E+02   1.995297E-01
   1.642393E+01   1.089203E+01   2.086280E+02   1.993883E-01
   1.649979E+01   1.084059E+01   2.080747E+02   1.992470E-01
   1.657600E+01   1.079234E+01   2.075222E+02   1.991069E-01
   1.665256E+01   1.074433E+01   2.069710E+02   1.989667E-01
   1.672948E+01   1.069656E+01   2.064213E+02   1.988267E-01
   1.680675E+01   1.064901E+01   2.058730E+02   1.986867E-01
   1.688438E+01   1.060169E+01   2.053261E+02   1.985468E-01
   1.696236E+01   1.055459E+01   2.047805E+02   1.984069E-01
   1.704071E+01   1.050772E+01   2.042363E+02   1.982671E-01
   1.711942E+01   1.046108E+01   2.036935E+02   1.981274E-01
   1.719849E+01   1.041465E+01   2.031520E+02   1.979876E-01
   1.727793E+01   1.036845E+01   2.026118E+02   1.978479E-01
   1.735773E+01   1.032247E+01   2.020730E+02   1.977081E-01
   1.743791E+01   1.027671E+01   2.015355E+02   1.975683E-01
   1.751845E+01   1.023116E+01   2.009993E+02   1.974284E-01
   1.759936E+01   1.018583E+01   2.004644E+02   1.972884E-01
   1.768065E+01   1.014071E+01   1.999308E+02   1.971483E-01
   1.776232E+01   1.009581E+01   1.993985E+02   1.970080E-01
   1.784436E+01   1.005112E+01   1.988674E+02   1.968675E-01
   1.792678E+01   1.000664E+01   1.983377E+02   1.967269E-01
   1.800958E+01   9.962635E+00   1.978092E+02   1.965861E-01
   1.809277E+01   9.920824E+00   1.972815E+02   1.964459E-01
   1.817634E+01   9.879201E+00   1.967552E+02   1.963054E-01
   1.826029E+01   9.837765E+00   1.962301E+02   1.961647E-01
   1.834463E+01   9.796514E+00   1.957063E+02   1.960237E-01
   1.842936E+01   9.755448E+00   1.951838E+02   1.958825E-01
   1.851449E+01   9.714566E+00   1.946625E+02   1.957410E-01
   1.860000E+01   9.673867E+00   1.941426E+02   1.955993E-01
   1.868591E+01   9.633351E+00   1.936239E+02   1.954574E-01
   1.877222E+01   9.593015E+00   1.931065E+02   1.953152E-01
   1.885893E+01   9.552860E+00   1.925904E+02   1.951730E-01
   1.894604E+01   9.512884E+00   1.920756E+02   1.950305E-01
   1.903354E+01   9.473680E+00   1.915619E+02   1.948882E-01
   1.912146E+01   9.435601E+00   1.910494E+02   1.947462E-01
   1.920978E+01   9.397687E+00   1.905382E+02   1.946041E-01
   1.929851E+01   9.359936E+00   1.900282E+02   1.944620E-01
   1.938764E+01   9.322348E+00   1.895196E+02   1.943198E-01
   1.947719E+01   9.284923E+00   1.890122E+02   1.941776E-01
   1.956715E+01   9.247659E+00   1.885061E+02   1.940354E-01
   1.965753E+01   9.210556E+00   1.880013E+02   1.938933E-01
   1.974833E+01   9.173614E+00   1.874977E+02   1.937511E-01
   1.983954E+01   9.136831E+00   1.869954E+02   1.936089E-01
   1.993118E+01   9.100206E+00   1.864943E+02   1.934666E-01
   2.002324E+01   9.064093E+00   1.859944E+02   1.933245E-01
   2.011573E+01   9.029184E+00   1.854956E+02   1.931827E-01
   2.020864E+01   8.994420E+00   1.849980E+02   1.930409E-01
   2.030198E+01   8.959799E+00   1.845016E+02   1.928989E-01
   2.039575E+01   8.925321E+00   1.840064E+02   1.927568E-01
   2.048996E+01   8.890986E+00   1.835123E+02   1.926145E-01
   2.058460E+01   8.856792E+00   1.830195E+02   1.924720E-01
   2.067967E+01   8.822739E+00   1.825279E+02   1.923293E-01
   2.077519E+01   8.788825E+00   1.820375E+02   1.921864E-01
   2.087115E+01   8.755051E+00   1.815482E+02   1.920431E-01
   2.096755E+01   8.721415E+00   1.810601E+02   1.918996E-01
   2.106440E+01   8.689225E+00   1.805730E+02   1.917564E-01
   2.116169E+01   8.657818E+00   1.800869E+02   1.916131E-01
   2.125943E+01   8.626533E+00   1.796020E+02   1.914695E-01
   2.135763E+01   8.595369E+00   1.791183E+02   1.913256E-01
   2.145628E+01   8.564324E+00   1.786358E+02   1.911814E-01
   2.155538E+01   8.533399E+00   1.781544E+02   1.910368E-01
   2.165494E+01   8.502593E+00   1.776742E+02   1.908920E-01
   2.175496E+01   8.471905E+00   1.771952E+02   1.907468E-01
   2.185545E+01   8.441335E+00   1.767174E+02   1.906014E-01
   2.195640E+01   8.410883E+00   1.762407E+02   1.904558E-01
   2.205781E+01   8.380547E+00   1.757652E+02   1.903099E-01
   2.215969E+01   8.350329E+00   1.752909E+02   1.901638E-01
   2.226204E+01   8.320226E+00   1.748178E+02   1.900176E-01
   2.236487E+01   8.290240E+00   1.743459E+02   1.898712E-01
   2.246817E+01   8.260369E+00   1.738752E+02   1.897247E-01
   2.257195E+01   8.230613E+00   1.734056E+02   1.895781E-01
   2.267621E+01   8.200971E+00   1.729372E+02   1.894314E-01
   2.278094E+01   8.171444E+00   1.724700E+02   1.892846E-01
   2.288617E+01   8.142030E+00   1.720040E+02   1.891378E-01
   2.299187E+01   8.112730E+00   1.715391E+02   1.889909E-01
   2.309807E+01   8.085494E+00   1.710751E+02   1.888448E-01
   2.320476E+01   8.058517E+00   1.706122E+02   1.886987E-01
   2.331194E+01   8.031636E+00   1.701504E+02   1.885525E-01
   2.341961E+01   8.004851E+00   1.696898E+02   1.884062E-01
   2.352779E+01   7.978161E+00   1.692302E+02   1.882596E-01
   2.363646E+01   7.951566E+00   1.687718E+02   1.881129E-01
   2.374563E+01   7.925065E+00   1.683146E+02   1.879660E-01
   2.385531E+01   7.898658E+00   1.678584E+02   1.878189E-01
   2.396549E+01   7.872344E+00   1.674033E+02   1.876715E-01
   2.407619E+01   7.846123E+00   1.669493E+02   1.875238E-01
   2.418739E+01   7.819994E+00   1.664963E+02   1.873758E-01
   2.429911E+01   7.793958E+00   1.660445E+02   1.872274E-01
   2.441135E+01   7.768012E+00   1.655937E+02   1.870787E-01
   2.452410E+01   7.742158E+00   1.651440E+02   1.869297E-01
   2.463737E+01   7.716394E+00   1.646954E+02   1.867802E-01
   2.475117E+01   7.690721E+00   1.642479E+02   1.866304E-01
   2.486549E+01   7.665137E+00   1.638014E+02   1.864802E-01
   2.498034E+01   7.639643E+00   1.633560E+02   1.863296E-01
   2.509572E+01   7.615566E+00   1.629115E+02   1.861793E-01
   2.521164E+01   7.591841E+00   1.624681E+02   1.860287E-01
   2.532809E+01   7.568194E+00   1.620257E+02   1.858777E-01
   2.544508E+01   7.544623E+00   1.615844E+02   1.857264E-01
   2.556260E+01   7.521130E+00   1.611442E+02   1.855748E-01
   2.568067E+01   7.497713E+00   1.607051E+02   1.854229E-01
   2.579929E+01   7.474372E+00   1.602670E+02   1.852707E-01
   2.591845E+01   7.451107E+00   1.598301E+02   1.851183E-01
   2.603817E+01   7.427918E+00   1.593942E+02   1.849657E-01
   2.615843E+01   7.404805E+00   1.589594E+02   1.848129E-01
   2.627926E+01   7.381767E+00   1.585257E+02   1.846599E-01
   2.640064E+01   7.358805E+00   1.580930E+02   1.845067E-01
   2.652258E+01   7.336101E+00   1.576615E+02   1.843535E-01
   2.664508E+01   7.314280E+00   1.572309E+02   1.842005E-01
   2.676815E+01   7.292527E+00   1.568013E+02   1.840474E-01
   2.689179E+01   7.270841E+00   1.563728E+02   1.838941E-01
   2.701600E+01   7.249222E+00   1.559454E+02   1.837407E-01
   2.714079E+01   7.227671E+00   1.555190E+02   1.835871E-01
   2.726615E+01   7.206186E+00   1.550936E+02   1.834333E-01
   2.739208E+01   7.184768E+00   1.546693E+02   1.832793E-01
   2.751861E+01   7.163579E+00   1.542459E+02   1.831251E-01
   2.764571E+01   7.143399E+00   1.538235E+02   1.829711E-01
   2.777340E+01   7.123278E+00   1.534021E+02   1.828169E-01
   2.790168E+01   7.103215E+00   1.529817E+02   1.826623E-01
   2.803056E+01   7.083209E+00   1.525623E+02   1.825074E-01
   2.816003E+01   7.063261E+00   1.521439E+02   1.823520E-01
   2.829010E+01   7.043370E+00   1.517265E+02   1.821963E-01
   2.842076E+01   7.023536E+00   1.513100E+02   1.820402E-01
   2.855204E+01   7.003758E+00   1.508946E+02   1.818836E-01
   2.868391E+01   6.984037E+00   1.504802E+02   1.817266E-01
   2.881640E+01   6.964372E+00   1.500667E+02   1.815691E-01
   2.894950E+01   6.944764E+00   1.496542E+02   1.814112E-01
   2.908322E+01   6.925210E+00   1.492427E+02   1.812527E-01
   2.921755E+01   6.905713E+00   1.488322E+02   1.810939E-01
   2.935250E+01   6.886271E+00   1.484226E+02   1.809346E-01
   2.948808E+01   6.866884E+00   1.480141E+02   1.807748E-01
   2.962428E+01   6.848724E+00   1.476064E+02   1.806153E-01
   2.976111E+01   6.830725E+00   1.471997E+02   1.804555E-01
   2.989857E+01   6.812772E+00   1.467940E+02   1.802953E-01
   3.003667E+01   6.794866E+00   1.463893E+02   1.801348E-01
   3.017540E+01   6.777007E+00   1.459856E+02   1.799739E-01
   3.031478E+01   6.759194E+00   1.455829E+02   1.798127E-01
   3.045480E+01   6.741428E+00   1.451812E+02   1.796513E-01
   3.059547E+01   6.723708E+00   1.447805E+02   1.794896E-01
   3.073678E+01   6.706035E+00   1.443807E+02   1.793277E-01
   3.087875E+01   6.688407E+00   1.439820E+02   1.791655E-01
   3.102138E+01   6.670826E+00   1.435842E+02   1.790031E-01
   3.116466E+01   6.653290E+00   1.431874E+02   1.788405E-01
   3.130861E+01   6.635801E+00   1.427916E+02   1.786777E-01
   3.145322E+01   6.618357E+00   1.423967E+02   1.785146E-01
   3.159850E+01   6.601647E+00   1.420027E+02   1.783518E-01
   3.174445E+01   6.585306E+00   1.416097E+02   1.781888E-01
   3.189107E+01   6.569004E+00   1.412176E+02   1.780255E-01
   3.203837E+01   6.552741E+00   1.408264E+02   1.778620E-01
   3.218635E+01   6.536517E+00   1.404362E+02   1.776981E-01
   3.233502E+01   6.520330E+00   1.400469E+02   1.775338E-01
   3.248437E+01   6.504183E+00   1.396585E+02   1.773691E-01
   3.263441E+01   6.488073E+00   1.392711E+02   1.772040E-01
   3.278515E+01   6.472001E+00   1.388845E+02   1.770385E-01
   3.293658E+01   6.455966E+00   1.384989E+02   1.768725E-01
   3.308871E+01   6.439970E+00   1.381142E+02   1.767060E-01
   3.324154E+01   6.424662E+00   1.377303E+02   1.765394E-01
   3.339508E+01   6.409440E+00   1.373473E+02   1.763724E-01
   3.354933E+01   6.394251E+00   1.369652E+02   1.762048E-01
   3.370429E+01   6.379095E+00   1.365841E+02   1.760366E-01
   3.385996E+01   6.363971E+00   1.362038E+02   1.758680E-01
   3.401636E+01   6.348881E+00   1.358244E+02   1.756987E-01
   3.417347E+01   6.333822E+00   1.354460E+02   1.755290E-01
   3.433132E+01   6.318796E+00   1.350684E+02   1.753588E-01
   3.448989E+01   6.303803E+00   1.346918E+02   1.751880E-01
   3.464919E+01   6.289427E+00   1.343160E+02   1.750172E-01
   3.480923E+01   6.275120E+00   1.339411E+02   1.748459E-01
   3.497001E+01   6.260842E+00   1.335672E+02   1.746743E-01
   3.513154E+01   6.246593E+00   1.331941E+02   1.745022E-01
   3.529380E+01   6.232372E+00   1.328220E+02   1.743297E-01
   3.545682E+01   6.218180E+00   1.324507E+02   1.741569E-01
   3.562059E+01   6.204016E+00   1.320804E+02   1.739837E-01
   3.578512E+01   6.189881E+00   1.317110E+02   1.738102E-01
   3.595041E+01   6.175774E+00   1.313425E+02   1.736364E-01
   3.611646E+01   6.162034E+00   1.309749E+02   1.734626E-01
   3.628327E+01   6.148464E+00   1.306081E+02   1.732885E-01
   3.645086E+01   6.134920E+00   1.302423E+02   1.731142E-01
   3.661922E+01   6.121401E+00   1.298773E+02   1.729396E-01
   3.678836E+01   6.107908E+00   1.295133E+02   1.727646E-01
   3.695828E+01   6.094440E+00   1.291500E+02   1.725893E-01
   3.712899E+01   6.081340E+00   1.287877E+02   1.724139E-01
   3.730048E+01   6.068375E+00   1.284262E+02   1.722381E-01
   3.747277E+01   6.055433E+00   1.280655E+02   1.720620E-01
   3.764585E+01   6.042513E+00   1.277057E+02   1.718854E-01
   3.781973E+01   6.029615E+00   1.273468E+02   1.717084E-01
   3.799442E+01   6.016739E+00   1.269887E+02   1.715308E-01
   3.816991E+01   6.003886E+00   1.266314E+02   1.713527E-01
   3.834621E+01   5.991054E+00   1.262750E+02   1.711741E-01
   3.852333E+01   5.978308E+00   1.259194E+02   1.709950E-01
   3.870126E+01   5.966006E+00   1.255646E+02   1.708156E-01
   3.888002E+01   5.953723E+00   1.252106E+02   1.706357E-01
   3.905960E+01   5.941459E+00   1.248575E+02   1.704551E-01
   3.924001E+01   5.929214E+00   1.245052E+02   1.702738E-01
   3.942126E+01   5.916987E+00   1.241537E+02   1.700920E-01
   3.960334E+01   5.904780E+00   1.238030E+02   1.699096E-01
   3.978626E+01   5.892590E+00   1.234532E+02   1.697265E-01
   3.997003E+01   5.880420E+00   1.231042E+02   1.695428E-01
   4.015465E+01   5.868754E+00   1.227560E+02   1.693590E-01
   4.034012E+01   5.857199E+00   1.224087E+02   1.691746E-01
   4.052644E+01   5.845659E+00   1.220622E+02   1.689897E-01
   4.071363E+01   5.834134E+00   1.217165E+02   1.688042E-01
   4.090168E+01   5.822625E+00   1.213716E+02   1.686183E-01
   4.109060E+01   5.811132E+00   1.210276E+02   1.684319E-01
   4.128039E+01   5.799654E+00   1.206844E+02   1.682450E-01
   4.147106E+01   5.788191E+00   1.203421E+02   1.680578E-01
   4.166261E+01   5.776745E+00   1.200005E+02   1.678701E-01
   4.185505E+01   5.765313E+00   1.196599E+02   1.676820E-01
   4.204837E+01   5.754061E+00   1.193200E+02   1.674937E-01
   4.224259E+01   5.743314E+00   1.189809E+02   1.673054E-01
   4.243770E+01   5.732579E+00   1.186427E+02   1.671167E-01
   4.263371E+01   5.721856E+00   1.183053E+02   1.669276E-01
   4.283063E+01   5.711145E+00   1.179686E+02   1.667381E-01
   4.302846E+01   5.700446E+00   1.176328E+02   1.665482E-01
   4.322721E+01   5.689758E+00   1.172978E+02   1.663579E-01
   4.342687E+01   5.679239E+00   1.169636E+02   1.661672E-01
   4.362745E+01   5.668980E+00   1.166301E+02   1.659763E-01
   4.382896E+01   5.658731E+00   1.162975E+02   1.657849E-01
   4.403140E+01   5.648491E+00   1.159656E+02   1.655929E-01
   4.423478E+01   5.638261E+00   1.156345E+02   1.654003E-01
   4.443909E+01   5.628040E+00   1.153041E+02   1.652072E-01
   4.464435E+01   5.617828E+00   1.149745E+02   1.650134E-01
   4.485056E+01   5.607626E+00   1.146457E+02   1.648189E-01
   4.505772E+01   5.597433E+00   1.143177E+02   1.646238E-01
   4.526583E+01   5.587249E+00   1.139904E+02   1.644280E-01
   4.547491E+01   5.577074E+00   1.136639E+02   1.642315E-01
   4.568495E+01   5.567174E+00   1.133382E+02   1.640348E-01
   4.589597E+01   5.557401E+00   1.130132E+02   1.638377E-01
   4.610795E+01   5.547635E+00   1.126891E+02   1.636398E-01
   4.632092E+01   5.537877E+00   1.123656E+02   1.634412E-01
   4.653487E+01   5.528125E+00   1.120430E+02   1.632419E-01
   4.674981E+01   5.518381E+00   1.117211E+02   1.630419E-01
   4.696574E+01   5.508644E+00   1.113999E+02   1.628413E-01
   4.718267E+01   5.498915E+00   1.110796E+02   1.626400E-01
   4.740060E+01   5.489192E+00   1.107600E+02   1.624381E-01
   4.761954E+01   5.479477E+00   1.104411E+02   1.622356E-01
   4.783949E+01   5.469769E+00   1.101231E+02   1.620325E-01
   4.806045E+01   5.460068E+00   1.098057E+02   1.618289E-01
   4.828244E+01   5.450375E+00   1.094892E+02   1.616247E-01
   4.850545E+01   5.440689E+00   1.091734E+02   1.614201E-01
   4.872949E+01   5.431010E+00   1.088584E+02   1.612149E-01
   4.895456E+01   5.421339E+00   1.085441E+02   1.610093E-01
   4.918068E+01   5.411675E+00   1.082306E+02   1.608032E-01
   4.940784E+01   5.402018E+00   1.079179E+02   1.605966E-01
   4.963605E+01   5.392369E+00   1.076059E+02   1.603896E-01
   4.986531E+01   5.382727E+00   1.072946E+02   1.601820E-01
   5.009563E+01   5.372871E+00   1.069842E+02   1.599742E-01
   5.032702E+01   5.362712E+00   1.066746E+02   1.597663E-01
   5.055947E+01   5.352563E+00   1.063657E+02   1.595578E-01
   5.079300E+01   5.342425E+00   1.060576E+02   1.593488E-01
   5.102761E+01   5.332298E+00   1.057502E+02   1.591391E-01
   5.126330E+01   5.322180E+00   1.054435E+02   1.589288E-01
   5.150008E+01   5.312073E+00   1.051375E+02   1.587178E-01
   5.173795E+01   5.301976E+00   1.048322E+02   1.585062E-01
   5.197692E+01   5.291889E+00   1.045276E+02   1.582938E-01
   5.221699E+01   5.281812E+00   1.042238E+02   1.580807E-01
   5.245818E+01   5.271746E+00   1.039206E+02   1.578668E-01
   5.270048E+01   5.261689E+00   1.036181E+02   1.576521E-01
   5.294389E+01   5.251642E+00   1.033163E+02   1.574366E-01
   5.318843E+01   5.241605E+00   1.030152E+02   1.572203E-01
   5.343411E+01   5.231577E+00   1.027148E+02   1.570032E-01
   5.368091E+01   5.221560E+00   1.024150E+02   1.567853E-01
   5.392886E+01   5.211552E+00   1.021160E+02   1.565665E-01
   5.417795E+01   5.201554E+00   1.018177E+02   1.563470E-01
   5.442819E+01   5.191566E+00   1.015201E+02   1.561267E-01
   5.467959E+01   5.181587E+00   1.012231E+02   1.559056E-01
   5.493214E+01   5.171619E+00   1.009269E+02   1.556837E-01
   5.518587E+01   5.161660E+00   1.006314E+02   1.554612E-01
   5.544077E+01   5.151711E+00   1.003366E+02   1.552379E-01
   5.569684E+01   5.141772E+00   1.000424E+02   1.550140E-01
   5.595410E+01   5.131842E+00   9.974901E+01   1.547894E-01
   5.621254E+01   5.121923E+00   9.945629E+01   1.545642E-01
   5.647218E+01   5.112013E+00   9.916427E+01   1.543383E-01
   5.673302E+01   5.102114E+00   9.887294E+01   1.541119E-01
   5.699506E+01   5.092224E+00   9.858231E+01   1.538849E-01
   5.725831E+01   5.082345E+00   9.829238E+01   1.536573E-01
   5.752278E+01   5.072475E+00   9.800313E+01   1.534291E-01
   5.778847E+01   5.062615E+00   9.771457E+01   1.532004E-01
   5.805539E+01   5.052765E+00   9.742669E+01   1.529710E-01
   5.832354E+01   5.042925E+00   9.713949E+01   1.527411E-01
   5.859293E+01   5.033095E+00   9.685296E+01   1.525105E-01
   5.886357E+01   5.023274E+00   9.656710E+01   1.522793E-01
   5.913545E+01   5.013464E+00   9.628190E+01   1.520473E-01
   5.940859E+01   5.003663E+00   9.599737E+01   1.518147E-01
   5.968299E+01   4.993871E+00   9.571349E+01   1.515814E-01
   5.995866E+01   4.984090E+00   9.543026E+01   1.513473E-01
   6.023560E+01   4.973627E+00   9.514784E+01   1.511126E-01
   6.051382E+01   4.963058E+00   9.486609E+01   1.508772E-01
   6.079333E+01   4.952503E+00   9.458498E+01   1.506410E-01
   6.107412E+01   4.941963E+00   9.430451E+01   1.504038E-01
   6.135622E+01   4.931437E+00   9.402469E+01   1.501658E-01
   6.163961E+01   4.920925E+00   9.374549E+01   1.499269E-01
   6.192432E+01   4.910428E+00   9.346694E+01   1.496870E-01
   6.221034E+01   4.899945E+00   9.318902E+01   1.494462E-01
   6.249768E+01   4.889477E+00   9.291174E+01   1.492045E-01
   6.278635E+01   4.879023E+00   9.263510E+01   1.489619E-01
   6.307635E+01   4.868583E+00   9.235910E+01   1.487183E-01
   6.336770E+01   4.858157E+00   9.208373E+01   1.484739E-01
   6.366038E+01   4.847745E+00   9.180901E+01   1.482285E-01
   6.395442E+01   4.837348E+00   9.153493E+01   1.479823E-01
   6.424982E+01   4.826965E+00   9.126150E+01   1.477353E-01
   6.454658E+01   4.816596E+00   9.098871E+01   1.474874E-01
   6.484471E+01   4.806242E+00   9.071656E+01   1.472388E-01
   6.514422E+01   4.795902E+00   9.044505E+01   1.469894E-01
   6.544512E+01   4.785576E+00   9.017420E+01   1.467392E-01
   6.574740E+01   4.775265E+00   8.990398E+01   1.464884E-01
   6.605108E+01   4.764968E+00   8.963440E+01   1.462368E-01
   6.635616E+01   4.754685E+00   8.936547E+01   1.459845E-01
   6.666265E+01   4.744417E+00   8.909716E+01   1.457315E-01
   6.697056E+01   4.734163E+00   8.882950E+01   1.454778E-01
   6.727989E+01   4.723924E+00   8.856246E+01   1.452234E-01
   6.759065E+01   4.713698E+00   8.829605E+01   1.449682E-01
   6.790284E+01   4.703488E+00   8.803026E+01   1.447124E-01
   6.821647E+01   4.693291E+00   8.776509E+01   1.444558E-01
   6.853156E+01   4.683108E+00   8.750054E+01   1.441985E-01
   6.884809E+01   4.672940E+00   8.723660E+01   1.439404E-01
   6.916610E+01   4.662786E+00   8.697327E+01   1.436814E-01
   6.948557E+01   4.652646E+00   8.671054E+01   1.434216E-01
   6.980651E+01   4.642520E+00   8.644841E+01   1.431610E-01
   7.012894E+01   4.632359E+00   8.618691E+01   1.428996E-01
   7.045286E+01   4.622139E+00   8.592605E+01   1.426376E-01
   7.077827E+01   4.611934E+00   8.566577E+01   1.423746E-01
   7.110518E+01   4.601744E+00   8.540609E+01   1.421106E-01
   7.143361E+01   4.591569E+00   8.514700E+01   1.418455E-01
   7.176355E+01   4.581409E+00   8.488849E+01   1.415795E-01
   7.209502E+01   4.571263E+00   8.463057E+01   1.413124E-01
   7.242802E+01   4.561132E+00   8.437323E+01   1.410442E-01
   7.276255E+01   4.551016E+00   8.411648E+01   1.407750E-01
   7.309864E+01   4.540915E+00   8.386032E+01   1.405047E-01
   7.343627E+01   4.530828E+00   8.360474E+01   1.402333E-01
   7.377546E+01   4.520756E+00   8.334975E+01   1.399609E-01
   7.411622E+01   4.510699E+00   8.309535E+01   1.396875E-01
   7.445856E+01   4.500656E+00   8.284154E+01   1.394130E-01
   7.480247E+01   4.490628E+00   8.258832E+01   1.391376E-01
   7.514797E+01   4.480615E+00   8.233570E+01   1.388612E-01
   7.549507E+01   4.470617E+00   8.208367E+01   1.385839E-01
   7.584378E+01   4.460633E+00   8.183223E+01   1.383057E-01
   7.619409E+01   4.450664E+00   8.158138E+01   1.380266E-01
   7.654602E+01   4.440710E+00   8.133113E+01   1.377466E-01
   7.689958E+01   4.430770E+00   8.108146E+01   1.374658E-01
   7.725477E+01   4.420846E+00   8.083239E+01   1.371841E-01
   7.761160E+01   4.410936E+00   8.058390E+01   1.369017E-01
   7.797007E+01   4.401041E+00   8.033600E+01   1.366184E-01
   7.833021E+01   4.391160E+00   8.008868E+01   1.363342E-01
   7.869201E+01   4.381295E+00   7.984193E+01   1.360493E-01
   7.905548E+01   4.371444E+00   7.959576E+01   1.357634E-01
   7.942062E+01   4.361608E+00   7.935016E+01   1.354767E-01
   7.978746E+01   4.351787E+00   7.910513E+01   1.351891E-01
   8.015599E+01   4.341980E+00   7.886066E+01   1.349006E-01
   8.052622E+01   4.332188E+00   7.861675E+01   1.346111E-01
   8.089816E+01   4.322410E+00   7.837339E+01   1.343207E-01
   8.127182E+01   4.312647E+00   7.813059E+01   1.340292E-01
   8.164720E+01   4.302899E+00   7.788834E+01   1.337366E-01
   8.202432E+01   4.293165E+00   7.764663E+01   1.334430E-01
   8.240318E+01   4.283445E+00   7.740547E+01   1.331483E-01
   8.278379E+01   4.273740E+00   7.716485E+01   1.328524E-01
   8.316616E+01   4.264048E+00   7.692478E+01   1.325553E-01
   8.355029E+01   4.254372E+00   7.668524E+01   1.322570E-01
   8.393620E+01   4.244709E+00   7.644625E+01   1.319576E-01
   8.432389E+01   4.235061E+00   7.620780E+01   1.316569E-01
   8.471337E+01   4.225426E+00   7.596989E+01   1.313551E-01
   8.510465E+01   4.215818E+00   7.573253E+01   1.310521E-01
   8.549774E+01   4.206256E+00   7.549574E+01   1.307483E-01
   8.589264E+01   4.196707E+00   7.525950E+01   1.304433E-01
   8.628937E+01   4.187174E+00   7.502380E+01   1.301371E-01
   8.668793E+01   4.177654E+00   7.478864E+01   1.298297E-01
   8.708833E+01   4.168148E+00   7.455403E+01   1.295212E-01
   8.749058E+01   4.158657E+00   7.431996E+01   1.292116E-01
   8.789469E+01   4.149180E+00   7.408644E+01   1.289009E-01
   8.830067E+01   4.139717E+00   7.385347E+01   1.285891E-01
   8.870852E+01   4.130269E+00   7.362104E+01   1.282763E-01
   8.911825E+01   4.120835E+00   7.338915E+01   1.279624E-01
   8.952988E+01   4.111415E+00   7.315781E+01   1.276476E-01
   8.994340E+01   4.102009E+00   7.292701E+01   1.273317E-01
   9.035884E+01   4.092618E+00   7.269675E+01   1.270148E-01
   9.077620E+01   4.083241E+00   7.246703E+01   1.266969E-01
   9.119548E+01   4.073878E+00   7.223784E+01   1.263780E-01
   9.161670E+01   4.064530E+00   7.200918E+01   1.260581E-01
   9.203987E+01   4.055196E+00   7.178105E+01   1.257372E-01
   9.246499E+01   4.045876E+00   7.155345E+01   1.254152E-01
   9.289207E+01   4.036570E+00   7.132638E+01   1.250922E-01
   9.332113E+01   4.027279E+00   7.109982E+01   1.247680E-01
   9.375217E+01   4.018001E+00   7.087377E+01   1.244427E-01
   9.418520E+01   4.008738E+00   7.064824E+01   1.241163E-01
   9.462023E+01   3.999489E+00   7.042322E+01   1.237887E-01
   9.505727E+01   3.990254E+00   7.019871E+01   1.234599E-01
   9.549632E+01   3.981033E+00   6.997471E+01   1.231298E-01
   9.593741E+01   3.971826E+00   6.975121E+01   1.227984E-01
   9.638053E+01   3.962633E+00   6.952821E+01   1.224658E-01
   9.682570E+01   3.953454E+00   6.930571E+01   1.221318E-01
   9.727293E+01   3.944288E+00   6.908371E+01   1.217965E-01
   9.772222E+01   3.935137E+00   6.886221E+01   1.214598E-01
   9.817359E+01   3.925999E+00   6.864121E+01   1.211217E-01
   9.862704E+01   3.916876E+00   6.842070E+01   1.207823E-01
   9.908259E+01   3.907766E+00   6.820070E+01   1.204415E-01
   9.954024E+01   3.898670E+00   6.798119E+01   1.200993E-01
   1.000000E+02   3.889587E+00   6.776219E+01   1.197557E-01
