#============================================================================
# Opacities computed by OpTool        <a^n>=  1.6609E-1  2.1930E-1  5.3377E-1
# Method:   DHS  fmax=  0.700
# Parameters:
#   amin [um]=      0.100 amax [um]=    100.000  na  =   46    apow=   3.5    
#   lmin [um]=      0.100 lmax [um]=    100.000  nlam=  300    nang=   180
#   porosity =      0.000 p_mantle =      0.000  fmax= 0.70    chop=   0.0
# Composition:
#  Where   mfrac  rho   Material
#  -----   -----  ----  -----------------------------------------------------
#  core    1.000  7.87  lnk_data/fe3o4-Querry1985.lnk
#  - - -   - - -  -  -  - - - - - - - - - - - - - - - - - - - - - - - - - - -
#  grain   1.000  7.87  mixture of  1 materials
#----------------------------------------------------------------------------
# Command: optool -c lnk_data/fe3o4-Querry1985.lnk 612 7.87 -a 0.1 100 -l \
#   0.1 100 -dhs 0.7
#============================================================================
# Standard output file, no scattering matrix
#    iformat
#    nlambda
#    lambda[um]  kabs [cm^2/g]  ksca [cm^2/g]    g_asymmetry
#============================================================================
           3
         300
   1.000000E-01   3.506915E+02   5.938944E+02   8.449980E-01
   1.023372E-01   3.500696E+02   5.969692E+02   8.446190E-01
   1.047290E-01   3.496876E+02   5.999622E+02   8.441253E-01
   1.071767E-01   3.489332E+02   6.032755E+02   8.436994E-01
   1.096816E-01   3.480706E+02   6.070329E+02   8.431170E-01
   1.122451E-01   3.478700E+02   6.106432E+02   8.429084E-01
   1.148684E-01   3.469940E+02   6.141531E+02   8.424245E-01
   1.175531E-01   3.460259E+02   6.183708E+02   8.415971E-01
   1.203005E-01   3.456481E+02   6.226061E+02   8.405574E-01
   1.231122E-01   3.446346E+02   6.263545E+02   8.393224E-01
   1.259895E-01   3.434859E+02   6.305831E+02   8.387689E-01
   1.289341E-01   3.433554E+02   6.352039E+02   8.384948E-01
   1.319476E-01   3.431856E+02   6.391401E+02   8.378128E-01
   1.350314E-01   3.415971E+02   6.425150E+02   8.372284E-01
   1.381873E-01   3.403769E+02   6.470419E+02   8.360826E-01
   1.414170E-01   3.403941E+02   6.518420E+02   8.345836E-01
   1.447222E-01   3.398765E+02   6.567270E+02   8.328977E-01
   1.481046E-01   3.387017E+02   6.616697E+02   8.313389E-01
   1.515661E-01   3.378539E+02   6.662417E+02   8.307500E-01
   1.551084E-01   3.369432E+02   6.704645E+02   8.298946E-01
   1.587336E-01   3.358748E+02   6.751110E+02   8.289152E-01
   1.624435E-01   3.362980E+02   6.808763E+02   8.269831E-01
   1.662401E-01   3.364985E+02   6.860816E+02   8.241420E-01
   1.701254E-01   3.347502E+02   6.906484E+02   8.218332E-01
   1.741016E-01   3.326779E+02   6.954863E+02   8.204592E-01
   1.781706E-01   3.321733E+02   7.007893E+02   8.196926E-01
   1.823348E-01   3.321120E+02   7.064651E+02   8.182260E-01
   1.865963E-01   3.323981E+02   7.132453E+02   8.157256E-01
   1.909574E-01   3.333012E+02   7.198685E+02   8.122735E-01
   1.954204E-01   3.319761E+02   7.246431E+02   8.086122E-01
   1.999877E-01   3.292802E+02   7.289222E+02   8.061360E-01
   2.046618E-01   3.278341E+02   7.343795E+02   8.047687E-01
   2.094451E-01   3.281012E+02   7.409685E+02   8.032430E-01
   2.143402E-01   3.371065E+02   7.352281E+02   8.025124E-01
   2.193497E-01   3.472710E+02   7.283137E+02   8.012864E-01
   2.244763E-01   3.514695E+02   7.286990E+02   7.984195E-01
   2.297228E-01   3.540136E+02   7.293965E+02   7.951008E-01
   2.350918E-01   3.530902E+02   7.325955E+02   7.913158E-01
   2.405863E-01   3.513298E+02   7.359696E+02   7.878576E-01
   2.462092E-01   3.466540E+02   7.428213E+02   7.835881E-01
   2.519636E-01   3.413090E+02   7.512945E+02   7.788759E-01
   2.578524E-01   3.343979E+02   7.632014E+02   7.731544E-01
   2.638789E-01   3.280323E+02   7.757195E+02   7.668668E-01
   2.700462E-01   3.214588E+02   7.884389E+02   7.600871E-01
   2.763577E-01   3.163094E+02   8.004041E+02   7.541452E-01
   2.828167E-01   3.141354E+02   8.090945E+02   7.498165E-01
   2.894266E-01   3.163447E+02   8.135085E+02   7.466317E-01
   2.961910E-01   3.186487E+02   8.173197E+02   7.429172E-01
   3.031136E-01   3.212225E+02   8.194333E+02   7.388360E-01
   3.101979E-01   3.236358E+02   8.192427E+02   7.345570E-01
   3.174477E-01   3.268517E+02   8.169704E+02   7.308791E-01
   3.248671E-01   3.276638E+02   8.178826E+02   7.270719E-01
   3.324598E-01   3.280983E+02   8.207889E+02   7.235317E-01
   3.402300E-01   3.301054E+02   8.239856E+02   7.202196E-01
   3.481818E-01   3.330375E+02   8.276200E+02   7.166416E-01
   3.563194E-01   3.350368E+02   8.323569E+02   7.119896E-01
   3.646472E-01   3.338737E+02   8.394610E+02   7.056746E-01
   3.731697E-01   3.271413E+02   8.514137E+02   6.975155E-01
   3.818913E-01   3.133648E+02   8.699349E+02   6.875133E-01
   3.908168E-01   2.930032E+02   8.935843E+02   6.764759E-01
   3.999509E-01   2.655509E+02   9.237627E+02   6.643267E-01
   4.092985E-01   2.369419E+02   9.578067E+02   6.521315E-01
   4.188645E-01   2.059708E+02   9.976778E+02   6.382613E-01
   4.286541E-01   1.787207E+02   1.027512E+03   6.262675E-01
   4.386726E-01   1.756975E+02   1.031361E+03   6.216937E-01
   4.489251E-01   1.904604E+02   1.011101E+03   6.246452E-01
   4.594173E-01   2.155588E+02   9.841977E+02   6.298379E-01
   4.701547E-01   2.437159E+02   9.564804E+02   6.353608E-01
   4.811431E-01   2.608994E+02   9.393321E+02   6.375956E-01
   4.923883E-01   2.682542E+02   9.315144E+02   6.373754E-01
   5.038963E-01   2.764125E+02   9.192093E+02   6.394553E-01
   5.156732E-01   2.853784E+02   9.020717E+02   6.434250E-01
   5.277254E-01   2.960689E+02   8.828256E+02   6.480818E-01
   5.400593E-01   3.076565E+02   8.632443E+02   6.523712E-01
   5.526815E-01   3.158006E+02   8.480101E+02   6.548996E-01
   5.655986E-01   3.239840E+02   8.321823E+02   6.571756E-01
   5.788177E-01   3.313392E+02   8.160791E+02   6.592038E-01
   5.923457E-01   3.367186E+02   8.016975E+02   6.605396E-01
   6.061899E-01   3.406350E+02   7.891783E+02   6.614373E-01
   6.203576E-01   3.428246E+02   7.791055E+02   6.615433E-01
   6.348565E-01   3.428295E+02   7.730422E+02   6.599723E-01
   6.496943E-01   3.336794E+02   7.767656E+02   6.559500E-01
   6.648788E-01   3.296589E+02   7.723107E+02   6.546216E-01
   6.804182E-01   3.223654E+02   7.708567E+02   6.521891E-01
   6.963208E-01   3.138431E+02   7.685037E+02   6.505671E-01
   7.125951E-01   3.072220E+02   7.625632E+02   6.506969E-01
   7.292497E-01   3.021227E+02   7.549505E+02   6.515110E-01
   7.462936E-01   2.986275E+02   7.455981E+02   6.529159E-01
   7.637358E-01   2.977314E+02   7.331532E+02   6.551698E-01
   7.815857E-01   2.993244E+02   7.165779E+02   6.585906E-01
   7.998527E-01   3.055321E+02   6.951489E+02   6.634069E-01
   8.185467E-01   3.055771E+02   6.800734E+02   6.669987E-01
   8.376776E-01   3.114159E+02   6.593348E+02   6.724390E-01
   8.572557E-01   3.179727E+02   6.385991E+02   6.777845E-01
   8.772913E-01   3.240108E+02   6.187726E+02   6.826770E-01
   8.977952E-01   3.314989E+02   5.965424E+02   6.883138E-01
   9.187782E-01   3.397365E+02   5.745761E+02   6.937425E-01
   9.402517E-01   3.463952E+02   5.548067E+02   6.986748E-01
   9.622271E-01   3.551783E+02   5.333557E+02   7.041367E-01
   9.847161E-01   3.644221E+02   5.126830E+02   7.089131E-01
   1.007731E+00   3.733710E+02   4.941890E+02   7.122652E-01
   1.031283E+00   3.810002E+02   4.782537E+02   7.143878E-01
   1.055386E+00   3.878456E+02   4.640887E+02   7.156929E-01
   1.080052E+00   3.941415E+02   4.512216E+02   7.164463E-01
   1.105295E+00   3.998034E+02   4.399140E+02   7.165102E-01
   1.131128E+00   4.055976E+02   4.292139E+02   7.161108E-01
   1.157564E+00   4.108330E+02   4.201416E+02   7.148047E-01
   1.184619E+00   4.158021E+02   4.121217E+02   7.128578E-01
   1.212305E+00   4.212027E+02   4.064788E+02   7.089626E-01
   1.240639E+00   4.240560E+02   4.015852E+02   7.057849E-01
   1.269635E+00   4.270912E+02   3.969479E+02   7.023475E-01
   1.299309E+00   4.297752E+02   3.930599E+02   6.985443E-01
   1.329676E+00   4.322825E+02   3.893188E+02   6.947016E-01
   1.360753E+00   4.344432E+02   3.864172E+02   6.903365E-01
   1.392556E+00   4.362610E+02   3.841004E+02   6.856362E-01
   1.425103E+00   4.376776E+02   3.822886E+02   6.806910E-01
   1.458410E+00   4.386837E+02   3.807389E+02   6.757080E-01
   1.492496E+00   4.391869E+02   3.795036E+02   6.706892E-01
   1.527378E+00   4.391502E+02   3.783115E+02   6.658803E-01
   1.563075E+00   4.388088E+02   3.771455E+02   6.611410E-01
   1.599607E+00   4.383062E+02   3.758728E+02   6.565029E-01
   1.636993E+00   4.376427E+02   3.745153E+02   6.519659E-01
   1.675252E+00   4.367538E+02   3.734909E+02   6.471661E-01
   1.714406E+00   4.354202E+02   3.727199E+02   6.422846E-01
   1.754475E+00   4.336310E+02   3.717713E+02   6.377578E-01
   1.795480E+00   4.314878E+02   3.709006E+02   6.332589E-01
   1.837444E+00   4.289094E+02   3.694834E+02   6.294954E-01
   1.880388E+00   4.266476E+02   3.672762E+02   6.263742E-01
   1.924336E+00   4.243999E+02   3.659536E+02   6.221950E-01
   1.969311E+00   4.218656E+02   3.643955E+02   6.183925E-01
   2.015338E+00   4.198847E+02   3.634819E+02   6.134664E-01
   2.062440E+00   4.161180E+02   3.621767E+02   6.098786E-01
   2.110643E+00   4.127412E+02   3.604112E+02   6.065911E-01
   2.159972E+00   4.095416E+02   3.584030E+02   6.034538E-01
   2.210455E+00   4.062524E+02   3.563087E+02   6.004268E-01
   2.262117E+00   4.033642E+02   3.547027E+02   5.965062E-01
   2.314987E+00   3.992397E+02   3.529726E+02   5.933687E-01
   2.369092E+00   3.955104E+02   3.510042E+02   5.903149E-01
   2.424462E+00   3.920003E+02   3.486976E+02   5.875939E-01
   2.481126E+00   3.881096E+02   3.467765E+02   5.844760E-01
   2.539114E+00   3.842187E+02   3.445092E+02   5.818144E-01
   2.598458E+00   3.806730E+02   3.417982E+02   5.796230E-01
   2.659189E+00   3.767629E+02   3.395180E+02   5.769881E-01
   2.721339E+00   3.728772E+02   3.373000E+02   5.742505E-01
   2.784941E+00   3.691002E+02   3.348222E+02   5.718625E-01
   2.850030E+00   3.653001E+02   3.325045E+02   5.692126E-01
   2.916641E+00   3.614237E+02   3.298025E+02   5.672232E-01
   2.984808E+00   3.575258E+02   3.274951E+02   5.645551E-01
   3.054568E+00   3.536339E+02   3.248250E+02   5.625186E-01
   3.125959E+00   3.499288E+02   3.221424E+02   5.604573E-01
   3.199018E+00   3.462964E+02   3.194613E+02   5.583969E-01
   3.273785E+00   3.422558E+02   3.168393E+02   5.564826E-01
   3.350299E+00   3.386159E+02   3.142993E+02   5.541862E-01
   3.428602E+00   3.348645E+02   3.117694E+02   5.519189E-01
   3.508734E+00   3.310918E+02   3.088944E+02   5.503355E-01
   3.590740E+00   3.276480E+02   3.058795E+02   5.489021E-01
   3.674662E+00   3.241240E+02   3.032782E+02   5.467773E-01
   3.760545E+00   3.206715E+02   3.005235E+02   5.449763E-01
   3.848436E+00   3.169027E+02   2.978622E+02   5.432059E-01
   3.938381E+00   3.132653E+02   2.952200E+02   5.413262E-01
   4.030428E+00   3.100167E+02   2.925462E+02   5.392719E-01
   4.124626E+00   3.064738E+02   2.898152E+02   5.375506E-01
   4.221026E+00   3.031164E+02   2.872539E+02   5.354165E-01
   4.319679E+00   2.994029E+02   2.845518E+02   5.339258E-01
   4.420638E+00   2.961296E+02   2.816926E+02   5.325917E-01
   4.523956E+00   2.929583E+02   2.789661E+02   5.309240E-01
   4.629689E+00   2.895298E+02   2.762909E+02   5.293204E-01
   4.737893E+00   2.862770E+02   2.735707E+02   5.277239E-01
   4.848626E+00   2.830626E+02   2.710661E+02   5.256165E-01
   4.961948E+00   2.796385E+02   2.683767E+02   5.242288E-01
   5.077917E+00   2.763461E+02   2.654172E+02   5.235760E-01
   5.196597E+00   2.735398E+02   2.626520E+02   5.221711E-01
   5.318051E+00   2.706011E+02   2.598951E+02   5.208851E-01
   5.442344E+00   2.676978E+02   2.571750E+02   5.195032E-01
   5.569541E+00   2.646883E+02   2.545630E+02   5.179301E-01
   5.699711E+00   2.618790E+02   2.519010E+02   5.164425E-01
   5.832924E+00   2.589534E+02   2.492262E+02   5.152210E-01
   5.969250E+00   2.561685E+02   2.465932E+02   5.139030E-01
   6.108762E+00   2.533375E+02   2.439379E+02   5.127634E-01
   6.251534E+00   2.507526E+02   2.413398E+02   5.113240E-01
   6.397644E+00   2.478548E+02   2.386786E+02   5.103301E-01
   6.547168E+00   2.451714E+02   2.362034E+02   5.086614E-01
   6.700188E+00   2.426191E+02   2.335286E+02   5.076364E-01
   6.856783E+00   2.400912E+02   2.308187E+02   5.068738E-01
   7.017038E+00   2.375159E+02   2.283027E+02   5.056592E-01
   7.181039E+00   2.351243E+02   2.256627E+02   5.047886E-01
   7.348873E+00   2.326458E+02   2.231431E+02   5.036420E-01
   7.520629E+00   2.301271E+02   2.206136E+02   5.025929E-01
   7.696400E+00   2.279870E+02   2.179012E+02   5.019606E-01
   7.876279E+00   2.257611E+02   2.153635E+02   5.009671E-01
   8.060361E+00   2.238175E+02   2.127634E+02   5.001522E-01
   8.248747E+00   2.216494E+02   2.101808E+02   4.995721E-01
   8.441535E+00   2.195279E+02   2.077252E+02   4.985971E-01
   8.638828E+00   2.177951E+02   2.051182E+02   4.979403E-01
   8.840733E+00   2.157205E+02   2.026577E+02   4.970623E-01
   9.047357E+00   2.139588E+02   2.002779E+02   4.957887E-01
   9.258810E+00   2.122683E+02   1.977291E+02   4.952633E-01
   9.475205E+00   2.106086E+02   1.953989E+02   4.940836E-01
   9.696658E+00   2.086167E+02   1.932532E+02   4.925423E-01
   9.923286E+00   2.068882E+02   1.908330E+02   4.919387E-01
   1.015521E+01   2.051947E+02   1.886396E+02   4.905178E-01
   1.039256E+01   2.034773E+02   1.864079E+02   4.893214E-01
   1.063545E+01   2.016727E+02   1.842141E+02   4.881536E-01
   1.088402E+01   2.001984E+02   1.818471E+02   4.876461E-01
   1.113840E+01   1.986995E+02   1.796261E+02   4.867427E-01
   1.139872E+01   1.973596E+02   1.773567E+02   4.860692E-01
   1.166513E+01   1.962130E+02   1.750390E+02   4.855904E-01
   1.193777E+01   1.951622E+02   1.728471E+02   4.846647E-01
   1.221677E+01   1.940882E+02   1.707724E+02   4.834020E-01
   1.250230E+01   1.932246E+02   1.686484E+02   4.824258E-01
   1.279450E+01   1.925904E+02   1.665400E+02   4.815119E-01
   1.309353E+01   1.922363E+02   1.645860E+02   4.801188E-01
   1.339955E+01   1.919979E+02   1.629595E+02   4.776393E-01
   1.371272E+01   1.914398E+02   1.617209E+02   4.739261E-01
   1.403322E+01   1.903573E+02   1.606726E+02   4.696906E-01
   1.436120E+01   1.892920E+02   1.596597E+02   4.654728E-01
   1.469684E+01   1.879650E+02   1.588323E+02   4.607444E-01
   1.504034E+01   1.868065E+02   1.580183E+02   4.561769E-01
   1.539186E+01   1.857413E+02   1.573950E+02   4.511731E-01
   1.575159E+01   1.847352E+02   1.574016E+02   4.443450E-01
   1.611973E+01   1.826995E+02   1.579003E+02   4.359308E-01
   1.649648E+01   1.806423E+02   1.595941E+02   4.244525E-01
   1.688203E+01   1.741917E+02   1.638611E+02   4.048213E-01
   1.727660E+01   1.572029E+02   1.696601E+02   3.759682E-01
   1.768038E+01   1.393897E+02   1.687162E+02   3.568658E-01
   1.809360E+01   1.347080E+02   1.625570E+02   3.584031E-01
   1.851648E+01   1.361644E+02   1.562815E+02   3.729658E-01
   1.894925E+01   1.383460E+02   1.516043E+02   3.863693E-01
   1.939213E+01   1.396326E+02   1.481871E+02   3.941832E-01
   1.984535E+01   1.401885E+02   1.455500E+02   3.981817E-01
   2.030918E+01   1.402734E+02   1.434188E+02   3.998335E-01
   2.078384E+01   1.398158E+02   1.417683E+02   3.992972E-01
   2.126959E+01   1.387916E+02   1.404337E+02   3.972491E-01
   2.176670E+01   1.374156E+02   1.392423E+02   3.944993E-01
   2.227543E+01   1.358727E+02   1.381274E+02   3.914194E-01
   2.279605E+01   1.341465E+02   1.371285E+02   3.878534E-01
   2.332883E+01   1.323156E+02   1.361809E+02   3.841252E-01
   2.387407E+01   1.304390E+02   1.354467E+02   3.798208E-01
   2.443205E+01   1.281539E+02   1.349835E+02   3.744605E-01
   2.500307E+01   1.253637E+02   1.348693E+02   3.678062E-01
   2.558744E+01   1.214100E+02   1.351790E+02   3.590159E-01
   2.618546E+01   1.164710E+02   1.357755E+02   3.487652E-01
   2.679746E+01   1.095755E+02   1.368295E+02   3.355592E-01
   2.742377E+01   1.005256E+02   1.377816E+02   3.197414E-01
   2.806471E+01   9.160387E+01   1.374017E+02   3.044861E-01
   2.872063E+01   8.615308E+01   1.351206E+02   2.933942E-01
   2.939188E+01   8.570661E+01   1.312310E+02   2.890088E-01
   3.007883E+01   8.831692E+01   1.272440E+02   2.945156E-01
   3.078182E+01   8.974032E+01   1.241196E+02   3.003259E-01
   3.150125E+01   9.060850E+01   1.214127E+02   3.065350E-01
   3.223749E+01   9.092562E+01   1.191065E+02   3.115676E-01
   3.299094E+01   9.049430E+01   1.172455E+02   3.136439E-01
   3.376199E+01   8.986118E+01   1.155141E+02   3.148330E-01
   3.455107E+01   8.905187E+01   1.138963E+02   3.152434E-01
   3.535859E+01   8.795251E+01   1.124583E+02   3.144056E-01
   3.618499E+01   8.671770E+01   1.110755E+02   3.129515E-01
   3.703070E+01   8.538922E+01   1.097319E+02   3.110398E-01
   3.789617E+01   8.418176E+01   1.083321E+02   3.095375E-01
   3.878187E+01   8.291337E+01   1.070021E+02   3.077453E-01
   3.968827E+01   8.151629E+01   1.057859E+02   3.054303E-01
   4.061586E+01   7.995685E+01   1.045825E+02   3.023373E-01
   4.156513E+01   7.834387E+01   1.033837E+02   2.988699E-01
   4.253658E+01   7.714508E+01   1.020508E+02   2.970261E-01
   4.353073E+01   7.598368E+01   1.007253E+02   2.952550E-01
   4.454813E+01   7.443752E+01   9.959257E+01   2.918592E-01
   4.558929E+01   7.294708E+01   9.844312E+01   2.885890E-01
   4.665480E+01   7.166512E+01   9.717253E+01   2.858448E-01
   4.774521E+01   7.039428E+01   9.592493E+01   2.830593E-01
   4.886110E+01   6.903988E+01   9.476274E+01   2.800114E-01
   5.000307E+01   6.771157E+01   9.360632E+01   2.769741E-01
   5.117173E+01   6.636544E+01   9.242616E+01   2.733094E-01
   5.236771E+01   6.505213E+01   9.125872E+01   2.696353E-01
   5.359163E+01   6.394976E+01   9.002371E+01   2.666288E-01
   5.484417E+01   6.291202E+01   8.878745E+01   2.637630E-01
   5.612597E+01   6.188808E+01   8.757158E+01   2.608564E-01
   5.743774E+01   6.087804E+01   8.637471E+01   2.579084E-01
   5.878016E+01   5.988149E+01   8.519616E+01   2.549126E-01
   6.015396E+01   5.889857E+01   8.403533E+01   2.518719E-01
   6.155987E+01   5.792995E+01   8.289125E+01   2.487986E-01
   6.299863E+01   5.697624E+01   8.176301E+01   2.457064E-01
   6.447102E+01   5.603846E+01   8.064939E+01   2.426145E-01
   6.597782E+01   5.511704E+01   7.954916E+01   2.395338E-01
   6.751985E+01   5.421148E+01   7.846117E+01   2.364597E-01
   6.909791E+01   5.332073E+01   7.738511E+01   2.333802E-01
   7.071285E+01   5.244423E+01   7.632086E+01   2.302942E-01
   7.236553E+01   5.158178E+01   7.526810E+01   2.272071E-01
   7.405685E+01   5.073310E+01   7.422697E+01   2.241269E-01
   7.578769E+01   4.989906E+01   7.319699E+01   2.210772E-01
   7.755898E+01   4.907990E+01   7.217745E+01   2.180675E-01
   7.937168E+01   4.827483E+01   7.116744E+01   2.150869E-01
   8.122674E+01   4.748279E+01   7.016673E+01   2.121184E-01
   8.312515E+01   4.670329E+01   6.917502E+01   2.091562E-01
   8.506793E+01   4.593613E+01   6.819182E+01   2.062004E-01
   8.705612E+01   4.518043E+01   6.721770E+01   2.032484E-01
   8.909078E+01   4.443696E+01   6.625309E+01   2.003323E-01
   9.117299E+01   4.370627E+01   6.529758E+01   1.974678E-01
   9.330387E+01   4.298751E+01   6.435060E+01   1.946372E-01
   9.548455E+01   4.227928E+01   6.341244E+01   1.918105E-01
   9.771620E+01   4.158105E+01   6.248318E+01   1.889733E-01
   1.000000E+02   4.089350E+01   6.156215E+01   1.861318E-01
