#============================================================================
# Opacities computed by OpTool        <a^n>=  1.6609E-1  2.1930E-1  5.3377E-1
# Method:   DHS  fmax=  0.700
# Parameters:
#   amin [um]=      0.100 amax [um]=    100.000  na  =   46    apow=   3.5    
#   lmin [um]=      0.100 lmax [um]=    100.000  nlam= 1500    nang=   180
#   porosity =      0.000 p_mantle =      0.000  fmax= 0.70    chop=   0.0
# Composition:
#  Where   mfrac  rho   Material
#  -----   -----  ----  -----------------------------------------------------
#  core    1.000  4.83  fes
#  - - -   - - -  -  -  - - - - - - - - - - - - - - - - - - - - - - - - - - -
#  grain   1.000  4.83  mixture of  1 materials
#----------------------------------------------------------------------------
# Command: optool fes -a 0.1 100 -l 0.1 100 1500 -dhs 0.7
#============================================================================
# Standard output file, no scattering matrix
#    iformat
#    nlambda
#    lambda[um]  kabs [cm^2/g]  ksca [cm^2/g]    g_asymmetry
#============================================================================
           3
        1500
   1.000000E-01   5.055806E+02   1.030782E+03   7.179762E-01
   1.004619E-01   5.055621E+02   1.031133E+03   7.177328E-01
   1.009259E-01   5.055410E+02   1.031488E+03   7.174854E-01
   1.013921E-01   5.055176E+02   1.031848E+03   7.172349E-01
   1.018604E-01   5.054948E+02   1.032211E+03   7.169847E-01
   1.023309E-01   5.054751E+02   1.032570E+03   7.167377E-01
   1.028035E-01   5.054585E+02   1.032925E+03   7.164929E-01
   1.032784E-01   5.054436E+02   1.033274E+03   7.162476E-01
   1.037554E-01   5.054282E+02   1.033624E+03   7.159998E-01
   1.042346E-01   5.054107E+02   1.033978E+03   7.157476E-01
   1.047161E-01   5.053912E+02   1.034334E+03   7.154909E-01
   1.051997E-01   5.053922E+02   1.034674E+03   7.152466E-01
   1.056856E-01   5.054240E+02   1.034984E+03   7.150224E-01
   1.061738E-01   5.054567E+02   1.035290E+03   7.147973E-01
   1.066642E-01   5.054891E+02   1.035595E+03   7.145700E-01
   1.071569E-01   5.055201E+02   1.035900E+03   7.143394E-01
   1.076518E-01   5.055500E+02   1.036207E+03   7.141063E-01
   1.081490E-01   5.055801E+02   1.036515E+03   7.138724E-01
   1.086486E-01   5.056110E+02   1.036823E+03   7.136389E-01
   1.091504E-01   5.056426E+02   1.037129E+03   7.134062E-01
   1.096546E-01   5.056742E+02   1.037433E+03   7.131735E-01
   1.101610E-01   5.057048E+02   1.037737E+03   7.129390E-01
   1.106699E-01   5.057345E+02   1.038042E+03   7.127027E-01
   1.111810E-01   5.057648E+02   1.038350E+03   7.124666E-01
   1.116946E-01   5.057976E+02   1.038659E+03   7.122334E-01
   1.122105E-01   5.058338E+02   1.038968E+03   7.120051E-01
   1.127287E-01   5.058737E+02   1.039274E+03   7.117819E-01
   1.132494E-01   5.059168E+02   1.039574E+03   7.115622E-01
   1.137725E-01   5.059624E+02   1.039868E+03   7.113447E-01
   1.142980E-01   5.060103E+02   1.040158E+03   7.111292E-01
   1.148259E-01   5.060603E+02   1.040446E+03   7.109159E-01
   1.153563E-01   5.061118E+02   1.040735E+03   7.107051E-01
   1.158891E-01   5.061651E+02   1.041024E+03   7.104964E-01
   1.164244E-01   5.062202E+02   1.041312E+03   7.102880E-01
   1.169622E-01   5.062766E+02   1.041597E+03   7.100779E-01
   1.175024E-01   5.063333E+02   1.041880E+03   7.098659E-01
   1.180451E-01   5.063898E+02   1.042165E+03   7.096520E-01
   1.185904E-01   5.064471E+02   1.042451E+03   7.094377E-01
   1.191381E-01   5.065076E+02   1.042733E+03   7.092257E-01
   1.196884E-01   5.065721E+02   1.043008E+03   7.090163E-01
   1.202412E-01   5.066392E+02   1.043275E+03   7.088067E-01
   1.207966E-01   5.067068E+02   1.043537E+03   7.085943E-01
   1.213545E-01   5.067723E+02   1.043798E+03   7.083764E-01
   1.219151E-01   5.068339E+02   1.044063E+03   7.081504E-01
   1.224782E-01   5.068917E+02   1.044332E+03   7.079172E-01
   1.230439E-01   5.069474E+02   1.044601E+03   7.076790E-01
   1.236122E-01   5.070019E+02   1.044870E+03   7.074371E-01
   1.241832E-01   5.070550E+02   1.045139E+03   7.071914E-01
   1.247567E-01   5.071059E+02   1.045410E+03   7.069412E-01
   1.253330E-01   5.071615E+02   1.045675E+03   7.066919E-01
   1.259119E-01   5.072206E+02   1.045938E+03   7.064428E-01
   1.264935E-01   5.072788E+02   1.046204E+03   7.061909E-01
   1.270777E-01   5.073366E+02   1.046472E+03   7.059372E-01
   1.276647E-01   5.073939E+02   1.046742E+03   7.056818E-01
   1.282543E-01   5.074506E+02   1.047016E+03   7.054244E-01
   1.288467E-01   5.075071E+02   1.047292E+03   7.051652E-01
   1.294419E-01   5.075653E+02   1.047570E+03   7.049063E-01
   1.300397E-01   5.076274E+02   1.047850E+03   7.046504E-01
   1.306404E-01   5.076948E+02   1.048129E+03   7.043999E-01
   1.312438E-01   5.077680E+02   1.048405E+03   7.041558E-01
   1.318500E-01   5.078466E+02   1.048677E+03   7.039168E-01
   1.324590E-01   5.079300E+02   1.048942E+03   7.036816E-01
   1.330708E-01   5.080180E+02   1.049202E+03   7.034497E-01
   1.336854E-01   5.081111E+02   1.049457E+03   7.032219E-01
   1.343029E-01   5.082095E+02   1.049707E+03   7.029991E-01
   1.349232E-01   5.083128E+02   1.049953E+03   7.027817E-01
   1.355464E-01   5.084208E+02   1.050195E+03   7.025685E-01
   1.361725E-01   5.085328E+02   1.050432E+03   7.023573E-01
   1.368015E-01   5.086479E+02   1.050662E+03   7.021468E-01
   1.374333E-01   5.087649E+02   1.050890E+03   7.019366E-01
   1.380681E-01   5.088836E+02   1.051115E+03   7.017266E-01
   1.387058E-01   5.090049E+02   1.051338E+03   7.015186E-01
   1.393465E-01   5.091303E+02   1.051554E+03   7.013137E-01
   1.399901E-01   5.092592E+02   1.051762E+03   7.011108E-01
   1.406367E-01   5.094117E+02   1.051941E+03   7.009224E-01
   1.412863E-01   5.095649E+02   1.052114E+03   7.007320E-01
   1.419389E-01   5.097164E+02   1.052288E+03   7.005366E-01
   1.425945E-01   5.098653E+02   1.052463E+03   7.003351E-01
   1.432531E-01   5.100123E+02   1.052641E+03   7.001292E-01
   1.439148E-01   5.101586E+02   1.052818E+03   6.999202E-01
   1.445795E-01   5.103046E+02   1.052994E+03   6.997086E-01
   1.452473E-01   5.104493E+02   1.053170E+03   6.994936E-01
   1.459182E-01   5.105920E+02   1.053349E+03   6.992740E-01
   1.465922E-01   5.107325E+02   1.053533E+03   6.990495E-01
   1.472692E-01   5.108718E+02   1.053721E+03   6.988208E-01
   1.479495E-01   5.110106E+02   1.053913E+03   6.985893E-01
   1.486328E-01   5.111497E+02   1.054110E+03   6.983561E-01
   1.493193E-01   5.112890E+02   1.054311E+03   6.981213E-01
   1.500090E-01   5.114285E+02   1.054516E+03   6.978847E-01
   1.507019E-01   5.115692E+02   1.054726E+03   6.976472E-01
   1.513980E-01   5.117129E+02   1.054938E+03   6.974109E-01
   1.520973E-01   5.118614E+02   1.055152E+03   6.971777E-01
   1.527998E-01   5.120151E+02   1.055366E+03   6.969491E-01
   1.535056E-01   5.121740E+02   1.055579E+03   6.967242E-01
   1.542146E-01   5.123371E+02   1.055790E+03   6.965013E-01
   1.549269E-01   5.125039E+02   1.056000E+03   6.962796E-01
   1.556425E-01   5.127068E+02   1.056183E+03   6.960784E-01
   1.563614E-01   5.129184E+02   1.056361E+03   6.958821E-01
   1.570836E-01   5.131351E+02   1.056537E+03   6.956897E-01
   1.578091E-01   5.133562E+02   1.056710E+03   6.955004E-01
   1.585380E-01   5.135807E+02   1.056881E+03   6.953120E-01
   1.592703E-01   5.138075E+02   1.057048E+03   6.951223E-01
   1.600059E-01   5.140352E+02   1.057214E+03   6.949301E-01
   1.607450E-01   5.142628E+02   1.057382E+03   6.947349E-01
   1.614874E-01   5.144904E+02   1.057551E+03   6.945373E-01
   1.622333E-01   5.147191E+02   1.057720E+03   6.943389E-01
   1.629827E-01   5.149497E+02   1.057887E+03   6.941400E-01
   1.637355E-01   5.151815E+02   1.058052E+03   6.939393E-01
   1.644917E-01   5.154133E+02   1.058215E+03   6.937355E-01
   1.652515E-01   5.156437E+02   1.058379E+03   6.935266E-01
   1.660148E-01   5.158709E+02   1.058548E+03   6.933108E-01
   1.667816E-01   5.160951E+02   1.058724E+03   6.930888E-01
   1.675519E-01   5.163175E+02   1.058905E+03   6.928622E-01
   1.683258E-01   5.165390E+02   1.059089E+03   6.926321E-01
   1.691033E-01   5.167597E+02   1.059277E+03   6.923991E-01
   1.698844E-01   5.169791E+02   1.059471E+03   6.921627E-01
   1.706690E-01   5.171971E+02   1.059672E+03   6.919225E-01
   1.714573E-01   5.174145E+02   1.059881E+03   6.916791E-01
   1.722493E-01   5.176325E+02   1.060097E+03   6.914343E-01
   1.730449E-01   5.178523E+02   1.060319E+03   6.911897E-01
   1.738442E-01   5.180743E+02   1.060548E+03   6.909463E-01
   1.746471E-01   5.182985E+02   1.060783E+03   6.907041E-01
   1.754538E-01   5.185290E+02   1.061030E+03   6.904642E-01
   1.762642E-01   5.187665E+02   1.061285E+03   6.902283E-01
   1.770783E-01   5.190106E+02   1.061544E+03   6.899985E-01
   1.778962E-01   5.192623E+02   1.061804E+03   6.897768E-01
   1.787179E-01   5.195221E+02   1.062064E+03   6.895637E-01
   1.795434E-01   5.197891E+02   1.062323E+03   6.893577E-01
   1.803727E-01   5.200626E+02   1.062580E+03   6.891577E-01
   1.812058E-01   5.203423E+02   1.062836E+03   6.889631E-01
   1.820428E-01   5.206290E+02   1.063089E+03   6.887750E-01
   1.828836E-01   5.209233E+02   1.063338E+03   6.885946E-01
   1.837283E-01   5.212244E+02   1.063583E+03   6.884221E-01
   1.845769E-01   5.215313E+02   1.063824E+03   6.882555E-01
   1.854295E-01   5.218426E+02   1.064060E+03   6.880922E-01
   1.862860E-01   5.221565E+02   1.064292E+03   6.879300E-01
   1.871464E-01   5.224715E+02   1.064522E+03   6.877673E-01
   1.880108E-01   5.227864E+02   1.064751E+03   6.876033E-01
   1.888792E-01   5.231012E+02   1.064980E+03   6.874379E-01
   1.897516E-01   5.234160E+02   1.065206E+03   6.872708E-01
   1.906280E-01   5.237300E+02   1.065428E+03   6.871003E-01
   1.915085E-01   5.240417E+02   1.065648E+03   6.869244E-01
   1.923931E-01   5.243495E+02   1.065866E+03   6.867406E-01
   1.932817E-01   5.246511E+02   1.066088E+03   6.865462E-01
   1.941745E-01   5.249453E+02   1.066315E+03   6.863400E-01
   1.950713E-01   5.252324E+02   1.066549E+03   6.861224E-01
   1.959723E-01   5.255131E+02   1.066788E+03   6.858944E-01
   1.968775E-01   5.257877E+02   1.067033E+03   6.856569E-01
   1.977869E-01   5.260559E+02   1.067287E+03   6.854100E-01
   1.987004E-01   5.263173E+02   1.067550E+03   6.851535E-01
   1.996182E-01   5.265725E+02   1.067825E+03   6.848876E-01
   2.005402E-01   5.268044E+02   1.068126E+03   6.846028E-01
   2.014665E-01   5.270196E+02   1.068449E+03   6.843045E-01
   2.023970E-01   5.272318E+02   1.068783E+03   6.840021E-01
   2.033319E-01   5.274416E+02   1.069128E+03   6.836961E-01
   2.042710E-01   5.276491E+02   1.069485E+03   6.833873E-01
   2.052145E-01   5.278554E+02   1.069854E+03   6.830769E-01
   2.061624E-01   5.280629E+02   1.070234E+03   6.827676E-01
   2.071146E-01   5.282737E+02   1.070622E+03   6.824620E-01
   2.080713E-01   5.284891E+02   1.071016E+03   6.821622E-01
   2.090323E-01   5.287095E+02   1.071415E+03   6.818681E-01
   2.099978E-01   5.289347E+02   1.071819E+03   6.815789E-01
   2.109678E-01   5.291643E+02   1.072228E+03   6.812944E-01
   2.119422E-01   5.293993E+02   1.072641E+03   6.810150E-01
   2.129212E-01   5.296409E+02   1.073055E+03   6.807426E-01
   2.139046E-01   5.298897E+02   1.073471E+03   6.804783E-01
   2.148926E-01   5.301452E+02   1.073886E+03   6.802217E-01
   2.158852E-01   5.304064E+02   1.074300E+03   6.799704E-01
   2.168823E-01   5.306719E+02   1.074712E+03   6.797222E-01
   2.178841E-01   5.309400E+02   1.075124E+03   6.794751E-01
   2.188905E-01   5.312092E+02   1.075536E+03   6.792275E-01
   2.199015E-01   5.314788E+02   1.075948E+03   6.789783E-01
   2.209172E-01   5.317377E+02   1.076357E+03   6.787227E-01
   2.219376E-01   5.319947E+02   1.076764E+03   6.784627E-01
   2.229627E-01   5.322493E+02   1.077166E+03   6.781967E-01
   2.239925E-01   5.324998E+02   1.077564E+03   6.779224E-01
   2.250271E-01   5.327441E+02   1.077961E+03   6.776367E-01
   2.260665E-01   5.329801E+02   1.078358E+03   6.773374E-01
   2.271106E-01   5.332070E+02   1.078757E+03   6.770239E-01
   2.281596E-01   5.334249E+02   1.079157E+03   6.766963E-01
   2.292135E-01   5.336342E+02   1.079558E+03   6.763556E-01
   2.302722E-01   5.338349E+02   1.079960E+03   6.760022E-01
   2.313358E-01   5.340264E+02   1.080366E+03   6.756366E-01
   2.324043E-01   5.342091E+02   1.080777E+03   6.752589E-01
   2.334777E-01   5.343835E+02   1.081194E+03   6.748702E-01
   2.345562E-01   5.345511E+02   1.081617E+03   6.744726E-01
   2.356395E-01   5.347129E+02   1.082046E+03   6.740684E-01
   2.367279E-01   5.348699E+02   1.082480E+03   6.736587E-01
   2.378213E-01   5.350222E+02   1.082922E+03   6.732445E-01
   2.389198E-01   5.351702E+02   1.083372E+03   6.728266E-01
   2.400234E-01   5.353156E+02   1.083830E+03   6.724070E-01
   2.411320E-01   5.354607E+02   1.084294E+03   6.719885E-01
   2.422458E-01   5.356075E+02   1.084763E+03   6.715738E-01
   2.433647E-01   5.357570E+02   1.085235E+03   6.711641E-01
   2.444887E-01   5.359097E+02   1.085710E+03   6.707592E-01
   2.456180E-01   5.360654E+02   1.086189E+03   6.703589E-01
   2.467525E-01   5.362244E+02   1.086671E+03   6.699635E-01
   2.478922E-01   5.363885E+02   1.087157E+03   6.695744E-01
   2.490372E-01   5.365592E+02   1.087644E+03   6.691939E-01
   2.501874E-01   5.367427E+02   1.088128E+03   6.688263E-01
   2.513430E-01   5.369615E+02   1.088591E+03   6.684843E-01
   2.525040E-01   5.371869E+02   1.089054E+03   6.681500E-01
   2.536702E-01   5.374183E+02   1.089517E+03   6.678218E-01
   2.548419E-01   5.376548E+02   1.089981E+03   6.674989E-01
   2.560190E-01   5.378959E+02   1.090447E+03   6.671806E-01
   2.572015E-01   5.381416E+02   1.090915E+03   6.668669E-01
   2.583895E-01   5.383918E+02   1.091383E+03   6.665571E-01
   2.595830E-01   5.386459E+02   1.091851E+03   6.662500E-01
   2.607819E-01   5.389027E+02   1.092318E+03   6.659445E-01
   2.619865E-01   5.391610E+02   1.092784E+03   6.656384E-01
   2.631965E-01   5.394190E+02   1.093251E+03   6.653297E-01
   2.644122E-01   5.396754E+02   1.093722E+03   6.650172E-01
   2.656335E-01   5.399296E+02   1.094196E+03   6.647005E-01
   2.668604E-01   5.401818E+02   1.094672E+03   6.643799E-01
   2.680930E-01   5.404318E+02   1.095150E+03   6.640555E-01
   2.693313E-01   5.406789E+02   1.095632E+03   6.637276E-01
   2.705753E-01   5.409224E+02   1.096118E+03   6.633958E-01
   2.718251E-01   5.411621E+02   1.096611E+03   6.630598E-01
   2.730806E-01   5.413983E+02   1.097109E+03   6.627204E-01
   2.743419E-01   5.416314E+02   1.097612E+03   6.623789E-01
   2.756091E-01   5.418615E+02   1.098121E+03   6.620360E-01
   2.768821E-01   5.420883E+02   1.098634E+03   6.616915E-01
   2.781610E-01   5.423109E+02   1.099154E+03   6.613450E-01
   2.794458E-01   5.425290E+02   1.099679E+03   6.609963E-01
   2.807365E-01   5.427433E+02   1.100210E+03   6.606462E-01
   2.820332E-01   5.429549E+02   1.100744E+03   6.602960E-01
   2.833359E-01   5.431641E+02   1.101278E+03   6.599461E-01
   2.846445E-01   5.433706E+02   1.101812E+03   6.595952E-01
   2.859593E-01   5.435732E+02   1.102345E+03   6.592414E-01
   2.872801E-01   5.437708E+02   1.102878E+03   6.588830E-01
   2.886070E-01   5.439632E+02   1.103409E+03   6.585189E-01
   2.899400E-01   5.441513E+02   1.103938E+03   6.581497E-01
   2.912792E-01   5.443354E+02   1.104462E+03   6.577755E-01
   2.926246E-01   5.445154E+02   1.104980E+03   6.573951E-01
   2.939762E-01   5.446903E+02   1.105491E+03   6.570062E-01
   2.953341E-01   5.448588E+02   1.105996E+03   6.566065E-01
   2.966982E-01   5.450201E+02   1.106495E+03   6.561937E-01
   2.980686E-01   5.451736E+02   1.106989E+03   6.557667E-01
   2.994453E-01   5.453191E+02   1.107478E+03   6.553247E-01
   3.008284E-01   5.454759E+02   1.107957E+03   6.548765E-01
   3.022179E-01   5.456378E+02   1.108427E+03   6.544179E-01
   3.036138E-01   5.457924E+02   1.108891E+03   6.539424E-01
   3.050162E-01   5.459397E+02   1.109351E+03   6.534499E-01
   3.064250E-01   5.460801E+02   1.109809E+03   6.529401E-01
   3.078404E-01   5.462139E+02   1.110267E+03   6.524138E-01
   3.092622E-01   5.463421E+02   1.110726E+03   6.518731E-01
   3.106907E-01   5.464668E+02   1.111188E+03   6.513208E-01
   3.121257E-01   5.465899E+02   1.111654E+03   6.507606E-01
   3.135674E-01   5.467125E+02   1.112123E+03   6.501955E-01
   3.150157E-01   5.468354E+02   1.112598E+03   6.496281E-01
   3.164707E-01   5.469589E+02   1.113081E+03   6.490596E-01
   3.179325E-01   5.470842E+02   1.113573E+03   6.484910E-01
   3.194010E-01   5.472126E+02   1.114079E+03   6.479232E-01
   3.208762E-01   5.473430E+02   1.114593E+03   6.473587E-01
   3.223583E-01   5.474752E+02   1.115113E+03   6.467978E-01
   3.238473E-01   5.476083E+02   1.115642E+03   6.462398E-01
   3.253431E-01   5.477413E+02   1.116179E+03   6.456839E-01
   3.268458E-01   5.478743E+02   1.116725E+03   6.451301E-01
   3.283555E-01   5.480079E+02   1.117278E+03   6.445790E-01
   3.298721E-01   5.481427E+02   1.117836E+03   6.440313E-01
   3.313957E-01   5.482786E+02   1.118399E+03   6.434860E-01
   3.329264E-01   5.484148E+02   1.118964E+03   6.429417E-01
   3.344641E-01   5.485501E+02   1.119532E+03   6.423966E-01
   3.360090E-01   5.486837E+02   1.120104E+03   6.418490E-01
   3.375610E-01   5.488159E+02   1.120678E+03   6.412987E-01
   3.391201E-01   5.489474E+02   1.121253E+03   6.407461E-01
   3.406865E-01   5.490782E+02   1.121827E+03   6.401908E-01
   3.422601E-01   5.492077E+02   1.122399E+03   6.396309E-01
   3.438409E-01   5.493349E+02   1.122968E+03   6.390646E-01
   3.454291E-01   5.494587E+02   1.123535E+03   6.384895E-01
   3.470246E-01   5.495783E+02   1.124100E+03   6.379043E-01
   3.486274E-01   5.496934E+02   1.124663E+03   6.373082E-01
   3.502377E-01   5.497978E+02   1.125230E+03   6.366966E-01
   3.518554E-01   5.498625E+02   1.125820E+03   6.360506E-01
   3.534806E-01   5.499228E+02   1.126407E+03   6.353920E-01
   3.551133E-01   5.499787E+02   1.126991E+03   6.347208E-01
   3.567535E-01   5.500306E+02   1.127573E+03   6.340367E-01
   3.584013E-01   5.500784E+02   1.128154E+03   6.333402E-01
   3.600567E-01   5.501227E+02   1.128735E+03   6.326325E-01
   3.617198E-01   5.501648E+02   1.129318E+03   6.319155E-01
   3.633905E-01   5.502062E+02   1.129901E+03   6.311920E-01
   3.650690E-01   5.502483E+02   1.130485E+03   6.304648E-01
   3.667552E-01   5.502916E+02   1.131072E+03   6.297363E-01
   3.684492E-01   5.503365E+02   1.131661E+03   6.290081E-01
   3.701510E-01   5.503834E+02   1.132253E+03   6.282811E-01
   3.718607E-01   5.504325E+02   1.132848E+03   6.275568E-01
   3.735783E-01   5.504839E+02   1.133446E+03   6.268365E-01
   3.753038E-01   5.505376E+02   1.134046E+03   6.261203E-01
   3.770372E-01   5.505928E+02   1.134646E+03   6.254080E-01
   3.787787E-01   5.506485E+02   1.135249E+03   6.246988E-01
   3.805283E-01   5.507040E+02   1.135855E+03   6.239921E-01
   3.822859E-01   5.507594E+02   1.136461E+03   6.232878E-01
   3.840516E-01   5.508149E+02   1.137068E+03   6.225866E-01
   3.858255E-01   5.508706E+02   1.137673E+03   6.218880E-01
   3.876076E-01   5.509259E+02   1.138276E+03   6.211907E-01
   3.893979E-01   5.509800E+02   1.138875E+03   6.204935E-01
   3.911965E-01   5.510315E+02   1.139471E+03   6.197945E-01
   3.930034E-01   5.510802E+02   1.140065E+03   6.190926E-01
   3.948186E-01   5.511262E+02   1.140654E+03   6.183880E-01
   3.966422E-01   5.511700E+02   1.141238E+03   6.176802E-01
   3.984743E-01   5.512113E+02   1.141815E+03   6.169683E-01
   4.003148E-01   5.512384E+02   1.142388E+03   6.162454E-01
   4.021638E-01   5.512079E+02   1.142973E+03   6.154897E-01
   4.040213E-01   5.511723E+02   1.143550E+03   6.147246E-01
   4.058874E-01   5.511311E+02   1.144121E+03   6.139488E-01
   4.077622E-01   5.510842E+02   1.144685E+03   6.131617E-01
   4.096456E-01   5.510317E+02   1.145241E+03   6.123623E-01
   4.115377E-01   5.509736E+02   1.145791E+03   6.115498E-01
   4.134385E-01   5.509099E+02   1.146334E+03   6.107240E-01
   4.153481E-01   5.508407E+02   1.146869E+03   6.098842E-01
   4.172666E-01   5.507665E+02   1.147399E+03   6.090304E-01
   4.191939E-01   5.506875E+02   1.147924E+03   6.081630E-01
   4.211301E-01   5.506046E+02   1.148445E+03   6.072829E-01
   4.230752E-01   5.505192E+02   1.148963E+03   6.063918E-01
   4.250294E-01   5.504326E+02   1.149478E+03   6.054915E-01
   4.269925E-01   5.503459E+02   1.149991E+03   6.045843E-01
   4.289648E-01   5.502597E+02   1.150502E+03   6.036716E-01
   4.309461E-01   5.501747E+02   1.151013E+03   6.027544E-01
   4.329366E-01   5.500912E+02   1.151525E+03   6.018336E-01
   4.349363E-01   5.500098E+02   1.152037E+03   6.009105E-01
   4.369452E-01   5.499307E+02   1.152549E+03   5.999855E-01
   4.389634E-01   5.498539E+02   1.153062E+03   5.990587E-01
   4.409909E-01   5.497786E+02   1.153576E+03   5.981295E-01
   4.430278E-01   5.497044E+02   1.154092E+03   5.971973E-01
   4.450741E-01   5.496309E+02   1.154610E+03   5.962616E-01
   4.471298E-01   5.495585E+02   1.155131E+03   5.953228E-01
   4.491950E-01   5.494875E+02   1.155653E+03   5.943810E-01
   4.512698E-01   5.494357E+02   1.156157E+03   5.934465E-01
   4.533542E-01   5.493962E+02   1.156651E+03   5.925145E-01
   4.554482E-01   5.493566E+02   1.157145E+03   5.915765E-01
   4.575518E-01   5.493164E+02   1.157642E+03   5.906311E-01
   4.596652E-01   5.492756E+02   1.158140E+03   5.896780E-01
   4.617883E-01   5.492347E+02   1.158639E+03   5.887174E-01
   4.639213E-01   5.491940E+02   1.159139E+03   5.877486E-01
   4.660641E-01   5.491532E+02   1.159638E+03   5.867711E-01
   4.682168E-01   5.491119E+02   1.160136E+03   5.857832E-01
   4.703794E-01   5.490691E+02   1.160634E+03   5.847833E-01
   4.725520E-01   5.490245E+02   1.161132E+03   5.837702E-01
   4.747347E-01   5.489778E+02   1.161630E+03   5.827432E-01
   4.769274E-01   5.489292E+02   1.162128E+03   5.817015E-01
   4.791303E-01   5.488789E+02   1.162627E+03   5.806445E-01
   4.813433E-01   5.488267E+02   1.163125E+03   5.795718E-01
   4.835666E-01   5.487729E+02   1.163623E+03   5.784830E-01
   4.858001E-01   5.487178E+02   1.164122E+03   5.773777E-01
   4.880440E-01   5.486618E+02   1.164621E+03   5.762564E-01
   4.902982E-01   5.486053E+02   1.165122E+03   5.751194E-01
   4.925628E-01   5.485494E+02   1.165626E+03   5.739679E-01
   4.948379E-01   5.484954E+02   1.166133E+03   5.728033E-01
   4.971235E-01   5.484443E+02   1.166642E+03   5.716277E-01
   4.994197E-01   5.483970E+02   1.167155E+03   5.704429E-01
   5.017264E-01   5.483544E+02   1.167672E+03   5.692501E-01
   5.040438E-01   5.483169E+02   1.168195E+03   5.680503E-01
   5.063720E-01   5.482851E+02   1.168722E+03   5.668451E-01
   5.087108E-01   5.482593E+02   1.169255E+03   5.656354E-01
   5.110605E-01   5.482397E+02   1.169793E+03   5.644216E-01
   5.134210E-01   5.482261E+02   1.170336E+03   5.632039E-01
   5.157925E-01   5.482178E+02   1.170884E+03   5.619820E-01
   5.181748E-01   5.482144E+02   1.171439E+03   5.607554E-01
   5.205682E-01   5.482158E+02   1.172000E+03   5.595245E-01
   5.229727E-01   5.482223E+02   1.172566E+03   5.582898E-01
   5.253882E-01   5.482340E+02   1.173138E+03   5.570510E-01
   5.278149E-01   5.482508E+02   1.173714E+03   5.558078E-01
   5.302528E-01   5.482811E+02   1.174290E+03   5.545633E-01
   5.327020E-01   5.483946E+02   1.174845E+03   5.533440E-01
   5.351625E-01   5.485120E+02   1.175404E+03   5.521184E-01
   5.376343E-01   5.486334E+02   1.175967E+03   5.508865E-01
   5.401176E-01   5.487592E+02   1.176532E+03   5.496485E-01
   5.426123E-01   5.488896E+02   1.177100E+03   5.484042E-01
   5.451186E-01   5.490240E+02   1.177668E+03   5.471528E-01
   5.476364E-01   5.491619E+02   1.178237E+03   5.458930E-01
   5.501659E-01   5.493025E+02   1.178806E+03   5.446240E-01
   5.527070E-01   5.494455E+02   1.179376E+03   5.433450E-01
   5.552599E-01   5.495908E+02   1.179945E+03   5.420556E-01
   5.578246E-01   5.497385E+02   1.180514E+03   5.407553E-01
   5.604011E-01   5.498885E+02   1.181081E+03   5.394439E-01
   5.629895E-01   5.500409E+02   1.181647E+03   5.381214E-01
   5.655899E-01   5.501957E+02   1.182210E+03   5.367873E-01
   5.682023E-01   5.503531E+02   1.182772E+03   5.354421E-01
   5.708268E-01   5.505263E+02   1.183332E+03   5.340908E-01
   5.734634E-01   5.507311E+02   1.183891E+03   5.327397E-01
   5.761121E-01   5.509409E+02   1.184447E+03   5.313808E-01
   5.787731E-01   5.511567E+02   1.185000E+03   5.300159E-01
   5.814464E-01   5.513794E+02   1.185551E+03   5.286470E-01
   5.841320E-01   5.516098E+02   1.186098E+03   5.272758E-01
   5.868300E-01   5.518482E+02   1.186643E+03   5.259032E-01
   5.895405E-01   5.520952E+02   1.187184E+03   5.245310E-01
   5.922636E-01   5.523512E+02   1.187723E+03   5.231604E-01
   5.949991E-01   5.526162E+02   1.188257E+03   5.217922E-01
   5.977474E-01   5.528902E+02   1.188787E+03   5.204270E-01
   6.005083E-01   5.531727E+02   1.189313E+03   5.190649E-01
   6.032820E-01   5.534632E+02   1.189834E+03   5.177058E-01
   6.060685E-01   5.537613E+02   1.190350E+03   5.163498E-01
   6.088678E-01   5.540670E+02   1.190860E+03   5.149978E-01
   6.116801E-01   5.543803E+02   1.191364E+03   5.136496E-01
   6.145054E-01   5.547011E+02   1.191861E+03   5.123053E-01
   6.173437E-01   5.550289E+02   1.192349E+03   5.109648E-01
   6.201951E-01   5.553631E+02   1.192829E+03   5.096275E-01
   6.230597E-01   5.557028E+02   1.193299E+03   5.082928E-01
   6.259376E-01   5.560479E+02   1.193761E+03   5.069610E-01
   6.288287E-01   5.563985E+02   1.194213E+03   5.056322E-01
   6.317332E-01   5.567546E+02   1.194653E+03   5.043064E-01
   6.346511E-01   5.571159E+02   1.195080E+03   5.029834E-01
   6.375825E-01   5.574819E+02   1.195494E+03   5.016625E-01
   6.405274E-01   5.578517E+02   1.195895E+03   5.003431E-01
   6.434859E-01   5.582248E+02   1.196281E+03   4.990245E-01
   6.464581E-01   5.586009E+02   1.196653E+03   4.977065E-01
   6.494440E-01   5.589799E+02   1.197010E+03   4.963887E-01
   6.524437E-01   5.592407E+02   1.197408E+03   4.950341E-01
   6.554572E-01   5.594746E+02   1.197804E+03   4.936714E-01
   6.584847E-01   5.597087E+02   1.198185E+03   4.923089E-01
   6.615262E-01   5.599431E+02   1.198549E+03   4.909467E-01
   6.645817E-01   5.601778E+02   1.198897E+03   4.895855E-01
   6.676513E-01   5.604131E+02   1.199229E+03   4.882258E-01
   6.707351E-01   5.606495E+02   1.199545E+03   4.868685E-01
   6.738331E-01   5.608876E+02   1.199844E+03   4.855147E-01
   6.769455E-01   5.611279E+02   1.200126E+03   4.841661E-01
   6.800722E-01   5.613709E+02   1.200392E+03   4.828239E-01
   6.832134E-01   5.616170E+02   1.200640E+03   4.814890E-01
   6.863691E-01   5.618665E+02   1.200872E+03   4.801625E-01
   6.895393E-01   5.621196E+02   1.201086E+03   4.788454E-01
   6.927242E-01   5.623764E+02   1.201283E+03   4.775387E-01
   6.959238E-01   5.626369E+02   1.201463E+03   4.762428E-01
   6.991382E-01   5.629008E+02   1.201624E+03   4.749580E-01
   7.023674E-01   5.631676E+02   1.201767E+03   4.736841E-01
   7.056116E-01   5.634369E+02   1.201892E+03   4.724209E-01
   7.088707E-01   5.637085E+02   1.201999E+03   4.711691E-01
   7.121449E-01   5.639821E+02   1.202087E+03   4.699287E-01
   7.154342E-01   5.642578E+02   1.202156E+03   4.686994E-01
   7.187387E-01   5.645350E+02   1.202206E+03   4.674812E-01
   7.220585E-01   5.648134E+02   1.202235E+03   4.662737E-01
   7.253936E-01   5.650923E+02   1.202245E+03   4.650763E-01
   7.287441E-01   5.653712E+02   1.202235E+03   4.638889E-01
   7.321101E-01   5.654285E+02   1.202299E+03   4.626173E-01
   7.354916E-01   5.653527E+02   1.202400E+03   4.612982E-01
   7.388887E-01   5.652759E+02   1.202482E+03   4.599876E-01
   7.423016E-01   5.651975E+02   1.202543E+03   4.586851E-01
   7.457302E-01   5.651173E+02   1.202584E+03   4.573901E-01
   7.491746E-01   5.650346E+02   1.202606E+03   4.561022E-01
   7.526350E-01   5.649492E+02   1.202607E+03   4.548209E-01
   7.561113E-01   5.648608E+02   1.202589E+03   4.535460E-01
   7.596037E-01   5.647694E+02   1.202550E+03   4.522769E-01
   7.631122E-01   5.646750E+02   1.202491E+03   4.510140E-01
   7.666369E-01   5.645773E+02   1.202411E+03   4.497569E-01
   7.701779E-01   5.644764E+02   1.202311E+03   4.485054E-01
   7.737353E-01   5.643723E+02   1.202190E+03   4.472598E-01
   7.773091E-01   5.642652E+02   1.202049E+03   4.460201E-01
   7.808994E-01   5.641554E+02   1.201887E+03   4.447865E-01
   7.845062E-01   5.640433E+02   1.201705E+03   4.435596E-01
   7.881298E-01   5.639292E+02   1.201502E+03   4.423400E-01
   7.917700E-01   5.638136E+02   1.201279E+03   4.411288E-01
   7.954271E-01   5.636970E+02   1.201035E+03   4.399262E-01
   7.991011E-01   5.635797E+02   1.200771E+03   4.387329E-01
   8.027921E-01   5.634620E+02   1.200487E+03   4.375496E-01
   8.065001E-01   5.633442E+02   1.200183E+03   4.363771E-01
   8.102252E-01   5.632265E+02   1.199859E+03   4.352157E-01
   8.139675E-01   5.631090E+02   1.199515E+03   4.340657E-01
   8.177271E-01   5.629914E+02   1.199150E+03   4.329273E-01
   8.215041E-01   5.628736E+02   1.198766E+03   4.318001E-01
   8.252985E-01   5.627554E+02   1.198362E+03   4.306842E-01
   8.291105E-01   5.626368E+02   1.197938E+03   4.295801E-01
   8.329400E-01   5.625175E+02   1.197494E+03   4.284871E-01
   8.367873E-01   5.623975E+02   1.197031E+03   4.274054E-01
   8.406523E-01   5.622765E+02   1.196548E+03   4.263348E-01
   8.445352E-01   5.621542E+02   1.196045E+03   4.252748E-01
   8.484360E-01   5.620302E+02   1.195522E+03   4.242251E-01
   8.523548E-01   5.618825E+02   1.194967E+03   4.231448E-01
   8.562917E-01   5.617192E+02   1.194384E+03   4.220468E-01
   8.602468E-01   5.615548E+02   1.193781E+03   4.209580E-01
   8.642202E-01   5.613894E+02   1.193157E+03   4.198786E-01
   8.682119E-01   5.612227E+02   1.192514E+03   4.188080E-01
   8.722221E-01   5.610543E+02   1.191850E+03   4.177460E-01
   8.762508E-01   5.608840E+02   1.191166E+03   4.166920E-01
   8.802981E-01   5.607116E+02   1.190463E+03   4.156458E-01
   8.843641E-01   5.605369E+02   1.189740E+03   4.146065E-01
   8.884488E-01   5.603598E+02   1.188998E+03   4.135743E-01
   8.925525E-01   5.601804E+02   1.188237E+03   4.125490E-01
   8.966751E-01   5.599986E+02   1.187456E+03   4.115303E-01
   9.008167E-01   5.598144E+02   1.186656E+03   4.105179E-01
   9.049775E-01   5.596278E+02   1.185838E+03   4.095119E-01
   9.091574E-01   5.594390E+02   1.185000E+03   4.085119E-01
   9.133567E-01   5.592482E+02   1.184144E+03   4.075180E-01
   9.175754E-01   5.590558E+02   1.183269E+03   4.065305E-01
   9.218136E-01   5.588619E+02   1.182376E+03   4.055499E-01
   9.260713E-01   5.586671E+02   1.181465E+03   4.045766E-01
   9.303487E-01   5.584718E+02   1.180535E+03   4.036105E-01
   9.346459E-01   5.582762E+02   1.179588E+03   4.026523E-01
   9.389629E-01   5.580809E+02   1.178622E+03   4.017027E-01
   9.432999E-01   5.578862E+02   1.177639E+03   4.007620E-01
   9.476568E-01   5.576923E+02   1.176639E+03   3.998307E-01
   9.520339E-01   5.574994E+02   1.175621E+03   3.989091E-01
   9.564313E-01   5.573075E+02   1.174586E+03   3.979969E-01
   9.608489E-01   5.571166E+02   1.173534E+03   3.970942E-01
   9.652870E-01   5.569267E+02   1.172465E+03   3.962016E-01
   9.697455E-01   5.567377E+02   1.171380E+03   3.953186E-01
   9.742246E-01   5.565498E+02   1.170278E+03   3.944451E-01
   9.787245E-01   5.563629E+02   1.169160E+03   3.935815E-01
   9.832451E-01   5.561769E+02   1.168025E+03   3.927275E-01
   9.877866E-01   5.559915E+02   1.166874E+03   3.918825E-01
   9.923490E-01   5.558065E+02   1.165708E+03   3.910467E-01
   9.969326E-01   5.556215E+02   1.164526E+03   3.902195E-01
   1.001537E+00   5.555458E+02   1.163281E+03   3.894334E-01
   1.006163E+00   5.556900E+02   1.161924E+03   3.887219E-01
   1.010811E+00   5.558363E+02   1.160554E+03   3.880187E-01
   1.015479E+00   5.559844E+02   1.159169E+03   3.873237E-01
   1.020170E+00   5.561342E+02   1.157771E+03   3.866364E-01
   1.024882E+00   5.562853E+02   1.156358E+03   3.859565E-01
   1.029616E+00   5.564374E+02   1.154933E+03   3.852831E-01
   1.034371E+00   5.565903E+02   1.153495E+03   3.846160E-01
   1.039149E+00   5.567440E+02   1.152044E+03   3.839554E-01
   1.043949E+00   5.568983E+02   1.150580E+03   3.833006E-01
   1.048770E+00   5.570531E+02   1.149104E+03   3.826514E-01
   1.053615E+00   5.572084E+02   1.147616E+03   3.820077E-01
   1.058481E+00   5.573639E+02   1.146116E+03   3.813689E-01
   1.063370E+00   5.575199E+02   1.144604E+03   3.807349E-01
   1.068282E+00   5.576764E+02   1.143080E+03   3.801055E-01
   1.073216E+00   5.578334E+02   1.141544E+03   3.794813E-01
   1.078173E+00   5.579912E+02   1.139997E+03   3.788623E-01
   1.083153E+00   5.581500E+02   1.138439E+03   3.782483E-01
   1.088156E+00   5.583100E+02   1.136870E+03   3.776397E-01
   1.093182E+00   5.584716E+02   1.135290E+03   3.770370E-01
   1.098231E+00   5.586350E+02   1.133698E+03   3.764408E-01
   1.103304E+00   5.588003E+02   1.132097E+03   3.758513E-01
   1.108400E+00   5.589678E+02   1.130484E+03   3.752691E-01
   1.113519E+00   5.591375E+02   1.128861E+03   3.746941E-01
   1.118663E+00   5.593093E+02   1.127228E+03   3.741262E-01
   1.123830E+00   5.594831E+02   1.125584E+03   3.735661E-01
   1.129020E+00   5.596588E+02   1.123931E+03   3.730136E-01
   1.134235E+00   5.598362E+02   1.122268E+03   3.724686E-01
   1.139474E+00   5.600154E+02   1.120596E+03   3.719313E-01
   1.144737E+00   5.601960E+02   1.118914E+03   3.714019E-01
   1.150025E+00   5.603788E+02   1.117222E+03   3.708803E-01
   1.155336E+00   5.607860E+02   1.115431E+03   3.704917E-01
   1.160673E+00   5.611913E+02   1.113632E+03   3.701106E-01
   1.166034E+00   5.615940E+02   1.111824E+03   3.697363E-01
   1.171420E+00   5.619937E+02   1.110007E+03   3.693691E-01
   1.176830E+00   5.623900E+02   1.108183E+03   3.690088E-01
   1.182266E+00   5.627823E+02   1.106349E+03   3.686550E-01
   1.187727E+00   5.631700E+02   1.104508E+03   3.683076E-01
   1.193213E+00   5.635524E+02   1.102659E+03   3.679661E-01
   1.198724E+00   5.639287E+02   1.100802E+03   3.676297E-01
   1.204261E+00   5.642983E+02   1.098939E+03   3.672978E-01
   1.209823E+00   5.646606E+02   1.097068E+03   3.669706E-01
   1.215411E+00   5.650151E+02   1.095191E+03   3.666476E-01
   1.221025E+00   5.653614E+02   1.093307E+03   3.663283E-01
   1.226665E+00   5.656989E+02   1.091417E+03   3.660127E-01
   1.232330E+00   5.660271E+02   1.089521E+03   3.657001E-01
   1.238022E+00   5.663456E+02   1.087619E+03   3.653902E-01
   1.243741E+00   5.666542E+02   1.085711E+03   3.650827E-01
   1.249485E+00   5.669525E+02   1.083797E+03   3.647778E-01
   1.255257E+00   5.672403E+02   1.081878E+03   3.644757E-01
   1.261054E+00   5.675175E+02   1.079953E+03   3.641760E-01
   1.266879E+00   5.677840E+02   1.078023E+03   3.638788E-01
   1.272731E+00   5.680397E+02   1.076088E+03   3.635845E-01
   1.278609E+00   5.682847E+02   1.074147E+03   3.632936E-01
   1.284515E+00   5.685189E+02   1.072201E+03   3.630063E-01
   1.290448E+00   5.687423E+02   1.070251E+03   3.627231E-01
   1.296408E+00   5.689547E+02   1.068295E+03   3.624442E-01
   1.302396E+00   5.691344E+02   1.066333E+03   3.621911E-01
   1.308412E+00   5.692673E+02   1.064363E+03   3.619750E-01
   1.314455E+00   5.693845E+02   1.062389E+03   3.617629E-01
   1.320527E+00   5.694860E+02   1.060413E+03   3.615545E-01
   1.326626E+00   5.695718E+02   1.058433E+03   3.613501E-01
   1.332754E+00   5.696417E+02   1.056449E+03   3.611498E-01
   1.338909E+00   5.696955E+02   1.054463E+03   3.609532E-01
   1.345094E+00   5.697332E+02   1.052473E+03   3.607602E-01
   1.351306E+00   5.697312E+02   1.050487E+03   3.605712E-01
   1.357548E+00   5.696249E+02   1.048520E+03   3.603863E-01
   1.363818E+00   5.694998E+02   1.046552E+03   3.602034E-01
   1.370118E+00   5.693562E+02   1.044584E+03   3.600225E-01
   1.376446E+00   5.691938E+02   1.042614E+03   3.598435E-01
   1.382804E+00   5.690127E+02   1.040644E+03   3.596660E-01
   1.389191E+00   5.688128E+02   1.038674E+03   3.594899E-01
   1.395607E+00   5.685939E+02   1.036702E+03   3.593145E-01
   1.402053E+00   5.682349E+02   1.034773E+03   3.591154E-01
   1.408529E+00   5.675967E+02   1.032936E+03   3.588644E-01
   1.415035E+00   5.669380E+02   1.031101E+03   3.586118E-01
   1.421571E+00   5.662590E+02   1.029270E+03   3.583569E-01
   1.428137E+00   5.655600E+02   1.027443E+03   3.580998E-01
   1.434733E+00   5.648410E+02   1.025619E+03   3.578402E-01
   1.441360E+00   5.641023E+02   1.023799E+03   3.575778E-01
   1.448018E+00   5.633443E+02   1.021983E+03   3.573124E-01
   1.454706E+00   5.625671E+02   1.020170E+03   3.570442E-01
   1.461425E+00   5.617713E+02   1.018362E+03   3.567736E-01
   1.468175E+00   5.609570E+02   1.016557E+03   3.565005E-01
   1.474956E+00   5.601249E+02   1.014757E+03   3.562246E-01
   1.481769E+00   5.592753E+02   1.012961E+03   3.559465E-01
   1.488613E+00   5.584087E+02   1.011169E+03   3.556666E-01
   1.495489E+00   5.575254E+02   1.009381E+03   3.553850E-01
   1.502396E+00   5.566261E+02   1.007597E+03   3.551021E-01
   1.509336E+00   5.557109E+02   1.005817E+03   3.548184E-01
   1.516307E+00   5.547802E+02   1.004042E+03   3.545335E-01
   1.523311E+00   5.538343E+02   1.002271E+03   3.542475E-01
   1.530347E+00   5.528284E+02   1.000525E+03   3.539421E-01
   1.537415E+00   5.509396E+02   9.991744E+02   3.532654E-01
   1.544516E+00   5.490410E+02   9.978263E+02   3.525906E-01
   1.551650E+00   5.471325E+02   9.964801E+02   3.519182E-01
   1.558817E+00   5.452142E+02   9.951359E+02   3.512479E-01
   1.566017E+00   5.432863E+02   9.937934E+02   3.505796E-01
   1.573250E+00   5.413486E+02   9.924528E+02   3.499135E-01
   1.580517E+00   5.394013E+02   9.911140E+02   3.492491E-01
   1.587817E+00   5.374442E+02   9.897770E+02   3.485860E-01
   1.595151E+00   5.354774E+02   9.884420E+02   3.479246E-01
   1.602519E+00   5.335011E+02   9.871087E+02   3.472647E-01
   1.609921E+00   5.315152E+02   9.857773E+02   3.466063E-01
   1.617357E+00   5.295197E+02   9.844476E+02   3.459494E-01
   1.624827E+00   5.275146E+02   9.831197E+02   3.452937E-01
   1.632332E+00   5.255000E+02   9.817936E+02   3.446385E-01
   1.639872E+00   5.234758E+02   9.804694E+02   3.439840E-01
   1.647446E+00   5.214420E+02   9.791470E+02   3.433304E-01
   1.655055E+00   5.191461E+02   9.779262E+02   3.424013E-01
   1.662700E+00   5.167233E+02   9.767469E+02   3.413410E-01
   1.670380E+00   5.143036E+02   9.755567E+02   3.402906E-01
   1.678095E+00   5.118870E+02   9.743558E+02   3.392497E-01
   1.685846E+00   5.094738E+02   9.731444E+02   3.382180E-01
   1.693633E+00   5.070639E+02   9.719227E+02   3.371956E-01
   1.701455E+00   5.046577E+02   9.706909E+02   3.361830E-01
   1.709314E+00   5.022551E+02   9.694491E+02   3.351801E-01
   1.717209E+00   4.998565E+02   9.681976E+02   3.341864E-01
   1.725141E+00   4.974619E+02   9.669365E+02   3.332018E-01
   1.733109E+00   4.950715E+02   9.656660E+02   3.322269E-01
   1.741114E+00   4.926855E+02   9.643863E+02   3.312613E-01
   1.749156E+00   4.903041E+02   9.630974E+02   3.303051E-01
   1.757235E+00   4.879274E+02   9.617996E+02   3.293589E-01
   1.765352E+00   4.855557E+02   9.604929E+02   3.284219E-01
   1.773506E+00   4.831888E+02   9.591774E+02   3.274940E-01
   1.781697E+00   4.808271E+02   9.578534E+02   3.265762E-01
   1.789927E+00   4.784705E+02   9.565210E+02   3.256676E-01
   1.798194E+00   4.761192E+02   9.551803E+02   3.247679E-01
   1.806500E+00   4.743079E+02   9.536004E+02   3.237910E-01
   1.814844E+00   4.726376E+02   9.519591E+02   3.227941E-01
   1.823226E+00   4.709581E+02   9.503219E+02   3.218007E-01
   1.831647E+00   4.692693E+02   9.486885E+02   3.208119E-01
   1.840108E+00   4.675715E+02   9.470584E+02   3.198277E-01
   1.848607E+00   4.658647E+02   9.454314E+02   3.188478E-01
   1.857145E+00   4.641489E+02   9.438071E+02   3.178733E-01
   1.865723E+00   4.624244E+02   9.421854E+02   3.169043E-01
   1.874341E+00   4.606910E+02   9.405659E+02   3.159413E-01
   1.882998E+00   4.589489E+02   9.389484E+02   3.149849E-01
   1.891696E+00   4.571981E+02   9.373326E+02   3.140354E-01
   1.900433E+00   4.555344E+02   9.356887E+02   3.131107E-01
   1.909211E+00   4.556925E+02   9.334908E+02   3.125353E-01
   1.918029E+00   4.558186E+02   9.313209E+02   3.119507E-01
   1.926888E+00   4.559137E+02   9.291779E+02   3.113570E-01
   1.935788E+00   4.559785E+02   9.270609E+02   3.107551E-01
   1.944730E+00   4.560140E+02   9.249688E+02   3.101461E-01
   1.953712E+00   4.560207E+02   9.229008E+02   3.095300E-01
   1.962736E+00   4.559993E+02   9.208559E+02   3.089070E-01
   1.971802E+00   4.559506E+02   9.188333E+02   3.082778E-01
   1.980909E+00   4.558751E+02   9.168321E+02   3.076437E-01
   1.990059E+00   4.557734E+02   9.148515E+02   3.070053E-01
   1.999251E+00   4.556463E+02   9.128908E+02   3.063626E-01
   2.008485E+00   4.551144E+02   9.110592E+02   3.055751E-01
   2.017762E+00   4.545225E+02   9.092547E+02   3.047748E-01
   2.027082E+00   4.539047E+02   9.074666E+02   3.039747E-01
   2.036445E+00   4.532616E+02   9.056942E+02   3.031754E-01
   2.045851E+00   4.525940E+02   9.039366E+02   3.023781E-01
   2.055300E+00   4.519023E+02   9.021930E+02   3.015829E-01
   2.064793E+00   4.511873E+02   9.004628E+02   3.007903E-01
   2.074330E+00   4.504494E+02   8.987450E+02   3.000017E-01
   2.083911E+00   4.496893E+02   8.970391E+02   2.992172E-01
   2.093537E+00   4.489074E+02   8.953443E+02   2.984367E-01
   2.103207E+00   4.481040E+02   8.936601E+02   2.976611E-01
   2.112921E+00   4.472796E+02   8.919858E+02   2.968909E-01
   2.122680E+00   4.464347E+02   8.903210E+02   2.961261E-01
   2.132485E+00   4.455694E+02   8.886653E+02   2.953677E-01
   2.142334E+00   4.446843E+02   8.870182E+02   2.946156E-01
   2.152230E+00   4.452901E+02   8.852171E+02   2.938389E-01
   2.162170E+00   4.507740E+02   8.830632E+02   2.928927E-01
   2.172157E+00   4.557203E+02   8.812301E+02   2.918490E-01
   2.182190E+00   4.601089E+02   8.797045E+02   2.907198E-01
   2.192269E+00   4.639246E+02   8.784759E+02   2.895157E-01
   2.202395E+00   4.671601E+02   8.775361E+02   2.882452E-01
   2.212568E+00   4.698172E+02   8.768782E+02   2.869144E-01
   2.222787E+00   4.719056E+02   8.764969E+02   2.855276E-01
   2.233054E+00   4.734404E+02   8.763883E+02   2.840878E-01
   2.243368E+00   4.744381E+02   8.765492E+02   2.825962E-01
   2.253730E+00   4.749119E+02   8.769784E+02   2.810538E-01
   2.264140E+00   4.748704E+02   8.776753E+02   2.794639E-01
   2.274598E+00   4.747963E+02   8.774784E+02   2.785289E-01
   2.285104E+00   4.748676E+02   8.759241E+02   2.784655E-01
   2.295658E+00   4.744673E+02   8.744457E+02   2.783837E-01
   2.306262E+00   4.736421E+02   8.730478E+02   2.782855E-01
   2.316914E+00   4.725478E+02   8.717197E+02   2.781901E-01
   2.327616E+00   4.714251E+02   8.704357E+02   2.781164E-01
   2.338367E+00   4.705266E+02   8.691641E+02   2.780673E-01
   2.349167E+00   4.700288E+02   8.678791E+02   2.780356E-01
   2.360018E+00   4.685557E+02   8.676072E+02   2.773025E-01
   2.370918E+00   4.670785E+02   8.674683E+02   2.765056E-01
   2.381869E+00   4.657210E+02   8.673666E+02   2.757064E-01
   2.392871E+00   4.644716E+02   8.672979E+02   2.749033E-01
   2.403923E+00   4.632898E+02   8.672645E+02   2.740869E-01
   2.415027E+00   4.621264E+02   8.672609E+02   2.732505E-01
   2.426181E+00   4.609324E+02   8.672789E+02   2.723929E-01
   2.437388E+00   4.596629E+02   8.673131E+02   2.715189E-01
   2.448646E+00   4.582768E+02   8.673680E+02   2.706336E-01
   2.459956E+00   4.567464E+02   8.674440E+02   2.697515E-01
   2.471318E+00   4.550323E+02   8.675405E+02   2.688713E-01
   2.482733E+00   4.530552E+02   8.676943E+02   2.679815E-01
   2.494200E+00   4.507116E+02   8.679492E+02   2.670926E-01
   2.505720E+00   4.478720E+02   8.682516E+02   2.662875E-01
   2.517294E+00   4.441418E+02   8.686114E+02   2.655706E-01
   2.528921E+00   4.391397E+02   8.691071E+02   2.648512E-01
   2.540602E+00   4.326538E+02   8.697679E+02   2.640666E-01
   2.552337E+00   4.248213E+02   8.706442E+02   2.631696E-01
   2.564126E+00   4.162902E+02   8.717359E+02   2.621744E-01
   2.575969E+00   4.079918E+02   8.730781E+02   2.610459E-01
   2.587867E+00   4.008521E+02   8.747620E+02   2.598117E-01
   2.599820E+00   3.955199E+02   8.767713E+02   2.586155E-01
   2.611828E+00   3.921569E+02   8.789790E+02   2.575667E-01
   2.623892E+00   3.904692E+02   8.812360E+02   2.566833E-01
   2.636011E+00   3.898662E+02   8.834778E+02   2.558771E-01
   2.648187E+00   3.897962E+02   8.856509E+02   2.551555E-01
   2.660419E+00   3.898844E+02   8.875964E+02   2.546064E-01
   2.672707E+00   3.898575E+02   8.891899E+02   2.541694E-01
   2.685052E+00   3.895762E+02   8.903951E+02   2.537119E-01
   2.697454E+00   3.890485E+02   8.912125E+02   2.531186E-01
   2.709913E+00   3.884173E+02   8.916901E+02   2.523362E-01
   2.722429E+00   3.878430E+02   8.919479E+02   2.514320E-01
   2.735004E+00   3.873046E+02   8.921813E+02   2.505472E-01
   2.747637E+00   3.866502E+02   8.924815E+02   2.498006E-01
   2.760328E+00   3.850536E+02   8.935240E+02   2.490826E-01
   2.773077E+00   3.827197E+02   8.949213E+02   2.484828E-01
   2.785886E+00   3.787654E+02   8.963613E+02   2.481130E-01
   2.798753E+00   3.711200E+02   8.974207E+02   2.479135E-01
   2.811681E+00   3.576346E+02   8.976413E+02   2.478014E-01
   2.824667E+00   3.385605E+02   8.972454E+02   2.475381E-01
   2.837714E+00   3.175778E+02   8.973037E+02   2.468015E-01
   2.850821E+00   2.988414E+02   8.987548E+02   2.454457E-01
   2.863989E+00   2.845662E+02   9.017642E+02   2.437315E-01
   2.877217E+00   2.752060E+02   9.062989E+02   2.419365E-01
   2.890507E+00   2.705837E+02   9.116574E+02   2.403723E-01
   2.903858E+00   2.694220E+02   9.176366E+02   2.388479E-01
   2.917270E+00   2.698813E+02   9.242093E+02   2.373291E-01
   2.930745E+00   2.707489E+02   9.309531E+02   2.359742E-01
   2.944281E+00   2.713607E+02   9.373424E+02   2.348916E-01
   2.957881E+00   2.709302E+02   9.426955E+02   2.339056E-01
   2.971543E+00   2.693755E+02   9.470866E+02   2.328554E-01
   2.985268E+00   2.679343E+02   9.511994E+02   2.322980E-01
   2.999057E+00   2.670210E+02   9.548437E+02   2.323291E-01
   3.012909E+00   2.657323E+02   9.573484E+02   2.323452E-01
   3.026825E+00   2.645046E+02   9.587214E+02   2.318938E-01
   3.040806E+00   2.641962E+02   9.596265E+02   2.306420E-01
   3.054851E+00   2.646968E+02   9.609350E+02   2.291152E-01
   3.068961E+00   2.629452E+02   9.630750E+02   2.276140E-01
   3.083136E+00   2.596795E+02   9.654430E+02   2.265128E-01
   3.097376E+00   2.600254E+02   9.680538E+02   2.259896E-01
   3.111683E+00   2.662314E+02   9.674248E+02   2.263025E-01
   3.126055E+00   2.741069E+02   9.673426E+02   2.271317E-01
   3.140494E+00   2.756283E+02   9.634819E+02   2.292798E-01
   3.155000E+00   2.584687E+02   9.485802E+02   2.335572E-01
   3.169572E+00   2.301112E+02   9.288742E+02   2.374465E-01
   3.184212E+00   2.077399E+02   9.155378E+02   2.389878E-01
   3.198920E+00   1.933543E+02   9.094157E+02   2.380690E-01
   3.213695E+00   1.847167E+02   9.079250E+02   2.361461E-01
   3.228539E+00   1.808053E+02   9.093373E+02   2.342142E-01
   3.243451E+00   1.812005E+02   9.128123E+02   2.326152E-01
   3.258432E+00   1.856148E+02   9.180111E+02   2.311073E-01
   3.273482E+00   1.915778E+02   9.231473E+02   2.294666E-01
   3.288602E+00   1.969976E+02   9.277570E+02   2.282637E-01
   3.303792E+00   2.022958E+02   9.322896E+02   2.279926E-01
   3.319052E+00   2.068659E+02   9.349125E+02   2.276275E-01
   3.334382E+00   2.093362E+02   9.352086E+02   2.270068E-01
   3.349783E+00   2.113741E+02   9.348033E+02   2.267771E-01
   3.365255E+00   2.154685E+02   9.332464E+02   2.272437E-01
   3.380799E+00   2.204026E+02   9.313443E+02   2.281492E-01
   3.396414E+00   2.248477E+02   9.283547E+02   2.288742E-01
   3.412102E+00   2.291931E+02   9.242743E+02   2.292520E-01
   3.427862E+00   2.339807E+02   9.197987E+02   2.287138E-01
   3.443695E+00   2.393490E+02   9.155622E+02   2.279662E-01
   3.459601E+00   2.435492E+02   9.118416E+02   2.275065E-01
   3.475580E+00   2.451914E+02   9.083640E+02   2.274478E-01
   3.491634E+00   2.483326E+02   9.045986E+02   2.277978E-01
   3.507761E+00   2.533138E+02   9.008809E+02   2.282454E-01
   3.523963E+00   2.588396E+02   8.978431E+02   2.289337E-01
   3.540240E+00   2.641845E+02   8.952155E+02   2.301553E-01
   3.556592E+00   2.651468E+02   8.901374E+02   2.320756E-01
   3.573019E+00   2.556499E+02   8.793223E+02   2.352009E-01
   3.589523E+00   2.370776E+02   8.647737E+02   2.385117E-01
   3.606102E+00   2.182113E+02   8.523527E+02   2.405686E-01
   3.622758E+00   2.041249E+02   8.447244E+02   2.409704E-01
   3.639491E+00   1.946319E+02   8.407258E+02   2.399943E-01
   3.656302E+00   1.889424E+02   8.390855E+02   2.384621E-01
   3.673190E+00   1.865014E+02   8.391764E+02   2.370239E-01
   3.690156E+00   1.870930E+02   8.405658E+02   2.358946E-01
   3.707200E+00   1.904683E+02   8.426108E+02   2.345476E-01
   3.724323E+00   1.954043E+02   8.449194E+02   2.332017E-01
   3.741525E+00   2.004984E+02   8.471956E+02   2.320428E-01
   3.758807E+00   2.051830E+02   8.494590E+02   2.311812E-01
   3.776169E+00   2.094642E+02   8.512478E+02   2.306369E-01
   3.793610E+00   2.131021E+02   8.518104E+02   2.302989E-01
   3.811132E+00   2.158550E+02   8.514631E+02   2.301803E-01
   3.828736E+00   2.185294E+02   8.506145E+02   2.303565E-01
   3.846420E+00   2.217606E+02   8.494738E+02   2.308051E-01
   3.864186E+00   2.253947E+02   8.480498E+02   2.313669E-01
   3.882034E+00   2.288913E+02   8.460200E+02   2.317019E-01
   3.899965E+00   2.322748E+02   8.433781E+02   2.317625E-01
   3.917978E+00   2.358034E+02   8.405207E+02   2.316132E-01
   3.936075E+00   2.396077E+02   8.373001E+02   2.313337E-01
   3.954255E+00   2.427754E+02   8.343740E+02   2.310635E-01
   3.972520E+00   2.444255E+02   8.313991E+02   2.307203E-01
   3.990868E+00   2.460272E+02   8.283537E+02   2.306192E-01
   4.009301E+00   2.488822E+02   8.252669E+02   2.309670E-01
   4.027820E+00   2.523842E+02   8.223943E+02   2.316301E-01
   4.046424E+00   2.558281E+02   8.195650E+02   2.325215E-01
   4.065114E+00   2.577665E+02   8.159659E+02   2.339386E-01
   4.083890E+00   2.547965E+02   8.101689E+02   2.359954E-01
   4.102753E+00   2.445177E+02   8.014235E+02   2.385064E-01
   4.121703E+00   2.294616E+02   7.912795E+02   2.407204E-01
   4.140741E+00   2.147718E+02   7.824442E+02   2.419408E-01
   4.159866E+00   2.032328E+02   7.764510E+02   2.420656E-01
   4.179080E+00   1.949751E+02   7.731480E+02   2.413194E-01
   4.198383E+00   1.895917E+02   7.718279E+02   2.401494E-01
   4.217775E+00   1.867998E+02   7.718749E+02   2.389292E-01
   4.237256E+00   1.864505E+02   7.727013E+02   2.376886E-01
   4.256828E+00   1.884277E+02   7.739945E+02   2.365616E-01
   4.276489E+00   1.919430E+02   7.755402E+02   2.355060E-01
   4.296242E+00   1.960386E+02   7.769212E+02   2.343118E-01
   4.316086E+00   2.001185E+02   7.783774E+02   2.332986E-01
   4.336021E+00   2.039972E+02   7.797019E+02   2.325801E-01
   4.356049E+00   2.074203E+02   7.804191E+02   2.320499E-01
   4.376169E+00   2.102316E+02   7.803268E+02   2.316358E-01
   4.396382E+00   2.128203E+02   7.797203E+02   2.316654E-01
   4.416688E+00   2.156240E+02   7.788091E+02   2.319685E-01
   4.437088E+00   2.188362E+02   7.776309E+02   2.324117E-01
   4.457583E+00   2.221494E+02   7.760609E+02   2.329072E-01
   4.478172E+00   2.253232E+02   7.740252E+02   2.332828E-01
   4.498856E+00   2.284430E+02   7.715068E+02   2.332984E-01
   4.519635E+00   2.316475E+02   7.687233E+02   2.330742E-01
   4.540511E+00   2.346512E+02   7.659775E+02   2.329040E-01
   4.561483E+00   2.368714E+02   7.632462E+02   2.327747E-01
   4.582552E+00   2.383863E+02   7.603315E+02   2.327661E-01
   4.603718E+00   2.402179E+02   7.573202E+02   2.330210E-01
   4.624982E+00   2.427021E+02   7.541846E+02   2.334487E-01
   4.646345E+00   2.453262E+02   7.512128E+02   2.341026E-01
   4.667805E+00   2.473057E+02   7.481276E+02   2.351052E-01
   4.689365E+00   2.470976E+02   7.441942E+02   2.365633E-01
   4.711025E+00   2.425704E+02   7.385169E+02   2.385091E-01
   4.732785E+00   2.330603E+02   7.311232E+02   2.406993E-01
   4.754645E+00   2.207329E+02   7.234617E+02   2.423441E-01
   4.776606E+00   2.089347E+02   7.170386E+02   2.431078E-01
   4.798668E+00   1.995036E+02   7.123785E+02   2.429149E-01
   4.820833E+00   1.927615E+02   7.093694E+02   2.421122E-01
   4.843100E+00   1.883341E+02   7.078796E+02   2.411262E-01
   4.865469E+00   1.860020E+02   7.075708E+02   2.401438E-01
   4.887942E+00   1.856275E+02   7.080632E+02   2.391848E-01
   4.910519E+00   1.870923E+02   7.088872E+02   2.382262E-01
   4.933200E+00   1.899006E+02   7.096914E+02   2.371819E-01
   4.955986E+00   1.933933E+02   7.104133E+02   2.362504E-01
   4.978877E+00   1.970463E+02   7.110550E+02   2.354301E-01
   5.001874E+00   2.005926E+02   7.114287E+02   2.346444E-01
   5.024977E+00   2.037393E+02   7.116334E+02   2.340408E-01
   5.048187E+00   2.064866E+02   7.114242E+02   2.336636E-01
   5.071504E+00   2.089940E+02   7.108102E+02   2.335533E-01
   5.094928E+00   2.115764E+02   7.098698E+02   2.336578E-01
   5.118461E+00   2.144421E+02   7.086503E+02   2.340527E-01
   5.142103E+00   2.174241E+02   7.071384E+02   2.344450E-01
   5.165854E+00   2.203618E+02   7.052886E+02   2.347552E-01
   5.189714E+00   2.231948E+02   7.031630E+02   2.350043E-01
   5.213685E+00   2.259990E+02   7.007283E+02   2.351893E-01
   5.237766E+00   2.286463E+02   6.980894E+02   2.351864E-01
   5.261959E+00   2.308474E+02   6.954389E+02   2.351167E-01
   5.286263E+00   2.324736E+02   6.928056E+02   2.351547E-01
   5.310680E+00   2.339504E+02   6.900685E+02   2.353561E-01
   5.335209E+00   2.356699E+02   6.871701E+02   2.357852E-01
   5.359852E+00   2.374796E+02   6.842658E+02   2.364630E-01
   5.384608E+00   2.388610E+02   6.812257E+02   2.372691E-01
   5.409479E+00   2.389337E+02   6.779289E+02   2.382899E-01
   5.434465E+00   2.364948E+02   6.738962E+02   2.396660E-01
   5.459566E+00   2.306482E+02   6.688533E+02   2.413061E-01
   5.484783E+00   2.219036E+02   6.631626E+02   2.428488E-01
   5.510116E+00   2.120931E+02   6.576829E+02   2.439120E-01
   5.535567E+00   2.030276E+02   6.532172E+02   2.441714E-01
   5.561135E+00   1.957381E+02   6.499636E+02   2.437642E-01
   5.586821E+00   1.904221E+02   6.477505E+02   2.428848E-01
   5.612626E+00   1.870121E+02   6.464502E+02   2.419230E-01
   5.638550E+00   1.853223E+02   6.460155E+02   2.410978E-01
   5.664594E+00   1.852181E+02   6.461722E+02   2.403205E-01
   5.690758E+00   1.864893E+02   6.466248E+02   2.395135E-01
   5.717043E+00   1.887958E+02   6.470503E+02   2.386902E-01
   5.743449E+00   1.916710E+02   6.473061E+02   2.378430E-01
   5.769977E+00   1.947623E+02   6.474097E+02   2.371214E-01
   5.796628E+00   1.977879E+02   6.473583E+02   2.364945E-01
   5.823402E+00   2.005818E+02   6.470565E+02   2.359487E-01
   5.850300E+00   2.030652E+02   6.466135E+02   2.355987E-01
   5.877322E+00   2.054062E+02   6.459304E+02   2.354772E-01
   5.904468E+00   2.077862E+02   6.449938E+02   2.355760E-01
   5.931740E+00   2.103050E+02   6.437751E+02   2.358172E-01
   5.959138E+00   2.129189E+02   6.422877E+02   2.361799E-01
   5.986663E+00   2.154797E+02   6.405408E+02   2.364535E-01
   6.014314E+00   2.179560E+02   6.385575E+02   2.366692E-01
   6.042094E+00   2.203156E+02   6.364204E+02   2.368975E-01
   6.070001E+00   2.225159E+02   6.340851E+02   2.371522E-01
   6.098038E+00   2.243665E+02   6.316048E+02   2.372994E-01
   6.126204E+00   2.258208E+02   6.290937E+02   2.373970E-01
   6.154500E+00   2.270962E+02   6.265453E+02   2.376448E-01
   6.182927E+00   2.283610E+02   6.239339E+02   2.380689E-01
   6.211485E+00   2.295270E+02   6.211885E+02   2.387301E-01
   6.240175E+00   2.301678E+02   6.183594E+02   2.395608E-01
   6.268998E+00   2.296727E+02   6.152536E+02   2.405125E-01
   6.297954E+00   2.272601E+02   6.117839E+02   2.415905E-01
   6.327043E+00   2.224733E+02   6.078473E+02   2.428089E-01
   6.356267E+00   2.156461E+02   6.035913E+02   2.439734E-01
   6.385626E+00   2.078888E+02   5.994433E+02   2.447791E-01
   6.415120E+00   2.004585E+02   5.958312E+02   2.450722E-01
   6.444751E+00   1.941405E+02   5.930274E+02   2.447708E-01
   6.474518E+00   1.893052E+02   5.910022E+02   2.440714E-01
   6.504423E+00   1.860005E+02   5.896186E+02   2.431756E-01
   6.534467E+00   1.841837E+02   5.887902E+02   2.423485E-01
   6.564648E+00   1.837217E+02   5.884693E+02   2.416889E-01
   6.594970E+00   1.844325E+02   5.884627E+02   2.410572E-01
   6.625431E+00   1.860542E+02   5.885461E+02   2.403870E-01
   6.656033E+00   1.882993E+02   5.885227E+02   2.397248E-01
   6.686777E+00   1.908521E+02   5.883137E+02   2.390561E-01
   6.717662E+00   1.934848E+02   5.879422E+02   2.384856E-01
   6.748690E+00   1.960173E+02   5.874328E+02   2.380328E-01
   6.779861E+00   1.983933E+02   5.867121E+02   2.377059E-01
   6.811177E+00   2.006096E+02   5.858929E+02   2.375395E-01
   6.842637E+00   2.027928E+02   5.849250E+02   2.375535E-01
   6.874242E+00   2.050244E+02   5.837566E+02   2.377289E-01
   6.905993E+00   2.072973E+02   5.823651E+02   2.379855E-01
   6.937891E+00   2.095662E+02   5.807466E+02   2.383001E-01
   6.969936E+00   2.117459E+02   5.789350E+02   2.385566E-01
   7.002130E+00   2.138115E+02   5.769648E+02   2.388151E-01
   7.034472E+00   2.156974E+02   5.748930E+02   2.391185E-01
   7.066963E+00   2.173634E+02   5.726684E+02   2.394859E-01
   7.099605E+00   2.187321E+02   5.703133E+02   2.397960E-01
   7.132397E+00   2.198355E+02   5.679200E+02   2.400445E-01
   7.165340E+00   2.207732E+02   5.654989E+02   2.404364E-01
   7.198436E+00   2.214792E+02   5.630427E+02   2.409682E-01
   7.231685E+00   2.217647E+02   5.604584E+02   2.417029E-01
   7.265087E+00   2.212214E+02   5.577470E+02   2.425315E-01
   7.298644E+00   2.194219E+02   5.548262E+02   2.434278E-01
   7.332355E+00   2.160313E+02   5.517211E+02   2.443035E-01
   7.366222E+00   2.111451E+02   5.485139E+02   2.451374E-01
   7.400246E+00   2.053297E+02   5.453346E+02   2.457998E-01
   7.434427E+00   1.993747E+02   5.423977E+02   2.461199E-01
   7.468766E+00   1.939719E+02   5.398735E+02   2.460542E-01
   7.503263E+00   1.895068E+02   5.378710E+02   2.456064E-01
   7.537920E+00   1.861784E+02   5.363584E+02   2.449227E-01
   7.572736E+00   1.840253E+02   5.352503E+02   2.441625E-01
   7.607714E+00   1.830060E+02   5.344696E+02   2.434927E-01
   7.642853E+00   1.830010E+02   5.339698E+02   2.429710E-01
   7.678154E+00   1.838281E+02   5.336438E+02   2.424806E-01
   7.713619E+00   1.852822E+02   5.333331E+02   2.419609E-01
   7.749247E+00   1.871637E+02   5.329227E+02   2.414540E-01
   7.785040E+00   1.892631E+02   5.323553E+02   2.409450E-01
   7.820998E+00   1.914270E+02   5.316590E+02   2.405165E-01
   7.857122E+00   1.935444E+02   5.308677E+02   2.402113E-01
   7.893413E+00   1.955656E+02   5.299808E+02   2.400112E-01
   7.929872E+00   1.975000E+02   5.290175E+02   2.399251E-01
   7.966499E+00   1.994023E+02   5.279609E+02   2.399737E-01
   8.003295E+00   2.013115E+02   5.267469E+02   2.401459E-01
   8.040262E+00   2.032034E+02   5.253623E+02   2.403864E-01
   8.077399E+00   2.050514E+02   5.238023E+02   2.406744E-01
   8.114707E+00   2.067959E+02   5.221020E+02   2.409516E-01
   8.152188E+00   2.084064E+02   5.202865E+02   2.412571E-01
   8.189842E+00   2.098270E+02   5.183931E+02   2.416110E-01
   8.227670E+00   2.110461E+02   5.163829E+02   2.420365E-01
   8.265672E+00   2.120095E+02   5.142806E+02   2.424281E-01
   8.303850E+00   2.126951E+02   5.121659E+02   2.427266E-01
   8.342205E+00   2.131364E+02   5.100370E+02   2.431186E-01
   8.380737E+00   2.132304E+02   5.078851E+02   2.436074E-01
   8.419446E+00   2.128281E+02   5.056450E+02   2.442454E-01
   8.458335E+00   2.116702E+02   5.033086E+02   2.449230E-01
   8.497403E+00   2.095434E+02   5.008864E+02   2.456117E-01
   8.536651E+00   2.063568E+02   4.984135E+02   2.462090E-01
   8.576081E+00   2.022824E+02   4.959816E+02   2.467052E-01
   8.615693E+00   1.977297E+02   4.936362E+02   2.470466E-01
   8.655487E+00   1.931802E+02   4.914665E+02   2.471435E-01
   8.695466E+00   1.890512E+02   4.895534E+02   2.469690E-01
   8.735629E+00   1.855816E+02   4.879748E+02   2.465409E-01
   8.775978E+00   1.829343E+02   4.867158E+02   2.459411E-01
   8.816513E+00   1.811730E+02   4.857195E+02   2.452956E-01
   8.857236E+00   1.802879E+02   4.849297E+02   2.447177E-01
   8.898146E+00   1.801979E+02   4.843093E+02   2.442648E-01
   8.939246E+00   1.807570E+02   4.838093E+02   2.438569E-01
   8.980535E+00   1.818159E+02   4.833180E+02   2.434295E-01
   9.022015E+00   1.832223E+02   4.827648E+02   2.430069E-01
   9.063686E+00   1.848311E+02   4.820986E+02   2.425870E-01
   9.105550E+00   1.865284E+02   4.813357E+02   2.422259E-01
   9.147608E+00   1.882311E+02   4.805041E+02   2.419722E-01
   9.189860E+00   1.898868E+02   4.796159E+02   2.418144E-01
   9.232306E+00   1.914883E+02   4.786657E+02   2.417403E-01
   9.274949E+00   1.930492E+02   4.776563E+02   2.417676E-01
   9.317789E+00   1.945931E+02   4.765343E+02   2.419000E-01
   9.360827E+00   1.960988E+02   4.752873E+02   2.421059E-01
   9.404063E+00   1.975466E+02   4.739033E+02   2.423570E-01
   9.447500E+00   1.988940E+02   4.724097E+02   2.426264E-01
   9.491136E+00   2.001104E+02   4.708267E+02   2.429277E-01
   9.534975E+00   2.011548E+02   4.691798E+02   2.432754E-01
   9.579016E+00   2.020168E+02   4.674465E+02   2.436862E-01
   9.623260E+00   2.026660E+02   4.656227E+02   2.440909E-01
   9.667709E+00   2.030580E+02   4.637613E+02   2.444075E-01
   9.712362E+00   2.031744E+02   4.618952E+02   2.447585E-01
   9.757223E+00   2.029360E+02   4.600152E+02   2.451801E-01
   9.802290E+00   2.022388E+02   4.580863E+02   2.457039E-01
   9.847566E+00   2.009345E+02   4.560913E+02   2.462515E-01
   9.893050E+00   1.989103E+02   4.540727E+02   2.467736E-01
   9.938745E+00   1.961600E+02   4.520549E+02   2.471945E-01
   9.984651E+00   1.928285E+02   4.501112E+02   2.474962E-01
   1.003077E+01   1.892096E+02   4.482512E+02   2.476698E-01
   1.007710E+01   1.856266E+02   4.465128E+02   2.476691E-01
   1.012364E+01   1.823605E+02   4.449436E+02   2.474658E-01
   1.017040E+01   1.796058E+02   4.435812E+02   2.470894E-01
   1.021738E+01   1.774741E+02   4.424390E+02   2.465799E-01
   1.026457E+01   1.760274E+02   4.414817E+02   2.460363E-01
   1.031198E+01   1.752666E+02   4.406626E+02   2.455431E-01
   1.035961E+01   1.751385E+02   4.399485E+02   2.451567E-01
   1.040746E+01   1.755303E+02   4.393165E+02   2.448254E-01
   1.045553E+01   1.763290E+02   4.386928E+02   2.444864E-01
   1.050383E+01   1.774232E+02   4.380227E+02   2.441476E-01
   1.055234E+01   1.787203E+02   4.372544E+02   2.438270E-01
   1.060108E+01   1.801124E+02   4.364096E+02   2.435477E-01
   1.065005E+01   1.815348E+02   4.355111E+02   2.433577E-01
   1.069924E+01   1.829390E+02   4.345745E+02   2.432598E-01
   1.074866E+01   1.843063E+02   4.335884E+02   2.432288E-01
   1.079830E+01   1.856310E+02   4.325589E+02   2.432740E-01
   1.084818E+01   1.869234E+02   4.314512E+02   2.434121E-01
   1.089829E+01   1.881675E+02   4.302467E+02   2.436263E-01
   1.094862E+01   1.893417E+02   4.289383E+02   2.438857E-01
   1.099920E+01   1.904160E+02   4.275442E+02   2.441781E-01
   1.105000E+01   1.913672E+02   4.260748E+02   2.445078E-01
   1.110104E+01   1.921598E+02   4.245548E+02   2.448828E-01
   1.115231E+01   1.927774E+02   4.229751E+02   2.453043E-01
   1.120382E+01   1.931959E+02   4.213275E+02   2.457309E-01
   1.125557E+01   1.933654E+02   4.196478E+02   2.460785E-01
   1.130756E+01   1.932544E+02   4.179714E+02   2.464054E-01
   1.135979E+01   1.928132E+02   4.162940E+02   2.467753E-01
   1.141226E+01   1.919772E+02   4.146027E+02   2.471982E-01
   1.146497E+01   1.906871E+02   4.128741E+02   2.476358E-01
   1.151793E+01   1.888963E+02   4.111534E+02   2.480192E-01
   1.157112E+01   1.866421E+02   4.094642E+02   2.483092E-01
   1.162457E+01   1.840400E+02   4.078519E+02   2.484776E-01
   1.167826E+01   1.812879E+02   4.063239E+02   2.485379E-01
   1.173220E+01   1.785969E+02   4.048816E+02   2.484792E-01
   1.178639E+01   1.761465E+02   4.035454E+02   2.482818E-01
   1.184083E+01   1.740699E+02   4.023360E+02   2.479709E-01
   1.189552E+01   1.724439E+02   4.012681E+02   2.475688E-01
   1.195047E+01   1.713182E+02   4.003223E+02   2.471425E-01
   1.200567E+01   1.707003E+02   3.994629E+02   2.467549E-01
   1.206112E+01   1.705595E+02   3.986610E+02   2.464534E-01
   1.211683E+01   1.708160E+02   3.979067E+02   2.462083E-01
   1.217279E+01   1.713883E+02   3.971599E+02   2.459666E-01
   1.222902E+01   1.721963E+02   3.963836E+02   2.457217E-01
   1.228550E+01   1.731686E+02   3.955500E+02   2.454919E-01
   1.234225E+01   1.742360E+02   3.946603E+02   2.452909E-01
   1.239926E+01   1.753478E+02   3.937311E+02   2.451588E-01
   1.245653E+01   1.764626E+02   3.927751E+02   2.451087E-01
   1.251406E+01   1.775538E+02   3.917851E+02   2.451137E-01
   1.257186E+01   1.786068E+02   3.907631E+02   2.451760E-01
   1.262993E+01   1.796191E+02   3.896938E+02   2.453158E-01
   1.268827E+01   1.805794E+02   3.885563E+02   2.455285E-01
   1.274687E+01   1.814632E+02   3.873503E+02   2.457861E-01
   1.280575E+01   1.822519E+02   3.860816E+02   2.460795E-01
   1.286490E+01   1.829219E+02   3.847647E+02   2.464053E-01
   1.292432E+01   1.834506E+02   3.834110E+02   2.467693E-01
   1.298401E+01   1.838181E+02   3.820196E+02   2.471616E-01
   1.304398E+01   1.840063E+02   3.805823E+02   2.475605E-01
   1.310423E+01   1.839735E+02   3.791214E+02   2.478930E-01
   1.316476E+01   1.836903E+02   3.776672E+02   2.481670E-01
   1.322557E+01   1.831352E+02   3.762225E+02   2.484526E-01
   1.328665E+01   1.822781E+02   3.747833E+02   2.487569E-01
   1.334802E+01   1.811056E+02   3.733345E+02   2.490672E-01
   1.340968E+01   1.796103E+02   3.719009E+02   2.493180E-01
   1.347161E+01   1.778334E+02   3.705062E+02   2.494920E-01
   1.353384E+01   1.758504E+02   3.691740E+02   2.495613E-01
   1.359635E+01   1.737863E+02   3.679104E+02   2.495442E-01
   1.365915E+01   1.717802E+02   3.667021E+02   2.494501E-01
   1.372224E+01   1.699453E+02   3.655561E+02   2.492688E-01
   1.378562E+01   1.683695E+02   3.644851E+02   2.490144E-01
   1.384929E+01   1.671074E+02   3.635006E+02   2.487022E-01
   1.391326E+01   1.661954E+02   3.625949E+02   2.483705E-01
   1.397753E+01   1.656465E+02   3.617436E+02   2.480669E-01
   1.404209E+01   1.654463E+02   3.609239E+02   2.478278E-01
   1.410694E+01   1.655466E+02   3.601293E+02   2.476405E-01
   1.417210E+01   1.658900E+02   3.593419E+02   2.474642E-01
   1.423756E+01   1.664212E+02   3.585377E+02   2.472854E-01
   1.430332E+01   1.670904E+02   3.576986E+02   2.471186E-01
   1.436939E+01   1.678487E+02   3.568204E+02   2.469738E-01
   1.443576E+01   1.686556E+02   3.559140E+02   2.468796E-01
   1.450244E+01   1.694776E+02   3.549879E+02   2.468537E-01
   1.456942E+01   1.702867E+02   3.540402E+02   2.468770E-01
   1.463672E+01   1.710652E+02   3.530690E+02   2.469450E-01
   1.470432E+01   1.718032E+02   3.520701E+02   2.470752E-01
   1.477224E+01   1.724914E+02   3.510264E+02   2.472714E-01
   1.484047E+01   1.731107E+02   3.499347E+02   2.475156E-01
   1.490902E+01   1.736440E+02   3.487973E+02   2.477931E-01
   1.497788E+01   1.740716E+02   3.476265E+02   2.480987E-01
   1.504706E+01   1.743825E+02   3.464230E+02   2.484412E-01
   1.511656E+01   1.745524E+02   3.451936E+02   2.488024E-01
   1.518638E+01   1.745637E+02   3.439358E+02   2.491651E-01
   1.525653E+01   1.743874E+02   3.426633E+02   2.494731E-01
   1.532699E+01   1.740015E+02   3.413989E+02   2.497076E-01
   1.539779E+01   1.734006E+02   3.401501E+02   2.499244E-01
   1.546891E+01   1.725791E+02   3.389143E+02   2.501395E-01
   1.554036E+01   1.715449E+02   3.376837E+02   2.503510E-01
   1.561214E+01   1.703110E+02   3.364678E+02   2.505106E-01
   1.568425E+01   1.689140E+02   3.352878E+02   2.506036E-01
   1.575669E+01   1.674139E+02   3.341533E+02   2.506158E-01
   1.582947E+01   1.658913E+02   3.330677E+02   2.505594E-01
   1.590258E+01   1.644324E+02   3.320193E+02   2.504527E-01
   1.597603E+01   1.631076E+02   3.310068E+02   2.502965E-01
   1.604983E+01   1.619697E+02   3.300380E+02   2.500979E-01
   1.612396E+01   1.610528E+02   3.291197E+02   2.498692E-01
   1.619843E+01   1.603779E+02   3.282498E+02   2.496312E-01
   1.627325E+01   1.599549E+02   3.274122E+02   2.494166E-01
   1.634841E+01   1.597765E+02   3.265888E+02   2.492516E-01
   1.642393E+01   1.598125E+02   3.257747E+02   2.491307E-01
   1.649979E+01   1.600229E+02   3.249636E+02   2.490240E-01
   1.657600E+01   1.603993E+02   3.241223E+02   2.489371E-01
   1.665256E+01   1.608777E+02   3.232597E+02   2.488590E-01
   1.672948E+01   1.614246E+02   3.223706E+02   2.488010E-01
   1.680675E+01   1.620092E+02   3.214618E+02   2.487811E-01
   1.688438E+01   1.626059E+02   3.205383E+02   2.488158E-01
   1.696236E+01   1.631904E+02   3.196007E+02   2.488952E-01
   1.704071E+01   1.637456E+02   3.186465E+02   2.490117E-01
   1.711942E+01   1.642586E+02   3.176758E+02   2.491763E-01
   1.719849E+01   1.647203E+02   3.166785E+02   2.493967E-01
   1.727793E+01   1.651148E+02   3.156520E+02   2.496606E-01
   1.735773E+01   1.654276E+02   3.145971E+02   2.499515E-01
   1.743791E+01   1.656439E+02   3.135221E+02   2.502626E-01
   1.751845E+01   1.657495E+02   3.124342E+02   2.505917E-01
   1.759936E+01   1.657305E+02   3.113370E+02   2.509234E-01
   1.768065E+01   1.655785E+02   3.102270E+02   2.512449E-01
   1.776232E+01   1.652780E+02   3.091129E+02   2.515178E-01
   1.784436E+01   1.648190E+02   3.080096E+02   2.517173E-01
   1.792678E+01   1.642073E+02   3.069248E+02   2.518778E-01
   1.800958E+01   1.634555E+02   3.058548E+02   2.520233E-01
   1.809277E+01   1.625911E+02   3.047867E+02   2.521637E-01
   1.817634E+01   1.616279E+02   3.037326E+02   2.522637E-01
   1.826029E+01   1.605959E+02   3.027062E+02   2.523093E-01
   1.834463E+01   1.595370E+02   3.017117E+02   2.523004E-01
   1.842936E+01   1.584996E+02   3.007482E+02   2.522443E-01
   1.851449E+01   1.575326E+02   2.998071E+02   2.521597E-01
   1.860000E+01   1.566741E+02   2.988843E+02   2.520552E-01
   1.868591E+01   1.559490E+02   2.979839E+02   2.519354E-01
   1.877222E+01   1.553725E+02   2.971095E+02   2.518088E-01
   1.885893E+01   1.549520E+02   2.962603E+02   2.516859E-01
   1.894604E+01   1.546903E+02   2.954261E+02   2.515853E-01
   1.903354E+01   1.545873E+02   2.945940E+02   2.515305E-01
   1.912146E+01   1.546349E+02   2.937595E+02   2.515247E-01
   1.920978E+01   1.547988E+02   2.929227E+02   2.515339E-01
   1.929851E+01   1.550509E+02   2.920783E+02   2.515477E-01
   1.938764E+01   1.553655E+02   2.912213E+02   2.515696E-01
   1.947719E+01   1.557199E+02   2.903483E+02   2.516105E-01
   1.956715E+01   1.560916E+02   2.894630E+02   2.516823E-01
   1.965753E+01   1.564613E+02   2.885679E+02   2.517960E-01
   1.974833E+01   1.568106E+02   2.876638E+02   2.519477E-01
   1.983954E+01   1.571246E+02   2.867492E+02   2.521303E-01
   1.993118E+01   1.573913E+02   2.858253E+02   2.523496E-01
   2.002324E+01   1.576501E+02   2.848246E+02   2.526704E-01
   2.011573E+01   1.579781E+02   2.836250E+02   2.531973E-01
   2.020864E+01   1.582198E+02   2.824202E+02   2.537357E-01
   2.030198E+01   1.583704E+02   2.812154E+02   2.542757E-01
   2.039575E+01   1.584266E+02   2.800166E+02   2.548117E-01
   2.048996E+01   1.583877E+02   2.788266E+02   2.553299E-01
   2.058460E+01   1.582580E+02   2.776446E+02   2.558196E-01
   2.067967E+01   1.580413E+02   2.764752E+02   2.562610E-01
   2.077519E+01   1.577461E+02   2.753251E+02   2.566406E-01
   2.087115E+01   1.573900E+02   2.741968E+02   2.569779E-01
   2.096755E+01   1.569934E+02   2.730873E+02   2.572944E-01
   2.106440E+01   1.564782E+02   2.721184E+02   2.574302E-01
   2.116169E+01   1.559026E+02   2.712216E+02   2.574631E-01
   2.125943E+01   1.553266E+02   2.703365E+02   2.574716E-01
   2.135763E+01   1.547644E+02   2.694645E+02   2.574609E-01
   2.145628E+01   1.542309E+02   2.686029E+02   2.574355E-01
   2.155538E+01   1.537395E+02   2.677479E+02   2.574054E-01
   2.165494E+01   1.533000E+02   2.668975E+02   2.573779E-01
   2.175496E+01   1.529170E+02   2.660535E+02   2.573554E-01
   2.185545E+01   1.525924E+02   2.652176E+02   2.573398E-01
   2.195640E+01   1.523267E+02   2.643897E+02   2.573332E-01
   2.205781E+01   1.521201E+02   2.635661E+02   2.573402E-01
   2.215969E+01   1.519705E+02   2.627418E+02   2.573654E-01
   2.226204E+01   1.518712E+02   2.619159E+02   2.574068E-01
   2.236487E+01   1.518124E+02   2.610899E+02   2.574553E-01
   2.246817E+01   1.517848E+02   2.602644E+02   2.575058E-01
   2.257195E+01   1.517801E+02   2.594386E+02   2.575588E-01
   2.267621E+01   1.517913E+02   2.586109E+02   2.576196E-01
   2.278094E+01   1.518111E+02   2.577816E+02   2.576935E-01
   2.288617E+01   1.518324E+02   2.569520E+02   2.577851E-01
   2.299187E+01   1.518481E+02   2.561227E+02   2.578953E-01
   2.309807E+01   1.517224E+02   2.554029E+02   2.578136E-01
   2.320476E+01   1.515777E+02   2.546936E+02   2.577279E-01
   2.331194E+01   1.514225E+02   2.539854E+02   2.576589E-01
   2.341961E+01   1.512537E+02   2.532767E+02   2.576058E-01
   2.352779E+01   1.510679E+02   2.525663E+02   2.575618E-01
   2.363646E+01   1.508623E+02   2.518541E+02   2.575213E-01
   2.374563E+01   1.506339E+02   2.511416E+02   2.574821E-01
   2.385531E+01   1.503798E+02   2.504304E+02   2.574405E-01
   2.396549E+01   1.500985E+02   2.497192E+02   2.573917E-01
   2.407619E+01   1.497884E+02   2.490079E+02   2.573289E-01
   2.418739E+01   1.494472E+02   2.482984E+02   2.572389E-01
   2.429911E+01   1.490750E+02   2.475931E+02   2.571188E-01
   2.441135E+01   1.486746E+02   2.468926E+02   2.569811E-01
   2.452410E+01   1.482496E+02   2.461955E+02   2.568375E-01
   2.463737E+01   1.478034E+02   2.455000E+02   2.566912E-01
   2.475117E+01   1.473377E+02   2.448059E+02   2.565361E-01
   2.486549E+01   1.468549E+02   2.441159E+02   2.563701E-01
   2.498034E+01   1.463592E+02   2.434299E+02   2.561937E-01
   2.509572E+01   1.453492E+02   2.432107E+02   2.554525E-01
   2.521164E+01   1.441812E+02   2.430964E+02   2.545854E-01
   2.532809E+01   1.429659E+02   2.429929E+02   2.537079E-01
   2.544508E+01   1.417182E+02   2.429040E+02   2.528174E-01
   2.556260E+01   1.404585E+02   2.428338E+02   2.519110E-01
   2.568067E+01   1.392120E+02   2.427856E+02   2.509882E-01
   2.579929E+01   1.380080E+02   2.427588E+02   2.500570E-01
   2.591845E+01   1.368748E+02   2.427513E+02   2.491287E-01
   2.603817E+01   1.358329E+02   2.427647E+02   2.482048E-01
   2.615843E+01   1.348949E+02   2.428002E+02   2.472786E-01
   2.627926E+01   1.340664E+02   2.428551E+02   2.463458E-01
   2.640064E+01   1.333469E+02   2.429234E+02   2.454114E-01
   2.652258E+01   1.329357E+02   2.428319E+02   2.447170E-01
   2.664508E+01   1.334973E+02   2.419902E+02   2.450847E-01
   2.676815E+01   1.340580E+02   2.411295E+02   2.455213E-01
   2.689179E+01   1.345774E+02   2.402495E+02   2.460174E-01
   2.701600E+01   1.350234E+02   2.393501E+02   2.465696E-01
   2.714079E+01   1.353702E+02   2.384318E+02   2.471818E-01
   2.726615E+01   1.355958E+02   2.374943E+02   2.478469E-01
   2.739208E+01   1.356800E+02   2.365432E+02   2.485406E-01
   2.751861E+01   1.356141E+02   2.355849E+02   2.492154E-01
   2.764571E+01   1.354444E+02   2.346234E+02   2.497416E-01
   2.777340E+01   1.351785E+02   2.336731E+02   2.502366E-01
   2.790168E+01   1.348286E+02   2.327344E+02   2.506860E-01
   2.803056E+01   1.344101E+02   2.318104E+02   2.510751E-01
   2.816003E+01   1.339427E+02   2.309068E+02   2.513910E-01
   2.829010E+01   1.334546E+02   2.300245E+02   2.516518E-01
   2.842076E+01   1.329754E+02   2.291599E+02   2.518839E-01
   2.855204E+01   1.325313E+02   2.283085E+02   2.520998E-01
   2.868391E+01   1.321422E+02   2.274677E+02   2.522986E-01
   2.881640E+01   1.318211E+02   2.266384E+02   2.524785E-01
   2.894950E+01   1.315775E+02   2.258199E+02   2.526532E-01
   2.908322E+01   1.314165E+02   2.250068E+02   2.528351E-01
   2.921755E+01   1.313371E+02   2.241944E+02   2.530364E-01
   2.935250E+01   1.313313E+02   2.233811E+02   2.532646E-01
   2.948808E+01   1.313866E+02   2.225684E+02   2.535223E-01
   2.962428E+01   1.319542E+02   2.215089E+02   2.547615E-01
   2.976111E+01   1.326472E+02   2.204018E+02   2.562078E-01
   2.989857E+01   1.333260E+02   2.192622E+02   2.577599E-01
   3.003667E+01   1.339105E+02   2.180927E+02   2.593940E-01
   3.017540E+01   1.343476E+02   2.169062E+02   2.610833E-01
   3.031478E+01   1.346190E+02   2.157164E+02   2.628127E-01
   3.045480E+01   1.347396E+02   2.145349E+02   2.645748E-01
   3.059547E+01   1.347515E+02   2.133695E+02   2.663595E-01
   3.073678E+01   1.347129E+02   2.122244E+02   2.681579E-01
   3.087875E+01   1.346831E+02   2.111013E+02   2.699617E-01
   3.102138E+01   1.347100E+02   2.099998E+02   2.717726E-01
   3.116466E+01   1.348220E+02   2.089150E+02   2.736029E-01
   3.130861E+01   1.350241E+02   2.078387E+02   2.754628E-01
   3.145322E+01   1.353021E+02   2.067621E+02   2.773566E-01
   3.159850E+01   1.363374E+02   2.050333E+02   2.796651E-01
   3.174445E+01   1.375898E+02   2.031047E+02   2.821084E-01
   3.189107E+01   1.386976E+02   2.013071E+02   2.844757E-01
   3.203837E+01   1.396662E+02   1.996416E+02   2.867508E-01
   3.218635E+01   1.404995E+02   1.981094E+02   2.889155E-01
   3.233502E+01   1.412001E+02   1.967112E+02   2.909497E-01
   3.248437E+01   1.417684E+02   1.954487E+02   2.928299E-01
   3.263441E+01   1.422023E+02   1.943241E+02   2.945294E-01
   3.278515E+01   1.424966E+02   1.933405E+02   2.960183E-01
   3.293658E+01   1.426430E+02   1.925021E+02   2.972639E-01
   3.308871E+01   1.426294E+02   1.918146E+02   2.982304E-01
   3.324154E+01   1.416247E+02   1.916868E+02   2.957089E-01
   3.339508E+01   1.405686E+02   1.915912E+02   2.929581E-01
   3.354933E+01   1.395332E+02   1.914889E+02   2.902488E-01
   3.370429E+01   1.385180E+02   1.913797E+02   2.875842E-01
   3.385996E+01   1.375222E+02   1.912634E+02   2.849671E-01
   3.401636E+01   1.365452E+02   1.911396E+02   2.823998E-01
   3.417347E+01   1.355863E+02   1.910083E+02   2.798846E-01
   3.433132E+01   1.346447E+02   1.908695E+02   2.774231E-01
   3.448989E+01   1.337198E+02   1.907231E+02   2.750171E-01
   3.464919E+01   1.333065E+02   1.903679E+02   2.740816E-01
   3.480923E+01   1.328658E+02   1.900469E+02   2.731722E-01
   3.497001E+01   1.323631E+02   1.897746E+02   2.721937E-01
   3.513154E+01   1.318003E+02   1.895500E+02   2.711510E-01
   3.529380E+01   1.311801E+02   1.893725E+02   2.700477E-01
   3.545682E+01   1.305063E+02   1.892422E+02   2.688877E-01
   3.562059E+01   1.297846E+02   1.891596E+02   2.676751E-01
   3.578512E+01   1.290221E+02   1.891250E+02   2.664156E-01
   3.595041E+01   1.282259E+02   1.891384E+02   2.651170E-01
   3.611646E+01   1.287313E+02   1.880104E+02   2.683712E-01
   3.628327E+01   1.297407E+02   1.863668E+02   2.738645E-01
   3.645086E+01   1.307404E+02   1.847116E+02   2.796554E-01
   3.661922E+01   1.318094E+02   1.830425E+02   2.857172E-01
   3.678836E+01   1.329726E+02   1.813541E+02   2.920231E-01
   3.695828E+01   1.342171E+02   1.796460E+02   2.985337E-01
   3.712899E+01   1.348234E+02   1.785474E+02   3.000546E-01
   3.730048E+01   1.349329E+02   1.778660E+02   2.996265E-01
   3.747277E+01   1.347067E+02   1.774331E+02   2.988107E-01
   3.764585E+01   1.341158E+02   1.772520E+02   2.975531E-01
   3.781973E+01   1.331233E+02   1.773272E+02   2.957999E-01
   3.799442E+01   1.316825E+02   1.776639E+02   2.934993E-01
   3.816991E+01   1.297376E+02   1.782664E+02   2.906049E-01
   3.834621E+01   1.272251E+02   1.791361E+02   2.870801E-01
   3.852333E+01   1.244499E+02   1.800023E+02   2.831570E-01
   3.870126E+01   1.237441E+02   1.793144E+02   2.803397E-01
   3.888002E+01   1.229067E+02   1.787780E+02   2.770888E-01
   3.905960E+01   1.219774E+02   1.783673E+02   2.735078E-01
   3.924001E+01   1.209870E+02   1.780585E+02   2.696984E-01
   3.942126E+01   1.199586E+02   1.778304E+02   2.657560E-01
   3.960334E+01   1.189083E+02   1.776645E+02   2.617661E-01
   3.978626E+01   1.178471E+02   1.775455E+02   2.578021E-01
   3.997003E+01   1.167816E+02   1.774610E+02   2.539241E-01
   4.015465E+01   1.168515E+02   1.768752E+02   2.537965E-01
   4.034012E+01   1.171165E+02   1.762007E+02   2.543798E-01
   4.052644E+01   1.173537E+02   1.755389E+02   2.549595E-01
   4.071363E+01   1.175633E+02   1.748902E+02   2.555361E-01
   4.090168E+01   1.177459E+02   1.742546E+02   2.561105E-01
   4.109060E+01   1.179021E+02   1.736322E+02   2.566841E-01
   4.128039E+01   1.180324E+02   1.730226E+02   2.572578E-01
   4.147106E+01   1.181365E+02   1.724253E+02   2.578321E-01
   4.166261E+01   1.182128E+02   1.718402E+02   2.584063E-01
   4.185505E+01   1.182593E+02   1.712675E+02   2.589793E-01
   4.204837E+01   1.182205E+02   1.706772E+02   2.596190E-01
   4.224259E+01   1.179735E+02   1.700315E+02   2.604169E-01
   4.243770E+01   1.176683E+02   1.694349E+02   2.611366E-01
   4.263371E+01   1.173024E+02   1.688879E+02   2.617706E-01
   4.283063E+01   1.168730E+02   1.683909E+02   2.623110E-01
   4.302846E+01   1.163766E+02   1.679449E+02   2.627492E-01
   4.322721E+01   1.158091E+02   1.675508E+02   2.630764E-01
   4.342687E+01   1.151770E+02   1.672206E+02   2.624860E-01
   4.362745E+01   1.145406E+02   1.669292E+02   2.605851E-01
   4.382896E+01   1.139070E+02   1.666439E+02   2.586943E-01
   4.403140E+01   1.132766E+02   1.663639E+02   2.568180E-01
   4.423478E+01   1.126496E+02   1.660885E+02   2.549600E-01
   4.443909E+01   1.120261E+02   1.658170E+02   2.531241E-01
   4.464435E+01   1.114061E+02   1.655487E+02   2.513132E-01
   4.485056E+01   1.107895E+02   1.652831E+02   2.495300E-01
   4.505772E+01   1.101762E+02   1.650198E+02   2.477766E-01
   4.526583E+01   1.095660E+02   1.647582E+02   2.460549E-01
   4.547491E+01   1.089587E+02   1.644981E+02   2.443663E-01
   4.568495E+01   1.086281E+02   1.641075E+02   2.436069E-01
   4.589597E+01   1.084176E+02   1.636614E+02   2.432499E-01
   4.610795E+01   1.082027E+02   1.632197E+02   2.428865E-01
   4.632092E+01   1.079834E+02   1.627822E+02   2.425176E-01
   4.653487E+01   1.077599E+02   1.623492E+02   2.421444E-01
   4.674981E+01   1.075321E+02   1.619203E+02   2.417676E-01
   4.696574E+01   1.073001E+02   1.614955E+02   2.413874E-01
   4.718267E+01   1.070635E+02   1.610749E+02   2.410034E-01
   4.740060E+01   1.068225E+02   1.606585E+02   2.406150E-01
   4.761954E+01   1.065768E+02   1.602464E+02   2.402219E-01
   4.783949E+01   1.063265E+02   1.598386E+02   2.398241E-01
   4.806045E+01   1.060717E+02   1.594351E+02   2.394221E-01
   4.828244E+01   1.058127E+02   1.590359E+02   2.390168E-01
   4.850545E+01   1.055499E+02   1.586408E+02   2.386088E-01
   4.872949E+01   1.052838E+02   1.582495E+02   2.381984E-01
   4.895456E+01   1.050148E+02   1.578618E+02   2.377847E-01
   4.918068E+01   1.047433E+02   1.574777E+02   2.373669E-01
   4.940784E+01   1.044699E+02   1.570970E+02   2.369450E-01
   4.963605E+01   1.041954E+02   1.567195E+02   2.365195E-01
   4.986531E+01   1.039203E+02   1.563451E+02   2.360915E-01
   5.009563E+01   1.036222E+02   1.559875E+02   2.355747E-01
   5.032702E+01   1.032907E+02   1.556530E+02   2.349331E-01
   5.055947E+01   1.029586E+02   1.553213E+02   2.342878E-01
   5.079300E+01   1.026260E+02   1.549926E+02   2.336376E-01
   5.102761E+01   1.022928E+02   1.546669E+02   2.329824E-01
   5.126330E+01   1.019591E+02   1.543443E+02   2.323225E-01
   5.150008E+01   1.016246E+02   1.540246E+02   2.316581E-01
   5.173795E+01   1.012891E+02   1.537081E+02   2.309888E-01
   5.197692E+01   1.009519E+02   1.533949E+02   2.303141E-01
   5.221699E+01   1.006124E+02   1.530849E+02   2.296338E-01
   5.245818E+01   1.002700E+02   1.527784E+02   2.289490E-01
   5.270048E+01   9.992394E+01   1.524753E+02   2.282607E-01
   5.294389E+01   9.957331E+01   1.521758E+02   2.275694E-01
   5.318843E+01   9.921707E+01   1.518801E+02   2.268734E-01
   5.343411E+01   9.885390E+01   1.515887E+02   2.261718E-01
   5.368091E+01   9.848291E+01   1.513024E+02   2.254667E-01
   5.392886E+01   9.810356E+01   1.510211E+02   2.247623E-01
   5.417795E+01   9.771544E+01   1.507444E+02   2.240623E-01
   5.442819E+01   9.731809E+01   1.504718E+02   2.233678E-01
   5.467959E+01   9.691037E+01   1.502033E+02   2.226758E-01
   5.493214E+01   9.649091E+01   1.499396E+02   2.219803E-01
   5.518587E+01   9.605906E+01   1.496812E+02   2.212788E-01
   5.544077E+01   9.561479E+01   1.494281E+02   2.205700E-01
   5.569684E+01   9.515827E+01   1.491811E+02   2.198527E-01
   5.595410E+01   9.469056E+01   1.489409E+02   2.191289E-01
   5.621254E+01   9.421386E+01   1.487077E+02   2.184048E-01
   5.647218E+01   9.373140E+01   1.484808E+02   2.176882E-01
   5.673302E+01   9.324688E+01   1.482586E+02   2.169810E-01
   5.699506E+01   9.276339E+01   1.480404E+02   2.162764E-01
   5.725831E+01   9.228429E+01   1.478267E+02   2.155695E-01
   5.752278E+01   9.181420E+01   1.476173E+02   2.148635E-01
   5.778847E+01   9.135822E+01   1.474116E+02   2.141682E-01
   5.805539E+01   9.092087E+01   1.472081E+02   2.134914E-01
   5.832354E+01   9.050513E+01   1.470054E+02   2.128328E-01
   5.859293E+01   9.011232E+01   1.468021E+02   2.121846E-01
   5.886357E+01   8.974223E+01   1.465979E+02   2.115364E-01
   5.913545E+01   8.939353E+01   1.463930E+02   2.108822E-01
   5.940859E+01   8.906486E+01   1.461868E+02   2.102238E-01
   5.968299E+01   8.875397E+01   1.459781E+02   2.095633E-01
   5.995866E+01   8.845695E+01   1.457669E+02   2.088985E-01
   6.023560E+01   8.835565E+01   1.454132E+02   2.085814E-01
   6.051382E+01   8.827956E+01   1.450317E+02   2.083047E-01
   6.079333E+01   8.818753E+01   1.446473E+02   2.080034E-01
   6.107412E+01   8.807368E+01   1.442610E+02   2.076846E-01
   6.135622E+01   8.793278E+01   1.438744E+02   2.073581E-01
   6.163961E+01   8.776016E+01   1.434893E+02   2.070375E-01
   6.192432E+01   8.755011E+01   1.431065E+02   2.067225E-01
   6.221034E+01   8.729388E+01   1.427299E+02   2.063998E-01
   6.249768E+01   8.698391E+01   1.423643E+02   2.060693E-01
   6.278635E+01   8.661694E+01   1.420104E+02   2.057494E-01
   6.307635E+01   8.619205E+01   1.416664E+02   2.054473E-01
   6.336770E+01   8.571129E+01   1.413312E+02   2.051521E-01
   6.366038E+01   8.518216E+01   1.410054E+02   2.048471E-01
   6.395442E+01   8.461896E+01   1.406912E+02   2.045134E-01
   6.424982E+01   8.404562E+01   1.403875E+02   2.041548E-01
   6.454658E+01   8.348989E+01   1.400910E+02   2.037748E-01
   6.484471E+01   8.297634E+01   1.398033E+02   2.033730E-01
   6.514422E+01   8.252751E+01   1.395250E+02   2.029757E-01
   6.544512E+01   8.215968E+01   1.392528E+02   2.026187E-01
   6.574740E+01   8.187933E+01   1.389807E+02   2.023174E-01
   6.605108E+01   8.168209E+01   1.387027E+02   2.020556E-01
   6.635616E+01   8.155489E+01   1.384186E+02   2.018090E-01
   6.666265E+01   8.148350E+01   1.381280E+02   2.015828E-01
   6.697056E+01   8.145423E+01   1.378260E+02   2.013901E-01
   6.727989E+01   8.145096E+01   1.375090E+02   2.012207E-01
   6.759065E+01   8.145687E+01   1.371770E+02   2.010480E-01
   6.790284E+01   8.145822E+01   1.368300E+02   2.008501E-01
   6.821647E+01   8.144439E+01   1.364689E+02   2.006141E-01
   6.853156E+01   8.140616E+01   1.360966E+02   2.003384E-01
   6.884809E+01   8.133551E+01   1.357173E+02   2.000324E-01
   6.916610E+01   8.122472E+01   1.353343E+02   1.997052E-01
   6.948557E+01   8.106287E+01   1.349542E+02   1.993594E-01
   6.980651E+01   8.083967E+01   1.345820E+02   1.990047E-01
   7.012894E+01   8.058009E+01   1.341780E+02   1.987118E-01
   7.045286E+01   8.030977E+01   1.337214E+02   1.985090E-01
   7.077827E+01   7.998300E+01   1.332737E+02   1.983034E-01
   7.110518E+01   7.960221E+01   1.328365E+02   1.981001E-01
   7.143361E+01   7.917477E+01   1.324111E+02   1.979055E-01
   7.176355E+01   7.871266E+01   1.319964E+02   1.977096E-01
   7.209502E+01   7.823081E+01   1.315927E+02   1.974900E-01
   7.242802E+01   7.774833E+01   1.312015E+02   1.972464E-01
   7.276255E+01   7.728825E+01   1.308204E+02   1.970081E-01
   7.309864E+01   7.687006E+01   1.304457E+02   1.967836E-01
   7.343627E+01   7.650736E+01   1.300754E+02   1.965643E-01
   7.377546E+01   7.620937E+01   1.297079E+02   1.963520E-01
   7.411622E+01   7.597926E+01   1.293421E+02   1.961482E-01
   7.445856E+01   7.581464E+01   1.289772E+02   1.959464E-01
   7.480247E+01   7.571057E+01   1.286106E+02   1.957515E-01
   7.514797E+01   7.565707E+01   1.282424E+02   1.955605E-01
   7.549507E+01   7.564398E+01   1.278743E+02   1.953929E-01
   7.584378E+01   7.566271E+01   1.275027E+02   1.952694E-01
   7.619409E+01   7.570361E+01   1.271229E+02   1.951877E-01
   7.654602E+01   7.575613E+01   1.267321E+02   1.951263E-01
   7.689958E+01   7.580988E+01   1.263313E+02   1.950606E-01
   7.725477E+01   7.585695E+01   1.259227E+02   1.949848E-01
   7.761160E+01   7.589302E+01   1.255051E+02   1.949068E-01
   7.797007E+01   7.591355E+01   1.250772E+02   1.948223E-01
   7.833021E+01   7.591289E+01   1.246407E+02   1.947186E-01
   7.869201E+01   7.588567E+01   1.241992E+02   1.945890E-01
   7.905548E+01   7.582797E+01   1.237548E+02   1.944338E-01
   7.942062E+01   7.573627E+01   1.233096E+02   1.942566E-01
   7.978746E+01   7.560686E+01   1.228662E+02   1.940623E-01
   8.015599E+01   7.543657E+01   1.224270E+02   1.938551E-01
   8.052622E+01   7.522259E+01   1.219942E+02   1.936358E-01
   8.089816E+01   7.496304E+01   1.215711E+02   1.934049E-01
   8.127182E+01   7.466040E+01   1.211575E+02   1.931697E-01
   8.164720E+01   7.431964E+01   1.207524E+02   1.929306E-01
   8.202432E+01   7.394760E+01   1.203561E+02   1.926809E-01
   8.240318E+01   7.355450E+01   1.199690E+02   1.924226E-01
   8.278379E+01   7.315350E+01   1.195913E+02   1.921665E-01
   8.316616E+01   7.275924E+01   1.192225E+02   1.919217E-01
   8.355029E+01   7.238551E+01   1.188609E+02   1.916821E-01
   8.393620E+01   7.204379E+01   1.185056E+02   1.914337E-01
   8.432389E+01   7.174383E+01   1.181565E+02   1.911823E-01
   8.471337E+01   7.149330E+01   1.178111E+02   1.909493E-01
   8.510465E+01   7.131061E+01   1.174535E+02   1.907695E-01
   8.549774E+01   7.122140E+01   1.170581E+02   1.906896E-01
   8.589264E+01   7.117589E+01   1.166604E+02   1.906241E-01
   8.628937E+01   7.116601E+01   1.162590E+02   1.905679E-01
   8.668793E+01   7.118204E+01   1.158546E+02   1.905086E-01
   8.708833E+01   7.121550E+01   1.154473E+02   1.904485E-01
   8.749058E+01   7.125822E+01   1.150377E+02   1.903918E-01
   8.789469E+01   7.130386E+01   1.146261E+02   1.903527E-01
   8.830067E+01   7.134740E+01   1.142100E+02   1.903375E-01
   8.870852E+01   7.138347E+01   1.137878E+02   1.903370E-01
   8.911825E+01   7.140673E+01   1.133596E+02   1.903351E-01
   8.952988E+01   7.141261E+01   1.129267E+02   1.903202E-01
   8.994340E+01   7.139794E+01   1.124909E+02   1.902916E-01
   9.035884E+01   7.136083E+01   1.120523E+02   1.902531E-01
   9.077620E+01   7.129930E+01   1.116118E+02   1.902036E-01
   9.119548E+01   7.121128E+01   1.111712E+02   1.901393E-01
   9.161670E+01   7.109569E+01   1.107322E+02   1.900587E-01
   9.203987E+01   7.095252E+01   1.102958E+02   1.899621E-01
   9.246499E+01   7.078270E+01   1.098632E+02   1.898504E-01
   9.289207E+01   7.058817E+01   1.094355E+02   1.897235E-01
   9.332113E+01   7.037225E+01   1.090139E+02   1.895832E-01
   9.375217E+01   7.013952E+01   1.085992E+02   1.894327E-01
   9.418520E+01   6.989595E+01   1.081919E+02   1.892776E-01
   9.462023E+01   6.964897E+01   1.077909E+02   1.891235E-01
   9.505727E+01   6.940559E+01   1.073954E+02   1.889702E-01
   9.549632E+01   6.917203E+01   1.070055E+02   1.888188E-01
   9.593741E+01   6.895424E+01   1.066212E+02   1.886766E-01
   9.638053E+01   6.875724E+01   1.062412E+02   1.885520E-01
   9.682570E+01   6.858430E+01   1.058642E+02   1.884472E-01
   9.727293E+01   6.843641E+01   1.054889E+02   1.883534E-01
   9.772222E+01   6.831249E+01   1.051152E+02   1.882590E-01
   9.817359E+01   6.821081E+01   1.047433E+02   1.881662E-01
   9.862704E+01   6.812926E+01   1.043725E+02   1.880844E-01
   9.908259E+01   6.806474E+01   1.040015E+02   1.880151E-01
   9.954024E+01   6.801351E+01   1.036288E+02   1.879528E-01
   1.000000E+02   6.797146E+01   1.032538E+02   1.878944E-01
