#============================================================================
# Opacities computed by OpTool        <a^n>=  1.6609E-1  2.1930E-1  5.3377E-1
# Method:   DHS  fmax=  0.700
# Parameters:
#   amin [um]=      0.100 amax [um]=    100.000  na  =   46    apow=   3.5    
#   lmin [um]=      0.100 lmax [um]=    100.000  nlam=  300    nang=   180
#   porosity =      0.000 p_mantle =      0.000  fmax= 0.70    chop=   0.0
# Composition:
#  Where   mfrac  rho   Material
#  -----   -----  ----  -----------------------------------------------------
#  core    1.000  3.27  for
#  - - -   - - -  -  -  - - - - - - - - - - - - - - - - - - - - - - - - - - -
#  grain   1.000  3.27  mixture of  1 materials
#----------------------------------------------------------------------------
# Command: optool for -a 0.1 100 -l 0.1 100 -dhs 0.7
#============================================================================
# Standard output file, no scattering matrix
#    iformat
#    nlambda
#    lambda[um]  kabs [cm^2/g]  ksca [cm^2/g]    g_asymmetry
#============================================================================
           3
         300
   1.000000E-01   6.853885E+01   2.429742E+03   8.268523E-01
   1.023372E-01   6.767975E+01   2.442935E+03   8.251122E-01
   1.047290E-01   6.727889E+01   2.467083E+03   8.235583E-01
   1.071767E-01   6.594415E+01   2.480278E+03   8.232845E-01
   1.096816E-01   6.474759E+01   2.495307E+03   8.232030E-01
   1.122451E-01   6.413711E+01   2.513914E+03   8.221315E-01
   1.148684E-01   6.315177E+01   2.534861E+03   8.206831E-01
   1.175531E-01   6.253901E+01   2.552807E+03   8.179817E-01
   1.203005E-01   6.185151E+01   2.564139E+03   8.164443E-01
   1.231122E-01   6.029697E+01   2.575968E+03   8.170636E-01
   1.259895E-01   5.908370E+01   2.591950E+03   8.169414E-01
   1.289341E-01   5.843304E+01   2.608618E+03   8.156168E-01
   1.319476E-01   5.782076E+01   2.625927E+03   8.138331E-01
   1.350314E-01   5.674402E+01   2.639476E+03   8.123517E-01
   1.381873E-01   5.576786E+01   2.643814E+03   8.114750E-01
   1.414170E-01   5.486720E+01   2.652875E+03   8.101913E-01
   1.447222E-01   5.395711E+01   2.664975E+03   8.091953E-01
   1.481046E-01   5.347714E+01   2.676876E+03   8.078722E-01
   1.515661E-01   5.253422E+01   2.684988E+03   8.077995E-01
   1.551084E-01   5.178443E+01   2.696072E+03   8.060888E-01
   1.587336E-01   5.053489E+01   2.699220E+03   8.050063E-01
   1.624435E-01   4.963361E+01   2.696521E+03   8.034543E-01
   1.662401E-01   4.911371E+01   2.704172E+03   8.019862E-01
   1.701254E-01   4.845891E+01   2.702977E+03   8.016775E-01
   1.741016E-01   4.761682E+01   2.705055E+03   8.013568E-01
   1.781706E-01   4.691436E+01   2.707907E+03   8.006449E-01
   1.823348E-01   4.636620E+01   2.711811E+03   7.990716E-01
   1.865963E-01   4.535728E+01   2.710068E+03   7.970789E-01
   1.909574E-01   4.492139E+01   2.703033E+03   7.957988E-01
   1.954204E-01   4.424768E+01   2.698261E+03   7.953530E-01
   1.999877E-01   4.291871E+01   2.693608E+03   7.949340E-01
   2.046618E-01   4.232016E+01   2.689500E+03   7.935546E-01
   2.094451E-01   4.177277E+01   2.685977E+03   7.920712E-01
   2.143402E-01   4.092201E+01   2.680448E+03   7.906362E-01
   2.193497E-01   4.013120E+01   2.667819E+03   7.892317E-01
   2.244763E-01   3.959135E+01   2.658233E+03   7.879818E-01
   2.297228E-01   3.888328E+01   2.650438E+03   7.866748E-01
   2.350918E-01   3.862720E+01   2.641878E+03   7.853500E-01
   2.405863E-01   3.790408E+01   2.633008E+03   7.846856E-01
   2.462092E-01   3.699988E+01   2.623570E+03   7.837180E-01
   2.519636E-01   3.684571E+01   2.612646E+03   7.816457E-01
   2.578524E-01   3.583410E+01   2.593241E+03   7.803839E-01
   2.638789E-01   3.524492E+01   2.581994E+03   7.790413E-01
   2.700462E-01   3.469348E+01   2.565579E+03   7.784377E-01
   2.763577E-01   3.400626E+01   2.550444E+03   7.778192E-01
   2.828167E-01   3.335546E+01   2.536820E+03   7.768873E-01
   2.894266E-01   3.304190E+01   2.523092E+03   7.752618E-01
   2.961910E-01   3.225158E+01   2.506052E+03   7.733920E-01
   3.031136E-01   3.176282E+01   2.485860E+03   7.722664E-01
   3.101979E-01   3.115885E+01   2.468862E+03   7.715860E-01
   3.174477E-01   3.067648E+01   2.453907E+03   7.706264E-01
   3.248671E-01   2.996890E+01   2.436547E+03   7.697828E-01
   3.324598E-01   2.954249E+01   2.421595E+03   7.686295E-01
   3.402300E-01   2.891029E+01   2.404428E+03   7.677140E-01
   3.481818E-01   2.843121E+01   2.381749E+03   7.665480E-01
   3.563194E-01   2.803149E+01   2.361103E+03   7.662485E-01
   3.646472E-01   2.748063E+01   2.341446E+03   7.656382E-01
   3.731697E-01   2.701766E+01   2.320618E+03   7.653787E-01
   3.818913E-01   2.648890E+01   2.302576E+03   7.649745E-01
   3.908168E-01   2.612693E+01   2.283805E+03   7.646374E-01
   3.999509E-01   2.564892E+01   2.263310E+03   7.634090E-01
   4.092985E-01   2.540967E+01   2.237983E+03   7.626324E-01
   4.188645E-01   2.469133E+01   2.217228E+03   7.623035E-01
   4.286541E-01   2.441771E+01   2.195430E+03   7.623575E-01
   4.386726E-01   2.384612E+01   2.172826E+03   7.627930E-01
   4.489251E-01   2.337219E+01   2.153170E+03   7.623854E-01
   4.594173E-01   2.290951E+01   2.133014E+03   7.615638E-01
   4.701547E-01   2.259636E+01   2.109789E+03   7.607782E-01
   4.811431E-01   2.202365E+01   2.084821E+03   7.605498E-01
   4.923883E-01   2.170497E+01   2.063652E+03   7.604080E-01
   5.038963E-01   2.141363E+01   2.043819E+03   7.599876E-01
   5.156732E-01   2.112952E+01   2.022523E+03   7.597014E-01
   5.277254E-01   2.047667E+01   2.002957E+03   7.592541E-01
   5.400593E-01   2.007842E+01   1.981583E+03   7.589424E-01
   5.526815E-01   1.967154E+01   1.957428E+03   7.579647E-01
   5.655986E-01   1.923924E+01   1.936174E+03   7.579025E-01
   5.788177E-01   1.896813E+01   1.914084E+03   7.576902E-01
   5.923457E-01   1.859430E+01   1.892283E+03   7.578468E-01
   6.061899E-01   1.818898E+01   1.873690E+03   7.573069E-01
   6.203576E-01   1.802233E+01   1.855165E+03   7.569030E-01
   6.348565E-01   1.784585E+01   1.835325E+03   7.555676E-01
   6.496943E-01   1.751025E+01   1.811967E+03   7.548339E-01
   6.648788E-01   1.698659E+01   1.790699E+03   7.549955E-01
   6.804182E-01   1.653871E+01   1.770528E+03   7.552837E-01
   6.963208E-01   1.622642E+01   1.750730E+03   7.554384E-01
   7.125951E-01   1.598463E+01   1.733085E+03   7.548833E-01
   7.292497E-01   1.580922E+01   1.714508E+03   7.542209E-01
   7.462936E-01   1.560952E+01   1.693543E+03   7.535020E-01
   7.637358E-01   1.511201E+01   1.672188E+03   7.532695E-01
   7.815857E-01   1.497425E+01   1.653806E+03   7.531707E-01
   7.998527E-01   1.477604E+01   1.636348E+03   7.525816E-01
   8.185467E-01   1.449820E+01   1.617178E+03   7.529031E-01
   8.376776E-01   1.392762E+01   1.599936E+03   7.526588E-01
   8.572557E-01   1.360290E+01   1.581170E+03   7.524755E-01
   8.772913E-01   1.332588E+01   1.560343E+03   7.517347E-01
   8.977952E-01   1.319728E+01   1.543322E+03   7.514911E-01
   9.187782E-01   1.288157E+01   1.523815E+03   7.517886E-01
   9.402517E-01   1.268518E+01   1.505509E+03   7.521679E-01
   9.622271E-01   1.247418E+01   1.489357E+03   7.519245E-01
   9.847161E-01   1.227205E+01   1.473631E+03   7.515685E-01
   1.007731E+00   1.207697E+01   1.456662E+03   7.504278E-01
   1.031283E+00   1.205268E+01   1.437991E+03   7.496688E-01
   1.055386E+00   1.156769E+01   1.419242E+03   7.505520E-01
   1.080052E+00   1.126647E+01   1.402779E+03   7.510297E-01
   1.105295E+00   1.104294E+01   1.386858E+03   7.509702E-01
   1.131128E+00   1.094277E+01   1.372319E+03   7.504785E-01
   1.157564E+00   1.065558E+01   1.356832E+03   7.501155E-01
   1.184619E+00   1.049813E+01   1.338905E+03   7.498033E-01
   1.212305E+00   1.021340E+01   1.322159E+03   7.494362E-01
   1.240639E+00   1.003956E+01   1.306961E+03   7.493634E-01
   1.269635E+00   1.000723E+01   1.292295E+03   7.489928E-01
   1.299309E+00   9.638334E+00   1.276477E+03   7.497858E-01
   1.329676E+00   9.595940E+00   1.263230E+03   7.492640E-01
   1.360753E+00   9.195016E+00   1.247514E+03   7.492623E-01
   1.392556E+00   9.070873E+00   1.230459E+03   7.486383E-01
   1.425103E+00   8.999007E+00   1.217203E+03   7.483264E-01
   1.458410E+00   8.855463E+00   1.201528E+03   7.486744E-01
   1.492496E+00   8.609182E+00   1.186866E+03   7.492232E-01
   1.527378E+00   8.391380E+00   1.173159E+03   7.493964E-01
   1.563075E+00   8.350382E+00   1.160430E+03   7.489389E-01
   1.599607E+00   8.189748E+00   1.146372E+03   7.480184E-01
   1.636993E+00   8.036997E+00   1.130882E+03   7.477172E-01
   1.675252E+00   7.959902E+00   1.116735E+03   7.481755E-01
   1.714406E+00   7.537078E+00   1.103326E+03   7.487657E-01
   1.754475E+00   7.436407E+00   1.090900E+03   7.485291E-01
   1.795480E+00   7.423207E+00   1.079087E+03   7.480694E-01
   1.837444E+00   7.218192E+00   1.066659E+03   7.477104E-01
   1.880388E+00   6.985155E+00   1.051979E+03   7.476075E-01
   1.924336E+00   6.939588E+00   1.038878E+03   7.473055E-01
   1.969311E+00   6.751670E+00   1.026462E+03   7.471752E-01
   2.015338E+00   6.716229E+00   1.014583E+03   7.470552E-01
   2.062440E+00   6.558718E+00   1.002399E+03   7.474714E-01
   2.110643E+00   6.472146E+00   9.912600E+02   7.472989E-01
   2.159972E+00   6.314014E+00   9.793632E+02   7.468587E-01
   2.210455E+00   6.170631E+00   9.653834E+02   7.463728E-01
   2.262117E+00   6.015198E+00   9.546238E+02   7.461965E-01
   2.314987E+00   5.896228E+00   9.423755E+02   7.466986E-01
   2.369092E+00   5.812630E+00   9.307006E+02   7.470509E-01
   2.424462E+00   5.661474E+00   9.199016E+02   7.472661E-01
   2.481126E+00   5.626184E+00   9.094716E+02   7.469595E-01
   2.539114E+00   5.528146E+00   8.981714E+02   7.460644E-01
   2.598458E+00   5.377399E+00   8.856603E+02   7.459820E-01
   2.659189E+00   5.277797E+00   8.745859E+02   7.462292E-01
   2.721339E+00   5.170243E+00   8.645510E+02   7.464903E-01
   2.784941E+00   5.018125E+00   8.541726E+02   7.464496E-01
   2.850030E+00   4.952982E+00   8.444174E+02   7.461363E-01
   2.916641E+00   4.826446E+00   8.345194E+02   7.459396E-01
   2.984808E+00   4.707875E+00   8.229365E+02   7.453208E-01
   3.054568E+00   4.688062E+00   8.124347E+02   7.455057E-01
   3.125959E+00   4.544602E+00   8.023725E+02   7.453424E-01
   3.199018E+00   4.550167E+00   7.926145E+02   7.452925E-01
   3.273785E+00   4.449606E+00   7.835809E+02   7.454174E-01
   3.350299E+00   4.327587E+00   7.743381E+02   7.455150E-01
   3.428602E+00   4.287756E+00   7.652620E+02   7.444914E-01
   3.508734E+00   4.208704E+00   7.541597E+02   7.441222E-01
   3.590740E+00   4.071520E+00   7.452078E+02   7.440328E-01
   3.674662E+00   4.047920E+00   7.359612E+02   7.443501E-01
   3.760545E+00   3.877442E+00   7.261996E+02   7.449220E-01
   3.848436E+00   3.874097E+00   7.179396E+02   7.449656E-01
   3.938381E+00   3.780699E+00   7.098163E+02   7.444065E-01
   4.030428E+00   3.697991E+00   7.003628E+02   7.437615E-01
   4.124626E+00   3.611477E+00   6.904939E+02   7.437199E-01
   4.221026E+00   3.524435E+00   6.818675E+02   7.439567E-01
   4.319679E+00   3.489133E+00   6.737730E+02   7.438791E-01
   4.420638E+00   3.421817E+00   6.656734E+02   7.439519E-01
   4.523956E+00   3.326137E+00   6.580386E+02   7.436080E-01
   4.629689E+00   3.242068E+00   6.496881E+02   7.435172E-01
   4.737893E+00   3.166463E+00   6.406407E+02   7.428783E-01
   4.848626E+00   3.080644E+00   6.324136E+02   7.430995E-01
   4.961948E+00   3.049708E+00   6.242342E+02   7.430927E-01
   5.077917E+00   3.170338E+00   6.136642E+02   7.446037E-01
   5.196597E+00   3.373359E+00   6.036621E+02   7.463835E-01
   5.318051E+00   3.663501E+00   5.928148E+02   7.472304E-01
   5.442344E+00   3.832499E+00   5.808874E+02   7.490611E-01
   5.569541E+00   4.088061E+00   5.688693E+02   7.508821E-01
   5.699711E+00   4.442545E+00   5.573167E+02   7.532451E-01
   5.832924E+00   4.750839E+00   5.459193E+02   7.558532E-01
   5.969250E+00   5.086552E+00   5.342680E+02   7.583915E-01
   6.108762E+00   5.450921E+00   5.219157E+02   7.613615E-01
   6.251534E+00   6.014096E+00   5.089741E+02   7.635873E-01
   6.397644E+00   6.503776E+00   4.959733E+02   7.667460E-01
   6.547168E+00   6.977868E+00   4.823994E+02   7.710331E-01
   6.700188E+00   7.625411E+00   4.686606E+02   7.760980E-01
   6.856783E+00   8.230519E+00   4.542788E+02   7.808190E-01
   7.017038E+00   9.094328E+00   4.386872E+02   7.856996E-01
   7.181039E+00   1.001667E+01   4.222638E+02   7.915349E-01
   7.348873E+00   1.101501E+01   4.046694E+02   7.989981E-01
   7.520629E+00   1.227013E+01   3.857861E+02   8.077056E-01
   7.696400E+00   1.381964E+01   3.651171E+02   8.169708E-01
   7.876279E+00   1.563107E+01   3.413443E+02   8.284629E-01
   8.060361E+00   1.783150E+01   3.145757E+02   8.427556E-01
   8.248747E+00   2.068097E+01   2.825523E+02   8.604813E-01
   8.441535E+00   2.439751E+01   2.431149E+02   8.828916E-01
   8.638828E+00   2.931152E+01   1.916204E+02   9.130042E-01
   8.840733E+00   3.599621E+01   1.159112E+02   9.528398E-01
   9.047357E+00   4.562483E+01   8.735769E+00   9.811982E-01
   9.258810E+00   7.312639E+01   1.391754E+02   8.867281E-01
   9.475205E+00   3.207239E+02   1.736377E+02   7.827865E-01
   9.696658E+00   4.001701E+02   1.817126E+02   7.627143E-01
   9.923286E+00   4.335462E+02   1.935596E+02   7.416717E-01
   1.015521E+01   7.849169E+02   3.487923E+02   5.806051E-01
   1.039256E+01   5.329285E+02   2.977738E+02   6.042074E-01
   1.063545E+01   6.638492E+02   2.662226E+02   6.547752E-01
   1.088402E+01   7.144427E+02   2.920574E+02   6.242608E-01
   1.113840E+01   8.100587E+02   3.543204E+02   5.647297E-01
   1.139872E+01   5.925268E+02   6.648702E+02   3.429019E-01
   1.166513E+01   2.385619E+02   5.055625E+02   5.116829E-01
   1.193777E+01   3.864709E+02   3.672365E+02   5.983370E-01
   1.221677E+01   1.312812E+02   4.808907E+02   5.960266E-01
   1.250230E+01   8.040701E+01   4.659463E+02   6.285566E-01
   1.279450E+01   6.194989E+01   4.393808E+02   6.561399E-01
   1.309353E+01   5.263278E+01   4.087456E+02   6.808828E-01
   1.339955E+01   4.864091E+01   3.773540E+02   7.048281E-01
   1.371272E+01   4.784235E+01   3.447114E+02   7.298889E-01
   1.403322E+01   4.988439E+01   3.085463E+02   7.565032E-01
   1.436120E+01   5.483417E+01   2.669175E+02   7.888069E-01
   1.469684E+01   6.419671E+01   2.153097E+02   8.287369E-01
   1.504034E+01   8.157882E+01   1.449295E+02   8.819751E-01
   1.539186E+01   1.227300E+02   4.597143E+01   9.345239E-01
   1.575159E+01   2.675614E+02   9.113198E+01   8.396779E-01
   1.611973E+01   3.633649E+02   1.259790E+02   7.794086E-01
   1.649648E+01   3.734406E+02   1.521284E+02   7.609628E-01
   1.688203E+01   1.820495E+02   9.785458E+01   8.757585E-01
   1.727660E+01   1.526857E+02   6.289720E+01   8.849763E-01
   1.768038E+01   2.845962E+02   1.437420E+02   7.133854E-01
   1.809360E+01   3.110057E+02   1.800539E+02   6.372234E-01
   1.851648E+01   4.505316E+02   2.662935E+02   5.402985E-01
   1.894925E+01   7.825739E+02   3.323106E+02   4.984425E-01
   1.939213E+01   7.144025E+02   2.918802E+02   5.240661E-01
   1.984535E+01   5.207895E+02   3.153415E+02   4.774153E-01
   2.030918E+01   3.346299E+02   1.984608E+02   6.825351E-01
   2.078384E+01   4.251310E+02   1.488174E+02   6.960135E-01
   2.126959E+01   4.627727E+02   1.644945E+02   6.645309E-01
   2.176670E+01   5.194622E+02   1.886081E+02   6.160669E-01
   2.227543E+01   5.616059E+02   2.092616E+02   5.840168E-01
   2.279605E+01   8.619549E+02   4.689823E+02   4.033890E-01
   2.332883E+01   8.145989E+02   6.724213E+02   2.881890E-01
   2.387407E+01   2.670256E+02   4.672515E+02   2.918940E-01
   2.443205E+01   3.383957E+02   3.587176E+02   3.561700E-01
   2.500307E+01   3.032187E+02   3.107252E+02   3.869716E-01
   2.558744E+01   2.608938E+02   2.946924E+02   4.378016E-01
   2.618546E+01   3.366782E+02   2.619854E+02   4.774938E-01
   2.679746E+01   2.446236E+02   2.599980E+02   5.305325E-01
   2.742377E+01   3.517600E+02   2.142512E+02   5.598824E-01
   2.806471E+01   3.601911E+02   2.433354E+02   4.902320E-01
   2.872063E+01   2.647508E+02   2.766048E+02   4.091516E-01
   2.939188E+01   1.681943E+02   3.087563E+02   4.427418E-01
   3.007883E+01   1.308824E+02   3.028757E+02   5.033022E-01
   3.078182E+01   1.362779E+02   2.502527E+02   5.952247E-01
   3.150125E+01   1.837228E+02   1.900558E+02   6.597906E-01
   3.223749E+01   3.527057E+02   1.256714E+02   6.682423E-01
   3.299094E+01   4.851253E+02   1.879081E+02   5.428577E-01
   3.376199E+01   3.299283E+02   3.695243E+02   3.117939E-01
   3.455107E+01   2.036375E+02   2.808219E+02   3.002388E-01
   3.535859E+01   1.780770E+02   2.865761E+02   3.271851E-01
   3.618499E+01   2.105636E+02   2.470933E+02   4.104162E-01
   3.703070E+01   1.028947E+02   3.201109E+02   3.508761E-01
   3.789617E+01   7.446097E+01   3.371158E+02   3.695946E-01
   3.878187E+01   5.635370E+01   3.383223E+02   3.827467E-01
   3.968827E+01   4.796045E+01   3.426578E+02   3.863312E-01
   4.061586E+01   4.107571E+01   3.316756E+02   4.050913E-01
   4.156513E+01   3.376224E+01   3.307780E+02   4.097617E-01
   4.253658E+01   3.077927E+01   3.332219E+02   4.107894E-01
   4.353073E+01   2.766214E+01   3.212310E+02   4.260782E-01
   4.454813E+01   2.419778E+01   3.137592E+02   4.248655E-01
   4.558929E+01   2.193753E+01   3.121488E+02   4.293862E-01
   4.665480E+01   2.065419E+01   3.115881E+02   4.324793E-01
   4.774521E+01   2.065168E+01   2.994478E+02   4.439593E-01
   4.886110E+01   2.901034E+01   2.847698E+02   4.533060E-01
   5.000307E+01   6.611497E+01   2.499742E+02   4.690302E-01
   5.117173E+01   1.959634E+01   2.847582E+02   4.415064E-01
   5.236771E+01   1.476302E+01   2.874331E+02   4.429391E-01
   5.359163E+01   1.319942E+01   2.798929E+02   4.482525E-01
   5.484417E+01   1.259732E+01   2.751558E+02   4.520716E-01
   5.612597E+01   1.119967E+01   2.704678E+02   4.467427E-01
   5.743774E+01   1.030731E+01   2.657791E+02   4.472823E-01
   5.878016E+01   9.639016E+00   2.643207E+02   4.494514E-01
   6.015396E+01   9.474297E+00   2.583736E+02   4.534336E-01
   6.155987E+01   9.225691E+00   2.519283E+02   4.594648E-01
   6.299863E+01   9.471123E+00   2.486752E+02   4.567210E-01
   6.447102E+01   9.484860E+00   2.418048E+02   4.550998E-01
   6.597782E+01   1.140749E+01   2.373421E+02   4.589049E-01
   6.751985E+01   1.913991E+01   2.234083E+02   4.758020E-01
   6.909791E+01   7.401662E+01   1.669271E+02   5.438134E-01
   7.071285E+01   4.159166E+01   2.063361E+02   4.676665E-01
   7.236553E+01   1.466894E+01   2.219401E+02   4.573396E-01
   7.405685E+01   9.197940E+00   2.228918E+02   4.495669E-01
   7.578769E+01   6.984317E+00   2.194614E+02   4.464013E-01
   7.755898E+01   5.783391E+00   2.182267E+02   4.467980E-01
   7.937168E+01   5.418833E+00   2.146911E+02   4.499403E-01
   8.122674E+01   4.946681E+00   2.093484E+02   4.542438E-01
   8.312515E+01   4.609779E+00   2.071847E+02   4.532074E-01
   8.506793E+01   4.247351E+00   2.040533E+02   4.478271E-01
   8.705612E+01   3.941979E+00   2.001555E+02   4.456235E-01
   8.909078E+01   3.592627E+00   1.984178E+02   4.456159E-01
   9.117299E+01   3.527913E+00   1.949544E+02   4.484693E-01
   9.330387E+01   3.321893E+00   1.899473E+02   4.523179E-01
   9.548455E+01   3.252086E+00   1.878291E+02   4.526539E-01
   9.771620E+01   3.031691E+00   1.856761E+02   4.476540E-01
   1.000000E+02   2.825313E+00   1.815449E+02   4.438620E-01
