#============================================================================
# Opacities computed by OpTool        <a^n>=  1.6609E-1  2.1930E-1  5.3377E-1
# Method:   DHS  fmax=  0.700
# Parameters:
#   amin [um]=      0.100 amax [um]=    100.000  na  =   46    apow=   3.5    
#   lmin [um]=      0.100 lmax [um]=    100.000  nlam=  300    nang=   180
#   porosity =      0.000 p_mantle =      0.000  fmax= 0.70    chop=   0.0
# Composition:
#  Where   mfrac  rho   Material
#  -----   -----  ----  -----------------------------------------------------
#  core    1.000  2.80  ens
#  - - -   - - -  -  -  - - - - - - - - - - - - - - - - - - - - - - - - - - -
#  grain   1.000  2.80  mixture of  1 materials
#----------------------------------------------------------------------------
# Command: optool ens -a 0.1 100 -l 0.1 100 -dhs 0.7
#============================================================================
# Standard output file, no scattering matrix
#    iformat
#    nlambda
#    lambda[um]  kabs [cm^2/g]  ksca [cm^2/g]    g_asymmetry
#============================================================================
           3
         300
   1.000000E-01   6.300747E+02   2.296595E+03   8.733314E-01
   1.023372E-01   6.255946E+02   2.318071E+03   8.717120E-01
   1.047290E-01   6.208572E+02   2.341239E+03   8.703110E-01
   1.071767E-01   6.166765E+02   2.363522E+03   8.690035E-01
   1.096816E-01   6.118870E+02   2.385402E+03   8.677492E-01
   1.122451E-01   6.077058E+02   2.409559E+03   8.661512E-01
   1.148684E-01   6.032929E+02   2.430497E+03   8.643707E-01
   1.175531E-01   5.987404E+02   2.449144E+03   8.623161E-01
   1.203005E-01   5.938066E+02   2.467924E+03   8.607211E-01
   1.231122E-01   5.892222E+02   2.487842E+03   8.594637E-01
   1.259895E-01   5.853495E+02   2.506910E+03   8.582729E-01
   1.289341E-01   5.806167E+02   2.526089E+03   8.570167E-01
   1.319476E-01   5.765904E+02   2.544835E+03   8.553001E-01
   1.350314E-01   5.720990E+02   2.558546E+03   8.532827E-01
   1.381873E-01   5.672088E+02   2.570403E+03   8.516244E-01
   1.414170E-01   5.622433E+02   2.584298E+03   8.500957E-01
   1.447222E-01   5.574548E+02   2.597814E+03   8.490442E-01
   1.481046E-01   5.528718E+02   2.610810E+03   8.479229E-01
   1.515661E-01   5.486641E+02   2.624348E+03   8.465825E-01
   1.551084E-01   5.446378E+02   2.634671E+03   8.448767E-01
   1.587336E-01   5.402290E+02   2.640461E+03   8.427649E-01
   1.624435E-01   5.351422E+02   2.644497E+03   8.411694E-01
   1.662401E-01   5.300296E+02   2.650090E+03   8.399080E-01
   1.701254E-01   5.256763E+02   2.655716E+03   8.387578E-01
   1.741016E-01   5.209302E+02   2.661374E+03   8.376293E-01
   1.781706E-01   5.168274E+02   2.667929E+03   8.361401E-01
   1.823348E-01   5.124106E+02   2.669934E+03   8.344482E-01
   1.865963E-01   5.078308E+02   2.668670E+03   8.326532E-01
   1.909574E-01   5.029163E+02   2.666680E+03   8.311618E-01
   1.954204E-01   4.982169E+02   2.664522E+03   8.300009E-01
   1.999877E-01   4.939771E+02   2.661554E+03   8.288755E-01
   2.046618E-01   4.893385E+02   2.659175E+03   8.276634E-01
   2.094451E-01   4.852922E+02   2.656391E+03   8.260706E-01
   2.143402E-01   4.809865E+02   2.649611E+03   8.241472E-01
   2.193497E-01   4.762948E+02   2.641194E+03   8.225110E-01
   2.244763E-01   4.714640E+02   2.634077E+03   8.210160E-01
   2.297228E-01   4.668223E+02   2.626560E+03   8.198724E-01
   2.350918E-01   4.623043E+02   2.618804E+03   8.187172E-01
   2.405863E-01   4.582022E+02   2.611868E+03   8.174173E-01
   2.462092E-01   4.542099E+02   2.602441E+03   8.158706E-01
   2.519636E-01   4.499661E+02   2.589808E+03   8.139676E-01
   2.578524E-01   4.452372E+02   2.575841E+03   8.124738E-01
   2.638789E-01   4.405843E+02   2.562889E+03   8.112265E-01
   2.700462E-01   4.365566E+02   2.549863E+03   8.100338E-01
   2.763577E-01   4.320532E+02   2.537048E+03   8.088660E-01
   2.828167E-01   4.280924E+02   2.525182E+03   8.073956E-01
   2.894266E-01   4.238501E+02   2.510043E+03   8.057245E-01
   2.961910E-01   4.195082E+02   2.493102E+03   8.040370E-01
   3.031136E-01   4.149953E+02   2.476682E+03   8.025976E-01
   3.101979E-01   4.106663E+02   2.460625E+03   8.015502E-01
   3.174477E-01   4.066674E+02   2.444581E+03   8.006080E-01
   3.248671E-01   4.025756E+02   2.429414E+03   7.996912E-01
   3.324598E-01   3.989113E+02   2.413703E+03   7.985775E-01
   3.402300E-01   3.950706E+02   2.394836E+03   7.972304E-01
   3.481818E-01   3.908815E+02   2.374673E+03   7.962506E-01
   3.563194E-01   3.865210E+02   2.355503E+03   7.955157E-01
   3.646472E-01   3.823895E+02   2.336226E+03   7.951029E-01
   3.731697E-01   3.782939E+02   2.317035E+03   7.947371E-01
   3.818913E-01   3.745827E+02   2.298857E+03   7.942619E-01
   3.908168E-01   3.708740E+02   2.278880E+03   7.935966E-01
   3.999509E-01   3.669724E+02   2.256958E+03   7.926515E-01
   4.092985E-01   3.627441E+02   2.234550E+03   7.920879E-01
   4.188645E-01   3.586455E+02   2.213304E+03   7.917745E-01
   4.286541E-01   3.550716E+02   2.192336E+03   7.915327E-01
   4.386726E-01   3.510450E+02   2.171956E+03   7.913273E-01
   4.489251E-01   3.474898E+02   2.152503E+03   7.908285E-01
   4.594173E-01   3.436927E+02   2.130628E+03   7.900978E-01
   4.701547E-01   3.397937E+02   2.107670E+03   7.893932E-01
   4.811431E-01   3.358008E+02   2.085674E+03   7.888377E-01
   4.923883E-01   3.319145E+02   2.064133E+03   7.886209E-01
   5.038963E-01   3.282284E+02   2.043042E+03   7.884072E-01
   5.156732E-01   3.246033E+02   2.023131E+03   7.881299E-01
   5.277254E-01   3.212709E+02   2.003030E+03   7.875834E-01
   5.400593E-01   3.178098E+02   1.981023E+03   7.866972E-01
   5.526815E-01   3.140590E+02   1.958563E+03   7.861013E-01
   5.655986E-01   3.101800E+02   1.937372E+03   7.857110E-01
   5.788177E-01   3.065772E+02   1.916631E+03   7.855194E-01
   5.923457E-01   3.029591E+02   1.896404E+03   7.853313E-01
   6.061899E-01   2.996792E+02   1.877382E+03   7.849670E-01
   6.203576E-01   2.963583E+02   1.857088E+03   7.844018E-01
   6.348565E-01   2.929094E+02   1.835702E+03   7.835851E-01
   6.496943E-01   2.892538E+02   1.814382E+03   7.831020E-01
   6.648788E-01   2.857454E+02   1.794189E+03   7.828668E-01
   6.804182E-01   2.826563E+02   1.774428E+03   7.827121E-01
   6.963208E-01   2.792063E+02   1.755459E+03   7.825926E-01
   7.125951E-01   2.761585E+02   1.737281E+03   7.821963E-01
   7.292497E-01   2.729310E+02   1.717326E+03   7.815451E-01
   7.462936E-01   2.695991E+02   1.696721E+03   7.810093E-01
   7.637358E-01   2.662277E+02   1.677184E+03   7.806110E-01
   7.815857E-01   2.629267E+02   1.658040E+03   7.805647E-01
   7.998527E-01   2.597609E+02   1.639400E+03   7.805288E-01
   8.185467E-01   2.567318E+02   1.621855E+03   7.804371E-01
   8.376776E-01   2.539025E+02   1.604078E+03   7.800807E-01
   8.572557E-01   2.509754E+02   1.584988E+03   7.793919E-01
   8.772913E-01   2.478040E+02   1.565676E+03   7.790094E-01
   8.977952E-01   2.445703E+02   1.547476E+03   7.788840E-01
   9.187782E-01   2.416151E+02   1.529740E+03   7.789033E-01
   9.402517E-01   2.385961E+02   1.512508E+03   7.789423E-01
   9.622271E-01   2.358520E+02   1.496306E+03   7.787818E-01
   9.847161E-01   2.330391E+02   1.479007E+03   7.784223E-01
   1.007731E+00   2.301514E+02   1.460979E+03   7.778539E-01
   1.031283E+00   2.271256E+02   1.443213E+03   7.775908E-01
   1.055386E+00   2.242340E+02   1.426326E+03   7.775810E-01
   1.080052E+00   2.216446E+02   1.409814E+03   7.776487E-01
   1.105295E+00   2.188093E+02   1.394081E+03   7.777248E-01
   1.131128E+00   2.162910E+02   1.378881E+03   7.775209E-01
   1.157564E+00   2.136465E+02   1.362328E+03   7.770265E-01
   1.184619E+00   2.108884E+02   1.345357E+03   7.766999E-01
   1.212305E+00   2.081062E+02   1.329351E+03   7.764969E-01
   1.240639E+00   2.053802E+02   1.313656E+03   7.766284E-01
   1.269635E+00   2.027477E+02   1.298404E+03   7.767525E-01
   1.299309E+00   2.002702E+02   1.284084E+03   7.768027E-01
   1.329676E+00   1.979194E+02   1.269459E+03   7.765794E-01
   1.360753E+00   1.954893E+02   1.253904E+03   7.760108E-01
   1.392556E+00   1.928624E+02   1.238227E+03   7.757663E-01
   1.425103E+00   1.902295E+02   1.223478E+03   7.757909E-01
   1.458410E+00   1.878552E+02   1.209125E+03   7.759106E-01
   1.492496E+00   1.853748E+02   1.195213E+03   7.760562E-01
   1.527378E+00   1.831225E+02   1.182119E+03   7.759706E-01
   1.563075E+00   1.807878E+02   1.168071E+03   7.756687E-01
   1.599607E+00   1.784164E+02   1.153499E+03   7.752179E-01
   1.636993E+00   1.759527E+02   1.139283E+03   7.750260E-01
   1.675252E+00   1.735976E+02   1.125697E+03   7.751122E-01
   1.714406E+00   1.714452E+02   1.112421E+03   7.752556E-01
   1.754475E+00   1.691602E+02   1.099838E+03   7.753867E-01
   1.795480E+00   1.671087E+02   1.087560E+03   7.752280E-01
   1.837444E+00   1.649774E+02   1.074236E+03   7.747533E-01
   1.880388E+00   1.627312E+02   1.060659E+03   7.744915E-01
   1.924336E+00   1.604529E+02   1.047870E+03   7.743596E-01
   1.969311E+00   1.582400E+02   1.035339E+03   7.745355E-01
   2.015338E+00   1.567449E+02   1.022151E+03   7.749074E-01
   2.062440E+00   1.567223E+02   1.007718E+03   7.756075E-01
   2.110643E+00   1.567203E+02   9.928830E+02   7.760430E-01
   2.159972E+00   1.566141E+02   9.774790E+02   7.761521E-01
   2.210455E+00   1.563426E+02   9.621858E+02   7.766222E-01
   2.262117E+00   1.561341E+02   9.476545E+02   7.773489E-01
   2.314987E+00   1.561158E+02   9.334031E+02   7.781168E-01
   2.369092E+00   1.559351E+02   9.197605E+02   7.789457E-01
   2.424462E+00   1.559454E+02   9.064632E+02   7.794632E-01
   2.481126E+00   1.558699E+02   8.923966E+02   7.797668E-01
   2.539114E+00   1.556655E+02   8.780745E+02   7.801803E-01
   2.598458E+00   1.553883E+02   8.642267E+02   7.807804E-01
   2.659189E+00   1.551934E+02   8.506255E+02   7.816856E-01
   2.721339E+00   1.550177E+02   8.376307E+02   7.825945E-01
   2.784941E+00   1.549466E+02   8.249873E+02   7.834188E-01
   2.850030E+00   1.548709E+02   8.121229E+02   7.839734E-01
   2.916641E+00   1.547171E+02   7.988882E+02   7.842942E-01
   2.984808E+00   1.544281E+02   7.858755E+02   7.848905E-01
   3.054568E+00   1.541860E+02   7.734251E+02   7.856688E-01
   3.125959E+00   1.540573E+02   7.612908E+02   7.865325E-01
   3.199018E+00   1.538642E+02   7.496034E+02   7.874165E-01
   3.273785E+00   1.538037E+02   7.380350E+02   7.880373E-01
   3.350299E+00   1.536780E+02   7.260781E+02   7.885232E-01
   3.428602E+00   1.534084E+02   7.141383E+02   7.889325E-01
   3.508734E+00   1.531083E+02   7.024738E+02   7.895731E-01
   3.590740E+00   1.529405E+02   6.906989E+02   7.906225E-01
   3.674662E+00   1.527675E+02   6.793721E+02   7.916869E-01
   3.760545E+00   1.526739E+02   6.681979E+02   7.926557E-01
   3.848436E+00   1.525646E+02   6.569912E+02   7.933864E-01
   3.938381E+00   1.523796E+02   6.455265E+02   7.939540E-01
   4.030428E+00   1.522761E+02   6.337197E+02   7.949438E-01
   4.124626E+00   1.525826E+02   6.211558E+02   7.965362E-01
   4.221026E+00   1.529468E+02   6.088672E+02   7.982412E-01
   4.319679E+00   1.533139E+02   5.968997E+02   7.998841E-01
   4.420638E+00   1.537309E+02   5.849896E+02   8.013566E-01
   4.523956E+00   1.541281E+02   5.727625E+02   8.027588E-01
   4.629689E+00   1.545259E+02   5.602705E+02   8.043049E-01
   4.737893E+00   1.549765E+02   5.481175E+02   8.060789E-01
   4.848626E+00   1.555021E+02   5.362503E+02   8.079942E-01
   4.961948E+00   1.560192E+02   5.247065E+02   8.099200E-01
   5.077917E+00   1.565801E+02   5.124549E+02   8.120407E-01
   5.196597E+00   1.570686E+02   4.998605E+02   8.141372E-01
   5.318051E+00   1.574601E+02   4.873799E+02   8.162134E-01
   5.442344E+00   1.578854E+02   4.752515E+02   8.184798E-01
   5.569541E+00   1.586756E+02   4.620234E+02   8.214645E-01
   5.699711E+00   1.597173E+02   4.478761E+02   8.249941E-01
   5.832924E+00   1.607777E+02   4.339057E+02   8.283343E-01
   5.969250E+00   1.617712E+02   4.200732E+02   8.315528E-01
   6.108762E+00   1.622499E+02   4.060211E+02   8.350936E-01
   6.251534E+00   1.622953E+02   3.924533E+02   8.387064E-01
   6.397644E+00   1.617551E+02   3.795981E+02   8.423022E-01
   6.547168E+00   1.616074E+02   3.637893E+02   8.473779E-01
   6.700188E+00   1.613337E+02   3.480258E+02   8.524056E-01
   6.856783E+00   1.608514E+02   3.318077E+02   8.577070E-01
   7.017038E+00   1.601834E+02   3.142723E+02   8.639492E-01
   7.181039E+00   1.604303E+02   2.934260E+02   8.718146E-01
   7.348873E+00   1.616222E+02   2.685799E+02   8.815550E-01
   7.520629E+00   1.651540E+02   2.395628E+02   8.927628E-01
   7.696400E+00   1.695156E+02   2.075001E+02   9.050640E-01
   7.876279E+00   1.686003E+02   1.751285E+02   9.181255E-01
   8.060361E+00   1.741379E+02   1.312759E+02   9.341512E-01
   8.248747E+00   1.834776E+02   7.674193E+01   9.508761E-01
   8.441535E+00   1.774075E+02   5.843121E+01   9.521007E-01
   8.638828E+00   1.949750E+02   1.427798E+02   8.861100E-01
   8.840733E+00   4.326868E+02   2.435211E+02   7.417479E-01
   9.047357E+00   5.515958E+02   2.820512E+02   6.915997E-01
   9.258810E+00   8.336072E+02   3.504173E+02   6.395361E-01
   9.475205E+00   6.482657E+02   2.823782E+02   7.271485E-01
   9.696658E+00   5.444801E+02   2.104833E+02   7.884031E-01
   9.923286E+00   6.642444E+02   2.976169E+02   7.048774E-01
   1.015521E+01   6.869844E+02   2.698719E+02   7.047654E-01
   1.039256E+01   8.312572E+02   3.465482E+02   6.307923E-01
   1.063545E+01   7.669322E+02   4.005958E+02   5.906032E-01
   1.088402E+01   5.311415E+02   3.751336E+02   6.546234E-01
   1.113840E+01   5.630305E+02   3.469843E+02   6.646101E-01
   1.139872E+01   4.913162E+02   3.013285E+02   7.179575E-01
   1.166513E+01   5.250794E+02   3.705211E+02   6.409158E-01
   1.193777E+01   2.346704E+02   4.710853E+02   6.489399E-01
   1.221677E+01   1.702440E+02   4.496817E+02   6.828706E-01
   1.250230E+01   1.508914E+02   4.180858E+02   7.092349E-01
   1.279450E+01   1.543066E+02   3.694963E+02   7.408401E-01
   1.309353E+01   1.518360E+02   3.288968E+02   7.683794E-01
   1.339955E+01   2.199038E+02   2.395103E+02   8.134148E-01
   1.371272E+01   2.852780E+02   1.828464E+02   8.327052E-01
   1.403322E+01   1.999080E+02   2.356465E+02   8.148101E-01
   1.436120E+01   3.057083E+02   1.631720E+02   8.344484E-01
   1.469684E+01   2.676332E+02   1.705025E+02   8.372218E-01
   1.504034E+01   2.323846E+02   1.438125E+02   8.626786E-01
   1.539186E+01   3.597302E+02   1.418375E+02   8.222702E-01
   1.575159E+01   2.580589E+02   1.527378E+02   8.438002E-01
   1.611973E+01   2.210003E+02   8.411232E+01   8.954713E-01
   1.649648E+01   3.065880E+02   1.015036E+02   8.422266E-01
   1.688203E+01   3.701545E+02   1.304483E+02   7.898784E-01
   1.727660E+01   4.160829E+02   1.645527E+02   7.265255E-01
   1.768038E+01   5.874733E+02   2.251866E+02   6.440080E-01
   1.809360E+01   6.619210E+02   2.466139E+02   6.225778E-01
   1.851648E+01   5.905555E+02   2.179654E+02   6.579944E-01
   1.894925E+01   6.219351E+02   2.316358E+02   6.268230E-01
   1.939213E+01   7.566308E+02   3.023231E+02   5.550965E-01
   1.984535E+01   7.169536E+02   3.273288E+02   5.254552E-01
   2.030918E+01   6.093703E+02   2.982862E+02   5.513828E-01
   2.078384E+01   5.607085E+02   2.912595E+02   5.572094E-01
   2.126959E+01   5.185584E+02   2.733240E+02   5.796162E-01
   2.176670E+01   5.005967E+02   2.918165E+02   5.500932E-01
   2.227543E+01   4.498106E+02   2.866882E+02   5.601191E-01
   2.279605E+01   3.989518E+02   2.605504E+02   6.092861E-01
   2.332883E+01   3.362772E+02   2.559985E+02   6.363671E-01
   2.387407E+01   3.746843E+02   2.320984E+02   6.451935E-01
   2.443205E+01   4.316307E+02   2.331420E+02   6.163749E-01
   2.500307E+01   3.291003E+02   2.479508E+02   6.294261E-01
   2.558744E+01   3.116225E+02   2.079456E+02   6.856212E-01
   2.618546E+01   3.931116E+02   1.695251E+02   6.939802E-01
   2.679746E+01   4.332359E+02   1.973973E+02   6.403551E-01
   2.742377E+01   4.297643E+02   1.872265E+02   6.491353E-01
   2.806471E+01   5.207311E+02   2.286872E+02   5.685552E-01
   2.872063E+01   4.706080E+02   2.703218E+02   5.044965E-01
   2.939188E+01   4.027143E+02   2.444554E+02   5.487165E-01
   3.007883E+01   4.046030E+02   2.614268E+02   5.093488E-01
   3.078182E+01   3.282936E+02   2.791747E+02   4.807719E-01
   3.150125E+01   2.619574E+02   2.790794E+02   5.201237E-01
   3.223749E+01   2.300171E+02   2.819538E+02   5.328378E-01
   3.299094E+01   2.260333E+02   2.560169E+02   5.793695E-01
   3.376199E+01   2.420995E+02   2.349545E+02   5.977522E-01
   3.455107E+01   2.472507E+02   2.404451E+02   5.737523E-01
   3.535859E+01   2.098231E+02   2.272011E+02   6.181781E-01
   3.618499E+01   2.982607E+02   1.923399E+02   6.156679E-01
   3.703070E+01   2.978420E+02   2.190804E+02   5.538692E-01
   3.789617E+01   2.080893E+02   2.530516E+02   5.386980E-01
   3.878187E+01   1.703242E+02   2.570870E+02   5.576884E-01
   3.968827E+01   1.494173E+02   2.468562E+02   5.876748E-01
   4.061586E+01   1.813001E+02   1.930154E+02   6.518867E-01
   4.156513E+01   2.664957E+02   1.696745E+02   6.303656E-01
   4.253658E+01   2.467574E+02   1.742488E+02   6.267124E-01
   4.353073E+01   3.092702E+02   1.582306E+02   6.146880E-01
   4.454813E+01   3.186837E+02   1.886112E+02   5.401158E-01
   4.558929E+01   2.527547E+02   2.117914E+02   5.054926E-01
   4.665480E+01   2.035794E+02   2.247153E+02   5.056255E-01
   4.774521E+01   1.725105E+02   2.273471E+02   5.251844E-01
   4.886110E+01   1.932757E+02   1.985470E+02   5.647514E-01
   5.000307E+01   1.908697E+02   2.076623E+02   5.325579E-01
   5.117173E+01   1.776853E+02   2.046109E+02   5.444413E-01
   5.236771E+01   1.795763E+02   2.031768E+02   5.345556E-01
   5.359163E+01   1.496013E+02   2.198863E+02   5.143128E-01
   5.484417E+01   1.320949E+02   2.240913E+02   5.156045E-01
   5.612597E+01   1.216119E+02   2.240027E+02   5.184441E-01
   5.743774E+01   1.132523E+02   2.230783E+02   5.201605E-01
   5.878016E+01   1.077910E+02   2.225921E+02   5.175470E-01
   6.015396E+01   1.039405E+02   2.182226E+02   5.236673E-01
   6.155987E+01   9.873179E+01   2.181035E+02   5.202949E-01
   6.299863E+01   9.523868E+01   2.139324E+02   5.245317E-01
   6.447102E+01   9.654202E+01   2.084931E+02   5.257618E-01
   6.597782E+01   8.442190E+01   2.116130E+02   5.231123E-01
   6.751985E+01   8.399286E+01   2.058952E+02   5.284249E-01
   6.909791E+01   1.155543E+02   1.789379E+02   5.490921E-01
   7.071285E+01   9.732202E+01   1.907829E+02   5.302564E-01
   7.236553E+01   1.072805E+02   1.792397E+02   5.383341E-01
   7.405685E+01   8.554373E+01   1.942773E+02   5.152033E-01
   7.578769E+01   7.909319E+01   1.953293E+02   5.100695E-01
   7.755898E+01   6.886682E+01   1.963246E+02   5.119483E-01
   7.937168E+01   6.817820E+01   1.940995E+02   5.089441E-01
   8.122674E+01   6.085413E+01   1.955775E+02   5.056115E-01
   8.312515E+01   6.486229E+01   1.890862E+02   5.076387E-01
   8.506793E+01   6.218543E+01   1.844801E+02   5.134756E-01
   8.705612E+01   5.799034E+01   1.873469E+02   5.000794E-01
   8.909078E+01   5.414385E+01   1.850092E+02   5.031080E-01
   9.117299E+01   5.182112E+01   1.812000E+02   5.081584E-01
   9.330387E+01   5.195741E+01   1.784126E+02   5.063872E-01
   9.548455E+01   4.803974E+01   1.791243E+02   5.003760E-01
   9.771620E+01   5.113677E+01   1.720028E+02   5.059942E-01
   1.000000E+02   4.930895E+01   1.701803E+02   5.032663E-01
