#============================================================================
# Opacities computed by OpTool        <a^n>=  1.6609E-1  2.1930E-1  5.3377E-1
# Method:   DHS  fmax=  0.700
# Parameters:
#   amin [um]=      0.100 amax [um]=    100.000  na  =   46    apow=   3.5    
#   lmin [um]=      0.100 lmax [um]=    100.000  nlam=  300    nang=   180
#   porosity =      0.000 p_mantle =      0.000  fmax= 0.70    chop=   0.0
# Composition:
#  Where   mfrac  rho   Material
#  -----   -----  ----  -----------------------------------------------------
#  core    1.000  8.91  lnk_data/ni-Ordal1987.lnk
#  - - -   - - -  -  -  - - - - - - - - - - - - - - - - - - - - - - - - - - -
#  grain   1.000  8.91  mixture of  1 materials
#----------------------------------------------------------------------------
# Command: optool -c lnk_data/ni-Ordal1987.lnk 52 8.908 -a 0.1 100 -l 0.1 \
#   100 -dhs 0.7
#============================================================================
# Standard output file, no scattering matrix
#    iformat
#    nlambda
#    lambda[um]  kabs [cm^2/g]  ksca [cm^2/g]    g_asymmetry
#============================================================================
           3
         300
   1.000000E-01   1.752015E+02   6.962108E+02   6.181812E-01
   1.023372E-01   1.757139E+02   6.969984E+02   6.180551E-01
   1.047290E-01   1.762294E+02   6.977919E+02   6.179156E-01
   1.071767E-01   1.767480E+02   6.985943E+02   6.177615E-01
   1.096816E-01   1.772716E+02   6.994092E+02   6.175982E-01
   1.122451E-01   1.778041E+02   7.002368E+02   6.174258E-01
   1.148684E-01   1.783458E+02   7.010722E+02   6.172442E-01
   1.175531E-01   1.788943E+02   7.019101E+02   6.170454E-01
   1.203005E-01   1.794457E+02   7.027491E+02   6.168269E-01
   1.231122E-01   1.799980E+02   7.035926E+02   6.165801E-01
   1.259895E-01   1.805517E+02   7.044477E+02   6.163153E-01
   1.289341E-01   1.811121E+02   7.053213E+02   6.160404E-01
   1.319476E-01   1.816848E+02   7.062122E+02   6.157610E-01
   1.350314E-01   1.822705E+02   7.071119E+02   6.154682E-01
   1.381873E-01   1.828649E+02   7.080106E+02   6.151560E-01
   1.414170E-01   1.834614E+02   7.089048E+02   6.148127E-01
   1.447222E-01   1.840556E+02   7.097988E+02   6.144367E-01
   1.481046E-01   1.846490E+02   7.107037E+02   6.140294E-01
   1.515661E-01   1.852500E+02   7.116291E+02   6.136072E-01
   1.551084E-01   1.858644E+02   7.125744E+02   6.131736E-01
   1.587336E-01   1.864927E+02   7.135311E+02   6.127277E-01
   1.624435E-01   1.871300E+02   7.144905E+02   6.122525E-01
   1.662401E-01   1.877714E+02   7.154487E+02   6.117460E-01
   1.701254E-01   1.884131E+02   7.164091E+02   6.112039E-01
   1.741016E-01   1.890588E+02   7.173796E+02   6.106354E-01
   1.781706E-01   1.897158E+02   7.183618E+02   6.100435E-01
   1.823348E-01   1.903881E+02   7.193503E+02   6.094318E-01
   1.865963E-01   1.910708E+02   7.203365E+02   6.087841E-01
   1.909574E-01   1.917568E+02   7.213173E+02   6.080915E-01
   1.954204E-01   1.924420E+02   7.222963E+02   6.073480E-01
   1.999877E-01   1.931243E+02   7.232859E+02   6.065563E-01
   2.046618E-01   1.938123E+02   7.242985E+02   6.057295E-01
   2.094451E-01   1.945162E+02   7.253358E+02   6.048818E-01
   2.143402E-01   1.952424E+02   7.263873E+02   6.040127E-01
   2.193497E-01   1.959875E+02   7.274390E+02   6.031148E-01
   2.244763E-01   1.967476E+02   7.284794E+02   6.021810E-01
   2.297228E-01   1.975199E+02   7.295037E+02   6.012105E-01
   2.350918E-01   1.983025E+02   7.305184E+02   6.001974E-01
   2.405863E-01   1.990958E+02   7.315299E+02   5.991422E-01
   2.462092E-01   1.998987E+02   7.325386E+02   5.980319E-01
   2.519636E-01   2.007097E+02   7.335383E+02   5.968593E-01
   2.578524E-01   2.015257E+02   7.345246E+02   5.956101E-01
   2.638789E-01   2.023458E+02   7.354977E+02   5.942832E-01
   2.700462E-01   2.031723E+02   7.364646E+02   5.928840E-01
   2.763577E-01   2.040088E+02   7.374378E+02   5.914184E-01
   2.828167E-01   2.048603E+02   7.384235E+02   5.898849E-01
   2.894266E-01   2.057312E+02   7.394187E+02   5.882864E-01
   2.961910E-01   2.066238E+02   7.404148E+02   5.866175E-01
   3.031136E-01   2.075404E+02   7.414050E+02   5.848843E-01
   3.101979E-01   2.084871E+02   7.423858E+02   5.830995E-01
   3.174477E-01   2.094718E+02   7.433604E+02   5.812842E-01
   3.248671E-01   2.105016E+02   7.443336E+02   5.794558E-01
   3.324598E-01   2.115750E+02   7.453030E+02   5.776155E-01
   3.402300E-01   2.126801E+02   7.462571E+02   5.757322E-01
   3.481818E-01   2.138075E+02   7.471800E+02   5.737813E-01
   3.563194E-01   2.149559E+02   7.480573E+02   5.717565E-01
   3.646472E-01   2.161323E+02   7.488800E+02   5.696695E-01
   3.731697E-01   2.173428E+02   7.496486E+02   5.675300E-01
   3.818913E-01   2.185914E+02   7.503641E+02   5.653423E-01
   3.908168E-01   2.198715E+02   7.510245E+02   5.630835E-01
   3.999509E-01   2.211694E+02   7.516230E+02   5.607141E-01
   4.092985E-01   2.224790E+02   7.521548E+02   5.582051E-01
   4.188645E-01   2.238022E+02   7.526200E+02   5.555469E-01
   4.286541E-01   2.251469E+02   7.530276E+02   5.527476E-01
   4.386726E-01   2.265204E+02   7.533937E+02   5.498143E-01
   4.489251E-01   2.279258E+02   7.537323E+02   5.467407E-01
   4.594173E-01   2.293572E+02   7.540520E+02   5.435038E-01
   4.701547E-01   2.308069E+02   7.543571E+02   5.400728E-01
   4.811431E-01   2.322761E+02   7.546515E+02   5.364379E-01
   4.923883E-01   2.337743E+02   7.549420E+02   5.326102E-01
   5.038963E-01   2.353133E+02   7.552407E+02   5.286092E-01
   5.156732E-01   2.369045E+02   7.555592E+02   5.244557E-01
   5.277254E-01   2.385520E+02   7.559025E+02   5.201591E-01
   5.400593E-01   2.402524E+02   7.562664E+02   5.157072E-01
   5.526815E-01   2.420053E+02   7.566409E+02   5.110967E-01
   5.655986E-01   2.438168E+02   7.570145E+02   5.063447E-01
   5.788177E-01   2.456990E+02   7.573766E+02   5.014845E-01
   5.923457E-01   2.476631E+02   7.577195E+02   4.965528E-01
   6.061899E-01   2.497169E+02   7.580312E+02   4.915826E-01
   6.203576E-01   2.518591E+02   7.582927E+02   4.865884E-01
   6.348565E-01   2.540814E+02   7.584773E+02   4.815719E-01
   6.496943E-01   2.563808E+02   7.585566E+02   4.765467E-01
   6.648788E-01   2.587587E+02   7.585033E+02   4.715389E-01
   6.804182E-01   2.612189E+02   7.582957E+02   4.665883E-01
   6.963208E-01   2.637629E+02   7.579163E+02   4.617315E-01
   7.125951E-01   2.663862E+02   7.573459E+02   4.569909E-01
   7.292497E-01   2.651447E+02   7.578872E+02   4.500555E-01
   7.462936E-01   2.635225E+02   7.583104E+02   4.430016E-01
   7.637358E-01   2.618711E+02   7.584631E+02   4.360573E-01
   7.815857E-01   2.605816E+02   7.581180E+02   4.294782E-01
   7.998527E-01   2.594202E+02   7.573897E+02   4.231573E-01
   8.185467E-01   2.582133E+02   7.563567E+02   4.170231E-01
   8.376776E-01   2.570267E+02   7.550842E+02   4.111293E-01
   8.572557E-01   2.560144E+02   7.537250E+02   4.055637E-01
   8.772913E-01   2.549185E+02   7.520321E+02   4.001676E-01
   8.977952E-01   2.537318E+02   7.500027E+02   3.949476E-01
   9.187782E-01   2.520967E+02   7.479674E+02   3.897269E-01
   9.402517E-01   2.499541E+02   7.459715E+02   3.844924E-01
   9.622271E-01   2.477128E+02   7.436359E+02   3.794694E-01
   9.847161E-01   2.453634E+02   7.409650E+02   3.746459E-01
   1.007731E+00   2.428102E+02   7.381237E+02   3.699583E-01
   1.031283E+00   2.399593E+02   7.352737E+02   3.653544E-01
   1.055386E+00   2.370309E+02   7.320116E+02   3.609432E-01
   1.080052E+00   2.341316E+02   7.281292E+02   3.567803E-01
   1.105295E+00   2.311331E+02   7.239705E+02   3.528022E-01
   1.131128E+00   2.279059E+02   7.201185E+02   3.489429E-01
   1.157564E+00   2.245416E+02   7.161335E+02   3.452216E-01
   1.184619E+00   2.208704E+02   7.119560E+02   3.415451E-01
   1.212305E+00   2.161185E+02   7.078010E+02   3.375440E-01
   1.240639E+00   2.113044E+02   7.033836E+02   3.336999E-01
   1.269635E+00   2.065245E+02   6.985202E+02   3.300459E-01
   1.299309E+00   2.017585E+02   6.933472E+02   3.265679E-01
   1.329676E+00   1.969770E+02   6.879818E+02   3.232302E-01
   1.360753E+00   1.927100E+02   6.823763E+02   3.202577E-01
   1.392556E+00   1.884329E+02   6.766249E+02   3.173912E-01
   1.425103E+00   1.841512E+02   6.707456E+02   3.146253E-01
   1.458410E+00   1.798267E+02   6.645658E+02   3.119271E-01
   1.492496E+00   1.755221E+02   6.582680E+02   3.093313E-01
   1.527378E+00   1.712543E+02   6.518982E+02   3.068329E-01
   1.563075E+00   1.671982E+02   6.454043E+02   3.044939E-01
   1.599607E+00   1.632752E+02   6.388305E+02   3.022678E-01
   1.636993E+00   1.593950E+02   6.322235E+02   3.001076E-01
   1.675252E+00   1.555119E+02   6.256329E+02   2.979941E-01
   1.714406E+00   1.513639E+02   6.192592E+02   2.958292E-01
   1.754475E+00   1.472838E+02   6.128645E+02   2.937377E-01
   1.795480E+00   1.432737E+02   6.064541E+02   2.917148E-01
   1.837444E+00   1.393882E+02   5.999594E+02   2.897610E-01
   1.880388E+00   1.356518E+02   5.933635E+02   2.878713E-01
   1.924336E+00   1.319923E+02   5.867813E+02   2.860319E-01
   1.969311E+00   1.284116E+02   5.802211E+02   2.842408E-01
   2.015338E+00   1.251062E+02   5.736317E+02   2.825828E-01
   2.062440E+00   1.222580E+02   5.669674E+02   2.811322E-01
   2.110643E+00   1.194562E+02   5.603539E+02   2.797141E-01
   2.159972E+00   1.161161E+02   5.540884E+02   2.781084E-01
   2.210455E+00   1.128520E+02   5.478496E+02   2.765388E-01
   2.262117E+00   1.092206E+02   5.419262E+02   2.748568E-01
   2.314987E+00   1.055793E+02   5.360800E+02   2.731876E-01
   2.369092E+00   1.022065E+02   5.301378E+02   2.716174E-01
   2.424462E+00   9.923951E+01   5.240242E+02   2.701850E-01
   2.481126E+00   9.634946E+01   5.179505E+02   2.687787E-01
   2.539114E+00   9.330598E+01   5.119342E+02   2.672888E-01
   2.598458E+00   9.024327E+01   5.059651E+02   2.657743E-01
   2.659189E+00   8.727510E+01   5.000390E+02   2.642950E-01
   2.721339E+00   8.459628E+01   4.941488E+02   2.629482E-01
   2.784941E+00   8.203621E+01   4.883061E+02   2.616564E-01
   2.850030E+00   7.954986E+01   4.825125E+02   2.603894E-01
   2.916641E+00   7.707994E+01   4.767791E+02   2.591235E-01
   2.984808E+00   7.467363E+01   4.710958E+02   2.578693E-01
   3.054568E+00   7.233935E+01   4.654628E+02   2.566376E-01
   3.125959E+00   7.004452E+01   4.598875E+02   2.554154E-01
   3.199018E+00   6.780388E+01   4.543680E+02   2.542150E-01
   3.273785E+00   6.563350E+01   4.489004E+02   2.530359E-01
   3.350299E+00   6.348967E+01   4.435014E+02   2.518680E-01
   3.428602E+00   6.130046E+01   4.381990E+02   2.506803E-01
   3.508734E+00   5.918339E+01   4.329424E+02   2.495104E-01
   3.590740E+00   5.713659E+01   4.277340E+02   2.483597E-01
   3.674662E+00   5.514784E+01   4.225649E+02   2.472207E-01
   3.760545E+00   5.321274E+01   4.174310E+02   2.460874E-01
   3.848436E+00   5.134499E+01   4.123470E+02   2.449807E-01
   3.938381E+00   4.954225E+01   4.073117E+02   2.438885E-01
   4.030428E+00   4.777139E+01   4.023323E+02   2.427983E-01
   4.124626E+00   4.600201E+01   3.974162E+02   2.416994E-01
   4.221026E+00   4.429745E+01   3.925499E+02   2.406213E-01
   4.319679E+00   4.265566E+01   3.877342E+02   2.395652E-01
   4.420638E+00   4.107450E+01   3.829679E+02   2.385320E-01
   4.523956E+00   3.954710E+01   3.782491E+02   2.375130E-01
   4.629689E+00   3.807526E+01   3.735774E+02   2.365099E-01
   4.737893E+00   3.665804E+01   3.689537E+02   2.355186E-01
   4.848626E+00   3.529352E+01   3.643794E+02   2.345416E-01
   4.961948E+00   3.397995E+01   3.598556E+02   2.335845E-01
   5.077917E+00   3.263693E+01   3.553989E+02   2.326110E-01
   5.196597E+00   3.130940E+01   3.509964E+02   2.316393E-01
   5.318051E+00   3.003543E+01   3.466383E+02   2.306834E-01
   5.442344E+00   2.881287E+01   3.423243E+02   2.297402E-01
   5.569541E+00   2.763974E+01   3.380556E+02   2.288096E-01
   5.699711E+00   2.651416E+01   3.338334E+02   2.278945E-01
   5.832924E+00   2.564448E+01   3.295744E+02   2.270552E-01
   5.969250E+00   2.482248E+01   3.253623E+02   2.262354E-01
   6.108762E+00   2.402864E+01   3.212026E+02   2.254269E-01
   6.251534E+00   2.326183E+01   3.170939E+02   2.246261E-01
   6.397644E+00   2.252099E+01   3.130359E+02   2.238314E-01
   6.547168E+00   2.180519E+01   3.090289E+02   2.230441E-01
   6.700188E+00   2.113512E+01   3.050669E+02   2.222751E-01
   6.856783E+00   2.057355E+01   3.011304E+02   2.215491E-01
   7.017038E+00   2.002849E+01   2.972454E+02   2.208322E-01
   7.181039E+00   1.949935E+01   2.934100E+02   2.201208E-01
   7.348873E+00   1.898553E+01   2.896233E+02   2.194122E-01
   7.520629E+00   1.848651E+01   2.858851E+02   2.187060E-01
   7.696400E+00   1.800181E+01   2.821957E+02   2.180047E-01
   7.876279E+00   1.753102E+01   2.785549E+02   2.173112E-01
   8.060361E+00   1.706109E+01   2.749669E+02   2.166241E-01
   8.248747E+00   1.657930E+01   2.714351E+02   2.159388E-01
   8.441535E+00   1.611194E+01   2.679463E+02   2.152563E-01
   8.638828E+00   1.565850E+01   2.645002E+02   2.145748E-01
   8.840733E+00   1.521854E+01   2.610970E+02   2.138949E-01
   9.047357E+00   1.479165E+01   2.577368E+02   2.132197E-01
   9.258810E+00   1.437743E+01   2.544192E+02   2.125514E-01
   9.475205E+00   1.397546E+01   2.511429E+02   2.118892E-01
   9.696658E+00   1.358534E+01   2.479066E+02   2.112301E-01
   9.923286E+00   1.320666E+01   2.447093E+02   2.105712E-01
   1.015521E+01   1.290869E+01   2.415273E+02   2.099278E-01
   1.039256E+01   1.265224E+01   2.383747E+02   2.092926E-01
   1.063545E+01   1.240151E+01   2.352637E+02   2.086605E-01
   1.088402E+01   1.215637E+01   2.321934E+02   2.080328E-01
   1.113840E+01   1.192284E+01   2.291628E+02   2.074131E-01
   1.139872E+01   1.172884E+01   2.261729E+02   2.068238E-01
   1.166513E+01   1.153832E+01   2.232201E+02   2.062304E-01
   1.193777E+01   1.135121E+01   2.203044E+02   2.056330E-01
   1.221677E+01   1.116744E+01   2.174259E+02   2.050342E-01
   1.250230E+01   1.098717E+01   2.145843E+02   2.044369E-01
   1.279450E+01   1.083642E+01   2.117762E+02   2.038573E-01
   1.309353E+01   1.068792E+01   2.090030E+02   2.032759E-01
   1.339955E+01   1.054161E+01   2.062636E+02   2.026899E-01
   1.371272E+01   1.039744E+01   2.035579E+02   2.020980E-01
   1.403322E+01   1.025536E+01   2.008860E+02   2.015014E-01
   1.436120E+01   1.010848E+01   1.982501E+02   2.009019E-01
   1.469684E+01   9.934032E+00   1.956568E+02   2.002979E-01
   1.504034E+01   9.762772E+00   1.930952E+02   1.996931E-01
   1.539186E+01   9.594623E+00   1.905642E+02   1.990846E-01
   1.575159E+01   9.429508E+00   1.880634E+02   1.984700E-01
   1.611973E+01   9.267359E+00   1.855926E+02   1.978488E-01
   1.649648E+01   9.108126E+00   1.831521E+02   1.972231E-01
   1.688203E+01   8.942250E+00   1.807424E+02   1.965893E-01
   1.727660E+01   8.769015E+00   1.783630E+02   1.959477E-01
   1.768038E+01   8.599305E+00   1.760122E+02   1.953038E-01
   1.809360E+01   8.433028E+00   1.736891E+02   1.946544E-01
   1.851648E+01   8.270101E+00   1.713934E+02   1.939978E-01
   1.894925E+01   8.110448E+00   1.691253E+02   1.933346E-01
   1.939213E+01   7.954008E+00   1.668847E+02   1.926672E-01
   1.984535E+01   7.800722E+00   1.646716E+02   1.919981E-01
   2.030918E+01   7.645062E+00   1.624854E+02   1.913227E-01
   2.078384E+01   7.489936E+00   1.603251E+02   1.906406E-01
   2.126959E+01   7.338077E+00   1.581901E+02   1.899513E-01
   2.176670E+01   7.189406E+00   1.560802E+02   1.892536E-01
   2.227543E+01   7.045607E+00   1.539955E+02   1.885501E-01
   2.279605E+01   6.914767E+00   1.519352E+02   1.878491E-01
   2.332883E+01   6.786452E+00   1.498999E+02   1.871452E-01
   2.387407E+01   6.660606E+00   1.478888E+02   1.864369E-01
   2.443205E+01   6.537171E+00   1.459012E+02   1.857214E-01
   2.500307E+01   6.416028E+00   1.439368E+02   1.849963E-01
   2.558744E+01   6.285763E+00   1.419963E+02   1.842535E-01
   2.618546E+01   6.158227E+00   1.400790E+02   1.835033E-01
   2.679746E+01   6.033366E+00   1.381849E+02   1.827486E-01
   2.742377E+01   5.911124E+00   1.363134E+02   1.819896E-01
   2.806471E+01   5.791439E+00   1.344639E+02   1.812242E-01
   2.872063E+01   5.677789E+00   1.326348E+02   1.804494E-01
   2.939188E+01   5.582035E+00   1.308230E+02   1.796635E-01
   3.007883E+01   5.487935E+00   1.290328E+02   1.788671E-01
   3.078182E+01   5.395462E+00   1.272643E+02   1.780631E-01
   3.150125E+01   5.304589E+00   1.255172E+02   1.772532E-01
   3.223749E+01   5.215288E+00   1.237909E+02   1.764370E-01
   3.299094E+01   5.127522E+00   1.220849E+02   1.756114E-01
   3.376199E+01   5.059248E+00   1.203977E+02   1.747873E-01
   3.455107E+01   5.003856E+00   1.187297E+02   1.739588E-01
   3.535859E+01   4.948969E+00   1.170815E+02   1.731182E-01
   3.618499E+01   4.894585E+00   1.154532E+02   1.722684E-01
   3.703070E+01   4.840701E+00   1.138445E+02   1.714104E-01
   3.789617E+01   4.787309E+00   1.122547E+02   1.705426E-01
   3.878187E+01   4.734398E+00   1.106833E+02   1.696618E-01
   3.968827E+01   4.681957E+00   1.091302E+02   1.687659E-01
   4.061586E+01   4.635747E+00   1.075946E+02   1.678576E-01
   4.156513E+01   4.592756E+00   1.060770E+02   1.669377E-01
   4.253658E+01   4.549991E+00   1.045777E+02   1.660074E-01
   4.353073E+01   4.507450E+00   1.030962E+02   1.650665E-01
   4.454813E+01   4.464986E+00   1.016320E+02   1.641129E-01
   4.558929E+01   4.421919E+00   1.001852E+02   1.631451E-01
   4.665480E+01   4.379089E+00   9.875510E+01   1.621595E-01
   4.774521E+01   4.336495E+00   9.734178E+01   1.611571E-01
   4.886110E+01   4.294137E+00   9.594530E+01   1.601407E-01
   5.000307E+01   4.252024E+00   9.456544E+01   1.591120E-01
   5.117173E+01   4.213333E+00   9.320187E+01   1.580740E-01
   5.236771E+01   4.174791E+00   9.185398E+01   1.570194E-01
   5.359163E+01   4.136392E+00   9.052150E+01   1.559453E-01
   5.484417E+01   4.098134E+00   8.920439E+01   1.548510E-01
   5.612597E+01   4.060017E+00   8.790275E+01   1.537383E-01
   5.743774E+01   4.021616E+00   8.661676E+01   1.526108E-01
   5.878016E+01   3.982151E+00   8.534646E+01   1.514708E-01
   6.015396E+01   3.942888E+00   8.409083E+01   1.503137E-01
   6.155987E+01   3.903823E+00   8.284948E+01   1.491362E-01
   6.299863E+01   3.864953E+00   8.162225E+01   1.479357E-01
   6.447102E+01   3.826277E+00   8.040917E+01   1.467126E-01
   6.597782E+01   3.787797E+00   7.921032E+01   1.454693E-01
   6.751985E+01   3.749585E+00   7.802578E+01   1.442095E-01
   6.909791E+01   3.711636E+00   7.685517E+01   1.429326E-01
   7.071285E+01   3.673888E+00   7.569792E+01   1.416345E-01
   7.236553E+01   3.636338E+00   7.455374E+01   1.403116E-01
   7.405685E+01   3.598984E+00   7.342253E+01   1.389621E-01
   7.578769E+01   3.561827E+00   7.230438E+01   1.375872E-01
   7.755898E+01   3.524869E+00   7.119933E+01   1.361898E-01
   7.937168E+01   3.488111E+00   7.010719E+01   1.347712E-01
   8.122674E+01   3.450488E+00   6.902786E+01   1.333310E-01
   8.312515E+01   3.412559E+00   6.796083E+01   1.318648E-01
   8.506793E+01   3.374884E+00   6.690578E+01   1.303690E-01
   8.705612E+01   3.337463E+00   6.586271E+01   1.288431E-01
   8.909078E+01   3.300297E+00   6.483170E+01   1.272890E-01
   9.117299E+01   3.263387E+00   6.381268E+01   1.257090E-01
   9.330387E+01   3.226734E+00   6.280544E+01   1.241033E-01
   9.548455E+01   3.190337E+00   6.180963E+01   1.224691E-01
   9.771620E+01   3.154192E+00   6.082497E+01   1.208029E-01
   1.000000E+02   3.118299E+00   5.985137E+01   1.191023E-01
