#============================================================================
# Opacities computed by OpTool        <a^n>=  1.6609E-1  2.1930E-1  5.3377E-1
# Method:   DHS  fmax=  0.700
# Parameters:
#   amin [um]=      0.100 amax [um]=    100.000  na  =   46    apow=   3.5    
#   lmin [um]=      0.100 lmax [um]=    100.000  nlam= 1500    nang=   180
#   porosity =      0.000 p_mantle =      0.000  fmax= 0.70    chop=   0.0
# Composition:
#  Where   mfrac  rho   Material
#  -----   -----  ----  -----------------------------------------------------
#  core    1.000  2.65  qua
#  - - -   - - -  -  -  - - - - - - - - - - - - - - - - - - - - - - - - - - -
#  grain   1.000  2.65  mixture of  1 materials
#----------------------------------------------------------------------------
# Command: optool qua -a 0.1 100 -l 0.1 100 1500 -dhs 0.7
#============================================================================
# Standard output file, no scattering matrix
#    iformat
#    nlambda
#    lambda[um]  kabs [cm^2/g]  ksca [cm^2/g]    g_asymmetry
#============================================================================
           3
        1500
   1.000000E-01   1.223008E+03   1.606236E+03   8.723888E-01
   1.004619E-01   1.222234E+03   1.609110E+03   8.711958E-01
   1.009259E-01   1.221443E+03   1.611995E+03   8.699953E-01
   1.013921E-01   1.220732E+03   1.615156E+03   8.687096E-01
   1.018604E-01   1.220105E+03   1.618710E+03   8.672939E-01
   1.023309E-01   1.219410E+03   1.622278E+03   8.658546E-01
   1.028035E-01   1.218647E+03   1.625859E+03   8.643921E-01
   1.032784E-01   1.217817E+03   1.629452E+03   8.629067E-01
   1.037554E-01   1.218264E+03   1.631758E+03   8.620026E-01
   1.042346E-01   1.218637E+03   1.634079E+03   8.610742E-01
   1.047161E-01   1.218871E+03   1.636473E+03   8.600923E-01
   1.051997E-01   1.219333E+03   1.638468E+03   8.592695E-01
   1.056856E-01   1.221035E+03   1.638806E+03   8.591923E-01
   1.061738E-01   1.222548E+03   1.639324E+03   8.590304E-01
   1.066642E-01   1.223872E+03   1.640010E+03   8.587845E-01
   1.071569E-01   1.226065E+03   1.639554E+03   8.590848E-01
   1.076518E-01   1.228975E+03   1.638205E+03   8.598390E-01
   1.081490E-01   1.231609E+03   1.637191E+03   8.604559E-01
   1.086486E-01   1.233967E+03   1.636496E+03   8.609371E-01
   1.091504E-01   1.238227E+03   1.633542E+03   8.626406E-01
   1.096546E-01   1.243049E+03   1.630064E+03   8.647324E-01
   1.101610E-01   1.247478E+03   1.627196E+03   8.666182E-01
   1.106699E-01   1.251522E+03   1.624906E+03   8.683041E-01
   1.111810E-01   1.259946E+03   1.618176E+03   8.728470E-01
   1.116946E-01   1.268037E+03   1.612356E+03   8.772519E-01
   1.122105E-01   1.275512E+03   1.607748E+03   8.813391E-01
   1.127287E-01   1.282235E+03   1.604287E+03   8.850364E-01
   1.132494E-01   1.285943E+03   1.600648E+03   8.870411E-01
   1.137725E-01   1.289142E+03   1.596492E+03   8.888136E-01
   1.142980E-01   1.289299E+03   1.590888E+03   8.891540E-01
   1.148259E-01   1.287562E+03   1.586236E+03   8.886197E-01
   1.153563E-01   1.279296E+03   1.588975E+03   8.842238E-01
   1.158891E-01   1.268606E+03   1.596115E+03   8.785278E-01
   1.164244E-01   1.249330E+03   1.619187E+03   8.670793E-01
   1.169622E-01   1.226606E+03   1.649462E+03   8.536416E-01
   1.175024E-01   1.206205E+03   1.681717E+03   8.404080E-01
   1.180451E-01   1.184108E+03   1.716003E+03   8.265114E-01
   1.185904E-01   1.179169E+03   1.726427E+03   8.218821E-01
   1.191381E-01   1.180314E+03   1.727749E+03   8.200637E-01
   1.196884E-01   1.191302E+03   1.714146E+03   8.241502E-01
   1.202412E-01   1.203248E+03   1.698606E+03   8.294768E-01
   1.207966E-01   1.211330E+03   1.687293E+03   8.333154E-01
   1.213545E-01   1.214392E+03   1.680409E+03   8.349447E-01
   1.219151E-01   1.219565E+03   1.672081E+03   8.386349E-01
   1.224782E-01   1.220491E+03   1.668133E+03   8.410465E-01
   1.230439E-01   1.217872E+03   1.668533E+03   8.425181E-01
   1.236122E-01   1.214451E+03   1.671906E+03   8.445177E-01
   1.241832E-01   1.208004E+03   1.679107E+03   8.460489E-01
   1.247567E-01   1.200479E+03   1.689230E+03   8.479577E-01
   1.253330E-01   1.189499E+03   1.703382E+03   8.493981E-01
   1.259119E-01   1.175351E+03   1.721690E+03   8.506458E-01
   1.264935E-01   1.157714E+03   1.744115E+03   8.514515E-01
   1.270777E-01   1.136587E+03   1.771218E+03   8.520489E-01
   1.276647E-01   1.112323E+03   1.802316E+03   8.522296E-01
   1.282543E-01   1.077768E+03   1.844001E+03   8.513088E-01
   1.288467E-01   1.035741E+03   1.892093E+03   8.494610E-01
   1.294419E-01   9.966346E+02   1.934569E+03   8.478022E-01
   1.300397E-01   9.619936E+02   1.972119E+03   8.467796E-01
   1.306404E-01   9.297815E+02   2.010356E+03   8.459417E-01
   1.312438E-01   9.036876E+02   2.046882E+03   8.450788E-01
   1.318500E-01   8.777237E+02   2.086111E+03   8.435608E-01
   1.324590E-01   8.518568E+02   2.123886E+03   8.415286E-01
   1.330708E-01   8.229573E+02   2.160010E+03   8.393285E-01
   1.336854E-01   7.960246E+02   2.192964E+03   8.374232E-01
   1.343029E-01   7.715113E+02   2.225473E+03   8.358189E-01
   1.349232E-01   7.481637E+02   2.258954E+03   8.344951E-01
   1.355464E-01   7.292037E+02   2.289201E+03   8.337628E-01
   1.361725E-01   7.110367E+02   2.319020E+03   8.326890E-01
   1.368015E-01   6.920275E+02   2.347517E+03   8.309051E-01
   1.374333E-01   6.720549E+02   2.376897E+03   8.292577E-01
   1.380681E-01   6.520167E+02   2.408529E+03   8.280931E-01
   1.387058E-01   6.309793E+02   2.441922E+03   8.269088E-01
   1.393465E-01   6.079704E+02   2.473945E+03   8.259916E-01
   1.399901E-01   5.717628E+02   2.520366E+03   8.231147E-01
   1.406367E-01   5.369662E+02   2.566191E+03   8.198764E-01
   1.412863E-01   5.090036E+02   2.609558E+03   8.168442E-01
   1.419389E-01   4.829101E+02   2.653496E+03   8.147674E-01
   1.425945E-01   4.585096E+02   2.696770E+03   8.122981E-01
   1.432531E-01   4.235699E+02   2.742363E+03   8.093008E-01
   1.439148E-01   3.910762E+02   2.785048E+03   8.064127E-01
   1.445795E-01   3.523210E+02   2.824056E+03   8.043686E-01
   1.452473E-01   3.141807E+02   2.872178E+03   8.015358E-01
   1.459182E-01   2.805261E+02   2.924132E+03   7.984411E-01
   1.465922E-01   2.320797E+02   2.981170E+03   7.951386E-01
   1.472692E-01   1.933821E+02   3.039610E+03   7.912896E-01
   1.479495E-01   1.540887E+02   3.082635E+03   7.887941E-01
   1.486328E-01   1.180501E+02   3.123194E+03   7.855968E-01
   1.493193E-01   8.871526E+01   3.156623E+03   7.857075E-01
   1.500090E-01   8.607469E+01   3.179088E+03   7.843651E-01
   1.507019E-01   8.490722E+01   3.184381E+03   7.863302E-01
   1.513980E-01   7.703033E+01   3.205581E+03   7.860358E-01
   1.520973E-01   5.395411E+01   3.239582E+03   7.842006E-01
   1.527998E-01   3.585819E+01   3.254448E+03   7.856358E-01
   1.535056E-01   2.368355E+01   3.279600E+03   7.834765E-01
   1.542146E-01   1.534240E+01   3.298636E+03   7.815592E-01
   1.549269E-01   9.505064E+00   3.300096E+03   7.844729E-01
   1.556425E-01   6.929556E+00   3.324388E+03   7.829201E-01
   1.563614E-01   5.053801E+00   3.333958E+03   7.840655E-01
   1.570836E-01   3.548930E+00   3.340297E+03   7.850278E-01
   1.578091E-01   2.506505E+00   3.347912E+03   7.848464E-01
   1.585380E-01   1.878655E+00   3.354220E+03   7.847988E-01
   1.592703E-01   1.537286E+00   3.353926E+03   7.867302E-01
   1.600059E-01   1.520480E+00   3.361854E+03   7.847573E-01
   1.607450E-01   1.560054E+00   3.364069E+03   7.852994E-01
   1.614874E-01   1.512490E+00   3.371743E+03   7.863026E-01
   1.622333E-01   1.494288E+00   3.381810E+03   7.860869E-01
   1.629827E-01   1.481740E+00   3.386958E+03   7.857811E-01
   1.637355E-01   1.538099E+00   3.390906E+03   7.858329E-01
   1.644917E-01   1.511589E+00   3.392851E+03   7.860673E-01
   1.652515E-01   1.500151E+00   3.394289E+03   7.860570E-01
   1.660148E-01   1.473792E+00   3.394868E+03   7.855981E-01
   1.667816E-01   1.480361E+00   3.391583E+03   7.867615E-01
   1.675519E-01   1.577968E+00   3.397762E+03   7.869803E-01
   1.683258E-01   1.517898E+00   3.402479E+03   7.863390E-01
   1.691033E-01   1.489761E+00   3.401056E+03   7.868690E-01
   1.698844E-01   1.492046E+00   3.399200E+03   7.881796E-01
   1.706690E-01   1.451748E+00   3.401879E+03   7.881001E-01
   1.714573E-01   1.457714E+00   3.411384E+03   7.871757E-01
   1.722493E-01   1.438136E+00   3.402748E+03   7.887525E-01
   1.730449E-01   1.474211E+00   3.405858E+03   7.888980E-01
   1.738442E-01   1.442873E+00   3.410063E+03   7.885595E-01
   1.746471E-01   1.432118E+00   3.407141E+03   7.889971E-01
   1.754538E-01   1.423216E+00   3.403208E+03   7.908369E-01
   1.762642E-01   1.453522E+00   3.413134E+03   7.890400E-01
   1.770783E-01   1.420430E+00   3.409534E+03   7.904715E-01
   1.778962E-01   1.446009E+00   3.411432E+03   7.905834E-01
   1.787179E-01   1.467049E+00   3.408188E+03   7.918415E-01
   1.795434E-01   1.441258E+00   3.415995E+03   7.900184E-01
   1.803727E-01   1.461107E+00   3.413892E+03   7.909911E-01
   1.812058E-01   1.416457E+00   3.414480E+03   7.916590E-01
   1.820428E-01   1.456793E+00   3.417325E+03   7.910420E-01
   1.828836E-01   1.391333E+00   3.414289E+03   7.909936E-01
   1.837283E-01   1.418363E+00   3.412076E+03   7.912535E-01
   1.845769E-01   1.444602E+00   3.414611E+03   7.913789E-01
   1.854295E-01   1.417466E+00   3.413988E+03   7.912196E-01
   1.862860E-01   1.383217E+00   3.411276E+03   7.914825E-01
   1.871464E-01   1.394901E+00   3.411679E+03   7.911870E-01
   1.880108E-01   1.388291E+00   3.409984E+03   7.911417E-01
   1.888792E-01   1.358604E+00   3.403688E+03   7.920254E-01
   1.897516E-01   1.374873E+00   3.400348E+03   7.914440E-01
   1.906280E-01   1.404030E+00   3.397825E+03   7.913904E-01
   1.915085E-01   1.355850E+00   3.392682E+03   7.917778E-01
   1.923931E-01   1.361040E+00   3.391153E+03   7.919890E-01
   1.932817E-01   1.330714E+00   3.389980E+03   7.926003E-01
   1.941745E-01   1.341897E+00   3.391471E+03   7.917344E-01
   1.950713E-01   1.330132E+00   3.381322E+03   7.928465E-01
   1.959723E-01   1.366221E+00   3.382406E+03   7.927344E-01
   1.968775E-01   1.319540E+00   3.377647E+03   7.928495E-01
   1.977869E-01   1.335674E+00   3.377439E+03   7.929132E-01
   1.987004E-01   1.320537E+00   3.373587E+03   7.935461E-01
   1.996182E-01   1.318361E+00   3.371796E+03   7.931118E-01
   2.005402E-01   1.299224E+00   3.371213E+03   7.925562E-01
   2.014665E-01   1.316024E+00   3.360564E+03   7.941456E-01
   2.023970E-01   1.308895E+00   3.361308E+03   7.936123E-01
   2.033319E-01   1.293617E+00   3.359011E+03   7.937878E-01
   2.042710E-01   1.284552E+00   3.355203E+03   7.938725E-01
   2.052145E-01   1.298345E+00   3.351703E+03   7.939646E-01
   2.061624E-01   1.307397E+00   3.351618E+03   7.939702E-01
   2.071146E-01   1.279798E+00   3.352103E+03   7.933033E-01
   2.080713E-01   1.294797E+00   3.350028E+03   7.934357E-01
   2.090323E-01   1.304451E+00   3.348772E+03   7.928738E-01
   2.099978E-01   1.287468E+00   3.344032E+03   7.932435E-01
   2.109678E-01   1.274631E+00   3.340502E+03   7.929583E-01
   2.119422E-01   1.279711E+00   3.338049E+03   7.926114E-01
   2.129212E-01   1.242133E+00   3.331712E+03   7.927639E-01
   2.139046E-01   1.256352E+00   3.334918E+03   7.909775E-01
   2.148926E-01   1.278671E+00   3.330034E+03   7.910102E-01
   2.158852E-01   1.227841E+00   3.327154E+03   7.908532E-01
   2.168823E-01   1.215851E+00   3.320042E+03   7.916764E-01
   2.178841E-01   1.213544E+00   3.316376E+03   7.913580E-01
   2.188905E-01   1.218749E+00   3.315246E+03   7.906212E-01
   2.199015E-01   1.250048E+00   3.315830E+03   7.898670E-01
   2.209172E-01   1.190091E+00   3.307423E+03   7.909938E-01
   2.219376E-01   1.239745E+00   3.304136E+03   7.906277E-01
   2.229627E-01   1.252495E+00   3.304920E+03   7.897058E-01
   2.239925E-01   1.198783E+00   3.301407E+03   7.894153E-01
   2.250271E-01   1.212888E+00   3.295328E+03   7.898669E-01
   2.260665E-01   1.205427E+00   3.294461E+03   7.900832E-01
   2.271106E-01   1.185791E+00   3.291457E+03   7.901519E-01
   2.281596E-01   1.224964E+00   3.289417E+03   7.895707E-01
   2.292135E-01   1.166071E+00   3.285496E+03   7.894860E-01
   2.302722E-01   1.178721E+00   3.279738E+03   7.899743E-01
   2.313358E-01   1.169189E+00   3.281914E+03   7.885988E-01
   2.324043E-01   1.195973E+00   3.273364E+03   7.894230E-01
   2.334777E-01   1.171390E+00   3.269574E+03   7.898706E-01
   2.345562E-01   1.145586E+00   3.268199E+03   7.893971E-01
   2.356395E-01   1.147831E+00   3.265411E+03   7.892155E-01
   2.367279E-01   1.165331E+00   3.262275E+03   7.891050E-01
   2.378213E-01   1.148171E+00   3.260753E+03   7.888557E-01
   2.389198E-01   1.181853E+00   3.257273E+03   7.892035E-01
   2.400234E-01   1.129139E+00   3.257736E+03   7.884855E-01
   2.411320E-01   1.152964E+00   3.253127E+03   7.885007E-01
   2.422458E-01   1.131305E+00   3.251439E+03   7.880576E-01
   2.433647E-01   1.113426E+00   3.245552E+03   7.879599E-01
   2.444887E-01   1.137084E+00   3.241331E+03   7.875433E-01
   2.456180E-01   1.110007E+00   3.237615E+03   7.871244E-01
   2.467525E-01   1.128624E+00   3.231723E+03   7.876493E-01
   2.478922E-01   1.109688E+00   3.229327E+03   7.869968E-01
   2.490372E-01   1.092193E+00   3.225734E+03   7.862709E-01
   2.501874E-01   1.108966E+00   3.219819E+03   7.862810E-01
   2.513430E-01   1.105298E+00   3.214382E+03   7.863158E-01
   2.525040E-01   1.093093E+00   3.211160E+03   7.858632E-01
   2.536702E-01   1.092266E+00   3.205364E+03   7.861697E-01
   2.548419E-01   1.103468E+00   3.204998E+03   7.850175E-01
   2.560190E-01   1.093871E+00   3.196302E+03   7.854543E-01
   2.572015E-01   1.081335E+00   3.189430E+03   7.856738E-01
   2.583895E-01   1.060200E+00   3.186849E+03   7.855845E-01
   2.595830E-01   1.065161E+00   3.184311E+03   7.846715E-01
   2.607819E-01   1.071789E+00   3.180550E+03   7.846510E-01
   2.619865E-01   1.067434E+00   3.175911E+03   7.852285E-01
   2.631965E-01   1.052637E+00   3.172883E+03   7.849192E-01
   2.644122E-01   1.058345E+00   3.165879E+03   7.848935E-01
   2.656335E-01   1.050868E+00   3.161936E+03   7.842813E-01
   2.668604E-01   1.073277E+00   3.155136E+03   7.850165E-01
   2.680930E-01   1.083667E+00   3.155414E+03   7.838319E-01
   2.693313E-01   1.041781E+00   3.149766E+03   7.835517E-01
   2.705753E-01   1.056939E+00   3.141328E+03   7.845319E-01
   2.718251E-01   1.084916E+00   3.141424E+03   7.837692E-01
   2.730806E-01   1.048519E+00   3.136252E+03   7.839633E-01
   2.743419E-01   1.055981E+00   3.134281E+03   7.831696E-01
   2.756091E-01   1.007987E+00   3.128481E+03   7.837589E-01
   2.768821E-01   1.004186E+00   3.123349E+03   7.843510E-01
   2.781610E-01   1.001371E+00   3.122646E+03   7.835210E-01
   2.794458E-01   1.030014E+00   3.117321E+03   7.831535E-01
   2.807365E-01   1.001124E+00   3.112518E+03   7.831162E-01
   2.820332E-01   1.002741E+00   3.107489E+03   7.825566E-01
   2.833359E-01   1.026719E+00   3.101852E+03   7.823720E-01
   2.846445E-01   9.872183E-01   3.097951E+03   7.823592E-01
   2.859593E-01   1.006095E+00   3.093078E+03   7.823575E-01
   2.872801E-01   1.031024E+00   3.087728E+03   7.822238E-01
   2.886070E-01   1.002142E+00   3.084739E+03   7.810368E-01
   2.899400E-01   9.650931E-01   3.076605E+03   7.813012E-01
   2.912792E-01   1.038853E+00   3.072756E+03   7.804654E-01
   2.926246E-01   9.569557E-01   3.065953E+03   7.812132E-01
   2.939762E-01   9.779523E-01   3.060113E+03   7.813400E-01
   2.953341E-01   1.011844E+00   3.058763E+03   7.799245E-01
   2.966982E-01   9.653631E-01   3.049793E+03   7.801366E-01
   2.980686E-01   9.481836E-01   3.043231E+03   7.806123E-01
   2.994453E-01   9.405250E-01   3.037548E+03   7.806967E-01
   3.008284E-01   9.787575E-01   3.035858E+03   7.801372E-01
   3.022179E-01   9.449723E-01   3.032747E+03   7.796560E-01
   3.036138E-01   9.467665E-01   3.025867E+03   7.802111E-01
   3.050162E-01   9.427524E-01   3.019933E+03   7.801006E-01
   3.064250E-01   9.279905E-01   3.013615E+03   7.802012E-01
   3.078404E-01   9.496023E-01   3.008861E+03   7.799031E-01
   3.092622E-01   9.379389E-01   3.003967E+03   7.798255E-01
   3.106907E-01   9.337132E-01   3.001343E+03   7.789753E-01
   3.121257E-01   9.608738E-01   2.996973E+03   7.786404E-01
   3.135674E-01   9.640772E-01   2.987472E+03   7.797159E-01
   3.150157E-01   9.277079E-01   2.984989E+03   7.797413E-01
   3.164707E-01   9.174117E-01   2.981809E+03   7.792452E-01
   3.179325E-01   9.128215E-01   2.977729E+03   7.789969E-01
   3.194010E-01   9.440789E-01   2.972519E+03   7.791734E-01
   3.208762E-01   8.961425E-01   2.967473E+03   7.792938E-01
   3.223583E-01   8.944007E-01   2.961841E+03   7.796094E-01
   3.238473E-01   9.283191E-01   2.959512E+03   7.782600E-01
   3.253431E-01   8.948638E-01   2.950582E+03   7.790764E-01
   3.268458E-01   9.090211E-01   2.948671E+03   7.782168E-01
   3.283555E-01   8.939063E-01   2.942761E+03   7.782725E-01
   3.298721E-01   8.856499E-01   2.936592E+03   7.785952E-01
   3.313957E-01   8.652537E-01   2.931579E+03   7.783432E-01
   3.329264E-01   8.621188E-01   2.923397E+03   7.789463E-01
   3.344641E-01   8.814802E-01   2.921606E+03   7.775293E-01
   3.360090E-01   8.730438E-01   2.914129E+03   7.775659E-01
   3.375610E-01   8.879828E-01   2.908205E+03   7.772737E-01
   3.391201E-01   8.595445E-01   2.901594E+03   7.778524E-01
   3.406865E-01   8.714327E-01   2.895862E+03   7.776699E-01
   3.422601E-01   8.711272E-01   2.889197E+03   7.774689E-01
   3.438409E-01   8.877311E-01   2.886033E+03   7.764285E-01
   3.454291E-01   8.344730E-01   2.876742E+03   7.775107E-01
   3.470246E-01   8.387004E-01   2.870207E+03   7.779566E-01
   3.486274E-01   8.476457E-01   2.868249E+03   7.773596E-01
   3.502377E-01   8.514103E-01   2.864072E+03   7.769138E-01
   3.518554E-01   8.306244E-01   2.856286E+03   7.768987E-01
   3.534806E-01   8.364289E-01   2.848759E+03   7.774683E-01
   3.551133E-01   8.353077E-01   2.842285E+03   7.777150E-01
   3.567535E-01   8.377556E-01   2.837045E+03   7.775652E-01
   3.584013E-01   8.222243E-01   2.831595E+03   7.771644E-01
   3.600567E-01   8.091879E-01   2.825088E+03   7.775066E-01
   3.617198E-01   8.223284E-01   2.823558E+03   7.768613E-01
   3.633905E-01   8.111061E-01   2.814717E+03   7.775449E-01
   3.650690E-01   8.000961E-01   2.808549E+03   7.780382E-01
   3.667552E-01   7.950421E-01   2.806224E+03   7.776734E-01
   3.684492E-01   8.007214E-01   2.799915E+03   7.778017E-01
   3.701510E-01   7.981837E-01   2.794428E+03   7.775217E-01
   3.718607E-01   8.078589E-01   2.789577E+03   7.775465E-01
   3.735783E-01   7.957521E-01   2.781783E+03   7.781305E-01
   3.753038E-01   7.978019E-01   2.778195E+03   7.773817E-01
   3.770372E-01   7.949092E-01   2.771527E+03   7.775619E-01
   3.787787E-01   8.019187E-01   2.767190E+03   7.777026E-01
   3.805283E-01   7.837179E-01   2.762167E+03   7.773145E-01
   3.822859E-01   7.699364E-01   2.755179E+03   7.774445E-01
   3.840516E-01   7.821436E-01   2.750408E+03   7.772119E-01
   3.858255E-01   7.780943E-01   2.741986E+03   7.774864E-01
   3.876076E-01   7.802874E-01   2.737361E+03   7.770898E-01
   3.893979E-01   7.804780E-01   2.732250E+03   7.765497E-01
   3.911965E-01   7.576132E-01   2.725658E+03   7.768647E-01
   3.930034E-01   7.582927E-01   2.718240E+03   7.769331E-01
   3.948186E-01   7.512210E-01   2.710959E+03   7.770392E-01
   3.966422E-01   7.548487E-01   2.704042E+03   7.770295E-01
   3.984743E-01   7.499059E-01   2.701568E+03   7.761359E-01
   4.003148E-01   7.488224E-01   2.694338E+03   7.765756E-01
   4.021638E-01   7.564204E-01   2.686871E+03   7.772626E-01
   4.040213E-01   7.629151E-01   2.681502E+03   7.772614E-01
   4.058874E-01   7.347877E-01   2.674910E+03   7.769330E-01
   4.077622E-01   7.447406E-01   2.670587E+03   7.762620E-01
   4.096456E-01   7.378879E-01   2.661919E+03   7.769364E-01
   4.115377E-01   7.314584E-01   2.655830E+03   7.771539E-01
   4.134385E-01   7.455810E-01   2.648751E+03   7.771532E-01
   4.153481E-01   7.222421E-01   2.643707E+03   7.772357E-01
   4.172666E-01   7.386644E-01   2.638253E+03   7.774310E-01
   4.191939E-01   7.165148E-01   2.634616E+03   7.770476E-01
   4.211301E-01   7.102923E-01   2.627472E+03   7.769830E-01
   4.230752E-01   7.411904E-01   2.620999E+03   7.776304E-01
   4.250294E-01   7.251425E-01   2.617090E+03   7.775807E-01
   4.269925E-01   7.090035E-01   2.611445E+03   7.774869E-01
   4.289648E-01   7.151889E-01   2.606420E+03   7.770238E-01
   4.309461E-01   7.082218E-01   2.598512E+03   7.774836E-01
   4.329366E-01   7.004160E-01   2.591500E+03   7.779307E-01
   4.349363E-01   7.006141E-01   2.587273E+03   7.779165E-01
   4.369452E-01   6.846974E-01   2.582429E+03   7.777438E-01
   4.389634E-01   7.098131E-01   2.576686E+03   7.776581E-01
   4.409909E-01   7.357550E-01   2.572131E+03   7.773618E-01
   4.430278E-01   6.867661E-01   2.565636E+03   7.773500E-01
   4.450741E-01   6.739702E-01   2.558071E+03   7.775776E-01
   4.471298E-01   6.789860E-01   2.551978E+03   7.774322E-01
   4.491950E-01   6.917450E-01   2.546622E+03   7.775420E-01
   4.512698E-01   6.796693E-01   2.543232E+03   7.767574E-01
   4.533542E-01   6.804801E-01   2.535118E+03   7.770641E-01
   4.554482E-01   6.825454E-01   2.528143E+03   7.770031E-01
   4.575518E-01   6.644609E-01   2.520489E+03   7.772407E-01
   4.596652E-01   6.944713E-01   2.515204E+03   7.771385E-01
   4.617883E-01   6.699871E-01   2.511932E+03   7.765011E-01
   4.639213E-01   6.597364E-01   2.505823E+03   7.766282E-01
   4.660641E-01   6.556203E-01   2.497581E+03   7.771639E-01
   4.682168E-01   6.463695E-01   2.489130E+03   7.777305E-01
   4.703794E-01   6.478541E-01   2.484487E+03   7.771130E-01
   4.725520E-01   6.517138E-01   2.478581E+03   7.768891E-01
   4.747347E-01   6.570770E-01   2.473440E+03   7.765551E-01
   4.769274E-01   6.469781E-01   2.465110E+03   7.772257E-01
   4.791303E-01   6.440789E-01   2.459800E+03   7.773937E-01
   4.813433E-01   6.361525E-01   2.454529E+03   7.778184E-01
   4.835666E-01   6.441189E-01   2.450680E+03   7.772493E-01
   4.858001E-01   6.498665E-01   2.446175E+03   7.767773E-01
   4.880440E-01   6.643097E-01   2.440375E+03   7.767642E-01
   4.902982E-01   6.494102E-01   2.431198E+03   7.779475E-01
   4.925628E-01   6.381644E-01   2.427183E+03   7.777049E-01
   4.948379E-01   6.299749E-01   2.423669E+03   7.770664E-01
   4.971235E-01   6.293307E-01   2.416203E+03   7.773590E-01
   4.994197E-01   6.161828E-01   2.409509E+03   7.776831E-01
   5.017264E-01   6.165777E-01   2.405204E+03   7.775523E-01
   5.040438E-01   6.214378E-01   2.399761E+03   7.779838E-01
   5.063720E-01   6.161045E-01   2.395687E+03   7.772798E-01
   5.087108E-01   6.381997E-01   2.388645E+03   7.777582E-01
   5.110605E-01   6.196994E-01   2.383948E+03   7.774197E-01
   5.134210E-01   6.331068E-01   2.378977E+03   7.768413E-01
   5.157925E-01   6.258021E-01   2.371042E+03   7.774512E-01
   5.181748E-01   6.359242E-01   2.365871E+03   7.773906E-01
   5.205682E-01   6.009750E-01   2.358824E+03   7.779714E-01
   5.229727E-01   6.034946E-01   2.355983E+03   7.769384E-01
   5.253882E-01   6.116621E-01   2.348812E+03   7.771686E-01
   5.278149E-01   6.075645E-01   2.342681E+03   7.767581E-01
   5.302528E-01   5.870876E-01   2.335343E+03   7.774890E-01
   5.327020E-01   5.899927E-01   2.329774E+03   7.774663E-01
   5.351625E-01   5.900162E-01   2.324113E+03   7.773828E-01
   5.376343E-01   5.874185E-01   2.320733E+03   7.765030E-01
   5.401176E-01   5.744871E-01   2.311924E+03   7.770282E-01
   5.426123E-01   5.718827E-01   2.303791E+03   7.777118E-01
   5.451186E-01   5.879828E-01   2.299710E+03   7.772524E-01
   5.476364E-01   5.788819E-01   2.293365E+03   7.770240E-01
   5.501659E-01   5.872782E-01   2.288619E+03   7.765791E-01
   5.527070E-01   5.808744E-01   2.282984E+03   7.771639E-01
   5.552599E-01   6.024146E-01   2.276545E+03   7.776089E-01
   5.578246E-01   5.778109E-01   2.271478E+03   7.777282E-01
   5.604011E-01   5.688776E-01   2.267248E+03   7.774614E-01
   5.629895E-01   5.838263E-01   2.262919E+03   7.771076E-01
   5.655899E-01   5.610027E-01   2.256917E+03   7.769782E-01
   5.682023E-01   5.760964E-01   2.248921E+03   7.776652E-01
   5.708268E-01   5.528636E-01   2.242900E+03   7.779909E-01
   5.734634E-01   5.603513E-01   2.239612E+03   7.776483E-01
   5.761121E-01   5.983902E-01   2.234328E+03   7.774291E-01
   5.787731E-01   5.599899E-01   2.229170E+03   7.776089E-01
   5.814464E-01   5.389829E-01   2.223873E+03   7.778595E-01
   5.841320E-01   5.592573E-01   2.217862E+03   7.780443E-01
   5.868300E-01   5.480017E-01   2.213915E+03   7.775209E-01
   5.895405E-01   5.716197E-01   2.206849E+03   7.780071E-01
   5.922636E-01   5.401423E-01   2.201892E+03   7.779144E-01
   5.949991E-01   5.465336E-01   2.197087E+03   7.774528E-01
   5.977474E-01   5.446412E-01   2.192225E+03   7.776346E-01
   6.005083E-01   5.275138E-01   2.185674E+03   7.777789E-01
   6.032820E-01   5.420659E-01   2.179498E+03   7.781299E-01
   6.060685E-01   5.481489E-01   2.176118E+03   7.774805E-01
   6.088678E-01   5.221250E-01   2.170379E+03   7.771994E-01
   6.116801E-01   5.175013E-01   2.164676E+03   7.772759E-01
   6.145054E-01   5.220754E-01   2.158951E+03   7.774439E-01
   6.173437E-01   5.254372E-01   2.152142E+03   7.777062E-01
   6.201951E-01   5.192652E-01   2.146082E+03   7.776915E-01
   6.230597E-01   5.317532E-01   2.142976E+03   7.765217E-01
   6.259376E-01   5.080598E-01   2.135492E+03   7.768589E-01
   6.288287E-01   5.207070E-01   2.129329E+03   7.770604E-01
   6.317332E-01   5.246199E-01   2.121759E+03   7.777203E-01
   6.346511E-01   5.040473E-01   2.117436E+03   7.774506E-01
   6.375825E-01   5.075536E-01   2.114437E+03   7.768667E-01
   6.405274E-01   5.046824E-01   2.108384E+03   7.772566E-01
   6.434859E-01   4.961107E-01   2.101031E+03   7.780002E-01
   6.464581E-01   5.072236E-01   2.097261E+03   7.777461E-01
   6.494440E-01   5.096142E-01   2.091993E+03   7.780194E-01
   6.524437E-01   4.976760E-01   2.087308E+03   7.776907E-01
   6.554572E-01   4.931375E-01   2.082086E+03   7.774644E-01
   6.584847E-01   4.905143E-01   2.075429E+03   7.776016E-01
   6.615262E-01   4.949597E-01   2.069746E+03   7.783040E-01
   6.645817E-01   4.899077E-01   2.066358E+03   7.781709E-01
   6.676513E-01   4.855262E-01   2.061949E+03   7.778232E-01
   6.707351E-01   4.806973E-01   2.056489E+03   7.779166E-01
   6.738331E-01   4.772602E-01   2.051026E+03   7.782375E-01
   6.769455E-01   5.124896E-01   2.045654E+03   7.781140E-01
   6.800722E-01   4.747038E-01   2.039821E+03   7.786427E-01
   6.832134E-01   4.832234E-01   2.035761E+03   7.780875E-01
   6.863691E-01   4.876117E-01   2.030773E+03   7.783521E-01
   6.895393E-01   4.700127E-01   2.026316E+03   7.781992E-01
   6.927242E-01   4.783208E-01   2.021665E+03   7.777976E-01
   6.959238E-01   4.666814E-01   2.015181E+03   7.787076E-01
   6.991382E-01   4.716071E-01   2.010589E+03   7.781941E-01
   7.023674E-01   4.774859E-01   2.005511E+03   7.784827E-01
   7.056116E-01   4.710906E-01   2.002587E+03   7.775992E-01
   7.088707E-01   4.636223E-01   1.995400E+03   7.780399E-01
   7.121449E-01   4.609967E-01   1.989564E+03   7.781851E-01
   7.154342E-01   4.551520E-01   1.984135E+03   7.781987E-01
   7.187387E-01   4.680897E-01   1.977781E+03   7.782838E-01
   7.220585E-01   4.588463E-01   1.973653E+03   7.776525E-01
   7.253936E-01   4.817695E-01   1.968235E+03   7.773230E-01
   7.287441E-01   4.543415E-01   1.961442E+03   7.777141E-01
   7.321101E-01   4.825623E-01   1.955688E+03   7.785550E-01
   7.354916E-01   4.703948E-01   1.951833E+03   7.782863E-01
   7.388887E-01   4.465950E-01   1.947811E+03   7.778455E-01
   7.423016E-01   4.496445E-01   1.943766E+03   7.775430E-01
   7.457302E-01   4.362768E-01   1.937236E+03   7.784026E-01
   7.491746E-01   4.551874E-01   1.931837E+03   7.784833E-01
   7.526350E-01   4.372241E-01   1.925952E+03   7.790155E-01
   7.561113E-01   4.445074E-01   1.922022E+03   7.783791E-01
   7.596037E-01   4.436149E-01   1.919274E+03   7.776577E-01
   7.631122E-01   4.319858E-01   1.913490E+03   7.779537E-01
   7.666369E-01   4.449165E-01   1.906813E+03   7.790382E-01
   7.701779E-01   4.311798E-01   1.902048E+03   7.792631E-01
   7.737353E-01   4.270759E-01   1.899025E+03   7.786915E-01
   7.773091E-01   4.335810E-01   1.893764E+03   7.785722E-01
   7.808994E-01   4.255466E-01   1.887629E+03   7.791328E-01
   7.845062E-01   4.373813E-01   1.883509E+03   7.789623E-01
   7.881298E-01   4.310345E-01   1.878648E+03   7.792509E-01
   7.917700E-01   4.380080E-01   1.875433E+03   7.786922E-01
   7.954271E-01   4.362707E-01   1.869118E+03   7.793047E-01
   7.991011E-01   4.160057E-01   1.865052E+03   7.792759E-01
   8.027921E-01   4.165492E-01   1.862066E+03   7.786925E-01
   8.065001E-01   4.191881E-01   1.855672E+03   7.793507E-01
   8.102252E-01   4.344634E-01   1.851292E+03   7.792635E-01
   8.139675E-01   4.158857E-01   1.845831E+03   7.796955E-01
   8.177271E-01   4.167259E-01   1.842854E+03   7.788423E-01
   8.215041E-01   4.141479E-01   1.836640E+03   7.790637E-01
   8.252985E-01   4.461451E-01   1.832674E+03   7.782775E-01
   8.291105E-01   4.205854E-01   1.826180E+03   7.790257E-01
   8.329400E-01   4.253510E-01   1.820194E+03   7.791260E-01
   8.367873E-01   4.006188E-01   1.814981E+03   7.791515E-01
   8.406523E-01   4.046739E-01   1.811429E+03   7.785233E-01
   8.445352E-01   4.073692E-01   1.806617E+03   7.786094E-01
   8.484360E-01   3.993017E-01   1.799493E+03   7.796108E-01
   8.523548E-01   3.948366E-01   1.796236E+03   7.793355E-01
   8.562917E-01   3.892136E-01   1.791814E+03   7.794566E-01
   8.602468E-01   4.075204E-01   1.788795E+03   7.787376E-01
   8.642202E-01   3.914016E-01   1.782980E+03   7.790818E-01
   8.682119E-01   4.195377E-01   1.775924E+03   7.799191E-01
   8.722221E-01   3.916455E-01   1.771280E+03   7.799089E-01
   8.762508E-01   3.977784E-01   1.767982E+03   7.795853E-01
   8.802981E-01   3.927558E-01   1.765755E+03   7.790928E-01
   8.843641E-01   3.834370E-01   1.760450E+03   7.793597E-01
   8.884488E-01   3.940318E-01   1.754320E+03   7.798266E-01
   8.925525E-01   4.233843E-01   1.749434E+03   7.802249E-01
   8.966751E-01   3.936953E-01   1.745502E+03   7.801256E-01
   9.008167E-01   3.867387E-01   1.741437E+03   7.796251E-01
   9.049775E-01   3.889697E-01   1.737080E+03   7.797980E-01
   9.091574E-01   3.733099E-01   1.732249E+03   7.802945E-01
   9.133567E-01   3.774107E-01   1.727330E+03   7.805163E-01
   9.175754E-01   3.760290E-01   1.723935E+03   7.803815E-01
   9.218136E-01   3.757447E-01   1.719274E+03   7.804175E-01
   9.260713E-01   3.798439E-01   1.715091E+03   7.805781E-01
   9.303487E-01   3.679934E-01   1.711943E+03   7.802417E-01
   9.346459E-01   3.824434E-01   1.708180E+03   7.801033E-01
   9.389629E-01   3.926213E-01   1.701827E+03   7.808740E-01
   9.432999E-01   3.564302E-01   1.696614E+03   7.811319E-01
   9.476568E-01   3.688356E-01   1.693023E+03   7.805867E-01
   9.520339E-01   3.698353E-01   1.688917E+03   7.799152E-01
   9.564313E-01   3.662242E-01   1.683935E+03   7.800574E-01
   9.608489E-01   3.574402E-01   1.677955E+03   7.805202E-01
   9.652870E-01   3.640058E-01   1.673474E+03   7.802941E-01
   9.697455E-01   3.502735E-01   1.668298E+03   7.809265E-01
   9.742246E-01   3.632770E-01   1.666388E+03   7.798776E-01
   9.787245E-01   3.515049E-01   1.660926E+03   7.800574E-01
   9.832451E-01   3.529791E-01   1.655948E+03   7.800950E-01
   9.877866E-01   3.488851E-01   1.650044E+03   7.811765E-01
   9.923490E-01   3.598528E-01   1.647048E+03   7.809141E-01
   9.969326E-01   3.540385E-01   1.643623E+03   7.803370E-01
   1.001537E+00   3.734456E-01   1.638850E+03   7.801784E-01
   1.006163E+00   3.531965E-01   1.631700E+03   7.811581E-01
   1.010811E+00   3.451747E-01   1.628646E+03   7.811055E-01
   1.015479E+00   3.457276E-01   1.624391E+03   7.816566E-01
   1.020170E+00   3.411294E-01   1.622152E+03   7.810149E-01
   1.024882E+00   3.416936E-01   1.617683E+03   7.805689E-01
   1.029616E+00   3.438080E-01   1.612453E+03   7.809238E-01
   1.034371E+00   3.397068E-01   1.606929E+03   7.817653E-01
   1.039149E+00   3.440140E-01   1.603836E+03   7.813428E-01
   1.043949E+00   3.375647E-01   1.599686E+03   7.813755E-01
   1.048770E+00   3.515478E-01   1.596090E+03   7.811730E-01
   1.053615E+00   3.432946E-01   1.591394E+03   7.816934E-01
   1.058481E+00   3.454100E-01   1.587529E+03   7.817650E-01
   1.063370E+00   3.400788E-01   1.583120E+03   7.824104E-01
   1.068282E+00   3.291971E-01   1.579428E+03   7.822011E-01
   1.073216E+00   3.290032E-01   1.575658E+03   7.820860E-01
   1.078173E+00   3.261327E-01   1.572433E+03   7.820365E-01
   1.083153E+00   3.239543E-01   1.568848E+03   7.818387E-01
   1.088156E+00   3.379240E-01   1.562331E+03   7.825923E-01
   1.093182E+00   3.348807E-01   1.559153E+03   7.819510E-01
   1.098231E+00   3.221246E-01   1.553875E+03   7.825787E-01
   1.103304E+00   3.244798E-01   1.551697E+03   7.812601E-01
   1.108400E+00   3.236541E-01   1.546082E+03   7.817753E-01
   1.113519E+00   3.185275E-01   1.541251E+03   7.822665E-01
   1.118663E+00   3.152386E-01   1.537413E+03   7.822144E-01
   1.123830E+00   3.196552E-01   1.532648E+03   7.823629E-01
   1.129020E+00   3.164508E-01   1.529539E+03   7.820558E-01
   1.134235E+00   3.155695E-01   1.525202E+03   7.819358E-01
   1.139474E+00   3.084129E-01   1.520575E+03   7.820350E-01
   1.144737E+00   3.250033E-01   1.515441E+03   7.826835E-01
   1.150025E+00   3.125001E-01   1.511792E+03   7.826371E-01
   1.155336E+00   3.092125E-01   1.508317E+03   7.823270E-01
   1.160673E+00   3.086644E-01   1.504607E+03   7.819782E-01
   1.166034E+00   3.051319E-01   1.499321E+03   7.825021E-01
   1.171420E+00   3.046760E-01   1.495317E+03   7.830145E-01
   1.176830E+00   3.162775E-01   1.491705E+03   7.834012E-01
   1.182266E+00   3.028543E-01   1.488185E+03   7.831599E-01
   1.187727E+00   3.052572E-01   1.485033E+03   7.820856E-01
   1.193213E+00   3.125698E-01   1.480208E+03   7.825480E-01
   1.198724E+00   2.955981E-01   1.475621E+03   7.833541E-01
   1.204261E+00   2.990049E-01   1.471410E+03   7.835262E-01
   1.209823E+00   2.958426E-01   1.467846E+03   7.834029E-01
   1.215411E+00   2.954575E-01   1.465074E+03   7.829161E-01
   1.221025E+00   3.005817E-01   1.460834E+03   7.835369E-01
   1.226665E+00   3.163741E-01   1.457665E+03   7.833750E-01
   1.232330E+00   2.949634E-01   1.453204E+03   7.839766E-01
   1.238022E+00   2.944196E-01   1.450426E+03   7.838347E-01
   1.243741E+00   2.889543E-01   1.446355E+03   7.841409E-01
   1.249485E+00   2.935644E-01   1.442825E+03   7.839007E-01
   1.255257E+00   2.867812E-01   1.439816E+03   7.833550E-01
   1.261054E+00   2.863828E-01   1.433587E+03   7.840819E-01
   1.266879E+00   2.912882E-01   1.429521E+03   7.842512E-01
   1.272731E+00   2.969014E-01   1.425737E+03   7.844737E-01
   1.278609E+00   2.822679E-01   1.423543E+03   7.837413E-01
   1.284515E+00   2.880391E-01   1.419116E+03   7.838124E-01
   1.290448E+00   2.891234E-01   1.415734E+03   7.836271E-01
   1.296408E+00   2.824324E-01   1.410475E+03   7.842916E-01
   1.302396E+00   2.772094E-01   1.406895E+03   7.840413E-01
   1.308412E+00   2.837461E-01   1.403462E+03   7.839833E-01
   1.314455E+00   2.747480E-01   1.399958E+03   7.837036E-01
   1.320527E+00   2.737531E-01   1.395643E+03   7.838274E-01
   1.326626E+00   2.773562E-01   1.390615E+03   7.843752E-01
   1.332754E+00   2.840006E-01   1.387023E+03   7.843633E-01
   1.338909E+00   2.976678E-01   1.383166E+03   7.844984E-01
   1.345094E+00   2.791413E-01   1.381278E+03   7.837228E-01
   1.351306E+00   2.723720E-01   1.376651E+03   7.841687E-01
   1.357548E+00   2.699587E-01   1.372249E+03   7.848297E-01
   1.363818E+00   2.638501E-01   1.367866E+03   7.851334E-01
   1.370118E+00   2.732298E-01   1.364539E+03   7.851616E-01
   1.376446E+00   2.734028E-01   1.362385E+03   7.840940E-01
   1.382804E+00   2.640484E-01   1.358481E+03   7.841423E-01
   1.389191E+00   2.804337E-01   1.354067E+03   7.847157E-01
   1.395607E+00   2.607628E-01   1.349825E+03   7.854603E-01
   1.402053E+00   2.601603E-01   1.346857E+03   7.853391E-01
   1.408529E+00   2.667441E-01   1.344318E+03   7.849567E-01
   1.415035E+00   2.592445E-01   1.340639E+03   7.849853E-01
   1.421571E+00   2.621729E-01   1.336694E+03   7.855521E-01
   1.428137E+00   2.619687E-01   1.333522E+03   7.856226E-01
   1.434733E+00   2.636480E-01   1.329732E+03   7.861002E-01
   1.441360E+00   2.704954E-01   1.326838E+03   7.857836E-01
   1.448018E+00   2.505579E-01   1.322007E+03   7.861257E-01
   1.454706E+00   2.690075E-01   1.320066E+03   7.850800E-01
   1.461425E+00   2.529725E-01   1.315428E+03   7.854411E-01
   1.468175E+00   2.545004E-01   1.311000E+03   7.863757E-01
   1.474956E+00   2.693015E-01   1.308302E+03   7.861425E-01
   1.481769E+00   2.500549E-01   1.305067E+03   7.862389E-01
   1.488613E+00   2.652159E-01   1.302758E+03   7.851847E-01
   1.495489E+00   2.582233E-01   1.298361E+03   7.855186E-01
   1.502396E+00   2.481150E-01   1.293275E+03   7.862851E-01
   1.509336E+00   2.505960E-01   1.290106E+03   7.859789E-01
   1.516307E+00   2.458419E-01   1.286560E+03   7.861602E-01
   1.523311E+00   2.516109E-01   1.283883E+03   7.856354E-01
   1.530347E+00   2.457036E-01   1.279613E+03   7.859513E-01
   1.537415E+00   2.469931E-01   1.276008E+03   7.858040E-01
   1.544516E+00   2.477843E-01   1.271205E+03   7.865690E-01
   1.551650E+00   2.415592E-01   1.268385E+03   7.866016E-01
   1.558817E+00   2.487904E-01   1.266368E+03   7.860527E-01
   1.566017E+00   2.378540E-01   1.262720E+03   7.858180E-01
   1.573250E+00   2.458965E-01   1.257873E+03   7.865989E-01
   1.580517E+00   2.341118E-01   1.254038E+03   7.868443E-01
   1.587817E+00   2.384280E-01   1.250714E+03   7.872539E-01
   1.595151E+00   2.337740E-01   1.248473E+03   7.865001E-01
   1.602519E+00   2.329414E-01   1.245675E+03   7.860038E-01
   1.609921E+00   2.319728E-01   1.241103E+03   7.867395E-01
   1.617357E+00   2.301432E-01   1.237394E+03   7.875085E-01
   1.624827E+00   2.349125E-01   1.235630E+03   7.869539E-01
   1.632332E+00   2.453829E-01   1.231850E+03   7.874012E-01
   1.639872E+00   2.448873E-01   1.229790E+03   7.866046E-01
   1.647446E+00   2.271890E-01   1.225081E+03   7.875352E-01
   1.655055E+00   2.324563E-01   1.222286E+03   7.874701E-01
   1.662700E+00   2.278552E-01   1.218413E+03   7.880053E-01
   1.670380E+00   2.274054E-01   1.214881E+03   7.880193E-01
   1.678095E+00   2.342230E-01   1.211508E+03   7.878539E-01
   1.685846E+00   2.237212E-01   1.209192E+03   7.877616E-01
   1.693633E+00   2.283904E-01   1.206355E+03   7.874225E-01
   1.701455E+00   2.311686E-01   1.202100E+03   7.881431E-01
   1.709314E+00   2.361679E-01   1.199101E+03   7.881368E-01
   1.717209E+00   2.268206E-01   1.195263E+03   7.883831E-01
   1.725141E+00   2.277441E-01   1.194012E+03   7.872457E-01
   1.733109E+00   2.194596E-01   1.189693E+03   7.877047E-01
   1.741114E+00   2.216524E-01   1.185204E+03   7.882995E-01
   1.749156E+00   2.261638E-01   1.182067E+03   7.881891E-01
   1.757235E+00   2.125124E-01   1.178959E+03   7.881388E-01
   1.765352E+00   2.180577E-01   1.176162E+03   7.878552E-01
   1.773506E+00   2.276016E-01   1.172819E+03   7.879324E-01
   1.781697E+00   2.198907E-01   1.169476E+03   7.879864E-01
   1.789927E+00   2.154851E-01   1.165035E+03   7.886171E-01
   1.798194E+00   2.097542E-01   1.162199E+03   7.887875E-01
   1.806500E+00   2.198076E-01   1.159644E+03   7.884626E-01
   1.814844E+00   2.287721E-01   1.156957E+03   7.877305E-01
   1.823226E+00   2.097256E-01   1.152530E+03   7.884758E-01
   1.831647E+00   2.255879E-01   1.149016E+03   7.886487E-01
   1.840108E+00   2.098507E-01   1.145722E+03   7.891257E-01
   1.848607E+00   2.128077E-01   1.143143E+03   7.891500E-01
   1.857145E+00   2.095637E-01   1.141139E+03   7.882139E-01
   1.865723E+00   2.104802E-01   1.137846E+03   7.883301E-01
   1.874341E+00   2.073236E-01   1.134434E+03   7.890625E-01
   1.882998E+00   2.067079E-01   1.130898E+03   7.896443E-01
   1.891696E+00   2.071247E-01   1.128356E+03   7.895252E-01
   1.900433E+00   2.063620E-01   1.125937E+03   7.891144E-01
   1.909211E+00   2.049065E-01   1.122044E+03   7.893468E-01
   1.918029E+00   2.006084E-01   1.119249E+03   7.893429E-01
   1.926888E+00   2.013825E-01   1.115616E+03   7.899134E-01
   1.935788E+00   2.156207E-01   1.112915E+03   7.899206E-01
   1.944730E+00   2.146493E-01   1.110083E+03   7.898467E-01
   1.953712E+00   2.036194E-01   1.107584E+03   7.899723E-01
   1.962736E+00   1.978585E-01   1.105309E+03   7.893403E-01
   1.971802E+00   2.000584E-01   1.101351E+03   7.897903E-01
   1.980909E+00   1.946784E-01   1.097790E+03   7.906459E-01
   1.990059E+00   1.968161E-01   1.094708E+03   7.904426E-01
   1.999251E+00   1.936666E-01   1.092462E+03   7.899323E-01
   2.008485E+00   1.926746E-01   1.089187E+03   7.898311E-01
   2.017762E+00   2.124958E-01   1.086144E+03   7.897711E-01
   2.027082E+00   1.952649E-01   1.082313E+03   7.904152E-01
   2.036445E+00   1.908920E-01   1.079805E+03   7.902185E-01
   2.045851E+00   1.907288E-01   1.077306E+03   7.900111E-01
   2.055300E+00   1.908970E-01   1.074423E+03   7.898824E-01
   2.064793E+00   1.876638E-01   1.070636E+03   7.903638E-01
   2.074330E+00   1.890676E-01   1.067136E+03   7.904752E-01
   2.083911E+00   1.879488E-01   1.064509E+03   7.904724E-01
   2.093537E+00   1.866808E-01   1.061393E+03   7.906491E-01
   2.103207E+00   1.893437E-01   1.059232E+03   7.900123E-01
   2.112921E+00   1.892572E-01   1.055581E+03   7.901580E-01
   2.122680E+00   1.898136E-01   1.052344E+03   7.904860E-01
   2.132485E+00   1.898767E-01   1.048930E+03   7.910498E-01
   2.142334E+00   1.828160E-01   1.046281E+03   7.914322E-01
   2.152230E+00   1.991128E-01   1.044603E+03   7.905178E-01
   2.162170E+00   1.806040E-01   1.042116E+03   7.904028E-01
   2.172157E+00   1.848028E-01   1.039017E+03   7.909179E-01
   2.182190E+00   1.869227E-01   1.035329E+03   7.913872E-01
   2.192269E+00   1.855259E-01   1.032963E+03   7.910819E-01
   2.202395E+00   1.881133E-01   1.030006E+03   7.914047E-01
   2.212568E+00   1.831611E-01   1.027626E+03   7.908064E-01
   2.222787E+00   1.795279E-01   1.024190E+03   7.915893E-01
   2.233054E+00   1.932445E-01   1.021896E+03   7.912883E-01
   2.243368E+00   1.742918E-01   1.018394E+03   7.923152E-01
   2.253730E+00   1.846127E-01   1.016228E+03   7.920141E-01
   2.264140E+00   1.758230E-01   1.013204E+03   7.923138E-01
   2.274598E+00   1.757448E-01   1.011746E+03   7.914718E-01
   2.285104E+00   1.738147E-01   1.008048E+03   7.917989E-01
   2.295658E+00   1.829262E-01   1.004630E+03   7.924583E-01
   2.306262E+00   1.741905E-01   1.001924E+03   7.924483E-01
   2.316914E+00   1.715839E-01   9.992765E+02   7.923477E-01
   2.327616E+00   1.862066E-01   9.975847E+02   7.912214E-01
   2.338367E+00   1.769607E-01   9.944228E+02   7.916333E-01
   2.349167E+00   1.701729E-01   9.905571E+02   7.925895E-01
   2.360018E+00   1.713026E-01   9.878407E+02   7.925463E-01
   2.370918E+00   1.735716E-01   9.859070E+02   7.919976E-01
   2.381869E+00   1.689186E-01   9.831571E+02   7.920052E-01
   2.392871E+00   1.701641E-01   9.800197E+02   7.921117E-01
   2.403923E+00   1.781021E-01   9.770145E+02   7.920942E-01
   2.415027E+00   1.690152E-01   9.739111E+02   7.926004E-01
   2.426181E+00   1.659584E-01   9.709223E+02   7.928113E-01
   2.437388E+00   1.646573E-01   9.686718E+02   7.925256E-01
   2.448646E+00   1.652712E-01   9.660712E+02   7.921289E-01
   2.459956E+00   1.674455E-01   9.628139E+02   7.927760E-01
   2.471318E+00   1.612913E-01   9.598486E+02   7.930985E-01
   2.482733E+00   1.735825E-01   9.576854E+02   7.933411E-01
   2.494200E+00   1.644065E-01   9.554754E+02   7.930429E-01
   2.505720E+00   1.771945E-01   9.532407E+02   7.924694E-01
   2.517294E+00   1.687466E-01   9.503227E+02   7.926896E-01
   2.528921E+00   1.829444E-01   9.469904E+02   7.930603E-01
   2.540602E+00   1.612129E-01   9.446885E+02   7.930060E-01
   2.552337E+00   1.624859E-01   9.417685E+02   7.935976E-01
   2.564126E+00   1.621407E-01   9.402428E+02   7.929356E-01
   2.575969E+00   1.602488E-01   9.369040E+02   7.937299E-01
   2.587867E+00   1.700080E-01   9.350583E+02   7.932552E-01
   2.599820E+00   1.542655E-01   9.316476E+02   7.940982E-01
   2.611828E+00   1.590222E-01   9.293529E+02   7.940466E-01
   2.623892E+00   1.567047E-01   9.264943E+02   7.942645E-01
   2.636011E+00   1.605597E-01   9.245703E+02   7.940696E-01
   2.648187E+00   1.622753E-01   9.223812E+02   7.933703E-01
   2.660419E+00   1.534653E-01   9.191528E+02   7.939011E-01
   2.672707E+00   1.628810E-01   9.162788E+02   7.944308E-01
   2.685052E+00   1.571648E-01   9.138258E+02   7.945006E-01
   2.697454E+00   1.535042E-01   9.122522E+02   7.936960E-01
   2.709913E+00   1.508386E-01   9.096151E+02   7.936105E-01
   2.722429E+00   1.518647E-01   9.058720E+02   7.946319E-01
   2.735004E+00   1.494909E-01   9.033952E+02   7.946816E-01
   2.747637E+00   1.539623E-01   9.012211E+02   7.944398E-01
   2.760328E+00   1.523686E-01   8.991063E+02   7.939316E-01
   2.773077E+00   1.668341E-01   8.960998E+02   7.941286E-01
   2.785886E+00   1.489955E-01   8.934202E+02   7.940396E-01
   2.798753E+00   1.483351E-01   8.898747E+02   7.948216E-01
   2.811681E+00   1.508748E-01   8.875290E+02   7.949697E-01
   2.824667E+00   1.480019E-01   8.855739E+02   7.946177E-01
   2.837714E+00   1.498507E-01   8.830606E+02   7.944350E-01
   2.850821E+00   1.493165E-01   8.807763E+02   7.946093E-01
   2.863989E+00   1.493884E-01   8.779773E+02   7.949719E-01
   2.877217E+00   1.464551E-01   8.755220E+02   7.953201E-01
   2.890507E+00   1.462100E-01   8.730187E+02   7.952782E-01
   2.903858E+00   1.471704E-01   8.712046E+02   7.946920E-01
   2.917270E+00   1.441993E-01   8.686351E+02   7.946981E-01
   2.930745E+00   1.418222E-01   8.657847E+02   7.950301E-01
   2.944281E+00   1.367595E-01   8.628665E+02   7.956438E-01
   2.957881E+00   1.513856E-01   8.610041E+02   7.955326E-01
   2.971543E+00   1.423621E-01   8.588128E+02   7.956834E-01
   2.985268E+00   1.505362E-01   8.567819E+02   7.953102E-01
   2.999057E+00   1.388635E-01   8.544522E+02   7.953555E-01
   3.012909E+00   1.386738E-01   8.513936E+02   7.958487E-01
   3.026825E+00   1.412673E-01   8.486717E+02   7.963901E-01
   3.040806E+00   1.398773E-01   8.464475E+02   7.961879E-01
   3.054851E+00   1.364489E-01   8.446528E+02   7.961770E-01
   3.068961E+00   1.375732E-01   8.428775E+02   7.955092E-01
   3.083136E+00   1.382735E-01   8.399374E+02   7.960483E-01
   3.097376E+00   1.501021E-01   8.371578E+02   7.967411E-01
   3.111683E+00   1.360691E-01   8.350760E+02   7.966946E-01
   3.126055E+00   1.343896E-01   8.333528E+02   7.964011E-01
   3.140494E+00   1.316850E-01   8.313147E+02   7.958132E-01
   3.155000E+00   1.334824E-01   8.283030E+02   7.960551E-01
   3.169572E+00   1.391728E-01   8.253420E+02   7.965499E-01
   3.184212E+00   1.364681E-01   8.229771E+02   7.966541E-01
   3.198920E+00   1.348154E-01   8.211487E+02   7.959652E-01
   3.213695E+00   1.360259E-01   8.186598E+02   7.960877E-01
   3.228539E+00   1.384165E-01   8.158604E+02   7.965306E-01
   3.243451E+00   1.276890E-01   8.133943E+02   7.965623E-01
   3.258432E+00   1.311632E-01   8.114733E+02   7.965392E-01
   3.273482E+00   1.355408E-01   8.092620E+02   7.967800E-01
   3.288602E+00   1.347720E-01   8.069312E+02   7.964795E-01
   3.303792E+00   1.280473E-01   8.045136E+02   7.967658E-01
   3.319052E+00   1.289402E-01   8.020951E+02   7.969173E-01
   3.334382E+00   1.288958E-01   7.996938E+02   7.971232E-01
   3.349783E+00   1.285488E-01   7.971982E+02   7.972834E-01
   3.365255E+00   1.276305E-01   7.954835E+02   7.969348E-01
   3.380799E+00   1.271369E-01   7.931742E+02   7.969498E-01
   3.396414E+00   1.246975E-01   7.909454E+02   7.968598E-01
   3.412102E+00   1.285571E-01   7.882223E+02   7.973765E-01
   3.427862E+00   1.382077E-01   7.865601E+02   7.970663E-01
   3.443695E+00   1.352095E-01   7.840446E+02   7.977609E-01
   3.459601E+00   1.326446E-01   7.825757E+02   7.971210E-01
   3.475580E+00   1.244745E-01   7.802435E+02   7.975930E-01
   3.491634E+00   1.220479E-01   7.780793E+02   7.973543E-01
   3.507761E+00   1.306780E-01   7.752862E+02   7.981270E-01
   3.523963E+00   1.200768E-01   7.730188E+02   7.982919E-01
   3.540240E+00   1.198296E-01   7.712047E+02   7.984051E-01
   3.556592E+00   1.291585E-01   7.697440E+02   7.975387E-01
   3.573019E+00   1.218207E-01   7.668860E+02   7.980279E-01
   3.589523E+00   1.212884E-01   7.643830E+02   7.984097E-01
   3.606102E+00   1.239756E-01   7.621169E+02   7.985656E-01
   3.622758E+00   1.249460E-01   7.603697E+02   7.984709E-01
   3.639491E+00   1.217339E-01   7.588100E+02   7.978340E-01
   3.656302E+00   1.259113E-01   7.566791E+02   7.975697E-01
   3.673190E+00   1.235190E-01   7.535632E+02   7.984690E-01
   3.690156E+00   1.184747E-01   7.512376E+02   7.988331E-01
   3.707200E+00   1.247571E-01   7.496561E+02   7.984211E-01
   3.724323E+00   1.162742E-01   7.475924E+02   7.982948E-01
   3.741525E+00   1.213479E-01   7.451550E+02   7.984613E-01
   3.758807E+00   1.217713E-01   7.431754E+02   7.981100E-01
   3.776169E+00   1.187609E-01   7.406043E+02   7.987053E-01
   3.793610E+00   1.208007E-01   7.382232E+02   7.989958E-01
   3.811132E+00   1.129131E-01   7.363146E+02   7.985467E-01
   3.828736E+00   1.174356E-01   7.343335E+02   7.983711E-01
   3.846420E+00   1.180626E-01   7.319453E+02   7.986587E-01
   3.864186E+00   1.196858E-01   7.289071E+02   7.994147E-01
   3.882034E+00   1.129785E-01   7.262947E+02   7.997370E-01
   3.899965E+00   1.109065E-01   7.242332E+02   7.995306E-01
   3.917978E+00   1.134795E-01   7.217160E+02   7.997880E-01
   3.936075E+00   1.134589E-01   7.195125E+02   7.996315E-01
   3.954255E+00   1.127618E-01   7.164739E+02   8.004561E-01
   3.972520E+00   1.149716E-01   7.142619E+02   8.005007E-01
   3.990868E+00   1.153187E-01   7.113062E+02   8.013410E-01
   4.009301E+00   1.109871E-01   7.094902E+02   8.009116E-01
   4.027820E+00   1.125950E-01   7.072052E+02   8.009226E-01
   4.046424E+00   1.060738E-01   7.041587E+02   8.016056E-01
   4.065114E+00   1.088464E-01   7.010747E+02   8.024957E-01
   4.083890E+00   1.077104E-01   6.987953E+02   8.027256E-01
   4.102753E+00   1.081486E-01   6.967983E+02   8.024882E-01
   4.121703E+00   1.074119E-01   6.948255E+02   8.020220E-01
   4.140741E+00   1.073898E-01   6.920511E+02   8.027130E-01
   4.159866E+00   1.133010E-01   6.888737E+02   8.037366E-01
   4.179080E+00   1.086846E-01   6.867875E+02   8.037228E-01
   4.198383E+00   1.050651E-01   6.845139E+02   8.034913E-01
   4.217775E+00   1.064021E-01   6.818755E+02   8.034402E-01
   4.237256E+00   1.058733E-01   6.782697E+02   8.046115E-01
   4.256828E+00   1.071057E-01   6.756692E+02   8.049332E-01
   4.276489E+00   1.074353E-01   6.732123E+02   8.049510E-01
   4.296242E+00   1.013257E-01   6.699479E+02   8.055608E-01
   4.316086E+00   1.058232E-01   6.673282E+02   8.055006E-01
   4.336021E+00   1.023196E-01   6.645361E+02   8.059532E-01
   4.356049E+00   1.026344E-01   6.614756E+02   8.065798E-01
   4.376169E+00   1.030996E-01   6.590486E+02   8.063580E-01
   4.396382E+00   9.961920E-02   6.561695E+02   8.070314E-01
   4.416688E+00   1.003545E-01   6.536670E+02   8.072986E-01
   4.437088E+00   1.001543E-01   6.507456E+02   8.080112E-01
   4.457583E+00   1.028803E-01   6.482193E+02   8.081357E-01
   4.478172E+00   1.108526E-01   6.458662E+02   8.084362E-01
   4.498856E+00   9.833604E-02   6.433435E+02   8.088648E-01
   4.519635E+00   9.999900E-02   6.409210E+02   8.088580E-01
   4.540511E+00   9.690755E-02   6.378165E+02   8.098227E-01
   4.561483E+00   1.028571E-01   6.355544E+02   8.095330E-01
   4.582552E+00   9.586217E-02   6.321359E+02   8.106875E-01
   4.603718E+00   9.406732E-02   6.294661E+02   8.113837E-01
   4.624982E+00   1.015671E-01   6.279632E+02   8.102751E-01
   4.646345E+00   9.429666E-02   6.243549E+02   8.115327E-01
   4.667805E+00   9.534681E-02   6.213011E+02   8.125904E-01
   4.689365E+00   9.403302E-02   6.188803E+02   8.128473E-01
   4.711025E+00   9.773214E-02   6.163982E+02   8.130241E-01
   4.732785E+00   9.707005E-02   6.138155E+02   8.134445E-01
   4.754645E+00   9.521851E-02   6.107020E+02   8.140808E-01
   4.776606E+00   9.441889E-02   6.081268E+02   8.145874E-01
   4.798668E+00   9.405113E-02   6.059045E+02   8.143758E-01
   4.820833E+00   9.189322E-02   6.031384E+02   8.147369E-01
   4.843100E+00   9.234789E-02   5.999553E+02   8.155014E-01
   4.865469E+00   9.096609E-02   5.974275E+02   8.157592E-01
   4.887942E+00   8.939185E-02   5.945453E+02   8.162764E-01
   4.910519E+00   9.551591E-02   5.916199E+02   8.167708E-01
   4.933200E+00   8.826446E-02   5.890453E+02   8.172569E-01
   4.955986E+00   9.029000E-02   5.865879E+02   8.174896E-01
   4.978877E+00   8.638304E-02   5.836561E+02   8.182740E-01
   5.001874E+00   8.851777E-02   5.812488E+02   8.180334E-01
   5.024977E+00   8.767642E-02   5.780706E+02   8.189401E-01
   5.048187E+00   9.565615E-02   5.750116E+02   8.196913E-01
   5.071504E+00   8.673415E-02   5.720524E+02   8.198608E-01
   5.094928E+00   8.551947E-02   5.683425E+02   8.212055E-01
   5.118461E+00   8.700463E-02   5.655058E+02   8.217524E-01
   5.142103E+00   8.625385E-02   5.630814E+02   8.217691E-01
   5.165854E+00   9.525624E-02   5.595821E+02   8.230261E-01
   5.189714E+00   8.685017E-02   5.568570E+02   8.233343E-01
   5.213685E+00   8.933107E-02   5.535559E+02   8.240285E-01
   5.237766E+00   8.298403E-02   5.504681E+02   8.251040E-01
   5.261959E+00   8.294405E-02   5.480704E+02   8.251278E-01
   5.286263E+00   8.539585E-02   5.447659E+02   8.257544E-01
   5.310680E+00   8.176045E-02   5.413716E+02   8.269370E-01
   5.335209E+00   8.527744E-02   5.385137E+02   8.273657E-01
   5.359852E+00   8.345404E-02   5.356325E+02   8.279800E-01
   5.384608E+00   7.931411E-02   5.326442E+02   8.288248E-01
   5.409479E+00   8.354617E-02   5.296432E+02   8.293387E-01
   5.434465E+00   7.881996E-02   5.265803E+02   8.302566E-01
   5.459566E+00   7.940449E-02   5.240126E+02   8.303879E-01
   5.484783E+00   8.032341E-02   5.210577E+02   8.310083E-01
   5.510116E+00   8.116692E-02   5.178021E+02   8.321167E-01
   5.535567E+00   7.907964E-02   5.150133E+02   8.323999E-01
   5.561135E+00   7.882575E-02   5.118378E+02   8.328702E-01
   5.586821E+00   7.692496E-02   5.077242E+02   8.344437E-01
   5.612626E+00   7.727572E-02   5.045186E+02   8.348062E-01
   5.638550E+00   7.837093E-02   5.004773E+02   8.363080E-01
   5.664594E+00   7.437101E-02   4.969218E+02   8.370631E-01
   5.690758E+00   7.679374E-02   4.935450E+02   8.377426E-01
   5.717043E+00   7.584689E-02   4.899095E+02   8.391723E-01
   5.743449E+00   7.563875E-02   4.864700E+02   8.396488E-01
   5.769977E+00   7.475900E-02   4.823671E+02   8.414337E-01
   5.796628E+00   7.584532E-02   4.791303E+02   8.421138E-01
   5.823402E+00   7.183672E-02   4.757578E+02   8.427131E-01
   5.850300E+00   7.173135E-02   4.717693E+02   8.445326E-01
   5.877322E+00   7.095182E-02   4.686591E+02   8.444298E-01
   5.904468E+00   7.182038E-02   4.640644E+02   8.466610E-01
   5.931740E+00   7.126336E-02   4.598828E+02   8.479471E-01
   5.959138E+00   6.953792E-02   4.557109E+02   8.488415E-01
   5.986663E+00   6.799212E-02   4.512562E+02   8.504297E-01
   6.014314E+00   6.889259E-02   4.471008E+02   8.515785E-01
   6.042094E+00   6.734274E-02   4.426295E+02   8.534076E-01
   6.070001E+00   6.696557E-02   4.383401E+02   8.549325E-01
   6.098038E+00   6.985633E-02   4.340702E+02   8.562818E-01
   6.126204E+00   6.923830E-02   4.303197E+02   8.568513E-01
   6.154500E+00   6.413420E-02   4.255131E+02   8.590088E-01
   6.182927E+00   6.483269E-02   4.213881E+02   8.604056E-01
   6.211485E+00   6.377135E-02   4.171283E+02   8.616373E-01
   6.240175E+00   6.256811E-02   4.128918E+02   8.629828E-01
   6.268998E+00   6.532949E-02   4.079323E+02   8.645086E-01
   6.297954E+00   6.091372E-02   4.023550E+02   8.669020E-01
   6.327043E+00   6.275325E-02   3.971617E+02   8.686702E-01
   6.356267E+00   6.774565E-02   3.919470E+02   8.704207E-01
   6.385626E+00   6.079344E-02   3.865536E+02   8.723308E-01
   6.415120E+00   5.980488E-02   3.810086E+02   8.745565E-01
   6.444751E+00   6.008378E-02   3.757187E+02   8.764460E-01
   6.474518E+00   5.716338E-02   3.689251E+02   8.794622E-01
   6.504423E+00   5.899951E-02   3.622996E+02   8.816169E-01
   6.534467E+00   5.562346E-02   3.551330E+02   8.844167E-01
   6.564648E+00   5.526899E-02   3.478201E+02   8.878620E-01
   6.594970E+00   5.405583E-02   3.409811E+02   8.906422E-01
   6.625431E+00   5.275732E-02   3.340490E+02   8.928813E-01
   6.656033E+00   5.172524E-02   3.265841E+02   8.963448E-01
   6.686777E+00   5.181174E-02   3.175820E+02   8.991441E-01
   6.717662E+00   4.956923E-02   3.098279E+02   9.026194E-01
   6.748690E+00   4.973362E-02   3.018595E+02   9.055909E-01
   6.779861E+00   4.766782E-02   2.918571E+02   9.101558E-01
   6.811177E+00   4.663041E-02   2.809649E+02   9.151820E-01
   6.842637E+00   4.495818E-02   2.703069E+02   9.199435E-01
   6.874242E+00   4.329391E-02   2.575397E+02   9.257734E-01
   6.905993E+00   4.174700E-02   2.437728E+02   9.315430E-01
   6.937891E+00   4.016081E-02   2.294423E+02   9.374547E-01
   6.969936E+00   1.916983E-01   2.122645E+02   9.446611E-01
   7.002130E+00   1.139806E+00   1.936205E+02   9.520112E-01
   7.034472E+00   1.475319E+00   1.773192E+02   9.581598E-01
   7.066963E+00   1.898160E+00   1.594348E+02   9.644444E-01
   7.099605E+00   2.426744E+00   1.391498E+02   9.706480E-01
   7.132397E+00   3.083639E+00   1.162868E+02   9.766919E-01
   7.165340E+00   3.894482E+00   8.913349E+01   9.821937E-01
   7.198436E+00   4.888398E+00   5.512285E+01   9.865609E-01
   7.231685E+00   6.099719E+00   1.892839E+01   9.892219E-01
   7.265087E+00   7.569495E+00   2.289063E-01   9.900139E-01
   7.298644E+00   9.338624E+00   1.543201E+01   9.889464E-01
   7.332355E+00   1.146125E+01   5.113025E+01   9.854339E-01
   7.366222E+00   1.399605E+01   8.392784E+01   9.788418E-01
   7.400246E+00   1.701259E+01   1.093164E+02   9.697662E-01
   7.434427E+00   2.059249E+01   1.312159E+02   9.591323E-01
   7.468766E+00   2.482772E+01   1.503301E+02   9.471014E-01
   7.503263E+00   2.983104E+01   1.674214E+02   9.339290E-01
   7.537920E+00   3.571814E+01   1.832447E+02   9.196873E-01
   7.572736E+00   4.265135E+01   1.980212E+02   9.046888E-01
   7.607714E+00   5.085904E+01   2.121968E+02   8.892426E-01
   7.642853E+00   6.061172E+01   2.259204E+02   8.730292E-01
   7.678154E+00   7.213623E+01   2.390830E+02   8.559595E-01
   7.713619E+00   8.607354E+01   2.519899E+02   8.384796E-01
   7.749247E+00   1.030625E+02   2.645740E+02   8.201120E-01
   7.785040E+00   1.240658E+02   2.771068E+02   8.009191E-01
   7.820998E+00   1.505193E+02   2.895260E+02   7.810209E-01
   7.857122E+00   1.840828E+02   3.020294E+02   7.597521E-01
   7.893413E+00   2.266468E+02   3.140559E+02   7.370389E-01
   7.929872E+00   2.794887E+02   3.251486E+02   7.140477E-01
   7.966499E+00   3.399446E+02   3.343969E+02   6.933539E-01
   8.003295E+00   3.989484E+02   3.409750E+02   6.774346E-01
   8.040262E+00   4.453484E+02   3.444783E+02   6.674725E-01
   8.077399E+00   4.756527E+02   3.453094E+02   6.624661E-01
   8.114707E+00   4.941614E+02   3.446242E+02   6.606903E-01
   8.152188E+00   5.068726E+02   3.434395E+02   6.604194E-01
   8.189842E+00   5.177878E+02   3.424248E+02   6.606020E-01
   8.227670E+00   5.287239E+02   3.419431E+02   6.606090E-01
   8.265672E+00   5.401051E+02   3.421705E+02   6.601026E-01
   8.303850E+00   5.516739E+02   3.432016E+02   6.588937E-01
   8.342205E+00   5.630041E+02   3.451203E+02   6.568535E-01
   8.380737E+00   5.737289E+02   3.480348E+02   6.538626E-01
   8.419446E+00   5.836501E+02   3.520726E+02   6.498137E-01
   8.458335E+00   5.928188E+02   3.574770E+02   6.445250E-01
   8.497403E+00   6.015455E+02   3.644810E+02   6.378752E-01
   8.536651E+00   6.105869E+02   3.734904E+02   6.296731E-01
   8.576081E+00   6.213879E+02   3.849808E+02   6.198184E-01
   8.615693E+00   6.364466E+02   3.997660E+02   6.081746E-01
   8.655487E+00   6.601343E+02   4.190514E+02   5.947135E-01
   8.695466E+00   6.997751E+02   4.448621E+02   5.793867E-01
   8.735629E+00   7.662148E+02   4.801056E+02   5.621084E-01
   8.775978E+00   8.728963E+02   5.287961E+02   5.422656E-01
   8.816513E+00   1.025039E+03   5.947804E+02   5.187439E-01
   8.857236E+00   1.198125E+03   6.762217E+02   4.921769E-01
   8.898146E+00   1.345930E+03   7.575285E+02   4.671426E-01
   8.939246E+00   1.434047E+03   8.125523E+02   4.489826E-01
   8.980535E+00   1.447372E+03   8.245837E+02   4.398001E-01
   9.022015E+00   1.389306E+03   7.989205E+02   4.389154E-01
   9.063686E+00   1.286085E+03   7.534534E+02   4.446227E-01
   9.105550E+00   1.174236E+03   7.039504E+02   4.549156E-01
   9.147608E+00   1.077837E+03   6.588642E+02   4.678750E-01
   9.189860E+00   1.002926E+03   6.209458E+02   4.820029E-01
   9.232306E+00   9.466994E+02   5.904927E+02   4.960147E-01
   9.274949E+00   9.043180E+02   5.670383E+02   5.087043E-01
   9.317789E+00   8.709124E+02   5.498384E+02   5.191258E-01
   9.360827E+00   8.421533E+02   5.378022E+02   5.269992E-01
   9.404063E+00   8.146440E+02   5.294634E+02   5.328679E-01
   9.447500E+00   7.866459E+02   5.233045E+02   5.377669E-01
   9.491136E+00   7.578596E+02   5.183021E+02   5.425962E-01
   9.534975E+00   7.286990E+02   5.140040E+02   5.478752E-01
   9.579016E+00   6.995147E+02   5.103368E+02   5.538002E-01
   9.623260E+00   6.704291E+02   5.073976E+02   5.603676E-01
   9.667709E+00   6.413820E+02   5.053232E+02   5.674678E-01
   9.712362E+00   6.122411E+02   5.041823E+02   5.749815E-01
   9.757223E+00   5.829184E+02   5.039849E+02   5.827614E-01
   9.802290E+00   5.535395E+02   5.045654E+02   5.907142E-01
   9.847566E+00   5.244580E+02   5.056414E+02   5.987413E-01
   9.893050E+00   4.962558E+02   5.068007E+02   6.067602E-01
   9.938745E+00   4.697068E+02   5.074719E+02   6.147606E-01
   9.984651E+00   4.456186E+02   5.071293E+02   6.227115E-01
   1.003077E+01   4.246531E+02   5.053659E+02   6.306034E-01
   1.007710E+01   4.072398E+02   5.020294E+02   6.383626E-01
   1.012364E+01   3.932891E+02   4.973031E+02   6.458801E-01
   1.017040E+01   3.824167E+02   4.915633E+02   6.530152E-01
   1.021738E+01   3.739638E+02   4.852694E+02   6.596481E-01
   1.026457E+01   3.672254E+02   4.788184E+02   6.657155E-01
   1.031198E+01   3.615634E+02   4.725727E+02   6.711592E-01
   1.035961E+01   3.564930E+02   4.667118E+02   6.760235E-01
   1.040746E+01   3.516660E+02   4.613454E+02   6.803720E-01
   1.045553E+01   3.468666E+02   4.565195E+02   6.842747E-01
   1.050383E+01   3.419752E+02   4.521991E+02   6.878187E-01
   1.055234E+01   3.369090E+02   4.483591E+02   6.910581E-01
   1.060108E+01   3.316501E+02   4.449142E+02   6.940640E-01
   1.065005E+01   3.262073E+02   4.418175E+02   6.968712E-01
   1.069924E+01   3.205894E+02   4.389788E+02   6.995481E-01
   1.074866E+01   3.148475E+02   4.363069E+02   7.021478E-01
   1.079830E+01   3.090215E+02   4.337268E+02   7.047155E-01
   1.084818E+01   3.031821E+02   4.311811E+02   7.072736E-01
   1.089829E+01   2.973976E+02   4.285720E+02   7.098660E-01
   1.094862E+01   2.917586E+02   4.258185E+02   7.125118E-01
   1.099920E+01   2.863623E+02   4.228182E+02   7.152434E-01
   1.105000E+01   2.813342E+02   4.194367E+02   7.181103E-01
   1.110104E+01   2.768163E+02   4.155376E+02   7.211678E-01
   1.115231E+01   2.729677E+02   4.110375E+02   7.244384E-01
   1.120382E+01   2.699593E+02   4.058024E+02   7.279789E-01
   1.125557E+01   2.679778E+02   3.997256E+02   7.318246E-01
   1.130756E+01   2.671991E+02   3.928026E+02   7.359478E-01
   1.135979E+01   2.677527E+02   3.849693E+02   7.403766E-01
   1.141226E+01   2.697652E+02   3.762601E+02   7.450622E-01
   1.146497E+01   2.732850E+02   3.668030E+02   7.498983E-01
   1.151793E+01   2.783036E+02   3.567615E+02   7.547615E-01
   1.157112E+01   2.847560E+02   3.463565E+02   7.594991E-01
   1.162457E+01   2.925013E+02   3.359191E+02   7.639055E-01
   1.167826E+01   3.013532E+02   3.257730E+02   7.678026E-01
   1.173220E+01   3.110604E+02   3.162559E+02   7.710256E-01
   1.178639E+01   3.213572E+02   3.076538E+02   7.734504E-01
   1.184083E+01   3.319384E+02   3.002363E+02   7.749731E-01
   1.189552E+01   3.424955E+02   2.941577E+02   7.755687E-01
   1.195047E+01   3.527409E+02   2.894973E+02   7.752570E-01
   1.200567E+01   3.623803E+02   2.862417E+02   7.741223E-01
   1.206112E+01   3.711530E+02   2.843436E+02   7.722623E-01
   1.211683E+01   3.788466E+02   2.836664E+02   7.698227E-01
   1.217279E+01   3.852785E+02   2.840566E+02   7.669536E-01
   1.222902E+01   3.903249E+02   2.853645E+02   7.637881E-01
   1.228550E+01   3.939024E+02   2.874082E+02   7.604736E-01
   1.234225E+01   3.959442E+02   2.900507E+02   7.571240E-01
   1.239926E+01   3.964640E+02   2.932021E+02   7.537996E-01
   1.245653E+01   3.954983E+02   2.967118E+02   7.506007E-01
   1.251406E+01   3.930879E+02   3.005267E+02   7.475584E-01
   1.257186E+01   3.892985E+02   3.045604E+02   7.447227E-01
   1.262993E+01   3.842279E+02   3.087884E+02   7.420890E-01
   1.268827E+01   3.779609E+02   3.131605E+02   7.396762E-01
   1.274687E+01   3.705779E+02   3.176547E+02   7.374827E-01
   1.280575E+01   3.622002E+02   3.222437E+02   7.354984E-01
   1.286490E+01   3.528880E+02   3.269496E+02   7.336919E-01
   1.292432E+01   3.427559E+02   3.317331E+02   7.320613E-01
   1.298401E+01   3.318927E+02   3.366071E+02   7.305708E-01
   1.304398E+01   3.203703E+02   3.415698E+02   7.291990E-01
   1.310423E+01   3.082995E+02   3.465792E+02   7.279416E-01
   1.316476E+01   2.957484E+02   3.516239E+02   7.267806E-01
   1.322557E+01   2.828268E+02   3.566987E+02   7.256800E-01
   1.328665E+01   2.696165E+02   3.617382E+02   7.246640E-01
   1.334802E+01   2.562284E+02   3.667612E+02   7.236896E-01
   1.340968E+01   2.427795E+02   3.716467E+02   7.228282E-01
   1.347161E+01   2.293881E+02   3.763774E+02   7.220741E-01
   1.353384E+01   2.161900E+02   3.809043E+02   7.214396E-01
   1.359635E+01   2.032925E+02   3.851224E+02   7.209739E-01
   1.365915E+01   1.908300E+02   3.889933E+02   7.206549E-01
   1.372224E+01   1.789189E+02   3.923910E+02   7.205428E-01
   1.378562E+01   1.676914E+02   3.952704E+02   7.206443E-01
   1.384929E+01   1.572700E+02   3.975445E+02   7.210059E-01
   1.391326E+01   1.477728E+02   3.991286E+02   7.216653E-01
   1.397753E+01   1.392811E+02   3.999654E+02   7.226340E-01
   1.404209E+01   1.318635E+02   3.999762E+02   7.239305E-01
   1.410694E+01   1.255654E+02   3.990465E+02   7.255750E-01
   1.417210E+01   1.204185E+02   3.971761E+02   7.275393E-01
   1.423756E+01   1.164237E+02   3.943885E+02   7.298270E-01
   1.430332E+01   1.135342E+02   3.908199E+02   7.323772E-01
   1.436939E+01   1.116702E+02   3.864826E+02   7.352369E-01
   1.443576E+01   1.107262E+02   3.814660E+02   7.383712E-01
   1.450244E+01   1.105898E+02   3.758563E+02   7.417152E-01
   1.456942E+01   1.111680E+02   3.697774E+02   7.451997E-01
   1.463672E+01   1.123678E+02   3.632632E+02   7.488759E-01
   1.470432E+01   1.140969E+02   3.564494E+02   7.527105E-01
   1.477224E+01   1.162771E+02   3.494421E+02   7.566517E-01
   1.484047E+01   1.188239E+02   3.422502E+02   7.606892E-01
   1.490902E+01   1.216661E+02   3.349601E+02   7.647528E-01
   1.497788E+01   1.247514E+02   3.276288E+02   7.688058E-01
   1.504706E+01   1.280281E+02   3.202533E+02   7.728559E-01
   1.511656E+01   1.314517E+02   3.128972E+02   7.768573E-01
   1.518638E+01   1.349922E+02   3.055856E+02   7.807969E-01
   1.525653E+01   1.386233E+02   2.983192E+02   7.846817E-01
   1.532699E+01   1.423188E+02   2.911176E+02   7.884941E-01
   1.539779E+01   1.460579E+02   2.840084E+02   7.922049E-01
   1.546891E+01   1.498212E+02   2.769729E+02   7.958249E-01
   1.554036E+01   1.535952E+02   2.700234E+02   7.993470E-01
   1.561214E+01   1.573706E+02   2.631976E+02   8.027505E-01
   1.568425E+01   1.611418E+02   2.565087E+02   8.060411E-01
   1.575669E+01   1.649050E+02   2.499273E+02   8.092569E-01
   1.582947E+01   1.686574E+02   2.434598E+02   8.123994E-01
   1.590258E+01   1.723982E+02   2.371496E+02   8.154330E-01
   1.597603E+01   1.761270E+02   2.309617E+02   8.183783E-01
   1.604983E+01   1.798345E+02   2.249035E+02   8.212308E-01
   1.612396E+01   1.835192E+02   2.189785E+02   8.239902E-01
   1.619843E+01   1.871898E+02   2.131998E+02   8.266441E-01
   1.627325E+01   1.908357E+02   2.075738E+02   8.291879E-01
   1.634841E+01   1.944559E+02   2.020663E+02   8.316442E-01
   1.642393E+01   1.980532E+02   1.966990E+02   8.339953E-01
   1.649979E+01   2.016251E+02   1.914558E+02   8.362534E-01
   1.657600E+01   2.051711E+02   1.863920E+02   8.383768E-01
   1.665256E+01   2.086904E+02   1.814304E+02   8.404196E-01
   1.672948E+01   2.121813E+02   1.766175E+02   8.423469E-01
   1.680675E+01   2.156504E+02   1.719276E+02   8.441755E-01
   1.688438E+01   2.190839E+02   1.673775E+02   8.458987E-01
   1.696236E+01   2.224959E+02   1.629573E+02   8.475210E-01
   1.704071E+01   2.258850E+02   1.586714E+02   8.490401E-01
   1.711942E+01   2.292548E+02   1.545275E+02   8.504492E-01
   1.719849E+01   2.325901E+02   1.504829E+02   8.517817E-01
   1.727793E+01   2.359155E+02   1.465728E+02   8.530060E-01
   1.735773E+01   2.392138E+02   1.427741E+02   8.541431E-01
   1.743791E+01   2.424986E+02   1.391090E+02   8.551737E-01
   1.751845E+01   2.457757E+02   1.355660E+02   8.561027E-01
   1.759936E+01   2.490333E+02   1.321370E+02   8.569366E-01
   1.768065E+01   2.522849E+02   1.288049E+02   8.576803E-01
   1.776232E+01   2.555352E+02   1.256212E+02   8.582957E-01
   1.784436E+01   2.587860E+02   1.225221E+02   8.588215E-01
   1.792678E+01   2.620444E+02   1.195471E+02   8.592265E-01
   1.800958E+01   2.653185E+02   1.167146E+02   8.594927E-01
   1.809277E+01   2.686141E+02   1.140139E+02   8.596206E-01
   1.817634E+01   2.719399E+02   1.114270E+02   8.596115E-01
   1.826029E+01   2.753120E+02   1.090193E+02   8.594121E-01
   1.834463E+01   2.787370E+02   1.067706E+02   8.590218E-01
   1.842936E+01   2.822385E+02   1.047093E+02   8.584015E-01
   1.851449E+01   2.858361E+02   1.028847E+02   8.574998E-01
   1.860000E+01   2.895498E+02   1.013066E+02   8.562803E-01
   1.868591E+01   2.934077E+02   1.000316E+02   8.546730E-01
   1.877222E+01   2.974573E+02   9.912713E+01   8.525886E-01
   1.885893E+01   3.017375E+02   9.865401E+01   8.499310E-01
   1.894604E+01   3.063105E+02   9.871103E+01   8.465687E-01
   1.903354E+01   3.112583E+02   9.939961E+01   8.423368E-01
   1.912146E+01   3.166736E+02   1.008485E+02   8.370458E-01
   1.920978E+01   3.226973E+02   1.032073E+02   8.304178E-01
   1.929851E+01   3.294772E+02   1.066403E+02   8.221950E-01
   1.938764E+01   3.372400E+02   1.113459E+02   8.119944E-01
   1.947719E+01   3.462444E+02   1.175291E+02   7.994259E-01
   1.956715E+01   3.567328E+02   1.253613E+02   7.841539E-01
   1.965753E+01   3.690363E+02   1.350856E+02   7.657438E-01
   1.974833E+01   3.832010E+02   1.467629E+02   7.441990E-01
   1.983954E+01   3.990059E+02   1.603426E+02   7.199075E-01
   1.993118E+01   4.162234E+02   1.756793E+02   6.936861E-01
   2.002324E+01   4.355413E+02   1.924460E+02   6.669177E-01
   2.011573E+01   4.614325E+02   2.108994E+02   6.404253E-01
   2.020864E+01   5.038069E+02   2.323614E+02   6.143283E-01
   2.030198E+01   5.742973E+02   2.589332E+02   5.885014E-01
   2.039575E+01   6.753313E+02   2.917758E+02   5.628382E-01
   2.048996E+01   7.878554E+02   3.286853E+02   5.378343E-01
   2.058460E+01   8.793147E+02   3.631625E+02   5.156558E-01
   2.067967E+01   9.305726E+02   3.889800E+02   4.981338E-01
   2.077519E+01   9.401693E+02   4.033765E+02   4.858542E-01
   2.087115E+01   9.162385E+02   4.074224E+02   4.783776E-01
   2.096755E+01   8.706586E+02   4.039576E+02   4.749875E-01
   2.106440E+01   8.155388E+02   3.960331E+02   4.748715E-01
   2.116169E+01   7.599096E+02   3.861435E+02   4.771391E-01
   2.125943E+01   7.088320E+02   3.757637E+02   4.811668E-01
   2.135763E+01   6.642035E+02   3.656957E+02   4.865033E-01
   2.145628E+01   6.261512E+02   3.563193E+02   4.928324E-01
   2.155538E+01   5.940449E+02   3.477290E+02   4.999721E-01
   2.165494E+01   5.669550E+02   3.399713E+02   5.076884E-01
   2.175496E+01   5.440101E+02   3.330308E+02   5.157429E-01
   2.185545E+01   5.245864E+02   3.268503E+02   5.238922E-01
   2.195640E+01   5.081906E+02   3.213785E+02   5.318517E-01
   2.205781E+01   4.944579E+02   3.165856E+02   5.393078E-01
   2.215969E+01   4.830070E+02   3.125031E+02   5.459149E-01
   2.226204E+01   4.733909E+02   3.091733E+02   5.514167E-01
   2.236487E+01   4.650503E+02   3.066415E+02   5.556815E-01
   2.246817E+01   4.573798E+02   3.049070E+02   5.587526E-01
   2.257195E+01   4.498611E+02   3.039015E+02   5.608199E-01
   2.267621E+01   4.420763E+02   3.035119E+02   5.621600E-01
   2.278094E+01   4.337859E+02   3.036163E+02   5.630422E-01
   2.288617E+01   4.249488E+02   3.040863E+02   5.637040E-01
   2.299187E+01   4.155532E+02   3.048212E+02   5.643436E-01
   2.309807E+01   4.056870E+02   3.057816E+02   5.650305E-01
   2.320476E+01   3.954296E+02   3.069198E+02   5.658467E-01
   2.331194E+01   3.848533E+02   3.082289E+02   5.668031E-01
   2.341961E+01   3.740280E+02   3.096988E+02   5.679054E-01
   2.352779E+01   3.630048E+02   3.113267E+02   5.691438E-01
   2.363646E+01   3.518310E+02   3.131146E+02   5.704903E-01
   2.374563E+01   3.405521E+02   3.150583E+02   5.719172E-01
   2.385531E+01   3.292182E+02   3.171395E+02   5.734096E-01
   2.396549E+01   3.178903E+02   3.193340E+02   5.749507E-01
   2.407619E+01   3.066352E+02   3.216110E+02   5.765274E-01
   2.418739E+01   2.955365E+02   3.239163E+02   5.781496E-01
   2.429911E+01   2.846840E+02   3.261983E+02   5.798123E-01
   2.441135E+01   2.741730E+02   3.283701E+02   5.815552E-01
   2.452410E+01   2.640867E+02   3.303823E+02   5.833592E-01
   2.463737E+01   2.545171E+02   3.321562E+02   5.852422E-01
   2.475117E+01   2.455376E+02   3.336399E+02   5.871951E-01
   2.486549E+01   2.372355E+02   3.347753E+02   5.892179E-01
   2.498034E+01   2.296452E+02   3.355254E+02   5.913301E-01
   2.509572E+01   2.227979E+02   3.358806E+02   5.935235E-01
   2.521164E+01   2.167012E+02   3.358181E+02   5.958249E-01
   2.532809E+01   2.113374E+02   3.353663E+02   5.981978E-01
   2.544508E+01   2.066677E+02   3.345570E+02   6.006196E-01
   2.556260E+01   2.026676E+02   3.334332E+02   6.030534E-01
   2.568067E+01   1.992389E+02   3.320759E+02   6.054610E-01
   2.579929E+01   1.963149E+02   3.305407E+02   6.078131E-01
   2.591845E+01   1.938111E+02   3.288772E+02   6.100865E-01
   2.603817E+01   1.916588E+02   3.271346E+02   6.122454E-01
   2.615843E+01   1.897909E+02   3.253515E+02   6.142682E-01
   2.627926E+01   1.881218E+02   3.235634E+02   6.161536E-01
   2.640064E+01   1.866090E+02   3.217793E+02   6.179166E-01
   2.652258E+01   1.852029E+02   3.200185E+02   6.195660E-01
   2.664508E+01   1.838838E+02   3.183052E+02   6.210898E-01
   2.676815E+01   1.826109E+02   3.166425E+02   6.225142E-01
   2.689179E+01   1.813655E+02   3.150307E+02   6.238469E-01
   2.701600E+01   1.801363E+02   3.134763E+02   6.250828E-01
   2.714079E+01   1.789069E+02   3.119988E+02   6.262127E-01
   2.726615E+01   1.776755E+02   3.105680E+02   6.272905E-01
   2.739208E+01   1.764412E+02   3.092074E+02   6.282944E-01
   2.751861E+01   1.752035E+02   3.079089E+02   6.292391E-01
   2.764571E+01   1.739602E+02   3.066768E+02   6.301211E-01
   2.777340E+01   1.727127E+02   3.054968E+02   6.309593E-01
   2.790168E+01   1.714593E+02   3.043725E+02   6.317480E-01
   2.803056E+01   1.702004E+02   3.033016E+02   6.324843E-01
   2.816003E+01   1.689285E+02   3.023022E+02   6.331423E-01
   2.829010E+01   1.676539E+02   3.013343E+02   6.337680E-01
   2.842076E+01   1.663696E+02   3.004220E+02   6.343346E-01
   2.855204E+01   1.650792E+02   2.995599E+02   6.348464E-01
   2.868391E+01   1.637781E+02   2.987416E+02   6.353123E-01
   2.881640E+01   1.624769E+02   2.979557E+02   6.357430E-01
   2.894950E+01   1.611605E+02   2.972150E+02   6.361318E-01
   2.908322E+01   1.598427E+02   2.965235E+02   6.364632E-01
   2.921755E+01   1.585201E+02   2.958543E+02   6.367713E-01
   2.935250E+01   1.571891E+02   2.952233E+02   6.370378E-01
   2.948808E+01   1.558620E+02   2.946206E+02   6.372685E-01
   2.962428E+01   1.545230E+02   2.940563E+02   6.374518E-01
   2.976111E+01   1.531850E+02   2.934958E+02   6.376193E-01
   2.989857E+01   1.518359E+02   2.929644E+02   6.377364E-01
   3.003667E+01   1.504744E+02   2.924353E+02   6.378325E-01
   3.017540E+01   1.490916E+02   2.919197E+02   6.378927E-01
   3.031478E+01   1.476980E+02   2.914132E+02   6.379167E-01
   3.045480E+01   1.462891E+02   2.909159E+02   6.379150E-01
   3.059547E+01   1.448590E+02   2.904279E+02   6.378997E-01
   3.073678E+01   1.434237E+02   2.899527E+02   6.378691E-01
   3.087875E+01   1.419803E+02   2.894781E+02   6.378530E-01
   3.102138E+01   1.405328E+02   2.890233E+02   6.378270E-01
   3.116466E+01   1.390880E+02   2.885732E+02   6.378013E-01
   3.130861E+01   1.376415E+02   2.881450E+02   6.377593E-01
   3.145322E+01   1.362111E+02   2.877211E+02   6.377295E-01
   3.159850E+01   1.347869E+02   2.873162E+02   6.377075E-01
   3.174445E+01   1.333709E+02   2.869246E+02   6.376975E-01
   3.189107E+01   1.319734E+02   2.865459E+02   6.376876E-01
   3.203837E+01   1.305892E+02   2.861764E+02   6.376803E-01
   3.218635E+01   1.292167E+02   2.858234E+02   6.376629E-01
   3.233502E+01   1.278518E+02   2.854772E+02   6.376421E-01
   3.248437E+01   1.264827E+02   2.851423E+02   6.376049E-01
   3.263441E+01   1.251131E+02   2.848213E+02   6.375340E-01
   3.278515E+01   1.237411E+02   2.845023E+02   6.374470E-01
   3.293658E+01   1.223701E+02   2.841956E+02   6.373404E-01
   3.308871E+01   1.210028E+02   2.838927E+02   6.372380E-01
   3.324154E+01   1.196504E+02   2.836055E+02   6.371250E-01
   3.339508E+01   1.183095E+02   2.833334E+02   6.370085E-01
   3.354933E+01   1.169822E+02   2.830779E+02   6.368842E-01
   3.370429E+01   1.156761E+02   2.828361E+02   6.367429E-01
   3.385996E+01   1.143821E+02   2.826104E+02   6.365726E-01
   3.401636E+01   1.131035E+02   2.823890E+02   6.363756E-01
   3.417347E+01   1.118294E+02   2.821567E+02   6.361681E-01
   3.433132E+01   1.105548E+02   2.819191E+02   6.359284E-01
   3.448989E+01   1.092723E+02   2.816736E+02   6.356518E-01
   3.464919E+01   1.079756E+02   2.814152E+02   6.353477E-01
   3.480923E+01   1.066608E+02   2.811394E+02   6.350268E-01
   3.497001E+01   1.053296E+02   2.808469E+02   6.346944E-01
   3.513154E+01   1.039877E+02   2.805402E+02   6.343624E-01
   3.529380E+01   1.026434E+02   2.802231E+02   6.340446E-01
   3.545682E+01   1.013013E+02   2.799018E+02   6.337441E-01
   3.562059E+01   9.996684E+01   2.795828E+02   6.334587E-01
   3.578512E+01   9.864476E+01   2.792715E+02   6.331921E-01
   3.595041E+01   9.733888E+01   2.789653E+02   6.329527E-01
   3.611646E+01   9.605399E+01   2.786570E+02   6.327454E-01
   3.628327E+01   9.479599E+01   2.783682E+02   6.325383E-01
   3.645086E+01   9.356976E+01   2.780869E+02   6.323516E-01
   3.661922E+01   9.237612E+01   2.778111E+02   6.321874E-01
   3.678836E+01   9.120935E+01   2.775560E+02   6.320088E-01
   3.695828E+01   9.006039E+01   2.772975E+02   6.318270E-01
   3.712899E+01   8.891738E+01   2.770309E+02   6.316314E-01
   3.730048E+01   8.776936E+01   2.767612E+02   6.314114E-01
   3.747277E+01   8.660966E+01   2.764784E+02   6.311875E-01
   3.764585E+01   8.543439E+01   2.761895E+02   6.309592E-01
   3.781973E+01   8.424972E+01   2.759006E+02   6.307230E-01
   3.799442E+01   8.306916E+01   2.756149E+02   6.304837E-01
   3.816991E+01   8.190951E+01   2.753347E+02   6.302574E-01
   3.834621E+01   8.078363E+01   2.750654E+02   6.300544E-01
   3.852333E+01   7.969832E+01   2.748183E+02   6.298590E-01
   3.870126E+01   7.865221E+01   2.745923E+02   6.296557E-01
   3.888002E+01   7.763786E+01   2.743751E+02   6.294379E-01
   3.905960E+01   7.664679E+01   2.741685E+02   6.291788E-01
   3.924001E+01   7.566755E+01   2.739774E+02   6.288483E-01
   3.942126E+01   7.469060E+01   2.737625E+02   6.284815E-01
   3.960334E+01   7.370276E+01   2.735253E+02   6.280599E-01
   3.978626E+01   7.268860E+01   2.732414E+02   6.276141E-01
   3.997003E+01   7.164016E+01   2.729286E+02   6.271369E-01
   4.015465E+01   7.055991E+01   2.725838E+02   6.266630E-01
   4.034012E+01   6.946307E+01   2.721962E+02   6.262338E-01
   4.052644E+01   6.836950E+01   2.718066E+02   6.258121E-01
   4.071363E+01   6.729256E+01   2.714018E+02   6.254257E-01
   4.090168E+01   6.623613E+01   2.710035E+02   6.250518E-01
   4.109060E+01   6.519295E+01   2.706021E+02   6.247119E-01
   4.128039E+01   6.415829E+01   2.701890E+02   6.244313E-01
   4.147106E+01   6.314055E+01   2.697893E+02   6.241939E-01
   4.166261E+01   6.215868E+01   2.694060E+02   6.240090E-01
   4.185505E+01   6.122700E+01   2.690433E+02   6.238642E-01
   4.204837E+01   6.035002E+01   2.687031E+02   6.237238E-01
   4.224259E+01   5.951993E+01   2.683802E+02   6.235537E-01
   4.243770E+01   5.871724E+01   2.680667E+02   6.233377E-01
   4.263371E+01   5.791860E+01   2.677503E+02   6.230754E-01
   4.283063E+01   5.710055E+01   2.674172E+02   6.227730E-01
   4.302846E+01   5.624901E+01   2.670634E+02   6.224356E-01
   4.322721E+01   5.536129E+01   2.666693E+02   6.221126E-01
   4.342687E+01   5.444684E+01   2.662348E+02   6.218454E-01
   4.362745E+01   5.352631E+01   2.657845E+02   6.216460E-01
   4.382896E+01   5.262514E+01   2.653602E+02   6.214812E-01
   4.403140E+01   5.176673E+01   2.649566E+02   6.213466E-01
   4.423478E+01   5.096316E+01   2.645988E+02   6.211783E-01
   4.443909E+01   5.021531E+01   2.642581E+02   6.210095E-01
   4.464435E+01   4.951554E+01   2.639596E+02   6.207960E-01
   4.485056E+01   4.885477E+01   2.636727E+02   6.205635E-01
   4.505772E+01   4.821547E+01   2.634146E+02   6.202475E-01
   4.526583E+01   4.757840E+01   2.631442E+02   6.198772E-01
   4.547491E+01   4.692985E+01   2.628714E+02   6.194089E-01
   4.568495E+01   4.626089E+01   2.625582E+02   6.188668E-01
   4.589597E+01   4.554770E+01   2.621673E+02   6.182971E-01
   4.610795E+01   4.477420E+01   2.617107E+02   6.177283E-01
   4.632092E+01   4.395669E+01   2.611918E+02   6.172322E-01
   4.653487E+01   4.313651E+01   2.606429E+02   6.168211E-01
   4.674981E+01   4.234384E+01   2.600931E+02   6.164674E-01
   4.696574E+01   4.159379E+01   2.595528E+02   6.161360E-01
   4.718267E+01   4.087809E+01   2.590162E+02   6.158081E-01
   4.740060E+01   4.016695E+01   2.584679E+02   6.155030E-01
   4.761954E+01   3.944283E+01   2.579035E+02   6.152693E-01
   4.783949E+01   3.871936E+01   2.573439E+02   6.151354E-01
   4.806045E+01   3.803494E+01   2.568139E+02   6.150845E-01
   4.828244E+01   3.742444E+01   2.563281E+02   6.150700E-01
   4.850545E+01   3.689128E+01   2.558990E+02   6.150115E-01
   4.872949E+01   3.640680E+01   2.554937E+02   6.148884E-01
   4.895456E+01   3.593818E+01   2.551003E+02   6.146560E-01
   4.918068E+01   3.545540E+01   2.547056E+02   6.143055E-01
   4.940784E+01   3.492924E+01   2.542724E+02   6.139110E-01
   4.963605E+01   3.435270E+01   2.537947E+02   6.135256E-01
   4.986531E+01   3.373641E+01   2.532633E+02   6.131997E-01
   5.009563E+01   3.324991E+01   2.525907E+02   6.130233E-01
   5.032702E+01   3.296932E+01   2.517742E+02   6.130169E-01
   5.055947E+01   3.269812E+01   2.509682E+02   6.131060E-01
   5.079300E+01   3.247664E+01   2.502079E+02   6.132400E-01
   5.102761E+01   3.231017E+01   2.495105E+02   6.133472E-01
   5.126330E+01   3.217689E+01   2.488714E+02   6.133796E-01
   5.150008E+01   3.206864E+01   2.482773E+02   6.133315E-01
   5.173795E+01   3.199271E+01   2.477195E+02   6.132101E-01
   5.197692E+01   3.194781E+01   2.471900E+02   6.130135E-01
   5.221699E+01   3.190320E+01   2.466698E+02   6.127472E-01
   5.245818E+01   3.183410E+01   2.461415E+02   6.124305E-01
   5.270048E+01   3.175064E+01   2.455975E+02   6.120555E-01
   5.294389E+01   3.164446E+01   2.450154E+02   6.116086E-01
   5.318843E+01   3.147659E+01   2.443605E+02   6.111305E-01
   5.343411E+01   3.123777E+01   2.436187E+02   6.106976E-01
   5.368091E+01   3.095694E+01   2.428116E+02   6.103648E-01
   5.392886E+01   3.067073E+01   2.419816E+02   6.101350E-01
   5.417795E+01   3.040801E+01   2.411637E+02   6.099730E-01
   5.442819E+01   3.018916E+01   2.403741E+02   6.098325E-01
   5.467959E+01   3.000655E+01   2.396061E+02   6.096823E-01
   5.493214E+01   2.982328E+01   2.388374E+02   6.095368E-01
   5.518587E+01   2.961872E+01   2.380541E+02   6.094417E-01
   5.544077E+01   2.939018E+01   2.372643E+02   6.094382E-01
   5.569684E+01   2.916045E+01   2.364947E+02   6.095289E-01
   5.595410E+01   2.897787E+01   2.357709E+02   6.096674E-01
   5.621254E+01   2.886671E+01   2.351035E+02   6.097848E-01
   5.647218E+01   2.880563E+01   2.344846E+02   6.098285E-01
   5.673302E+01   2.876754E+01   2.338965E+02   6.097739E-01
   5.699506E+01   2.872940E+01   2.333177E+02   6.096152E-01
   5.725831E+01   2.866475E+01   2.327240E+02   6.093695E-01
   5.752278E+01   2.854710E+01   2.320941E+02   6.090915E-01
   5.778847E+01   2.837974E+01   2.314206E+02   6.088383E-01
   5.805539E+01   2.817523E+01   2.307034E+02   6.086466E-01
   5.832354E+01   2.794116E+01   2.299494E+02   6.085446E-01
   5.859293E+01   2.768596E+01   2.291773E+02   6.085491E-01
   5.886357E+01   2.743990E+01   2.284194E+02   6.086554E-01
   5.913545E+01   2.724793E+01   2.277095E+02   6.088073E-01
   5.940859E+01   2.711121E+01   2.270604E+02   6.089324E-01
   5.968299E+01   2.700228E+01   2.264662E+02   6.089887E-01
   5.995866E+01   2.691327E+01   2.259155E+02   6.089659E-01
   6.023560E+01   2.685309E+01   2.254017E+02   6.088557E-01
   6.051382E+01   2.682066E+01   2.249158E+02   6.086473E-01
   6.079333E+01   2.678523E+01   2.244369E+02   6.083564E-01
   6.107412E+01   2.672683E+01   2.239498E+02   6.080172E-01
   6.135622E+01   2.665901E+01   2.234498E+02   6.076237E-01
   6.163961E+01   2.657480E+01   2.229149E+02   6.071584E-01
   6.192432E+01   2.643302E+01   2.223094E+02   6.066629E-01
   6.221034E+01   2.622313E+01   2.216179E+02   6.062166E-01
   6.249768E+01   2.597150E+01   2.208599E+02   6.058813E-01
   6.278635E+01   2.571171E+01   2.200773E+02   6.056654E-01
   6.307635E+01   2.547358E+01   2.193072E+02   6.055263E-01
   6.336770E+01   2.528098E+01   2.185659E+02   6.054042E-01
   6.366038E+01   2.512570E+01   2.178456E+02   6.052640E-01
   6.395442E+01   2.497188E+01   2.171243E+02   6.051270E-01
   6.424982E+01   2.480357E+01   2.163901E+02   6.050400E-01
   6.454658E+01   2.461059E+01   2.156509E+02   6.050448E-01
   6.484471E+01   2.440582E+01   2.149335E+02   6.051475E-01
   6.514422E+01   2.424148E+01   2.142645E+02   6.052941E-01
   6.544512E+01   2.414523E+01   2.136528E+02   6.054026E-01
   6.574740E+01   2.409364E+01   2.130853E+02   6.054200E-01
   6.605108E+01   2.406360E+01   2.125426E+02   6.053317E-01
   6.635616E+01   2.403784E+01   2.120052E+02   6.051399E-01
   6.666265E+01   2.399301E+01   2.114528E+02   6.048635E-01
   6.697056E+01   2.390120E+01   2.108644E+02   6.045604E-01
   6.727989E+01   2.376264E+01   2.102327E+02   6.042881E-01
   6.759065E+01   2.358708E+01   2.095573E+02   6.040822E-01
   6.790284E+01   2.337903E+01   2.088449E+02   6.039736E-01
   6.821647E+01   2.314369E+01   2.081144E+02   6.039821E-01
   6.853156E+01   2.291433E+01   2.073989E+02   6.041017E-01
   6.884809E+01   2.274087E+01   2.067324E+02   6.042636E-01
   6.916610E+01   2.262280E+01   2.061254E+02   6.043875E-01
   6.948557E+01   2.253137E+01   2.055693E+02   6.044386E-01
   6.980651E+01   2.246282E+01   2.050548E+02   6.044108E-01
   7.012894E+01   2.242749E+01   2.045777E+02   6.042850E-01
   7.045286E+01   2.241757E+01   2.041274E+02   6.040389E-01
   7.077827E+01   2.239707E+01   2.036805E+02   6.036891E-01
   7.110518E+01   2.234911E+01   2.032214E+02   6.032760E-01
   7.143361E+01   2.228996E+01   2.027479E+02   6.027998E-01
   7.176355E+01   2.221506E+01   2.022408E+02   6.022528E-01
   7.209502E+01   2.208574E+01   2.016672E+02   6.016894E-01
   7.242802E+01   2.189359E+01   2.010131E+02   6.011947E-01
   7.276255E+01   2.166285E+01   2.002964E+02   6.008303E-01
   7.309864E+01   2.142791E+01   1.995577E+02   6.006014E-01
   7.343627E+01   2.122110E+01   1.988335E+02   6.004530E-01
   7.377546E+01   2.106306E+01   1.981382E+02   6.003138E-01
   7.411622E+01   2.093823E+01   1.974600E+02   6.001493E-01
   7.445856E+01   2.080977E+01   1.967768E+02   5.999878E-01
   7.480247E+01   2.066964E+01   1.960791E+02   5.998738E-01
   7.514797E+01   2.050708E+01   1.953731E+02   5.998481E-01
   7.549507E+01   2.032703E+01   1.946839E+02   5.999248E-01
   7.584378E+01   2.018001E+01   1.940413E+02   6.000487E-01
   7.619409E+01   2.009438E+01   1.934571E+02   6.001305E-01
   7.654602E+01   2.004747E+01   1.929201E+02   6.001165E-01
   7.689958E+01   2.002236E+01   1.924128E+02   5.999912E-01
   7.725477E+01   2.000601E+01   1.919159E+02   5.997498E-01
   7.761160E+01   1.997413E+01   1.914045E+02   5.994087E-01
   7.797007E+01   1.989766E+01   1.908521E+02   5.990387E-01
   7.833021E+01   1.978250E+01   1.902517E+02   5.987032E-01
   7.869201E+01   1.964172E+01   1.896045E+02   5.984286E-01
   7.905548E+01   1.947125E+01   1.889163E+02   5.982438E-01
   7.942062E+01   1.926572E+01   1.882055E+02   5.981789E-01
   7.978746E+01   1.905663E+01   1.875059E+02   5.982421E-01
   8.015599E+01   1.889515E+01   1.868553E+02   5.983652E-01
   8.052622E+01   1.878237E+01   1.862672E+02   5.984653E-01
   8.089816E+01   1.869614E+01   1.857356E+02   5.985078E-01
   8.127182E+01   1.863597E+01   1.852539E+02   5.984812E-01
   8.164720E+01   1.861212E+01   1.848181E+02   5.983506E-01
   8.202432E+01   1.861537E+01   1.844129E+02   5.980824E-01
   8.240318E+01   1.861044E+01   1.840091E+02   5.976937E-01
   8.278379E+01   1.858516E+01   1.835868E+02   5.972226E-01
   8.316616E+01   1.854852E+01   1.831401E+02   5.966699E-01
   8.355029E+01   1.848990E+01   1.826504E+02   5.960384E-01
   8.393620E+01   1.837764E+01   1.820898E+02   5.953930E-01
   8.432389E+01   1.821113E+01   1.814482E+02   5.948203E-01
   8.471337E+01   1.800575E+01   1.807431E+02   5.943920E-01
   8.510465E+01   1.778812E+01   1.800167E+02   5.941217E-01
   8.549774E+01   1.759347E+01   1.793103E+02   5.939492E-01
   8.589264E+01   1.744713E+01   1.786414E+02   5.937903E-01
   8.628937E+01   1.733216E+01   1.779979E+02   5.936106E-01
   8.668793E+01   1.721532E+01   1.773570E+02   5.934457E-01
   8.708833E+01   1.709861E+01   1.767087E+02   5.933289E-01
   8.749058E+01   1.697296E+01   1.760546E+02   5.932828E-01
   8.789469E+01   1.683808E+01   1.754109E+02   5.933141E-01
   8.830067E+01   1.673267E+01   1.748013E+02   5.933755E-01
   8.870852E+01   1.667480E+01   1.742372E+02   5.933790E-01
   8.911825E+01   1.664014E+01   1.737088E+02   5.932757E-01
   8.952988E+01   1.661748E+01   1.732018E+02   5.930558E-01
   8.994340E+01   1.659725E+01   1.727013E+02   5.927191E-01
   9.035884E+01   1.655697E+01   1.721855E+02   5.922881E-01
   9.077620E+01   1.646672E+01   1.716290E+02   5.918586E-01
   9.119548E+01   1.634046E+01   1.710329E+02   5.915111E-01
   9.161670E+01   1.621145E+01   1.704119E+02   5.912426E-01
   9.203987E+01   1.608474E+01   1.697701E+02   5.910345E-01
   9.246499E+01   1.593315E+01   1.691090E+02   5.909157E-01
   9.289207E+01   1.577189E+01   1.684517E+02   5.909110E-01
   9.332113E+01   1.564882E+01   1.678333E+02   5.909511E-01
   9.375217E+01   1.556099E+01   1.672655E+02   5.909537E-01
   9.418520E+01   1.548657E+01   1.667410E+02   5.908979E-01
   9.462023E+01   1.542870E+01   1.662539E+02   5.907840E-01
   9.505727E+01   1.539794E+01   1.658024E+02   5.905818E-01
   9.549632E+01   1.538400E+01   1.653754E+02   5.902694E-01
   9.593741E+01   1.535827E+01   1.649548E+02   5.898720E-01
   9.638053E+01   1.533559E+01   1.645367E+02   5.893856E-01
   9.682570E+01   1.532834E+01   1.641109E+02   5.887710E-01
   9.727293E+01   1.529940E+01   1.636465E+02   5.880579E-01
   9.772222E+01   1.521344E+01   1.631155E+02   5.873358E-01
   9.817359E+01   1.507996E+01   1.625087E+02   5.866834E-01
   9.862704E+01   1.491055E+01   1.618373E+02   5.861663E-01
   9.908259E+01   1.472352E+01   1.611369E+02   5.858043E-01
   9.954024E+01   1.455066E+01   1.604474E+02   5.855391E-01
   1.000000E+02   1.441616E+01   1.597863E+02   5.852880E-01
