2001 0.1 5.17
0.2 0.7142361893333334
2.0 0.7142361893333334
2.004613 0.71205376
2.009236 0.7098754666666667
2.01387 0.7077013093333332
2.018515 0.705531288
2.023171 0.7033654026666667
2.027837 0.7012043426666668
2.032514 0.6990467293333334
2.037202 0.696893252
2.0419 0.694742532
2.04661 0.6925476946666667
2.05133 0.6903576826666667
2.056061 0.6881721513333334
2.060803 0.6859911696
2.065556 0.6838147374666667
2.07032 0.6816429928
2.075095 0.6794757977333334
2.079881 0.6773132212
2.084678 0.6751552632
2.089486 0.6730002693333333
2.094305 0.6708072932
2.099136 0.6686193492000001
2.103977 0.6664363684
2.10883 0.6642584197333334
2.113693 0.6620854342666666
2.118568 0.6599174120000001
2.123455 0.6577544218666668
2.128352 0.6555964638666667
2.133261 0.6534434690666666
2.138181 0.6512936452
2.143113 0.6491101129333333
2.148056 0.6469318885333334
2.15301 0.6447590409333334
2.157975 0.6425915701333333
2.162953 0.6404293382666667
2.167941 0.6382725521333333
2.172941 0.6361210738666666
2.177953 0.6339749034666667
2.182976 0.6318341098666667
2.188011 0.6296969697333334
2.193057 0.6275318426666666
2.198115 0.6253723681333333
2.203185 0.6232185461333334
2.208267 0.6210703766666668
2.21336 0.6189278597333334
2.218465 0.6167909953333334
2.223581 0.6146597145333335
2.22871 0.6125340862666667
2.23385 0.6104141105333334
2.239002 0.6082979950666667
2.244166 0.6061574082666666
2.249342 0.6040227497333334
2.25453 0.6018940194666667
2.25973 0.5997711485333334
2.264942 0.5976541369333335
2.270165 0.5955430536
2.275401 0.5934378985333333
2.280649 0.5913385338666667
2.285909 0.5892450974666666
2.291182 0.587155866
2.296466 0.5850465749333333
2.301763 0.5829434189333333
2.307071 0.5808463290666667
2.312392 0.5787553053333334
2.317726 0.5766704166666666
2.323071 0.5745916630666666
2.328429 0.5725189066666666
2.333799 0.5704522853333334
2.339182 0.5683917301333334
2.344577 0.5663357245333333
2.349985 0.5642640021333334
2.355405 0.5621985526666667
2.360837 0.5601393761333333
2.366282 0.5580864036
2.37174 0.556039704
2.37721 0.5539992773333333
2.382693 0.5519650546666667
2.388188 0.5499370360000001
2.393696 0.5479151524000001
2.399217 0.5458980941333333
2.40475 0.5438678695999999
2.410297 0.5418440558666666
2.415856 0.539826584
2.421428 0.537815454
2.427013 0.5358106658666667
2.43261 0.5338122885333334
2.438221 0.5318201841333334
2.443844 0.5298344216
2.449481 0.527854932
2.45513 0.5258804745333334
2.460793 0.5238964353333334
2.466468 0.5219188758666667
2.472157 0.5199477272
2.477859 0.5179829893333333
2.483574 0.5160246622666665
2.489302 0.5140727460000001
2.495043 0.5121271716000001
2.500797 0.510188008
2.506565 0.5082551862666668
2.512346 0.5063275345333333
2.518141 0.5043923690666666
2.523949 0.5024636144
2.52977 0.5005413394666667
2.535605 0.49862554426666666
2.541453 0.4967161598666668
2.547314 0.49481318626666665
2.553189 0.4929166924
2.559078 0.4910264714666667
2.56498 0.4891427302666666
2.570896 0.4872643658666667
2.576826 0.4853816586666667
2.582769 0.48350536226666657
2.588726 0.48163561453333337
2.594696 0.4797722776000001
2.600681 0.4779153514666667
2.606679 0.4760648361333332
2.612691 0.47422073159999995
2.618717 0.47238296893333337
2.624757 0.47055154813333333
2.63081 0.468725642
2.636878 0.46689670279999995
2.64296 0.4650742433333333
2.649055 0.46325812573333336
2.655165 0.46144848786666676
2.661289 0.4596451918666667
2.667427 0.45784823773333333
2.673579 0.4560576944
2.679745 0.454273424
2.685926 0.4524954265333333
2.692121 0.45072308159999996
2.69833 0.4489505988
2.704553 0.44718445786666666
2.710791 0.44542465879999993
2.717043 0.44367120160000006
2.72331 0.44192401733333336
2.729591 0.44018310600000005
2.735886 0.43844846759999995
2.742196 0.43672010213333334
2.748521 0.43499794066666664
2.75486 0.4332814317333333
2.761214 0.43156568106666665
2.767582 0.4298562033333333
2.773965 0.4281529296
2.780363 0.4264559288
2.786776 0.424765132
2.793203 0.42308053920000005
2.799645 0.42140208146666663
2.806103 0.4197297588000001
2.812574 0.41806364013333336
2.819061 0.41640310506666667
2.825563 0.4147450516
2.83208 0.4130931332
2.838612 0.41144734986666665
2.845159 0.40980763266666664
2.851721 0.4081740505333334
2.858298 0.4065464656
2.864891 0.4049250157333334
2.871498 0.4033094941333333
2.878121 0.40170003866666665
2.884759 0.4000963046666666
2.891412 0.39849643093333326
2.898081 0.39690255440000005
2.904765 0.3953146750666667
2.911465 0.393732724
2.91818 0.39215670119999996
2.92491 0.3905866756
2.931656 0.3890225093333333
2.938418 0.38746427133333333
2.945195 0.3859118237333333
2.951988 0.3843650976
2.958796 0.3828227832
2.96562 0.3812863970666667
2.97246 0.3797557324
2.979316 0.378230996
2.986187 0.3767119810666667
2.993075 0.3751987565333333
2.999978 0.3736913224
3.006897 0.3721895408
3.013832 0.3706935496
3.020783 0.36920321093333336
3.02775 0.3677188694666667
3.034733 0.36624018053333335
3.041733 0.36476714413333333
3.048748 0.36329976026666666
3.05578 0.3618380289333334
3.062828 0.36038188120000003
3.069892 0.3589313170666667
3.076972 0.35748633653333334
3.084069 0.3560468706666667
3.091182 0.3546130573333334
3.098311 0.3531855858666667
3.105457 0.351763698
3.11262 0.35034718693333333
3.119798 0.34893625946666673
3.126994 0.34753070880000003
3.134206 0.34613060386666666
3.141435 0.34473587573333336
3.14868 0.3433465933333333
3.155942 0.3419626877333333
3.163221 0.3405842968000001
3.170517 0.33921293706666666
3.177829 0.3378468852
3.185158 0.33648614120000003
3.192505 0.33513063613333327
3.199868 0.3337804389333333
3.207248 0.33243554960000005
3.214645 0.3310957613333333
3.222059 0.3297612809333333
3.229491 0.32843197053333334
3.236939 0.32710817480000004
3.244405 0.32579182386666666
3.251888 0.32448064293333334
3.259388 0.32317456306666664
3.266905 0.3218735842666667
3.27444 0.3205776376
3.281992 0.319286792
3.289562 0.3180010474666667
3.297149 0.3167202661333333
3.304753 0.31544444800000004
3.312375 0.3141741445333333
3.320015 0.31291183733333333
3.327672 0.3116544244
3.335347 0.3104019746666667
3.34304 0.3091544192
3.35075 0.30791175800000004
3.358478 0.3066739910666667
3.366224 0.30544104946666667
3.373988 0.30421293320000004
3.38177 0.3029895733333333
3.38957 0.30177165920000004
3.397387 0.300562086
3.405223 0.2993572002666666
3.413077 0.2981570709333333
3.420949 0.2969616290666667
3.428839 0.29577087466666674
3.436747 0.29458480773333334
3.444673 0.29340335933333334
3.452618 0.29222659840000004
3.460581 0.2910543870666667
3.468563 0.28988755253333337
3.476563 0.28872919680000003
3.484581 0.28757532173333333
3.492618 0.2864259962666667
3.500673 0.2852812204
3.508747 0.28414092519999995
3.51684 0.28300511066666667
3.524951 0.28187377680000003
3.533081 0.28074692360000003
3.541229 0.2796244132
3.549397 0.2785070728
3.557583 0.2773982112
3.565788 0.27629369239999996
3.574012 0.2751934474666667
3.582256 0.2740975453333333
3.590518 0.273005986
3.598799 0.27191870053333334
3.607099 0.2708356889333334
3.615418 0.26975695120000004
3.623757 0.26868241839999996
3.632115 0.26761298666666666
3.640492 0.2665523784
3.648888 0.26549583720000003
3.657304 0.26444350093333335
3.665739 0.26339530066666667
3.674194 0.2623511674666667
3.682668 0.2613111702666667
3.691162 0.26027530906666674
3.699675 0.259243446
3.708208 0.25821565
3.71676 0.2571928172
3.725333 0.2561790146666667
3.733925 0.25516914133333335
3.742537 0.25416326613333334
3.751168 0.2531613201333333
3.75982 0.25216323440000005
3.768492 0.2511691468
3.777183 0.25017891946666665
3.785895 0.24919255240000004
3.794627 0.2482100456
3.803379 0.24723243306666665
3.812151 0.24626343720000002
3.820943 0.24529823266666667
3.829756 0.24433681946666666
3.838589 0.24337912866666667
3.847442 0.2424251602666667
3.856316 0.24147498320000002
3.86521 0.2405285285333333
3.874124 0.23958572733333333
3.88306 0.23864657960000002
3.892016 0.2377122572
3.900992 0.23678668933333336
3.909989 0.23586470600000004
3.919007 0.2349463072
3.928046 0.23403149293333333
3.937106 0.2331202632
3.946186 0.23221261800000004
3.955288 0.23130841946666666
3.96441 0.23040780546666662
3.973554 0.22951063813333336
3.982718 0.22861815826666662
3.991904 0.22773436400000002
4.001111 0.22685394746666668
4.010339 0.22597697760000002
4.019588 0.22510338546666667
4.028859 0.22423324000000003
4.038151 0.22336640333333332
4.047465 0.22250294439999999
4.0568 0.22164286319999998
4.066156 0.22078609080000003
4.075534 0.21993379906666666
4.084934 0.21909019293333332
4.094356 0.21824982666666665
4.103799 0.21741263133333333
4.113264 0.21657874480000006
4.122751 0.2157480292
4.132259 0.21492055346666666
4.14179 0.21409624866666668
4.151343 0.21327518373333335
4.160917 0.2124572208
4.170514 0.21164366960000003
4.180133 0.21083852826666669
4.189774 0.21003648893333335
4.199437 0.20923755159999996
4.209123 0.20844164733333334
4.21883 0.20764877613333335
4.228561 0.20685900693333334
4.238313 0.2060722018666667
4.248089 0.2052884298666667
4.257886 0.20450769093333335
4.267707 0.20373122586666667
4.27755 0.20296310173333332
4.287416 0.20219787279999998
4.297304 0.2014355390666667
4.307215 0.2006761694666667
4.317149 0.19991962613333336
4.327106 0.199165978
4.337086 0.19841522506666667
4.347089 0.19766736733333334
4.357116 0.19692233586666666
4.367165 0.19618144040000002
4.377237 0.19544888586666667
4.387333 0.19471901973333333
4.397452 0.1939919798666667
4.407594 0.19326769733333332
4.41776 0.1925461032
4.427949 0.1918272664
4.438161 0.19111118693333332
4.448397 0.19039779586666664
4.458657 0.1896870242666667
4.468941 0.18898038866666667
4.479248 0.18828181826666665
4.489579 0.18758586733333332
4.499933 0.18689253586666668
4.510312 0.18620182386666667
4.520715 0.1855136624
4.531141 0.1848281204
4.541592 0.18414512893333335
4.552066 0.18346468800000001
4.562565 0.18278679760000005
4.573088 0.18211290533333332
4.583636 0.18144666466666667
4.594207 0.18078297453333336
4.604803 0.18012176600000002
4.615424 0.17946297013333334
4.626069 0.17880665586666666
4.636738 0.17815275426666666
4.647432 0.1775013342666667
4.658151 0.17685232693333333
4.668895 0.17620573226666666
4.679663 0.17556299786666668
4.690456 0.17492791506666672
4.701274 0.17429524493333332
4.712117 0.17366491853333335
4.722985 0.17303686693333334
4.733878 0.17241115906666668
4.744796 0.17178779493333332
4.75574 0.1711667056
4.766708 0.17054789106666668
4.777702 0.16993135133333337
4.788722 0.16931860293333334
4.799766 0.16871343719999998
4.810836 0.16811054626666666
4.821932 0.16750979226666668
4.833053 0.16691124413333333
4.8442 0.16631490186666667
4.855373 0.16572076546666667
4.866571 0.165128766
4.877796 0.1645389034666667
4.889046 0.1639512468
4.900322 0.16336717466666667
4.911624 0.16279034053333336
4.922952 0.1622155054666667
4.934306 0.16164280733333336
4.945687 0.16107217720000003
4.957093 0.1605036150666667
4.968526 0.15993712093333334
4.979986 0.15937269480000002
4.991471 0.15881026773333334
5.002984 0.1582499086666667
5.014523 0.1576930652
5.026088 0.1571432529333333
5.03768 0.1565955086666667
5.049299 0.15604969453333334
5.060945 0.15550581053333337
5.072617 0.15496385666666668
5.084317 0.15442390186666669
5.096043 0.15388580826666667
5.107797 0.1533497137333333
5.119577 0.1528154804
5.131385 0.15228476266666668
5.14322 0.15176107613333334
5.155082 0.1512392508
5.166972 0.15071928666666667
5.178889 0.15020111479999998
5.190834 0.14968480413333338
5.202806 0.14917035466666667
5.214805 0.14865769746666668
5.226833 0.14814683253333333
5.238888 0.14763775986666666
5.250971 0.14713206493333336
5.263082 0.1466329876
5.27522 0.1461356336
5.287387 0.14564000293333335
5.299582 0.14514616453333334
5.311805 0.1446539805333333
5.324056 0.14416358880000002
5.336335 0.14367485146666667
5.348643 0.1431878374666667
5.360979 0.1427025468
5.373343 0.142220496
5.385737 0.1417450628
5.398158 0.1412712150666667
5.410608 0.14079909066666668
5.423087 0.1403284828
5.435595 0.1398595982666667
5.448132 0.1393922992
5.460697 0.1389265856
5.473292 0.13846252640000004
5.485915 0.13799998373333336
5.498568 0.13754068093333335
5.51125 0.13708772
5.523961 0.13663620666666668
5.536701 0.1361862788
5.549471 0.1357379364
5.562271 0.1352910416
5.575099 0.13484573226666666
5.587958 0.13440187053333336
5.600846 0.13395959426666668
5.613763 0.1335187656
5.626711 0.13308110786666666
5.639688 0.13264965413333332
5.652696 0.132219648
5.665733 0.13179108946666665
5.6788 0.13136397853333334
5.691898 0.13093824626666664
5.705026 0.13051403053333335
5.718184 0.13009119346666667
5.731372 0.12966973506666665
5.744591 0.12924979320000002
5.75784 0.12883274653333335
5.77112 0.128421766
5.784431 0.1280120952
5.797772 0.12760373413333334
5.811144 0.12719682066666665
5.824546 0.126791148
5.83798 0.12638692293333334
5.851445 0.12598400760000003
5.864941 0.125582402
5.878467 0.12518210613333333
5.892025 0.12478477439999998
5.905615 0.12439330200000003
5.919235 0.12400307039999998
5.932888 0.1236140796
5.946571 0.12322639853333334
5.960286 0.12283995826666667
5.974033 0.12245482773333331
5.987811 0.122070938
6.001622 0.12168828906666666
6.015464 0.12130688093333333
6.029338 0.12092829906666665
6.043244 0.12055536973333333
6.057182 0.1201836812
6.071152 0.11981316453333335
6.085155 0.11944381973333335
6.099189 0.11907564679999999
6.113256 0.11870871466666666
6.127356 0.11834295439999999
6.141488 0.11797829706666667
6.155653 0.11761488053333331
6.16985 0.11725422133333334
6.18408 0.1168990768
6.198343 0.11654510413333333
6.212639 0.11619216546666668
6.226968 0.11584039866666668
6.24133 0.11548973480000002
6.255725 0.11514017386666665
6.270153 0.11479171586666667
6.284614 0.1144443608
6.299109 0.11409810866666666
6.313637 0.11375454493333334
6.328199 0.1134161512
6.342794 0.11307886040000001
6.357423 0.11274260359999999
6.372086 0.1124073808
6.386782 0.11207326093333332
6.401513 0.11174010613333335
6.416277 0.11140798533333335
6.431076 0.11107696746666669
6.445908 0.11074691466666667
6.460775 0.11041961920000001
6.475676 0.11009749373333334
6.490612 0.10977640226666668
6.505582 0.10945627586666667
6.520586 0.10913711453333333
6.535625 0.10881891826666668
6.550699 0.108501756
6.565807 0.10818548986666668
6.580951 0.10787018880000002
6.596129 0.10755592173333332
6.611342 0.10724413626666668
6.62659 0.10693717613333334
6.641874 0.10663111213333334
6.657193 0.1063260132
6.672547 0.10602181040000001
6.687936 0.10571850373333334
6.703361 0.1054160932
6.718822 0.10511464773333334
6.734318 0.10481402946666665
6.74985 0.10451437626666667
6.765418 0.10421734253333333
6.781022 0.10392520306666667
6.796661 0.10363395973333334
6.812337 0.1033435436
6.828049 0.10305402360000002
6.843797 0.10276533079999997
6.859582 0.10247753413333333
6.875403 0.10219056466666668
6.89126 0.10190442240000001
6.907154 0.10161910733333333
6.923084 0.10133627386666666
6.939052 0.10105805893333335
6.955056 0.10078060226666667
6.971097 0.10050397280000001
6.987175 0.10022817053333334
7.00329 0.09995312653333334
7.019443 0.0996788408
7.035632 0.0994054512
7.051859 0.09913275093333332
7.068124 0.09886087786666667
7.084425 0.09859141746666668
7.100765 0.09832650666666667
7.117142 0.0980622852
7.133557 0.09779882200000001
7.15001 0.09753611706666668
7.1665 0.09727417040000001
7.183029 0.097012982
7.199596 0.09675248293333333
7.216201 0.09649274213333335
7.232845 0.0962337596
7.249526 0.09597712080000001
7.266247 0.09572496266666668
7.283005 0.09547349386666668
7.299803 0.09522278333333334
7.316639 0.09497269320000001
7.333514 0.09472329239999999
7.350428 0.09447464986666666
7.367381 0.09422662773333335
7.384373 0.09397936386666667
7.401404 0.09373272040000001
7.418475 0.09348842066666666
7.435585 0.0932483948
7.452734 0.09300898933333335
7.469923 0.0927702732
7.487152 0.09253217746666668
7.50442 0.09229477106666666
7.521728 0.09205798506666667
7.539076 0.09182181946666666
7.556464 0.09158627426666667
7.573893 0.0913514184
7.591361 0.09111883733333333
7.60887 0.09089046120000002
7.626419 0.09066270546666665
7.644008 0.09043557013333335
7.661638 0.09020898626666668
7.679309 0.0899830228
7.69702 0.08975767973333335
7.714773 0.08953288813333335
7.732566 0.08930871693333334
7.7504 0.08908516613333332
7.768276 0.08886375226666668
7.786193 0.08864640546666666
7.804151 0.08842961013333334
7.82215 0.08821336626666668
7.840191 0.08799767386666665
7.858274 0.08778253293333334
7.876398 0.08756794346666666
7.894564 0.08735390546666667
7.912772 0.08714041893333334
7.931022 0.08692748386666667
7.949314 0.08671682360000002
7.967648 0.08651002360000001
7.986025 0.08630377506666667
8.004444 0.08609800906666666
8.022905 0.08589279453333334
8.041409 0.08568806253333333
8.059956 0.085483882
8.078545 0.08528025293333336
8.097177 0.08507703746666667
8.115853 0.08487437346666667
8.134571 0.08467398426666668
8.153332 0.08447745533333334
8.172137 0.08428140893333334
8.190985 0.08408584506666666
8.209877 0.08389076373333333
8.228812 0.08369616493333333
8.247791 0.08350204866666666
8.266814 0.08330841493333334
8.28588 0.08311526373333333
8.304991 0.08292252613333335
8.324145 0.08273199440000001
8.343344 0.08254511613333333
8.362587 0.0823587204
8.381874 0.08217280719999999
8.401206 0.08198730760000002
8.420583 0.0818022216
8.440004 0.0816175492
8.45947 0.08143335933333333
8.478981 0.081249652
8.498537 0.08106628933333335
8.518138 0.08088513253333335
8.537784 0.0807076292
8.557475 0.08053053946666668
8.577212 0.08035386333333333
8.596995 0.0801776008
8.616823 0.08000175186666666
8.636696 0.07982631653333333
8.656616 0.0796512948
8.676582 0.07947661773333335
8.696593 0.0793024232
8.716651 0.07913029666666667
8.736755 0.07896175466666668
8.756905 0.07879362626666667
8.777102 0.07862584253333334
8.797346 0.0784584724
8.817636 0.07829144693333333
8.837973 0.07812483506666666
8.858357 0.07795856786666666
8.878787 0.07779264533333333
8.899265 0.07762713639999999
8.919791 0.0774637644
8.940363 0.077303908
8.960983 0.07714446520000001
8.981651 0.07698536706666667
9.002366 0.07682661360000001
9.023129 0.07666813586666668
9.04394 0.07651007173333332
9.064799 0.07635235226666667
9.085706 0.07619490853333334
9.106661 0.07603780946666669
9.127664 0.07588284733333334
9.148716 0.07573133186666665
9.169817 0.07558009213333333
9.190966 0.07542919706666668
9.212164 0.07527864666666667
9.233411 0.07512830306666667
9.254707 0.07497837306666667
9.276052 0.0748287188
9.297446 0.07467934026666667
9.31889 0.0745303064
9.340383 0.07438340946666668
9.361925 0.07424002813333333
9.383517 0.07409692253333333
9.405159 0.07395409266666667
9.426851 0.07381153853333335
9.448593 0.07366932906666666
9.470386 0.07352732640000001
9.492228 0.07338559946666667
9.514121 0.0732442172
9.536064 0.07310304173333335
9.558058 0.07296407213333334
9.580103 0.0728285492
9.602198 0.07269323306666668
9.624345 0.0725582616
9.646542 0.07242342800000001
9.668791 0.07228893906666667
9.691091 0.07215465693333334
9.713442 0.07202065053333334
9.735845 0.07188691986666666
9.7583 0.07175339600000001
9.780807 0.07162207800000002
9.803365 0.07149406879999999
9.825975 0.07136633533333334
9.848638 0.07123880866666667
9.871353 0.07111155773333333
9.89412 0.07098451360000001
9.91694 0.07085767626666666
9.939812 0.07073104573333333
9.962737 0.07060469093333335
9.985715 0.07047854293333335
10.00875 0.07035473866666667
10.03183 0.07023445
10.05497 0.07011443706666667
10.07816 0.069994562
10.1014 0.06987489373333333
10.1247 0.06975543226666668
10.14805 0.06963624653333333
10.17146 0.06951719866666668
10.19492 0.06939835760000002
10.21843 0.0692796544
10.242 0.06916329493333334
10.26562 0.0690503132
10.2893 0.0689376072
10.31303 0.06882499770666667
10.33681 0.06871258812000001
10.36065 0.06860035776
10.38455 0.06848829973333334
10.4085 0.06837642093333335
10.43251 0.06826471446666667
10.45657 0.06815318033333333
10.48069 0.06804397614666667
10.50486 0.06793832892000001
10.52909 0.06783282645333334
10.55337 0.06772747564
10.57771 0.06762227648000001
10.60211 0.06751722897333334
10.62656 0.06741233312
10.65107 0.06730758892000001
10.67563 0.06720298948
10.70026 0.06709854169333333
10.72494 0.06699655482666668
10.74967 0.06689824899999999
10.77446 0.06680006725333333
10.79931 0.06670200958666667
10.82422 0.06660408289333333
10.84919 0.06650628028
10.87421 0.06640860174666666
10.89929 0.06631105418666666
10.92443 0.06621362381333333
10.94962 0.06611632441333334
10.97488 0.06602159622666667
11.00019 0.06593066626666667
11.02556 0.06583983970666667
11.05099 0.06574910965333333
11.07648 0.06565848299999999
11.10202 0.06556795974666665
11.12763 0.06547753299999999
11.15329 0.06538720276
11.17902 0.06529698281333333
11.2048 0.06520685248000001
11.23064 0.06511947948
11.25655 0.06503608393333334
11.28251 0.06495276421333333
11.30853 0.06486951342666666
11.33461 0.06478634536
11.36075 0.06470325312
11.38696 0.06462023670666667
11.41322 0.06453728922666668
11.43954 0.06445442446666666
11.46593 0.06437162864
11.49237 0.06429182452
11.51888 0.06421630116
11.54545 0.06414082605333334
11.57207 0.06406539230666666
11.59876 0.06399001370666667
11.62551 0.06391468336
11.65233 0.06383940126666666
11.6792 0.06376417432
11.70614 0.06368898873333334
11.73314 0.06361385140000002
11.7602 0.06354194704
11.78732 0.0634745716
11.81451 0.06340721684
11.84176 0.06333988965333333
11.86907 0.06327258314666667
11.89644 0.06320529732
11.92388 0.06313803217333333
11.95138 0.06307078770666667
11.97895 0.06300356392
12.00658 0.06293636770666668
12.03427 0.06287279049333333
12.06202 0.06281419026666667
12.08984 0.06275559003999999
12.11773 0.06269698292
12.14568 0.06263836201333334
12.17369 0.06257974110666667
12.20177 0.06252111330666667
12.22991 0.06246247172
12.25812 0.06240382324000001
12.28639 0.06234516786666667
12.31472 0.06229054509333334
12.34313 0.06224137494666666
12.37159 0.06219217033333333
12.40013 0.06214292436000001
12.42873 0.062093637026666676
12.45739 0.06204431522666667
12.48613 0.06199495206666666
12.51492 0.06194555444
12.54379 0.061896115453333324
12.57272 0.06184663510666667
12.60172 0.06180173882666667
12.63078 0.06176291557333334
12.65991 0.06172402338666666
12.68911 0.061685055373333346
12.71838 0.061646018426666664
12.74771 0.06160690565333334
12.77711 0.06156772394666667
12.80658 0.061528473306666664
12.83612 0.06148913994666666
12.86572 0.06144973765333333
12.8954 0.06141561565333333
12.92514 0.061388373200000006
12.95495 0.06136102045333334
12.98483 0.06133355741333334
13.01478 0.06130598408
13.04479 0.061278300453333344
13.07488 0.06125050653333333
13.10504 0.06122260232
13.13526 0.06119458781333333
13.16556 0.06116646301333334
13.19592 0.061144817946666666
13.22636 0.06113144488
13.25686 0.061117927053333326
13.28744 0.06110424378666666
13.31808 0.06109041576
13.3488 0.061076429186666656
13.37959 0.06106228406666667
13.41045 0.06104798729333334
13.44138 0.061033525080000005
13.47238 0.06101891121333333
13.50345 0.06101236254666667
13.53459 0.06101589193333333
13.56581 0.06101922141333334
13.5971 0.06102234409333333
13.62846 0.061025253079999994
13.65989 0.06102795526666666
13.6914 0.061030443760000004
13.72297 0.061032718560000004
13.75462 0.06103477966666667
13.78635 0.06103662018666667
13.81814 0.06104773913333333
13.85001 0.061070232079999995
13.88196 0.06109244929333334
13.91397 0.06111439077333333
13.94607 0.06113606341333333
13.97823 0.06115745342666666
14.01047 0.06117857460000001
14.04278 0.061199406253333324
14.07517 0.061219962173333344
14.10763 0.06124022857333333
14.14017 0.06127288918666667
14.17279 0.0613204394
14.20547 0.06136763116
14.23824 0.06141445757333334
14.27108 0.06146092553333334
14.30399 0.061507021253333335
14.33698 0.06155275162666667
14.37005 0.061598109760000005
14.40319 0.061643081866666664
14.43641 0.061687674840000005
14.46971 0.06174877045333333
14.50308 0.06182927769333333
14.53653 0.061909302400000005
14.57006 0.061988837680000006
14.60366 0.06206786974666667
14.63734 0.06214639170666667
14.6711 0.06222441045333334
14.70494 0.06230190530666667
14.73885 0.062378876266666675
14.77285 0.06245531643999999
14.80692 0.06255139572
14.84107 0.06267011270666667
14.8753 0.06278814036000001
14.90961 0.06290547178666667
14.944 0.0630220932
14.97846 0.06313799081333335
15.01301 0.06325315773333333
15.04763 0.06336757327999999
15.08234 0.06348122366666667
15.11713 0.063594102
15.15199 0.06373769702666668
15.18694 0.06391587590666667
15.22196 0.06409291738666666
15.25707 0.06426880768000001
15.29226 0.06444350542666666
15.32753 0.06461697616
15.36288 0.06478919230666666
15.39832 0.06496012629333332
15.43383 0.06512973676
15.46943 0.06529799613333334
15.50511 0.06549890233333333
15.54087 0.06573564697333334
15.57671 0.06597029604
15.61264 0.06620275991999999
15.64864 0.06643297657333333
15.68474 0.06666087706666667
15.72091 0.06688637178666668
15.75717 0.0671093918
15.79351 0.06732985438666668
15.82994 0.06754768371999999
15.86645 0.06780503942666667
15.90304 0.06810367930666666
15.93972 0.06839694928000001
15.97648 0.06868462876
16.01333 0.06896649026666667
16.05027 0.06924236146666668
16.08728 0.06951189079999999
16.12439 0.06977494040000001
16.16158 0.07003130346666667
16.19885 0.07028063533333334
16.23621 0.07052066120000001
16.27366 0.07074614213333334
16.31119 0.07095728493333335
16.34881 0.07115340026666667
16.38652 0.07133407453333333
16.42431 0.07149875626666667
16.46219 0.071646894
16.50016 0.07177786733333336
16.53822 0.07189119373333334
16.57636 0.07198639066666666
16.61459 0.07185838146666668
16.65291 0.07149165613333335
16.69132 0.07109694386666666
16.72982 0.0706741068
16.7684 0.07022307600000001
16.80708 0.06974385146666666
16.84584 0.0692364332
16.8847 0.06870093149333334
16.92364 0.06813747732000001
16.96267 0.06754629126666668
17.00179 0.06631217090666666
17.04101 0.06446765277333334
17.08031 0.06265850433333332
17.1197 0.06088537356000001
17.15919 0.059148798133333326
17.19876 0.05744918476000001
17.23843 0.05578684364
17.27819 0.054161974679999995
17.31804 0.05257468817333333
17.35798 0.05102499101333333
17.39802 0.049460638626666664
17.43814 0.04785572586666667
17.47836 0.046257030893333335
17.51867 0.044668055520000007
17.55908 0.043092080973333335
17.59958 0.04153217478666667
17.64017 0.03999119080000001
17.68085 0.038471769159999995
17.72163 0.03697634321333333
17.76251 0.03550713261333333
17.80347 0.03453491066666667
17.84453 0.03399483868
17.88569 0.03341206249333333
17.92694 0.032791593560000006
17.96829 0.032138284786666665
18.00973 0.03145680985333334
18.05127 0.03075165632
18.0929 0.030027049800000004
18.13463 0.029286981533333336
18.17646 0.02853517392
18.21838 0.02816073494666667
18.2604 0.02815136690666667
18.30251 0.02813592584
18.34473 0.028114501360000006
18.38704 0.028087210653333337
18.42944 0.028054164013333337
18.47195 0.02801546484
18.51455 0.027971237213333333
18.55726 0.027921591426666663
18.60006 0.02786664466666667
18.64295 0.027899822280000007
18.68595 0.028019504333333334
18.72905 0.028138772786666665
18.77225 0.02825762764
18.81554 0.028376041320000003
18.85894 0.028493986253333332
18.90243 0.028611455546666668
18.94603 0.028728421626666667
18.98973 0.028844863813333333
19.03353 0.028960761426666665
19.07742 0.029090790373333335
19.12142 0.029234509479999997
19.16553 0.029378545679999996
19.20973 0.029522892079999998
19.25403 0.029667541786666664
19.29844 0.029812494800000002
19.34295 0.02995775112
19.38756 0.030103290066666667
19.43228 0.030249118533333338
19.4771 0.03039522962666667
19.52202 0.03053464729333334
19.56704 0.030667971253333332
19.61217 0.030801515799999995
19.65741 0.030935287826666668
19.70275 0.03106926665333333
19.74819 0.031203466066666664
19.79373 0.031337872280000005
19.83939 0.03147248529333333
19.88514 0.03160730510666667
19.93101 0.03174232482666667
19.97698 0.03186736989333334
20.02305 0.03198346052
20.06923 0.03209957872
20.11552 0.03221573138666667
20.16191 0.03233190473333333
20.20841 0.03244810565333334
20.25502 0.03256432036
20.30174 0.03268054885333334
20.34856 0.03279678424
20.39549 0.03291302652
20.44253 0.033020989906666666
20.48968 0.03312162568
20.53694 0.03322213048
20.58431 0.03332249052
20.63178 0.033422705799999994
20.67937 0.03352276253333333
20.72706 0.03362266761333334
20.77487 0.03372240725333333
20.82278 0.033821974559999995
20.87081 0.033921369533333336
20.91894 0.03401628384000001
20.96719 0.034107268946666665
21.01555 0.034197978319999996
21.06402 0.034288405066666666
21.1126 0.03437853540000001
21.1613 0.034468369320000004
21.2101 0.03455789304
21.25902 0.03464709966666667
21.30805 0.034735989200000005
21.3572 0.03482454785333334
21.40646 0.034911169480000004
21.45583 0.034996047093333336
21.50531 0.035080497319999994
21.55491 0.03516449948
21.60463 0.035248053573333334
21.65445 0.03533114581333333
21.7044 0.03541376930666667
21.75446 0.03549591026666667
21.80463 0.03557756869333333
21.85492 0.035658723906666676
21.90533 0.03574017553333334
21.95585 0.0358216892
22.00649 0.035902575573333345
22.05724 0.03598282086666667
22.10812 0.03606241129333333
22.15911 0.03614133996
22.21021 0.03621958618666667
22.26144 0.036297143080000004
22.31278 0.03637399685333334
22.36425 0.03645013372
22.41583 0.03652822140000001
22.46753 0.03660760502666667
22.51935 0.03668608562666666
22.57128 0.036763635626666666
22.62334 0.03684024813333333
22.67552 0.036915902466666664
22.72782 0.03699057105333333
22.78024 0.037064247
22.83278 0.037136909626666666
22.88544 0.03720854514666667
22.93822 0.03728284149333334
22.99113 0.03735881292
23.04415 0.037433447040000005
23.0973 0.03750672317333333
23.15057 0.03757860685333333
23.20397 0.037649084293333336
23.25749 0.03771812102666667
23.31113 0.037785689479999995
23.36489 0.03785176897333333
23.41878 0.03791633193333333
23.47279 0.03798244589333333
23.52693 0.03804906996
23.58119 0.03811367428
23.63558 0.03817622438666667
23.69009 0.03823668581333334
23.74473 0.03829502409333334
23.7995 0.03835119097333333
23.85439 0.03840515888
23.9094 0.03845687956
23.96455 0.03850632544
24.01982 0.03855266242666667
24.07522 0.03859552517333334
24.13075 0.03863531349333334
24.1864 0.03867197913333333
24.24219 0.03870546694666667
24.2981 0.03873572178666667
24.35414 0.03876268850666667
24.41031 0.038786318853333335
24.46661 0.03880657146666666
24.52304 0.03882337741333333
24.5796 0.03882601066666667
24.63629 0.03881643582666666
24.69311 0.03880231138666667
24.75006 0.03878356841333333
24.80714 0.03876015865333334
24.86436 0.038732013173333336
24.92171 0.03869908372
24.97919 0.03866130825333333
25.0368 0.038618631626666663
25.09454 0.038571005586666665
25.15242 0.038488981813333344
25.21043 0.038379881026666667
25.26858 0.03826480372
25.32686 0.038143708533333334
25.38527 0.038016588573333336
25.44382 0.03788341626666667
25.5025 0.037744170933333335
25.56132 0.037598838786666665
25.62027 0.03744742672
25.67936 0.03728991405333333
25.73859 0.03706722492
25.79795 0.036796799453333334
25.85745 0.03652080417333334
25.91709 0.036239349373333334
25.97687 0.03595252466666666
26.03678 0.03566042656
26.09683 0.035363172240000004
26.15702 0.035060872
26.21735 0.03475364992
26.27782 0.03444163008
26.33842 0.03400941808
26.39917 0.03349716069333333
26.46006 0.03298679208
26.52108 0.032478498360000004
26.58225 0.031972472546666665
26.64356 0.03146890076
26.70501 0.03096797601333333
26.7666 0.030469856853333335
26.82834 0.029974722506666666
26.89022 0.02948274530666667
26.95223 0.028889146586666664
27.0144 0.028235720626666665
27.0767 0.02759600550666666
27.13915 0.026969808213333335
27.20175 0.026356915053333336
27.26448 0.025757126119999998
27.32737 0.02517022772
27.39039 0.024596006160000003
27.45357 0.024034261533333337
27.51689 0.023484773253333334
27.58035 0.022933782226666668
27.64396 0.022383990640000004
27.70772 0.02184393244
27.77162 0.02131352490666667
27.83568 0.020792657746666665
27.89988 0.02028123445333333
27.96422 0.019779165413333334
28.02872 0.019286361013333336
28.09337 0.018802731640000004
28.15816 0.018328173893333334
28.2231 0.01793563302666667
28.2882 0.01758965662666667
28.35344 0.017240461040000002
28.41884 0.016888618413333337
28.48438 0.016534659533333333
28.55008 0.01617914276
28.61592 0.015822578200000003
28.68192 0.015465475959999999
28.74808 0.015108339253333335
28.81438 0.014751636826666666
28.88084 0.014487436039999997
28.94745 0.014273887466666666
29.01421 0.01405080541333333
29.08113 0.013819037760000001
29.1482 0.013579439280000001
29.21543 0.013332850959999996
29.28281 0.013080100000000002
29.35035 0.01282199292
29.41804 0.012559308666666666
29.48589 0.012292812400000002
29.5539 0.012141028093333336
29.62206 0.01205798410666667
29.69038 0.011969473706666667
29.75886 0.011875772626666668
29.8275 0.011777170386666667
29.89629 0.01167395650666667
29.96524 0.0115664274
30.03435 0.011454851906666666
30.10362 0.011339512653333333
30.17306 0.011220685373333334
30.24265 0.011158562653333332
30.3124 0.011131437386666668
30.38231 0.011102830053333334
30.45238 0.011072788906666669
30.52262 0.011041334626666668
30.59302 0.011008515466666669
30.66358 0.010974359
30.7343 0.010938906586666667
30.80518 0.010902192693333333
30.87623 0.010864244893333333
30.94744 0.01084781808
31.01882 0.010844398986666668
31.09036 0.010840456
31.16207 0.010835996013333335
31.23394 0.01083102592
31.30598 0.010825552613333332
31.37818 0.0108195692
31.45055 0.010813082573333334
31.52309 0.010806099626666666
31.5958 0.010798627253333333
31.66867 0.010804810573333334
31.74171 0.01081911424
31.81492 0.01083329382666667
31.88829 0.010847342440000001
31.96184 0.01086126008
32.03556 0.010875039853333334
32.10944 0.010888688653333334
32.1835 0.010902199586666666
32.25773 0.010915579546666667
32.33213 0.010928814746666666
32.4067 0.01094648236
32.48144 0.010966748759999999
32.55636 0.010987015159999999
32.63144 0.01100728156
32.70671 0.01102754796
32.78214 0.011047814360000002
32.85775 0.011068073866666668
32.93353 0.011088340266666668
33.00949 0.011108599773333333
33.08562 0.011128852386666666
33.16193 0.011147747013333336
33.23841 0.01116587648
33.31508 0.011184012840000002
33.39191 0.0112021492
33.46893 0.011220285560000001
33.54612 0.011238428813333333
33.62349 0.011256572066666668
33.70104 0.01127471532
33.77877 0.011292865466666668
33.85667 0.011311015613333333
33.93476 0.011327752626666668
34.01303 0.011343710693333333
34.09148 0.011359654973333336
34.1701 0.011375599253333334
34.24891 0.01139153664
34.32791 0.01140746024
34.40708 0.01142338384
34.48644 0.011439300546666666
34.56597 0.01145521036
34.6457 0.01147111328
34.7256 0.01148376944
34.80569 0.011494647120000001
34.88597 0.011505511013333334
34.96643 0.011516347333333335
35.04708 0.011527162973333335
35.12791 0.011537951040000003
35.20893 0.011548718426666668
35.29013 0.011559465133333332
35.37153 0.011570184266666669
35.45311 0.011580875826666667
35.53488 0.011588513639999999
35.61683 0.011594524626666665
35.69898 0.011600494253333333
35.78132 0.011606436306666667
35.86384 0.011612343893333335
35.94656 0.011618217013333333
36.02946 0.01162406256
36.11256 0.011629866746666667
36.19585 0.011635643360000001
36.27933 0.011641385506666666
36.36301 0.011645328493333336
36.44688 0.0116483202
36.53094 0.011651277440000002
36.61519 0.011654200213333332
36.69964 0.011657081626666668
36.78428 0.011659928573333332
36.86912 0.011662741053333335
36.95416 0.011665512173333335
37.03939 0.011668241933333332
37.12482 0.011670944120000002
37.21044 0.011670227213333334
37.29626 0.011667773186666668
37.38228 0.011665284693333331
37.4685 0.011662754840000001
37.55492 0.011660183626666666
37.64153 0.011657577946666666
37.72835 0.011654930906666668
37.81537 0.011652242506666665
37.90258 0.011649519640000001
37.99 0.011646755413333335
38.07762 0.011642316106666668
38.16544 0.011637035813333333
38.25347 0.011631721053333334
38.3417 0.011626371826666667
38.43013 0.01162098124
38.51876 0.011615556186666666
38.6076 0.011610089773333334
38.69665 0.011604588893333333
38.7859 0.011599053546666668
38.87535 0.01159347684
38.96501 0.011586169906666667
39.05488 0.011578021986666666
39.14496 0.011569832706666667
39.23524 0.011561615853333334
39.32573 0.011553364533333334
39.41643 0.011545078746666668
39.50734 0.011536758493333332
39.59846 0.011528403773333336
39.68979 0.011520014586666669
39.78133 0.011511590933333335
39.87308 0.01150099588
39.96505 0.011489359933333334
40.05722 0.011477703306666668
40.14961 0.011466012213333335
40.24221 0.01145430044
40.33502 0.011442554199999998
40.42805 0.01143078728
40.5213 0.011418992786666669
40.61475 0.01140717072
40.70843 0.011395314186666667
40.80232 0.011382761426666667
40.89642 0.011369864000000002
40.99075 0.011356945893333333
41.08529 0.011344000213333334
41.18005 0.011331033853333334
41.27502 0.011318046813333335
41.37022 0.0113050322
41.46564 0.011291990013333334
41.56127 0.01127893404
41.65713 0.011265850493333332
41.75321 0.01125060244
41.84951 0.011234382426666668
41.94603 0.011218141733333334
42.04277 0.011201894146666667
42.13974 0.011185625880000001
42.23693 0.01116935072
42.33434 0.011153061773333335
42.43198 0.011136759040000001
42.52985 0.011120442520000001
42.62794 0.01110410532
42.72625 0.011087368306666668
42.8248 0.011070438280000003
42.92357 0.011053501359999999
43.02257 0.011036550653333334
43.12179 0.011019593053333334
43.22125 0.011002621666666667
43.32094 0.010985643386666667
43.42085 0.01096865132
43.521 0.01095165236
43.62137 0.010934639613333332
43.72198 0.010916137906666666
43.82282 0.01089699512
43.92389 0.010877845439999999
44.0252 0.010858702653333333
44.12674 0.010839552973333333
44.22851 0.010820403293333333
44.33052 0.010801253613333334
44.43276 0.010782103933333334
44.53524 0.010762947360000002
44.63796 0.01074379768
44.74091 0.010724206826666667
44.8441 0.01070444364
44.94753 0.010684680453333335
45.0512 0.010664917266666667
45.1551 0.010645160973333333
45.25925 0.01062540468
45.36363 0.010605648386666668
45.46826 0.010585898986666667
45.57313 0.010566149586666665
45.67824 0.01054640708
45.78359 0.01052554096
45.88918 0.010504226773333333
45.99502 0.010482926373333335
46.10111 0.010461632866666667
46.20743 0.010440346253333333
46.314 0.01041908032
46.42082 0.010397814386666664
46.52789 0.01037656224
46.6352 0.01035532388
46.74276 0.010334092413333334
46.85057 0.01031253696
46.95862 0.010290864320000002
47.06693 0.010269205466666669
47.17548 0.010247560400000001
47.28429 0.010225929120000001
47.39334 0.010204304733333334
47.50265 0.010182701026666666
47.61221 0.010161111106666667
47.72202 0.010139534973333334
47.83209 0.010117972626666668
47.94241 0.010095472786666667
48.05298 0.010072621386666668
48.16381 0.010049790666666667
48.2749 0.010026980626666668
48.38624 0.010004191266666667
48.49783 0.009981422586666669
48.60969 0.00995868148
48.7218 0.00993595416
48.83417 0.009913247520000001
48.9468 0.009890568453333333
49.05969 0.00986775152
49.17285 0.009844893226666667
49.28626 0.009822062506666668
49.39993 0.009799252466666667
49.51387 0.009776469999999999
49.62807 0.009753708213333335
49.74253 0.009730967106666665
49.85725 0.009708253573333334
49.97224 0.009685560720000002
50.0875 0.009662888546666666
50.20302 0.009639340920000001
50.31881 0.0096154762
50.43486 0.009591645946666666
50.55119 0.009567843266666667
50.66778 0.009544075053333333
50.78464 0.009520334413333333
50.90177 0.009496621346666666
51.01917 0.00947294964
51.13684 0.009449298613333332
51.25478 0.009425682053333334
51.37299 0.0094020586
51.49148 0.009378448933333334
51.61024 0.009354873733333335
51.72927 0.009331333
51.84858 0.009307826733333333
51.96816 0.009284348040000001
52.08802 0.00926089692
52.20816 0.00923748716
52.32857 0.009214104973333333
52.44926 0.009190750360000001
52.57023 0.009166671946666668
52.69147 0.009142366053333335
52.813 0.009118101520000001
52.93481 0.009093864560000001
53.0569 0.009069675853333332
53.17927 0.009045521613333336
53.30192 0.009021408733333335
53.42486 0.00899733032
53.54807 0.008973286373333332
53.67158 0.008949290680000001
53.79536 0.008925198479999999
53.91944 0.00890110628
54.0438 0.00887705544
54.16844 0.00885304596
54.29338 0.008829070946666667
54.4186 0.008805137293333333
54.54411 0.008781251893333335
54.66991 0.008757394066666667
54.796 0.008733584493333333
54.92238 0.00870981628
55.04905 0.008685675826666666
55.17602 0.008661452653333334
55.30328 0.00863727084
55.43083 0.008613130386666668
55.55867 0.008589038186666667
55.68681 0.008564987346666667
55.81525 0.008540977866666667
55.94398 0.008517009746666667
56.07301 0.00849308988
56.20233 0.008469211373333334
56.33196 0.00844502956
56.46188 0.008420785706666666
56.59211 0.008396583213333333
56.72263 0.008372435866666667
56.85345 0.00834832988
56.98458 0.008324265253333334
57.11601 0.008300255773333334
57.24774 0.008276287653333334
57.37978 0.008252367786666668
57.51212 0.008228496173333332
57.64476 0.008204631453333333
57.77771 0.008180808093333334
57.91097 0.008157032986666667
58.04454 0.008133306133333334
58.17841 0.008109627533333334
58.31259 0.008085990293333333
58.44709 0.008062408200000001
58.58189 0.008038867466666667
58.717 0.008015374986666665
58.85243 0.00799193076
58.98816 0.007967921280000002
59.12421 0.007943780826666667
59.26058 0.007919688626666668
59.39725 0.007895651573333334
59.53425 0.007871662773333333
59.67156 0.00784772912
59.80918 0.00782384372
59.94713 0.007800013466666667
60.08539 0.007776231466666667
60.22397 0.007752504613333334
60.36287 0.007728839800000001
60.50209 0.0077052301333333335
60.64163 0.00768166872
60.78149 0.007658162453333334
60.92168 0.007634704440000001
61.06219 0.007611301573333333
61.20302 0.0075879469599999996
61.34418 0.007564654386666666
61.48566 0.007541403173333332
61.62747 0.007518207106666666
61.76961 0.0074948387066666655
61.91208 0.007471449626666667
62.05487 0.007448115693333334
62.19799 0.007424836906666667
62.34145 0.007401613266666668
62.48523 0.0073784447733333345
62.62934 0.007355324533333332
62.77379 0.0073322663333333345
62.91857 0.007309256386666667
63.06369 0.007286301586666666
63.20914 0.00726308484
63.35492 0.007239833626666667
63.50104 0.007216630666666666
63.6475 0.00719349664
63.7943 0.007170410866666666
63.94143 0.007147387133333334
64.08891 0.0071244116533333325
64.23672 0.007101498213333334
64.38488 0.007078639919999999
64.53337 0.007055836773333333
64.68221 0.007033116346666667
64.8314 0.007010451066666666
64.98092 0.006987847826666667
65.13079 0.006965299733333334
65.28101 0.006942806786666665
65.43158 0.006920368986666668
65.58249 0.006897993226666667
65.73374 0.006875666409333332
65.88535 0.006853397496000001
66.03731 0.006831183729333334
66.18962 0.006808723181333334
66.34228 0.006786239885333332
66.49529 0.0067638144933333325
66.64865 0.006741447694666667
66.80237 0.006719138800000001
66.95644 0.006696887809333333
67.11087 0.006674694722666666
67.26566 0.00665255954
67.4208 0.006630481572000001
67.5763 0.006608461508000001
67.73215 0.006586326325333333
67.88837 0.006564204929333333
68.04495 0.006542142816000001
68.20189 0.0065201399853333335
68.35919 0.006498196437333334
68.51685 0.006476310793333333
68.67488 0.006454485121333333
68.83327 0.006432717353333332
68.99202 0.0064110081786666676
69.15115 0.006389357597333333
69.31064 0.006367797318666667
69.47049 0.006346303905333334
69.63072 0.006324868395999999
69.79132 0.00630349148
69.95228 0.006282172467999999
70.11362 0.00626091136
70.27533 0.006239708845333334
70.43741 0.006218563545333334
70.59987 0.006197476838666667
70.7627 0.006176447346666667
70.9259 0.006155206918666668
71.08949 0.006133960976
71.25345 0.006112775005333334
71.41779 0.006091649006666667
71.5825 0.00607058298
71.7476 0.006049576236000001
71.91308 0.006028628774666666
72.07894 0.006007740596
72.24518 0.005986911700000002
72.41181 0.005966141397333334
72.57882 0.005945280792
72.74621 0.005924445002666668
72.91399 0.005903669185333332
73.08216 0.005882954029333334
73.25072 0.005862298845333334
73.41966 0.005841703633333333
73.589 0.005821168393333333
73.75872 0.0058006924360000005
73.92884 0.0057802764506666654
74.09935 0.005759919748
74.27025 0.0057396636880000015
74.44155 0.005719475872
74.61324 0.005699347338666666
74.78533 0.005679278088000001
74.95781 0.005659268120000001
75.13069 0.005639316056000001
75.30397 0.005619423274666666
75.47765 0.005599589086666666
75.65173 0.005579812802666667
75.82622 0.005560095112
76.0011 0.005540291254666667
76.17639 0.00552051566
76.35208 0.005500799348
76.52818 0.0054811423186666665
76.70469 0.005461544572000001
76.8816 0.005442006108000001
77.05892 0.005422526237333335
77.23664 0.005403104960000001
77.41478 0.005383742276000001
77.59333 0.005364438185333334
77.77229 0.005344965208
77.95166 0.005325503949333334
78.13145 0.005306102662666667
78.31165 0.005286761348
78.49227 0.005267480005333334
78.6733 0.005248259324
78.85476 0.005229097925333334
79.03663 0.005209995809333333
79.21892 0.005190952976
79.40163 0.0051719701146666665
79.58476 0.0051530906533333335
79.76831 0.005134278746666667
79.95229 0.005115526122666668
80.13669 0.0050968320919999996
80.32152 0.005078197344000001
80.50677 0.005059619810666667
80.69245 0.0050411015600000005
80.87856 0.005022641213333333
81.0651 0.005004238770666666
81.25206 0.004985894232000001
81.43946 0.004967651714666667
81.62729 0.004949476062666667
81.81556 0.004931357625333334
82.00426 0.004913296402666667
82.19339 0.004895292394666667
82.38296 0.004877344912
82.57297 0.004859454644
82.76341 0.004841620901333333
82.9543 0.004823843684
83.14562 0.004806122992000001
83.33739 0.004788111401333333
83.5296 0.004770092228
83.72225 0.004752132337333333
83.91535 0.00473423104
84.10889 0.004716388336000001
84.30288 0.004698604225333333
84.49731 0.004680878708
84.6922 0.004663211784
84.88753 0.004645602764000001
85.08332 0.004628052337333334
85.27955 0.004610572912
85.47624 0.004593154148
85.67338 0.0045757932880000005
85.87098 0.004558490332
86.06903 0.004541243901333334
86.26754 0.004524055374666667
86.4665 0.004506924062666667
86.66593 0.004489849276
86.86582 0.004472831014666667
87.06616 0.004455869968
87.26697 0.004439014389333333
87.46824 0.004422223608
87.66998 0.004405488662666667
87.87218 0.004388810242666666
88.07485 0.004372186969333333
88.27798 0.004355618842666667
88.48159 0.0043391072413333336
88.68566 0.004322650097333334
88.8902 0.0043062481
89.09522 0.004289901249333333
89.30071 0.004273598516
89.50667 0.0042573495506666665
89.71311 0.004241155042666667
89.92002 0.004225014992
90.12741 0.004208930088
90.33528 0.004192898952
90.54363 0.004176922273333333
90.75246 0.004160999362666667
90.96177 0.004145130909333334
91.17157 0.0041293155346666666
91.38184 0.004113258893333333
91.5926 0.0040972098346666675
91.80385 0.0040812166120000005
92.01559 0.004065279225333333
92.22781 0.004049397674666667
92.44053 0.004033571270666667
92.65373 0.004017800013333334
92.86743 0.004002084592
93.08162 0.003986423628
93.2963 0.003970817121333333
93.51148 0.003955316772
93.72715 0.003939878462666667
93.94332 0.003924493921333334
94.15999 0.003909163837333333
94.37716 0.0038938868319999998
94.59483 0.0038786642839999993
94.81301 0.003863494814666667
95.03168 0.003848378424
95.25086 0.0038333158013333325
95.47055 0.0038183055680000005
95.69074 0.0038033973559999995
95.91144 0.0037885491160000004
96.13265 0.0037737532653333333
96.35437 0.0037590091146666674
96.5766 0.003744317353333334
96.79934 0.0037296772920000004
97.0226 0.0037150889306666666
97.24637 0.0037005522693333336
97.47066 0.0036860666186666665
97.69547 0.003671632668
97.92079 0.003657296602666667
98.14664 0.003643018441333333
98.373 0.0036287906013333327
98.59989 0.0036146130826666665
98.8273 0.003600485885333333
99.05523 0.0035864090093333328
99.28369 0.0035723817653333335
99.51268 0.0035584041533333337
99.74219 0.0035444761733333333
99.97224 0.0035305978253333333
100.2028 0.0035164396080000003
100.4339 0.003502287594666666
100.6656 0.0034881879706666666
100.8977 0.0034741407360000007
101.1304 0.0034601445119999998
101.3637 0.0034461992986666665
101.5975 0.003432305785333333
101.8318 0.003418463972
102.0667 0.0034046724800000003
102.3021 0.0033909313093333335
102.538 0.00337729216
102.7745 0.0033637102253333342
103.0116 0.0033501779226666663
103.2491 0.0033366959413333327
103.4873 0.0033232629026666667
103.726 0.0033098801853333336
103.9652 0.003296546410666667
104.205 0.0032832615786666667
104.4453 0.0032700263786666667
104.6862 0.0032568394320000005
104.9276 0.0032437496813333333
105.1696 0.003230713698666667
105.4122 0.0032177259693333335
105.6553 0.0032047864933333337
105.899 0.0031918945813333333
106.1433 0.0031790502333333332
106.3881 0.003166253449333334
106.6334 0.0031535042293333337
106.8794 0.0031408018840000003
107.1259 0.003128147102666667
107.373 0.003115585381333333
107.6206 0.0031030753599999997
107.8688 0.0030906122133333336
108.1176 0.0030781952520000004
108.367 0.0030658237866666668
108.6169 0.0030534985066666665
108.8674 0.0030412187226666666
109.1185 0.003028985124
109.3702 0.0030167963320000004
109.6224 0.0030046530359999998
109.8753 0.0029924477000000003
110.1287 0.0029802761413333335
110.3827 0.002968150768
110.6373 0.002956070890666667
110.8924 0.0029440365093333335
111.1482 0.0029320483133333337
111.4046 0.002920104234666667
111.6615 0.002908205652
111.919 0.002896351876
112.1772 0.0028845435960000005
112.4359 0.0028726270906666664
112.6952 0.002860740226666667
112.9551 0.002848899548
113.2156 0.0028371043653333335
113.4768 0.002825353989333333
113.7385 0.0028136497986666663
114.0008 0.0028019897253333337
114.2637 0.0027903751479999997
114.5273 0.002778805377333333
114.7914 0.0027672804133333337
115.0562 0.002755847130666667
115.3215 0.0027444621013333332
115.5875 0.0027331211893333335
115.8541 0.0027218243946666664
116.1213 0.0027105703386666666
116.3891 0.0026993604
116.6576 0.0026881932
116.9266 0.0026770694280000003
117.1963 0.0026659890840000002
117.4666 0.0026549507893333336
117.7375 0.00264400004
118.0091 0.002633096165333333
118.2813 0.0026222336506666667
118.5541 0.0026114131853333332
118.8275 0.0026006347693333337
119.1016 0.0025898984026666667
119.3763 0.002579202706666667
119.6516 0.00256854906
119.9275 0.0025579360840000003
120.2041 0.0025473644680000006
120.4814 0.002536876950666667
120.7593 0.0025264328613333335
121.0378 0.002516030132
121.3169 0.0025056666946666668
121.5967 0.002495343928
121.8772 0.002485061142666667
122.1583 0.0024748176493333334
122.44 0.002464614137333334
122.7224 0.0024544499173333335
123.0055 0.0024443249893333335
123.2892 0.0024341773133333333
123.5735 0.0024240634146666666
123.8585 0.0024139901866666665
124.1442 0.0024039555613333333
124.4305 0.0023939602280000005
124.7175 0.0023840041866666673
125.0052 0.002374087437333333
125.2935 0.002364208601333333
125.5824 0.0023543697466666667
125.8721 0.0023445688053333334
126.1624 0.002334626550666667
126.4534 0.002324710490666667
126.745 0.0023148351013333335
127.0374 0.002304998314666667
127.3304 0.0022952015093333335
127.624 0.0022854439959999998
127.9184 0.002275725774666667
128.2134 0.0022660468453333336
128.5091 0.0022564065186666668
128.8055 0.002246804794666667
129.1026 0.002237284412
129.4003 0.0022278047
129.6988 0.0022183635906666667
129.9979 0.002208960394666667
130.2978 0.0021995951120000004
130.5983 0.0021902670533333335
130.8995 0.0021809762186666666
131.2014 0.0021717232973333337
131.504 0.0021625076
131.8073 0.0021533284373333335
132.1113 0.0021442278586666667
132.416 0.0021351658826666664
132.7214 0.0021261404413333335
133.0275 0.0021171515346666667
133.3343 0.0021081984733333334
133.6418 0.002099281257333333
133.9501 0.002090399886666667
134.259 0.0020815543613333333
134.5687 0.002072744681333333
134.879 0.002063969468
135.1901 0.002055269392
135.5019 0.0020466065400000003
135.8144 0.0020379774653333333
136.1277 0.002029384236
136.4416 0.002020824784
136.7563 0.002012299798666667
137.0717 0.0020038085906666668
137.3879 0.0019953518493333335
137.7048 0.0019869288853333333
138.0224 0.001978540388
138.3407 0.0019702222026666666
138.6598 0.001961939173333333
138.9796 0.001953689232
139.3001 0.0019454723786666666
139.6214 0.0019372886133333337
139.9434 0.0019291379360000002
140.2662 0.0019210196573333335
140.5897 0.0019129337773333335
140.9139 0.0019048809853333337
141.2389 0.0018968599026666668
141.5647 0.0018887519640000002
141.8912 0.0018806709093333335
142.2185 0.0018726229426666667
142.5465 0.0018646080640000002
142.8752 0.0018566262733333333
143.2048 0.0018486768813333336
143.535 0.001840759888
143.8661 0.0018328759826666667
144.1979 0.0018250237866666668
144.5305 0.0018172033
144.8638 0.0018093104333333334
145.1979 0.0018014458293333332
145.5328 0.0017936136239999998
145.8685 0.0017858138173333332
146.2049 0.001778047098666667
146.5421 0.0017703127786666667
146.8801 0.0017626101680000002
147.2189 0.001754939956
147.5584 0.001747301453333333
147.8987 0.0017396953493333332
148.2398 0.0017321574893333332
148.5817 0.001724652717333333
148.9244 0.0017171789653333332
149.2679 0.0017097362333333335
149.6122 0.0017023245213333333
149.9572 0.0016949431400000003
150.3031 0.0016875934679999997
150.6498 0.0016802734373333333
150.9972 0.0016729844266666664
151.3455 0.0016657257466666665
151.6945 0.0016585325533333333
152.0444 0.0016513703800000003
152.3951 0.0016442385373333335
152.7466 0.0016371356466666665
153.0989 0.0016300623973333334
153.452 0.0016230187893333334
153.8059 0.0016160041333333336
154.1606 0.0016090184293333335
154.5162 0.0016020623666666667
154.8726 0.0015951352560000002
155.2298 0.001588269496
155.5878 0.0015814340666666668
155.9466 0.0015746262106666668
156.3063 0.0015678473066666665
156.6668 0.001561095976
157.0281 0.0015543729079999999
157.3903 0.0015476774133333336
157.7533 0.001541009492
158.1171 0.0015343698333333334
158.4818 0.001527757748
158.8473 0.001521204256
159.2137 0.0015146783373333333
159.5809 0.0015081793026666668
159.949 0.0015017078413333332
160.3179 0.001495262574666667
160.6876 0.0014888441920000001
161.0582 0.0014824520040000004
161.4297 0.0014760867000000004
161.802 0.0014697475906666668
162.1752 0.0014634353653333334
162.5493 0.001457178976
162.9242 0.0014509487813333336
163.2999 0.0014447447813333335
163.6766 0.0014385662866666668
164.0541 0.0014324132973333333
164.4324 0.001426285124
164.8117 0.0014201831453333335
165.1918 0.0014141059826666667
165.5728 0.0014080543253333331
165.9547 0.001402026794666667
166.3374 0.0013958338240000001
166.7211 0.0013896649799999999
167.1056 0.0013835230200000001
167.491 0.0013774065653333334
167.8773 0.0013713163053333333
168.2645 0.0013652529293333336
168.6526 0.0013592150586666666
169.0416 0.0013532026933333334
169.4314 0.001347216522666667
169.8222 0.0013412558573333332
170.2139 0.0013353041533333335
170.6065 0.001329378644
170.9999 0.00132347864
171.3943 0.001317603452
171.7896 0.0013117537693333333
172.1859 0.0013059295920000002
172.583 0.0013001302306666668
172.981 0.0012943556853333333
173.38 0.001288605956
173.7799 0.0012828810426666667
174.1807 0.001277211276
174.5824 0.0012715663253333332
174.9851 0.0012659448120000002
175.3886 0.0012603481146666667
175.7932 0.001254775544
176.1986 0.0012492264106666667
176.605 0.0012437007146666667
177.0123 0.0012381998346666667
177.4206 0.0012327217026666666
177.8298 0.0012272676973333334
178.2399 0.001221865392
178.651 0.0012164865240000002
179.0631 0.001211130404
179.476 0.0012057970319999999
179.89 0.001200486408
180.3049 0.0011951992213333335
180.7207 0.0011899340933333336
181.1375 0.0011846917133333335
181.5553 0.0011794713920000002
181.9741 0.001174274508
182.3938 0.0011691258773333334
182.8144 0.0011639993053333335
183.2361 0.001158894792
183.6587 0.001153811648
184.0823 0.0011487505626666668
184.5068 0.001143711536
184.9324 0.0011386931893333334
185.3589 0.0011336969013333335
185.7864 0.0011287212933333334
186.2149 0.001123767744
186.6444 0.00111886038
187.0749 0.0011139736960000001
187.5064 0.0011091076919999999
187.9388 0.0011042630573333335
188.3723 0.0010994384133333332
188.8067 0.0010946344493333333
189.2422 0.0010898504760000001
189.6787 0.0010850878720000002
190.1161 0.0010803445693333333
190.5546 0.001075622636
190.9941 0.0010709434413333334
191.4346 0.0010662849266666666
191.8761 0.0010616457133333335
192.3187 0.0010570258013333333
192.7623 0.00105242588
193.2068 0.0010478452600000002
193.6524 0.0010432846306666667
194.0991 0.0010387433026666666
194.5468 0.0010342205866666668
194.9955 0.0010297178613333333
195.4452 0.0010252564960000002
195.896 0.0010208137426666669
196.3478 0.0010163902906666668
196.8006 0.0010119847613333335
197.2545 0.0010075985333333336
197.7095 0.001003230228
198.1655 0.000998881224
198.6225 0.0009945501426666668
199.0806 0.000990236984
199.5398 0.0009859369226666668
200.0 0.0009814755573333332
