2001 4.83 0.1
0.2 1.17656224
2.0 1.17656224
2.004613 1.180909884
2.009236 1.185305828
2.01387 1.189749428
2.018515 1.194242616
2.023171 1.198784748
2.027837 1.203376468
2.032514 1.2080190640000001
2.037202 1.212712536
2.0419 1.217456884
2.04661 1.22225404
2.05133 1.227102716
2.056061 1.232004844
2.060803 1.236960424
2.065556 1.2419701
2.07032 1.247034516
2.075095 1.2521536720000002
2.079881 1.2573295
2.084678 1.2625613560000002
2.089486 1.267849884
2.094305 1.2731963720000001
2.099136 1.278601464
2.103977 1.2840651600000001
2.10883 1.2895893920000003
2.113693 1.295172872
2.118568 1.300818176
2.123455 1.30652466
2.128352 1.3122942560000004
2.133261 1.3181269640000002
2.138181 1.3240234279999998
2.143113 1.329984936
2.148056 1.3360114880000002
2.15301 1.3473407359999998
2.157975 1.3599831
2.162953 1.369835656
2.167941 1.376689748
2.172941 1.3803579720000003
2.177953 1.3806799720000003
2.182976 1.377527592
2.188011 1.3708113160000002
2.193057 1.360481556
2.198115 1.3465338040000001
2.203185 1.3290118520000003
2.208267 1.3080103680000001
2.21336 1.2836703880000002
2.218465 1.256182536
2.223581 1.225781228
2.22871 1.1927401640000002
2.23385 1.1573665320000002
2.239002 1.11999328
2.244166 1.0809694560000003
2.249342 1.040654412
2.25453 0.999404924
2.25973 0.957571328
2.264942 0.915486572
2.270165 0.8732395280000002
2.275401 0.825885564
2.280649 0.781443124
2.285909 0.739761512
2.291182 0.700687456
2.296466 0.66406704
2.301763 0.6297499544
2.307071 0.5975893028
2.312392 0.5674448219999999
2.317726 0.5391826244
2.323071 0.5126759064
2.328429 0.4878052704000001
2.333799 0.46445859599999995
2.339182 0.44253110439999993
2.344577 0.42192484319999995
2.349985 0.4025488796
2.355405 0.3870689872
2.360837 0.37218872320000007
2.366282 0.3578820056
2.37174 0.34413118880000004
2.37721 0.330918434
2.382693 0.31822577360000004
2.388188 0.30603543320000004
2.393696 0.29432957400000004
2.399217 0.2830907436
2.40475 0.2723016184
2.410297 0.26194532560000006
2.415856 0.25200531440000007
2.421428 0.242465356
2.427013 0.23330973680000003
2.43261 0.224523194
2.438221 0.21609091560000002
2.443844 0.2079986048
2.449481 0.2002322868
2.45513 0.19277863080000002
2.460793 0.1856247568
2.466468 0.1787582356
2.472157 0.17216702440000003
2.477859 0.16583972439999997
2.483574 0.15976519440000003
2.489302 0.15393287280000004
2.495043 0.1483325844
2.500797 0.1429249808
2.506565 0.1375598168
2.512346 0.13242140520000004
2.518141 0.12749931320000005
2.523949 0.12278343
2.52977 0.11826422439999999
2.535605 0.11393261600000004
2.541453 0.1097799108
2.547314 0.1057980588
2.553189 0.1019790744
2.559078 0.09831568040000001
2.56498 0.0948007928
2.570896 0.09142771400000001
2.576826 0.08819006840000002
2.582769 0.08508173800000002
2.588726 0.08209705560000001
2.594696 0.07923041840000002
2.600681 0.07647673880000001
2.606679 0.0738309936
2.612691 0.07128841720000001
2.618717 0.06884450160000001
2.624757 0.0664950608
2.63081 0.06423598608000002
2.636878 0.0620633426
2.64296 0.059973459560000004
2.649055 0.05796280140000001
2.655165 0.056028019320000004
2.661289 0.05416591264
2.667427 0.052373415920000006
2.673579 0.05064762472
2.679745 0.0489857634
2.685926 0.04738518512
2.692121 0.04584336540000001
2.69833 0.0443578828
2.704553 0.04292644468000001
2.710791 0.04154684856
2.717043 0.040216995
2.72331 0.038934887599999995
2.729591 0.037698600799999996
2.735886 0.03650631208
2.742196 0.03535626976
2.748521 0.03424680588
2.75486 0.03313980208
2.761214 0.032060799400000006
2.767582 0.03101966392
2.773965 0.03001494664
2.780363 0.029045282279999998
2.786776 0.02810935064
2.793203 0.02720588304
2.799645 0.026333668759999995
2.806103 0.02549153572
2.812574 0.024678376240000004
2.819061 0.023893108400000005
2.825563 0.0231347018
2.83208 0.02240216468
2.838612 0.021694550360000002
2.845159 0.02101093792
2.851721 0.0203504644
2.858298 0.01971227328
2.864891 0.019095566
2.871498 0.01849955044
2.878121 0.017923492439999997
2.884759 0.01736667072
2.891412 0.016828389760000003
2.898081 0.01630798624
2.904765 0.01579484704
2.911465 0.01529508372
2.91818 0.014812212520000001
2.92491 0.01434562808
2.931656 0.01389473792
2.938418 0.01345897532
2.945195 0.01303779932
2.951988 0.01263068184
2.958796 0.012237133439999999
2.96562 0.011856651800000001
2.97246 0.01148878612
2.979316 0.01113309204
2.986187 0.0107891252
2.993075 0.010456479880000003
2.999978 0.010134756800000004
3.006897 0.00982356956
3.013832 0.00952255752
3.020783 0.00923136004
3.02775 0.008949629360000001
3.034733 0.008677049919999999
3.041733 0.008413293280000001
3.048748 0.008158063200000001
3.05578 0.007911063440000001
3.062828 0.007672004200000001
3.069892 0.00744062144
3.076972 0.007216651119999999
3.084069 0.006999829199999999
3.091182 0.00678993028
3.098311 0.00658670964
3.105457 0.0064987972
3.11262 0.006446027839999999
3.119798 0.006394009384
3.126994 0.006342719936000001
3.134206 0.0062921485479999996
3.141435 0.0062422816959999995
3.14868 0.006193107144
3.155942 0.0061446126560000015
3.163221 0.006096785352000001
3.170517 0.006049614284
3.177829 0.0060030865720000015
3.185158 0.005957191912
3.192505 0.005911918068
3.199868 0.00586725538
3.207248 0.005823192900000001
3.214645 0.005779719036000001
3.222059 0.005736825416000001
3.229491 0.005694500448000001
3.236939 0.005652735116
3.244405 0.00561151976
3.251888 0.005570844720000001
3.259388 0.005530701624
3.266905 0.005491080812000001
3.27444 0.005451973268
3.281992 0.005413371264
3.289562 0.005375265784
3.297149 0.0053376484559999994
3.304753 0.005300511552
3.312375 0.005263846700000001
3.320015 0.005227646816000001
3.327672 0.005191903528
3.335347 0.005156609752
3.34304 0.0051217584040000015
3.35075 0.0050899731400000005
3.358478 0.005082912968000001
3.366224 0.00507602732
3.373988 0.005069314264000001
3.38177 0.005062771224000001
3.38957 0.005056396912
3.397387 0.00505019004
3.405223 0.005044148032000001
3.413077 0.005038270244000001
3.420949 0.005032554100000001
3.428839 0.0050269996
3.436747 0.005021603524000001
3.444673 0.005016365228000001
3.452618 0.005011283424
3.460581 0.00500635618
3.468563 0.005001582208
3.476563 0.004996960220000001
3.484581 0.004992488928
3.492618 0.004988166400000001
3.500673 0.004983201804000001
3.508747 0.004969717088000001
3.51684 0.004956397236
3.524951 0.00494324096
3.533081 0.004930246328
3.541229 0.004917412052
3.549397 0.004904735556
3.557583 0.0048922149080000005
3.565788 0.004879848176
3.574012 0.004867634716000001
3.582256 0.004855571952
3.590518 0.004843658596
3.598799 0.004831892716000001
3.607099 0.004820272380000001
3.615418 0.0048087963
3.623757 0.004797463188000001
3.632115 0.004786271112
3.640492 0.00477521814
3.648888 0.004764303628
3.657304 0.004753525644000001
3.665739 0.004742882255999999
3.674194 0.00473237282
3.682668 0.004721995404
3.691162 0.004711748720000001
3.699675 0.00470163148
3.708208 0.004691642396
3.71676 0.004681779536
3.725333 0.004672042256
3.733925 0.004662428624
3.742537 0.004652937996000001
3.751168 0.0046426926
3.75982 0.004626980288000001
3.768492 0.0046114141640000005
3.777183 0.00459599294
3.785895 0.004580714684
3.794627 0.004565578108
3.803379 0.004550581924
3.812151 0.0045357235560000006
3.820943 0.00452100236
3.829756 0.004506416404
3.838589 0.0044919644
3.847442 0.00447764506
3.856316 0.004463456452
3.86521 0.0044493972880000005
3.874124 0.0044354662800000005
3.88306 0.004421662140000001
3.892016 0.00440798358
3.900992 0.004394428668
3.909989 0.004380996116
3.919007 0.004367685280000001
3.928046 0.004354494872000001
3.937106 0.00434142296
3.946186 0.004328468255999999
3.955288 0.004315630116
3.96441 0.004302906608000001
3.973554 0.004290297088
3.982718 0.004277800268000001
3.991904 0.00426541486
4.001111 0.0042530584320000005
4.010339 0.004240216428000001
4.019588 0.0042274826159999996
4.028859 0.00421485442
4.038151 0.004202332483999999
4.047465 0.004189913588
4.0568 0.0041775983760000005
4.066156 0.004165385560000001
4.075534 0.004153273208000001
4.084934 0.004141261320000001
4.094356 0.004129347964000001
4.103799 0.004117533140000001
4.113264 0.004105814916
4.122751 0.004094193292
4.132259 0.004082666336000001
4.14179 0.004071233404000001
4.151343 0.004059894496
4.160917 0.004048647036
4.170514 0.004037491668000001
4.180133 0.0040264264599999995
4.189774 0.004015450768000001
4.199437 0.004004563948000001
4.209123 0.003993764712
4.21883 0.003983053060000001
4.228561 0.00397242706
4.238313 0.003961886712
4.248089 0.003951430728
4.257886 0.003941058464
4.267707 0.003930769276
4.27755 0.003920561876
4.287416 0.00391043562
4.297304 0.003900390508
4.307215 0.003890424608
4.317149 0.0038805379200000005
4.327106 0.0038707298000000005
4.337086 0.003860998960000001
4.347089 0.0038513447560000005
4.357116 0.0038417671880000004
4.367165 0.003832264324
4.377237 0.003822836164
4.387333 0.003813482064000001
4.397452 0.0038042013800000003
4.407594 0.0037949934680000007
4.41776 0.00378585704
4.427949 0.003776792096
4.438161 0.003767797348
4.448397 0.003758872796
4.458657 0.003750017796
4.468941 0.00374123106
4.479248 0.003732512588
4.489579 0.0037238617360000003
4.499933 0.003715277216
4.510312 0.003706759028
4.520715 0.003698387028
4.531141 0.003691173584
4.541592 0.0036840168120000003
4.552066 0.0036769173560000008
4.562565 0.003669873928
4.573088 0.003662885884
4.583636 0.0036559532240000004
4.594207 0.0036490753040000004
4.604803 0.00364225148
4.615424 0.0036354817520000008
4.626069 0.003628765476
4.636738 0.0036221020080000003
4.647432 0.0036154913480000005
4.658151 0.0036089322079999996
4.668895 0.0036024245880000006
4.679663 0.003595968488000001
4.690456 0.003589563264
4.701274 0.0035832082720000003
4.712117 0.0035769028680000007
4.722985 0.003570647696
4.733878 0.003564440824
4.744796 0.0035582828959999993
4.75574 0.0035521732680000007
4.766708 0.0035461112960000003
4.777702 0.00354009698
4.788722 0.00353413032
4.799766 0.003528209384
4.810836 0.0035224674800000003
4.821932 0.003516772588
4.833053 0.003511122132
4.8442 0.003505515468
4.855373 0.003499952596
4.866571 0.0034944328720000004
4.877796 0.0034889556520000006
4.889046 0.00348352158
4.900322 0.0034781287239999997
4.911624 0.003472778372
4.922952 0.0034674692359999994
4.934306 0.0034622013160000003
4.945687 0.003456973968
4.957093 0.0034517878360000006
4.968526 0.0034466409880000003
4.979986 0.003441534712
4.991471 0.0034364677200000005
5.002984 0.003431390424
5.014523 0.003426210088
5.026088 0.0034210677479999995
5.03768 0.0034159640480000003
5.049299 0.003410898344
5.060945 0.0034058706359999997
5.072617 0.003400879636000001
5.084317 0.0033959266320000006
5.096043 0.0033910096920000002
5.107797 0.00338612946
5.119577 0.0033812859360000005
5.131385 0.003376477832
5.14322 0.0033717057919999995
5.155082 0.0033669691720000007
5.166972 0.0033622673279999995
5.178889 0.0033576009040000004
5.190834 0.003352969256
5.202806 0.0033483717400000007
5.214805 0.0033438083559999996
5.226833 0.003339279104
5.238888 0.0033347826959999995
5.250971 0.0033303204200000004
5.263082 0.0033258909879999997
5.27522 0.0033214950439999997
5.287387 0.0033171312999999993
5.299582 0.0033127997560000004
5.311805 0.0033080521879999994
5.324056 0.003303322008
5.336335 0.0032986233840000007
5.348643 0.003293957604
5.360979 0.0032893233800000005
5.373343 0.0032847213560000003
5.385737 0.0032801502440000002
5.398158 0.003275610688
5.410608 0.003271102044
5.423087 0.0032666236679999997
5.435595 0.003262176848
5.448132 0.0032577596520000003
5.460697 0.0032533727240000006
5.473292 0.00324901542
5.485915 0.003244688384
5.498568 0.003240390328
5.51125 0.0032361212520000005
5.523961 0.0032318818
5.536701 0.0032276706839999996
5.549471 0.0032234885479999996
5.562271 0.0032193347479999995
5.575099 0.0032152092839999994
5.587958 0.003211111512
5.600846 0.003207027264
5.613763 0.003202764628
5.626711 0.0031985296839999997
5.639688 0.0031943224320000003
5.652696 0.003190142228
5.665733 0.003185989072
5.6788 0.0031818629639999998
5.691898 0.0031777639040000004
5.705026 0.003173690604
5.718184 0.0031696437079999995
5.731372 0.0031656232160000002
5.744591 0.003161628484
5.75784 0.003157659512
5.77112 0.003153715656
5.784431 0.0031497975600000006
5.797772 0.0031459052239999996
5.811144 0.00314203736
5.824546 0.0031381939680000005
5.83798 0.0031343756920000003
5.851445 0.0031305818880000003
5.864941 0.0031268125560000005
5.878467 0.0031230670520000004
5.892025 0.0031193460199999993
5.905615 0.003115753144
5.919235 0.003112332216
5.932888 0.003108933828
5.946571 0.00310555798
5.960286 0.0031022040280000002
5.974033 0.003098872616
5.987811 0.0030955631
6.001622 0.0030922754800000005
6.015464 0.003089009112
6.029338 0.003085763996
6.043244 0.0030825407760000007
6.057182 0.0030793388080000003
6.071152 0.0030761580920000003
6.085155 0.003072997984
6.099189 0.003069858484
6.113256 0.0030667395920000004
6.127356 0.0030636419520000003
6.141488 0.003060564276
6.155653 0.0030575065640000005
6.16985 0.003054468816
6.18408 0.003051451676
6.198343 0.0030484544999999997
6.212639 0.0030454766440000005
6.226968 0.003042518108
6.24133 0.003039579536
6.255725 0.0030366596400000006
6.270153 0.0030337597080000002
6.284614 0.0030308784520000007
6.299109 0.003028016516
6.313637 0.003025172612
6.328199 0.0030223480280000005
6.342794 0.003019542120000001
6.357423 0.0030167542440000003
6.372086 0.003013985044
6.386782 0.0030112338760000003
6.401513 0.0030085013840000004
6.416277 0.00300578628
6.431076 0.003003089208
6.445908 0.003000409524
6.460775 0.0029977478720000002
6.475676 0.0029951036080000004
6.490612 0.002992477376
6.505582 0.0029898678879999997
6.520586 0.0029872757880000005
6.535625 0.0029847004320000003
6.550699 0.002982142464
6.565807 0.0029796005960000004
6.580951 0.0029770761160000003
6.596129 0.00297456838
6.611342 0.0029720767440000006
6.62659 0.0029696018520000006
6.641874 0.002967143704
6.657193 0.002964701012
6.672547 0.002962275064000001
6.687936 0.0029598645720000007
6.703361 0.0029574708240000004
6.718822 0.002955091888
6.734318 0.002952729696
6.74985 0.0029503823160000006
6.765418 0.0029487008320000004
6.781022 0.0029470399560000008
6.796661 0.002945392604
6.812337 0.002943760064
6.828049 0.002942141048000001
6.843797 0.0029405355560000006
6.859582 0.0029389442319999997
6.875403 0.0029373664320000003
6.89126 0.0029358028000000006
6.907154 0.002934252048
6.923084 0.00293271482
6.939052 0.002931191116
6.955056 0.002929680292
6.971097 0.0029281829919999996
6.987175 0.002926699216
7.00329 0.0029252283200000002
7.019443 0.0029237703040000005
7.035632 0.002922324524
7.051859 0.002920892268
7.068124 0.0029194728920000006
7.084425 0.002918065752
7.100765 0.0029166714920000002
7.117142 0.0029152901119999996
7.133557 0.002913920968
7.15001 0.0029125640599999996
7.1665 0.002911219388
7.183029 0.002909886952
7.199596 0.002908566752
7.216201 0.0029072587880000006
7.232845 0.00290596306
7.249526 0.002904678924
7.266247 0.0029034070240000005
7.283005 0.002902146716
7.299803 0.0029008980000000007
7.316639 0.0028996615199999996
7.333514 0.002898436632
7.350428 0.002897222692
7.367381 0.0028960209880000004
7.384373 0.002894830232
7.401404 0.002893651068
7.418475 0.002892483496
7.435585 0.0028913268720000005
7.452734 0.0028901811960000004
7.469923 0.002889047112
7.487152 0.0028879239759999997
7.50442 0.0028868117880000003
7.521728 0.002885710548
7.539076 0.0028846202560000003
7.556464 0.002883394724
7.573893 0.0028819334880000004
7.591361 0.0028804832
7.60887 0.0028790438600000004
7.626419 0.002877614824
7.644008 0.0028761960920000006
7.661638 0.0028747883079999997
7.679309 0.0028733914719999997
7.69702 0.002872004296
7.714773 0.0028706280680000002
7.732566 0.0028692615000000003
7.7504 0.00286790588
7.768276 0.0028665599200000005
7.786193 0.002865224264
7.804151 0.002863898912000001
7.82215 0.002862583864
7.840191 0.0028612778320000003
7.858274 0.002859982748
7.876398 0.00285869668
7.894564 0.002857420916
7.912772 0.002856154812
7.931022 0.002854898368
7.949314 0.0028536515840000003
7.967648 0.0028524138160000005
7.986025 0.002851186352
8.004444 0.002849967904
8.022905 0.002848759116
8.041409 0.0028475599880000003
8.059956 0.002846369876
8.078545 0.0028451887799999997
8.097177 0.0028440167000000002
8.115853 0.0028428542800000003
8.134571 0.0028417008760000004
8.153332 0.0028405564880000004
8.172137 0.0028394217600000004
8.190985 0.0028382954040000003
8.209877 0.0028371774200000002
8.228812 0.002836069096
8.247791 0.0028349691440000004
8.266814 0.0028331176440000005
8.28588 0.0028311753400000004
8.304991 0.0028292420520000007
8.324145 0.002827319068
8.343344 0.0028254051
8.362587 0.0028235001480000003
8.381874 0.0028216048560000006
8.401206 0.00281971858
8.420583 0.00281784132
8.440004 0.002815973076
8.45947 0.002814114492
8.478981 0.0028122642800000003
8.498537 0.0028104237280000004
8.518138 0.002808591548
8.537784 0.002806768384
8.557475 0.002804953592
8.577212 0.0028031478160000004
8.596995 0.0028013510560000003
8.616823 0.002799562668
8.636696 0.002797783296
8.656616 0.0027960116520000006
8.676582 0.0027942490240000003
8.696593 0.002792494768
8.716651 0.0027903734320000005
8.736755 0.0027881844760000007
8.756905 0.0027860038920000003
8.777102 0.0027838329680000004
8.797346 0.002781670416
8.817636 0.0027795162360000005
8.837973 0.002777371072
8.858357 0.0027752349240000003
8.878787 0.0027731071479999998
8.899265 0.0027709883879999996
8.919791 0.002768877356
8.940363 0.00276677534
8.960983 0.0027646816959999996
8.981651 0.0027625964240000004
9.002366 0.0027604976280000003
9.023129 0.0027582359
9.04394 0.0027559831879999997
9.064799 0.002753738848
9.085706 0.0027515028800000002
9.106661 0.0027492759280000004
9.127664 0.002747056704
9.148716 0.0027448458520000006
9.169817 0.002742643372
9.190966 0.0027404486200000005
9.212164 0.0027382628840000004
9.233411 0.0027360842320000005
9.254707 0.002733914596
9.276052 0.002731752688
9.297446 0.002729598508
9.31889 0.002727395384
9.340383 0.0027251929040000003
9.361925 0.002722998796
9.383517 0.002720811772
9.405159 0.0027186331199999998
9.426851 0.0027164621959999994
9.448593 0.002714299
9.470386 0.0027121435320000007
9.492228 0.0027099957920000005
9.514121 0.00270785578
9.536064 0.0027057234960000003
9.558058 0.0027035989400000003
9.580103 0.0027014814680000002
9.602198 0.0026993717239999996
9.624345 0.0026972697079999997
9.646542 0.0026951747760000006
9.668791 0.0026930869279999997
9.691091 0.0026910068080000004
9.713442 0.002688933772
9.735845 0.00268686782
9.7583 0.002684837932
9.780807 0.0026828640720000002
9.803365 0.0026808972959999995
9.825975 0.0026789369600000003
9.848638 0.002676984352
9.871353 0.0026750381840000004
9.89412 0.0026730984559999995
9.91694 0.002671165812
9.939812 0.002669240252
9.962737 0.0026673211320000006
9.985715 0.0026654090959999997
10.00875 0.0026635936599999997
10.03183 0.0026619321400000004
10.05497 0.00266027706
10.07816 0.00265862842
10.1014 0.0026569855760000005
10.1247 0.002655349172
10.14805 0.0026537185639999997
10.17146 0.002652094396
10.19492 0.0026504760240000005
10.21843 0.0026488640920000004
10.242 0.0026472579560000006
10.26562 0.0026456576160000006
10.2893 0.002644063716
10.31303 0.0026424756119999998
10.33681 0.0026408926599999997
10.36065 0.0026393161480000003
10.38455 0.002637745432
10.4085 0.0026361805120000002
10.43251 0.0026346213880000004
10.45657 0.0026330680600000003
10.48069 0.002631520528
10.50486 0.002630039972
10.52909 0.002628810576
10.55337 0.002627586332
10.57771 0.00262636724
10.60211 0.0026251533000000004
10.62656 0.0026239445120000006
10.65107 0.0026227408760000005
10.67563 0.002621543036
10.70026 0.002620349704
10.72494 0.002619161524
10.74967 0.002617977852
10.77446 0.0026167999760000004
10.79931 0.0026156266079999995
10.82422 0.0026144583920000002
10.84919 0.0026132953280000007
10.87421 0.0026121367720000005
10.89929 0.0026109833679999997
10.92443 0.002609834472
10.94962 0.002608690728000001
10.97488 0.0026075514920000003
11.00019 0.0026064186960000004
11.02556 0.002605467508
11.05099 0.0026045208279999997
11.07648 0.002603578656
11.10202 0.002602641636
11.12763 0.0026017084800000006
11.15329 0.0026007798320000003
11.17902 0.002599855692
11.2048 0.00259893606
11.23064 0.0025980209360000005
11.25655 0.002597109676
11.28251 0.002596202924
11.30853 0.0025953006800000004
11.33461 0.0025944029440000006
11.36075 0.0025935090720000005
11.38696 0.0025926197079999998
11.41322 0.0025917895919999995
11.43954 0.0025910180799999997
11.46593 0.002590250432
11.49237 0.0025894866480000007
11.51888 0.0025887273719999997
11.54545 0.00258797196
11.57207 0.002587220412000001
11.59876 0.002586472728
11.62551 0.0025857295520000005
11.65233 0.0025849902400000005
11.6792 0.002584254148
11.70614 0.0025835225640000003
11.73314 0.0025827948440000003
11.7602 0.002582070988
11.78732 0.0025813509960000004
11.81451 0.0025806348680000005
11.84176 0.0025799226040000007
11.86907 0.0025792135600000003
11.89644 0.0025785090240000004
11.92388 0.002577807708
11.95138 0.002577110256
11.97895 0.0025764166680000006
12.00658 0.002575728876
12.03427 0.0025750533200000003
12.06202 0.0025743816280000002
12.08984 0.0025737131559999994
12.11773 0.002573048548
12.14568 0.0025723878040000005
12.17369 0.0025717296359999997
12.20177 0.0025710759760000004
12.22991 0.0025704255360000008
12.25812 0.002569778316
12.28639 0.0025691349599999995
12.31472 0.0025684948240000003
12.34313 0.0025678579080000005
12.37159 0.002567224856
12.40013 0.0025665950240000004
12.42873 0.0025659684120000006
12.45739 0.00256534502
12.48613 0.002564725492
12.51492 0.002564109184
12.54379 0.0025634954519999998
12.57272 0.0025628862280000003
12.60172 0.0025622795800000005
12.63078 0.0025616761520000004
12.65991 0.002561075944
12.68911 0.002560478956
12.71838 0.0025598104840000003
12.74771 0.002559100796
12.77711 0.0025583943280000003
12.80658 0.00255769108
12.83612 0.002556990408
12.86572 0.0025562936000000005
12.8954 0.0025556000120000003
12.92514 0.002554909
12.95495 0.0025542218520000007
12.98483 0.0025535372800000004
13.01478 0.002552855928
13.04479 0.0025521777960000004
13.07488 0.00255150224
13.10504 0.002550830548
13.13526 0.0025501614320000004
13.16556 0.002549494892
13.19592 0.002548832216
13.22636 0.002548172116
13.25686 0.0025475145920000005
13.28744 0.002546860288
13.31808 0.0025462092040000003
13.3488 0.0025455606960000004
13.37959 0.002544915408
13.41045 0.0025442726960000005
13.44138 0.002543633204
13.47238 0.0025429962880000006
13.50345 0.002542350356
13.53459 0.002541614264
13.56581 0.002540880748
13.5971 0.0025401504520000005
13.62846 0.002539422732
13.65989 0.002538698232
13.6914 0.0025379763080000005
13.72297 0.0025372569600000004
13.75462 0.002536540832
13.78635 0.00253582728
13.81814 0.002535116948
13.85001 0.002534409192
13.88196 0.0025337033680000007
13.91397 0.002533001408
13.94607 0.00253230138
13.97823 0.0025316045720000005
14.01047 0.0025309096960000007
14.04278 0.0025302180399999997
14.07517 0.00252952896
14.10763 0.0025288424560000002
14.14017 0.0025281585280000005
14.17279 0.00252747782
14.20547 0.002526799044
14.23824 0.002526122844
14.27108 0.0025254492200000003
14.30399 0.0025247781720000003
14.33698 0.0025241097
14.37005 0.002523443804
14.40319 0.002522780484
14.43641 0.0025221197400000003
14.46971 0.002521461572
14.50308 0.0025208053360000005
14.53653 0.0025201523200000004
14.57006 0.0025195012360000003
14.60366 0.0025188520839999995
14.63734 0.0025182061520000005
14.6711 0.002517562152
14.70494 0.002516920728
14.73885 0.00251628188
14.77285 0.002515645608
14.80692 0.0025150112680000004
14.84107 0.00251437886
14.8753 0.002513749028
14.90961 0.0025131217719999996
14.944 0.0025124970920000003
14.97846 0.0025118743440000002
15.01301 0.0025114010040000003
15.04763 0.0025111756040000002
15.08234 0.002510951492
15.11713 0.0025107299560000003
15.15199 0.002510510352
15.18694 0.002510293324
15.22196 0.002510077584
15.25707 0.00250986442
15.29226 0.0025096531880000003
15.32753 0.002509444532
15.36288 0.002509237164
15.39832 0.0025090323720000003
15.43383 0.002508829512
15.46943 0.0025086285840000004
15.50511 0.002508429588
15.54087 0.002508232524
15.57671 0.002508037392
15.61264 0.002507844192
15.64864 0.0025076535680000006
15.68474 0.002507464232
15.72091 0.0025072768280000007
15.75717 0.0025070920000000003
15.79351 0.00250690846
15.82994 0.002506726852
15.86645 0.002506547176
15.90304 0.002506369432
15.93972 0.00250619362
15.97648 0.0025060197400000005
16.01333 0.002505847792
16.05027 0.0025056777760000004
16.08728 0.002505509048
16.12439 0.002505342896
16.16158 0.0025051780320000006
16.19885 0.0025050151000000002
16.23621 0.0025048534560000004
16.27366 0.002504694388
16.31119 0.0025045366080000005
16.34881 0.00250438076
16.38652 0.0025042262
16.42431 0.002504074216
16.46219 0.00250392352
16.50016 0.0025037779760000004
16.53822 0.0025044522440000002
16.57636 0.0025051290880000006
16.61459 0.00250580722
16.65291 0.002506487284000001
16.69132 0.0025071692800000002
16.72982 0.0025078532080000005
16.7684 0.0025085384240000003
16.80708 0.0025092262160000007
16.84584 0.0025099152960000003
16.8847 0.002510606308
16.92364 0.0025112992520000006
16.96267 0.002511994128000001
17.00179 0.0025126902920000003
17.04101 0.002513388388
17.08031 0.002514088416
17.1197 0.002514790376
17.15919 0.0025154936240000003
17.19876 0.002516198804
17.23843 0.002516905916
17.27819 0.002517614316
17.31804 0.0025183246479999997
17.35798 0.002519036912
17.39802 0.002519750464
17.43814 0.0025204659480000005
17.47836 0.002521183364
17.51867 0.002521902068
17.55908 0.0025226220599999997
17.59958 0.002523344628
17.64017 0.0025240678400000006
17.68085 0.002524793628
17.72163 0.0025255207040000005
17.76251 0.002526249068
17.80347 0.0025269793640000002
17.84453 0.002527710948
17.88569 0.0025284444640000007
17.92694 0.002529179268
17.96829 0.0025299160040000005
18.00973 0.002530754492
18.05127 0.002531922064
18.0929 0.0025330915680000002
18.13463 0.0025342623600000005
18.17646 0.0025354357280000005
18.21838 0.002536610384
18.2604 0.0025377869720000002
18.30251 0.0025389654920000004
18.34473 0.0025401453000000003
18.38704 0.002541327684
18.42944 0.002542511356
18.47195 0.0025436963160000003
18.51455 0.002544883852
18.55726 0.0025460726760000003
18.60006 0.002547263432
18.64295 0.00254845612
18.68595 0.002549650096
18.72905 0.0025508460040000003
18.77225 0.0025520438440000005
18.81554 0.002553243616
18.85894 0.0025544446760000002
18.90243 0.002555647024
18.94603 0.002556851948
18.98973 0.0025580581600000004
19.03353 0.0025599598920000004
19.07742 0.002562077364
19.12142 0.0025641980560000004
19.16553 0.0025663213240000003
19.20973 0.0025684478120000004
19.25403 0.0025705775199999998
19.29844 0.002572709804
19.34295 0.0025748453080000006
19.38756 0.0025769833880000003
19.43228 0.0025791253320000002
19.4771 0.0025812692080000002
19.52202 0.002583416304
19.56704 0.00258556662
19.61217 0.0025877195120000006
19.65741 0.0025898756240000003
19.70275 0.0025920343120000005
19.74819 0.0025941962200000004
19.79373 0.002596361348
19.83939 0.0025985284080000002
19.88514 0.002600699332
19.93101 0.0026028721880000005
19.97698 0.0026050489080000003
20.02305 0.0026121445000000004
20.06923 0.0026241988920000002
20.11552 0.0026363080240000003
20.16191 0.002648471252
20.20841 0.0026606898640000004
20.25502 0.002672962572
20.30174 0.002685291308
20.34856 0.002697675428
20.39549 0.0027101149320000006
20.44253 0.0027226098200000006
20.48968 0.0027351613799999996
20.53694 0.002747768968
20.58431 0.0027604332280000005
20.63178 0.002773153516000001
20.67937 0.0027859311200000006
20.72706 0.0027987653960000005
20.77487 0.002811656344
20.82278 0.002824605252
20.87081 0.00283761212
20.91894 0.0028506756600000004
20.96719 0.0028637978040000006
21.01555 0.0028734127240000002
21.06402 0.0028755153840000006
21.1126 0.0028776206199999997
21.1613 0.0028797265000000006
21.2101 0.002881834956
21.25902 0.0028839447000000005
21.30805 0.002886055732
21.3572 0.0028881686960000007
21.40646 0.0028902829480000006
21.45583 0.002892399132
21.50531 0.002894516604
21.55491 0.002896636008
21.60463 0.0028987567
21.65445 0.0029008793240000003
21.7044 0.002903003236
21.75446 0.0029051284360000003
21.80463 0.0029072555680000004
21.85492 0.0029093839880000006
21.90533 0.0029115143400000004
21.95585 0.0029136459800000003
22.00649 0.0029157789080000002
22.05724 0.002917913124
22.10812 0.0029200492720000003
22.15911 0.002922186708
22.21021 0.002924325432
22.26144 0.0029264654440000005
22.31278 0.0029286073880000004
22.36425 0.0029307506200000003
22.41583 0.0029328951400000003
22.46753 0.0029350409479999996
22.51935 0.002937188688
22.57128 0.0029393370720000003
22.62334 0.002941487388
22.67552 0.002943638992
22.72782 0.002945791884
22.78024 0.002947946064
22.83278 0.002950101532
22.88544 0.0029522582880000003
22.93822 0.0029544163320000005
22.99113 0.002956575664
23.04415 0.0029515209080000003
23.0973 0.0029450280999999997
23.15057 0.0029385494600000003
23.20397 0.0029320856320000006
23.25749 0.0029256359720000002
23.31113 0.002919199836
23.36489 0.002912778512
23.41878 0.002906371356
23.47279 0.0028999783680000004
23.52693 0.002893598904
23.58119 0.0028872342520000005
23.63558 0.0028808831240000007
23.69009 0.002874546164
23.74473 0.002868223372
23.7995 0.002861914748
23.85439 0.0028556196480000002
23.9094 0.0028493380720000005
23.96455 0.002843070664
24.01982 0.0028368174239999998
24.07522 0.002830577708
24.13075 0.0028243515160000002
24.1864 0.002818139492
24.24219 0.002811940992
24.2981 0.002805756016
24.35414 0.002799584564
24.41031 0.002793426636
24.46661 0.0027872828760000003
24.52304 0.002781151996
24.5796 0.0027750346400000005
24.63629 0.002768931452
24.69311 0.0027628411439999997
24.75006 0.00275676436
24.80714 0.002750700456
24.86436 0.0027446507200000005
24.92171 0.0027386138640000004
24.97919 0.002732589888
25.0368 0.00270655168
25.09454 0.0026695802840000006
25.15242 0.0026331015480000005
25.21043 0.002597109032
25.26858 0.002561596296
25.32686 0.002526557544
25.38527 0.002491987624
25.44382 0.002457879452
25.5025 0.002424227876
25.56132 0.002391027744
25.62027 0.002358272616
25.67936 0.0023259573400000004
25.73859 0.0022940761200000003
25.79795 0.0022626238040000003
25.85745 0.0022315945960000006
25.91709 0.002200983344
25.97687 0.002170784252
26.03678 0.002140992168
26.09683 0.0021116025840000005
26.15702 0.0020826097040000002
26.21735 0.0020540090200000002
26.27782 0.002025794736
26.33842 0.001997962344
26.39917 0.0019705066920000006
26.46006 0.001943422628
26.52108 0.0019292842520000002
26.58225 0.0019391535520000003
26.64356 0.0019490724400000002
26.70501 0.001959040272
26.7666 0.0019690576920000005
26.82834 0.0019791247000000003
26.89022 0.0019892419400000002
26.95223 0.0019994087680000002
27.0144 0.0020096264720000003
27.0767 0.0020198944080000005
27.13915 0.0020302132200000003
27.20175 0.0020405829080000003
27.26448 0.0020510034720000003
27.32737 0.002061475556
27.39039 0.00207199916
27.45357 0.0020825749280000004
27.51689 0.0020926625440000003
27.58035 0.0021013056680000003
27.64396 0.0021099829240000005
27.70772 0.0021186956000000005
27.77162 0.002127443052
27.83568 0.00213622528
27.89988 0.0021450422840000004
27.96422 0.002153894708
28.02872 0.0021627825519999998
28.09337 0.0021717058160000005
28.15816 0.0021806645
28.2231 0.002189659248
28.2882 0.002198689416
28.35344 0.0022077550040000005
28.41884 0.0022168573
28.48438 0.0022259950160000005
28.55008 0.00223516944
28.61592 0.002244379928
28.68192 0.002253627124
28.74808 0.002262910384
28.81438 0.002272230352
28.88084 0.002281587028
28.94745 0.0022909810560000003
29.01421 0.002300411148
29.08113 0.0023098792360000007
29.1482 0.0023193840319999997
29.21543 0.00232892618
29.28281 0.002338505036
29.35035 0.0023481225320000003
29.41804 0.002357776736
29.48589 0.0023674689360000003
29.5539 0.002399332768
29.62206 0.0024375123080000003
29.69038 0.0024762701600000003
29.75886 0.002515614052
29.8275 0.0025555523560000003
29.89629 0.002596092156
29.96524 0.0026372424680000004
30.03435 0.00267901102
30.10362 0.0027214055399999997
30.17306 0.0027644344000000006
30.24265 0.0028081066160000005
30.3124 0.0028524292720000003
30.38231 0.002897412028
30.45238 0.002943063256
30.52262 0.002989391328
30.59302 0.0030364046160000005
30.66358 0.0030841121360000003
30.7343 0.00313252226
30.80518 0.003181644648
30.87623 0.0032314883159999994
30.94744 0.003282060992
31.01882 0.0033333729800000002
31.09036 0.0033854326519999994
31.16207 0.0034382496680000004
31.23394 0.003491833044
31.30598 0.0035461917960000005
31.37818 0.0036013355840000005
31.45055 0.0036572740679999996
31.52309 0.00373742824
31.5958 0.0038708045040000004
31.66867 0.004008418932
31.74171 0.004150339144000001
31.81492 0.00429662632
31.88829 0.004447329404000001
31.96184 0.004602487680000001
32.03556 0.004762124976000001
32.10944 0.004926250308
32.1835 0.005094855948
32.25773 0.005267910984
32.33213 0.005445361320000001
32.4067 0.0056271264560000004
32.48144 0.00581309498
32.55636 0.0060031200600000004
32.63144 0.0061970175120000005
32.70671 0.006394558072
32.78214 0.006595461600000001
32.85775 0.00679940996
32.93353 0.007005992280000001
33.00949 0.007214777079999999
33.08562 0.007425216960000001
33.16193 0.00733167596
33.23841 0.007170147880000001
33.31508 0.00701171744
33.39191 0.0068563524399999996
33.46893 0.00670399492
33.54612 0.00655461912
33.62349 0.006408165792
33.70104 0.006264602735999999
33.77877 0.006123884228
33.85667 0.0059859677640000004
33.93476 0.005850810840000001
34.01303 0.00571837224
34.09148 0.005588608171999999
34.1701 0.005461478064000001
34.24891 0.005336940056000001
34.32791 0.005214951644000001
34.40708 0.0050954729
34.48644 0.0049784626080000005
34.56597 0.004871425944
34.6457 0.0047673961160000005
34.7256 0.004664776648000001
34.80569 0.004563612620000001
34.88597 0.004463940096
34.96643 0.004365792564000001
35.04708 0.004269196428000001
35.12791 0.004174173584000001
35.20893 0.004080741420000001
35.29013 0.00398891346
35.37153 0.003898698720000001
35.45311 0.0038101042840000005
35.53488 0.003723132728000001
35.61683 0.003637783408
35.69898 0.0035540531039999997
35.78132 0.003471936664
35.86384 0.003391427648
35.94656 0.003312514464
36.02946 0.0033207286840000005
36.11256 0.003489964156
36.19585 0.003667073172
36.27933 0.0038523487520000007
36.36301 0.004046087136
36.44688 0.004248587784
36.53094 0.004460153376000001
36.61519 0.004681085304
36.69964 0.004911686248
36.78428 0.0051522569560000005
36.86912 0.0054030962439999995
36.95416 0.0056644958439999995
37.03939 0.00589437744
37.12482 0.006079000004
37.21044 0.006264663272000001
37.29626 0.006450626000000002
37.38228 0.006636040040000001
37.4685 0.006819927800000001
37.55492 0.00700115584
37.64153 0.007178481240000001
37.72835 0.00735047432
37.81537 0.00751557016
37.90258 0.007672029960000001
37.99 0.0078179668
38.07762 0.00795133276
38.16544 0.00806995756
38.25347 0.008171548560000002
38.3417 0.00825374228
38.43013 0.0083141366
38.51876 0.0082725664
38.6076 0.00793169076
38.69665 0.00759325588
38.7859 0.00725878804
38.87535 0.00692962032
38.96501 0.006606892599999999
39.05488 0.006291567016
39.14496 0.005984458228
39.23524 0.005686223116
39.32573 0.005397382676000001
39.41643 0.005118334256
39.50734 0.004849361860000001
39.59846 0.0045906509600000004
39.68979 0.004342298156000001
39.78133 0.004104322124
39.87308 0.0038766745640000004
39.96505 0.0036592492160000003
40.05722 0.0035756167999999996
40.14961 0.0035693648480000003
40.24221 0.0035628958680000004
40.33502 0.00355621308
40.42805 0.00354931906
40.5213 0.003542218316
40.61475 0.003534914068
40.70843 0.003527409536
40.80232 0.003519708584
40.89642 0.0035118137880000002
40.99075 0.003503729656000001
41.08529 0.0034954587639999994
41.18005 0.003487004332
41.27502 0.0034783708679999997
41.37022 0.0034695603040000005
41.46564 0.0034605765040000005
41.56127 0.003451422044
41.65713 0.003442101432000001
41.75321 0.0034326165999999997
41.84951 0.0034229714120000004
41.94603 0.0034131684440000002
42.04277 0.0034386296280000004
42.13974 0.00350934598
42.23693 0.0035807849
42.33434 0.003652888428
42.43198 0.0037255934520000005
42.52985 0.0037988291320000004
42.62794 0.0038725175440000002
42.72625 0.00394657368
42.8248 0.004020904160000001
42.92357 0.0040954065880000005
43.02257 0.004169968908
43.12179 0.00424447198
43.22125 0.004318784428
43.32094 0.00439276586
43.42085 0.004338987352
43.521 0.004234579496
43.62137 0.0041321770560000005
43.72198 0.004031769084000001
43.82282 0.0039333427
43.92389 0.003836882448
44.0252 0.0037423722280000003
44.12674 0.003649795296
44.22851 0.003559132332000001
44.33052 0.003470364660000001
44.43276 0.0033834710279999998
44.53524 0.0032984301840000003
44.63796 0.0032152195879999994
44.74091 0.0031338166999999996
44.8441 0.0030541976919999997
44.94753 0.0029763374480000003
45.0512 0.00290021214
45.1551 0.002825795364
45.25925 0.002753062648
45.36363 0.0026819869440000005
45.46826 0.002612542492
45.57313 0.0025594820440000003
45.67824 0.0025390884960000003
45.78359 0.002518820528
45.88918 0.002498676852
45.99502 0.0024786587560000004
46.10111 0.002458765596
46.20743 0.0024389973720000003
46.314 0.002419354728
46.42082 0.0023998376640000005
46.52789 0.002380445536
46.6352 0.0023611789880000006
46.74276 0.0023420373760000006
46.85057 0.002323021344
46.95862 0.002304130248
47.06693 0.0022853640880000003
47.17548 0.0022667228640000005
47.28429 0.0022482065760000003
47.39334 0.00222981458
47.50265 0.0022115475200000004
47.61221 0.002193404108
47.72202 0.0021753849879999998
47.83209 0.002157488872
47.94241 0.002139717048
48.05298 0.0021220675840000003
48.16381 0.002104541768
48.2749 0.002087138312
48.38624 0.0020698565720000004
48.49783 0.002052697192
48.60969 0.002035659528
48.7218 0.002018742936
48.83417 0.002001947416
48.9468 0.0019852723240000006
49.05969 0.001968717016
49.17285 0.0019522814920000004
49.28626 0.0019359651080000004
49.39993 0.0019197678640000004
49.51387 0.0019036891160000005
49.62807 0.00188772822
49.74253 0.0018718845320000001
49.85725 0.0018561580520000001
49.97224 0.0018405481360000001
50.0875 0.001820516516
50.20302 0.00179925872
50.31881 0.0017782269680000004
50.43486 0.001757419972
50.55119 0.0017368358000000002
50.66778 0.0017164725200000004
50.78464 0.0016963282
50.90177 0.0016764021959999999
51.01917 0.001656691932
51.13684 0.0016371954760000002
51.25478 0.001617910896
51.37299 0.001598837548
51.49148 0.001579972856
51.61024 0.0015613148879999998
51.72927 0.0015428623560000002
51.84858 0.0015246126840000001
51.96816 0.0015065652279999998
52.08802 0.0014887174120000002
52.20816 0.001471067948
52.32857 0.0014536142600000005
52.44926 0.0014363557040000003
52.57023 0.0014192890600000002
52.69147 0.0014024143280000003
52.813 0.001385728288
52.93481 0.001369229652
53.0569 0.0013529171320000003
53.17927 0.0013367881520000003
53.30192 0.001320841424
53.42486 0.001305075016
53.54807 0.00128948764
53.67158 0.00127407672
53.79536 0.001258841612
53.91944 0.00124377974
54.0438 0.0012288904600000002
54.16844 0.001214170552
54.29338 0.001199619372
54.4186 0.001185234988
54.54411 0.0011710154680000002
54.66991 0.0011569595239999998
54.796 0.0011430658680000002
54.92238 0.0011293319240000003
55.04905 0.0011157564040000002
55.17602 0.0011023380200000002
55.30328 0.00108907484
55.43083 0.001075964932
55.55867 0.001063007652
55.68681 0.001050200424
55.81525 0.0010375426040000002
55.94398 0.0010250316160000002
56.07301 0.0010126668160000002
56.20233 0.0010004462719999999
56.33196 0.0009883686960000001
56.46188 0.000976431512
56.59211 0.0009646347200000002
56.72263 0.000952976388
56.85345 0.0009414539400000001
56.98458 0.000930067376
57.11601 0.0009188147640000001
57.24774 0.000907694172
57.37978 0.000896704312
57.51212 0.0008858445399999999
57.64476 0.00087511228
57.77771 0.0008645068880000003
57.91097 0.0008540264319999999
58.04454 0.000843670268
58.17841 0.000833437108
58.31259 0.0008233243760000001
58.44709 0.0008133320719999999
58.58189 0.0008034576200000001
58.717 0.00079370102
58.85243 0.0007840596960000002
58.98816 0.0007745336480000001
59.12421 0.0007651203000000002
59.26058 0.000755819652
59.39725 0.0007466291280000001
59.53425 0.0007375487280000001
59.67156 0.000728575876
59.80918 0.000719710572
59.94713 0.0007109515280000001
60.08539 0.0007061099360000001
60.22397 0.0007036595160000001
60.36287 0.000701216824
60.50209 0.0006987831480000001
60.64163 0.0006963572000000002
60.78149 0.0006939396240000001
60.92168 0.00069153042
61.06219 0.000689128944
61.20302 0.0006867358400000001
61.34418 0.0006843511079999999
61.48566 0.0006819747480000001
61.62747 0.0006796054720000001
61.76961 0.0006772452120000001
61.91208 0.00067489268
62.05487 0.0006725478760000001
62.19799 0.0006702108
62.34145 0.000667882096
62.48523 0.0006655617639999999
62.62934 0.0006632485160000001
62.77379 0.00066094364
62.91857 0.0006586458480000001
63.06369 0.0006563564280000001
63.20914 0.0006540747360000001
63.35492 0.0006518007720000001
63.50104 0.0006495345360000001
63.6475 0.000647276028
63.7943 0.0006450252480000001
63.94143 0.0006427819384
64.08891 0.0006405462924
64.23672 0.0006383181812
64.38488 0.0006360977336
64.53337 0.0006338847564000001
64.68221 0.000631679314
64.8314 0.000629481342
64.98092 0.0006272908404
65.13079 0.0006251077448000001
65.28101 0.0006229321196000001
65.43158 0.000620763836
65.58249 0.0006186029584
65.73374 0.000616449358
65.88535 0.0006143030992000001
66.03731 0.0006121641176
66.18962 0.0006100323488000001
66.34228 0.0006079078572000001
66.49529 0.0006057905784000001
66.64865 0.0006036805124
66.80237 0.0006015775948000001
66.95644 0.0005994817612000002
67.11087 0.000597393076
67.26566 0.0005953115392000001
67.4208 0.0005932370220000001
67.5763 0.0005911695244000001
67.73215 0.0005891090464
67.88837 0.000587055588
68.04495 0.0005850090848000001
68.20189 0.0005829695368
68.35919 0.0005809368796000001
68.51685 0.0005789111776
68.67488 0.0005768923020000001
68.83327 0.0005748803172
68.99202 0.0005728751588
69.15115 0.0005708767624000001
69.31064 0.0005688851924000001
69.47049 0.0005669003844000001
69.63072 0.0005649223384
69.79132 0.0005629509256000001
69.95228 0.0005609862748000001
70.11362 0.0005602322152
70.27533 0.0005599854344
70.43741 0.000559738718
70.59987 0.0005594921948
70.7627 0.0005592457360000001
70.9259 0.0005589994060000001
71.08949 0.0005587532048
71.25345 0.0005585070680000001
71.41779 0.00055826106
71.5825 0.0005580151808
71.7476 0.0005577694304000001
71.91308 0.0005575237444000001
72.07894 0.0005572781872
72.24518 0.0005570326944
72.41181 0.0005567873948
72.57882 0.0005565421596
72.74621 0.0005562969888000001
72.91399 0.0005560520111999999
73.08216 0.000555807098
73.25072 0.0005555622491999999
73.41966 0.0005553175936
73.589 0.0005550730024
73.75872 0.0005548284756000001
73.92884 0.0005545840776
74.09935 0.0005543398084
74.27025 0.0005540956036000001
74.44155 0.0005538515276
74.61324 0.0005536075804000001
74.78533 0.0005533636976
74.95781 0.0005531199436
75.13069 0.0005528763184
75.30397 0.0005526327576
75.47765 0.0005523892612
75.65173 0.0005521458936
75.82622 0.0005519026548000001
76.0011 0.0005516594804000001
76.17639 0.0005514164348
76.35208 0.0005511734536
76.52818 0.0005509306012000001
76.70469 0.0005506878776000001
76.8816 0.0005504452184
77.05892 0.0005502026236
77.23664 0.0005499601576
77.41478 0.0005497178204
77.59333 0.0005494755476
77.77229 0.0005492333392000001
77.95166 0.0005489912596
78.13145 0.0005487493088000001
78.31165 0.0005485074224
78.49227 0.0005482656004
78.6733 0.0005480239072
78.85476 0.0005477823428
79.03663 0.0005475408428
79.21892 0.0005472994072
79.40163 0.0005470581004
79.58476 0.000546816858
79.76831 0.0005465757444000002
79.95229 0.0005463346952000001
80.13669 0.0005460937748000001
80.32152 0.0005458529188
80.50677 0.0005456121272000001
80.69245 0.0005453714644
80.87856 0.0005451309303999999
81.0651 0.0005448903964000001
81.25206 0.0005446500556
81.43946 0.0005444097148000002
81.62729 0.0005441695028000001
81.81556 0.0005439294196
82.00426 0.0005436893364
82.19339 0.0005434493820000001
82.38296 0.0005432095564000001
82.57297 0.0005429697952000001
82.76341 0.0005427300984
82.9543 0.0005424905304
83.14562 0.0005422510268
83.33739 0.0005420115876
83.5296 0.0005417722772000001
83.72225 0.0005415330312000001
83.91535 0.0005412938496
84.10889 0.0005410547968
84.30288 0.0005408158084
84.49731 0.0005405768844
84.6922 0.0005403380892
84.88753 0.0005400993584
85.08332 0.0005403728652000001
85.27955 0.0005413397668000001
85.47624 0.0005423081496000002
85.67338 0.0005432780780000001
85.87098 0.0005442496164000001
86.06903 0.000545222636
86.26754 0.0005461972656000001
86.4665 0.0005471734408000001
86.66593 0.0005481510972000001
86.86582 0.0005491303636
87.06616 0.0005501111756000001
87.26697 0.0005510935332000001
87.46824 0.0005520775008000001
87.66998 0.0005530629496000001
87.87218 0.0005540500084
88.07485 0.0005550385484
88.27798 0.0005560286984
88.48159 0.0005570203940000001
88.68566 0.0005580136996
88.8902 0.0005590084864
89.09522 0.0005600048832000001
89.30071 0.0005610027612000001
89.50667 0.0005620022492000001
89.71311 0.0005630032828000001
89.92002 0.0005640059264
90.12741 0.0005650100512000001
90.33528 0.0005660157860000001
90.54363 0.0005670230664
90.75246 0.0005680318924000001
90.96177 0.0005690422640000001
91.17157 0.0005700542456000001
91.38184 0.0005710677728000001
91.5926 0.0005720828456
91.80385 0.0005730994640000001
92.01559 0.0005741176280000002
92.22781 0.000575137402
92.44053 0.0005761587216
92.65373 0.0005771815868
92.86743 0.0005782059975999999
93.08162 0.000579231954
93.2963 0.0005802595204000002
93.51148 0.0005812886324
93.72715 0.0005823192900000001
93.94332 0.0005833514932
94.15999 0.0005843853064000001
94.37716 0.0005854206008
94.59483 0.0005864575052000001
94.81301 0.0005874959552
95.03168 0.0005885359508000001
95.25086 0.0005895775564000001
95.47055 0.0005906206432
95.69074 0.0005916653400000002
95.91144 0.0005927115824
96.13265 0.0005937593704000001
96.35437 0.0005948087040000001
96.5766 0.0005958595832
96.79934 0.000596912008
97.0226 0.0005979660428000001
97.24637 0.0005990215588
97.47066 0.0006000786848000001
97.69547 0.000601137292
97.92079 0.0006021975091999999
98.14664 0.0006032592720000001
98.373 0.0006043225804000001
98.59989 0.0006053874344000001
98.8273 0.0006064538340000001
99.05523 0.0006075217148000001
99.28369 0.0006085912056
99.51268 0.0006096622420000001
99.74219 0.0006107348240000001
99.97224 0.0006118089516000001
100.2028 0.0006129829636
100.4339 0.0006141723028000001
100.6656 0.0006153635096000001
100.8977 0.0006165566484
101.1304 0.0006177516548
101.3637 0.0006189485288
101.5975 0.0006201473348
101.8318 0.0006213479440000001
102.0667 0.0006225505496
102.3021 0.0006237549584
102.538 0.0006249612348
102.7745 0.0006261694432000001
103.0116 0.0006273794548000001
103.2491 0.0006285913984000001
103.4873 0.0006298051452
103.726 0.0006310208240000001
103.9652 0.0006322383704
104.205 0.0006334577200000001
104.4453 0.0006346790016
104.6862 0.0006359020864000001
104.9276 0.0006371270387999999
105.1696 0.0006383538588
105.4122 0.0006395825464000002
105.6553 0.0006408130372000002
105.899 0.0006420453956000001
106.1433 0.0006432625556000002
106.3881 0.0006444694759999999
106.6334 0.000645678264
106.8794 0.00064688834
107.1259 0.000648100348
107.373 0.000649314288
107.6206 0.0006505301600000001
107.8688 0.0006517473200000002
108.1176 0.000652966412
108.367 0.000654186792
108.6169 0.000655409104
108.8674 0.0006566333480000001
109.1185 0.00065785888
109.3702 0.000659086344
109.6224 0.00066031574
109.8753 0.0006615464240000001
110.1287 0.0006627146400000001
110.3827 0.0006638216760000001
110.6373 0.0006649300000000001
110.8924 0.0006660389679999999
111.1482 0.0006671498680000001
111.4046 0.0006682620560000001
111.6615 0.0006693755320000001
111.919 0.000670489652
112.1772 0.000671605704
112.4359 0.0006727224
112.6952 0.000673841028
112.9551 0.0006749603
113.2156 0.00067608086
113.4768 0.000677202708
113.7385 0.0006783258440000001
114.0008 0.0006794502680000001
114.2637 0.0006805753360000001
114.5273 0.000681702336
114.7914 0.00068282998
115.0562 0.0006839292880000002
115.3215 0.0006849178280000001
115.5875 0.0006859070120000001
115.8541 0.00068689684
116.1213 0.0006878879560000001
116.3891 0.0006888797160000001
116.6576 0.0006898721200000001
116.9266 0.000690865168
117.1963 0.00069185886
117.4666 0.00069285384
117.7375 0.0006938494640000002
118.0091 0.0006948457319999999
118.2813 0.000695842644
118.5541 0.0006968402
118.8275 0.0006978384
119.1016 0.0006988372439999999
119.3763 0.000699837376
119.6516 0.000700837508
119.9275 0.0007018389280000001
120.2041 0.0007027289360000002
120.4814 0.0007035790160000001
120.7593 0.000704429096
121.0378 0.0007052804640000002
121.3169 0.000706131188
121.5967 0.0007069832000000001
121.8772 0.0007078345680000001
122.1583 0.000708687224
122.44 0.0007095392360000001
122.7224 0.000710392536
123.0055 0.000711245192
123.2892 0.000712099136
123.5735 0.0007129524360000002
123.8585 0.00071380638
124.1442 0.0007146609680000001
124.4305 0.0007155155560000001
124.7175 0.0007163701440000001
125.0052 0.0007172253760000002
125.2935 0.000718080608
125.5824 0.0007189358400000001
125.8721 0.0007197917160000001
126.1624 0.0007206475920000001
126.4534 0.0007215041120000002
126.745 0.0007223606320000001
127.0374 0.000723200408
127.3304 0.0007239294160000001
127.624 0.0007246584240000001
127.9184 0.000725386788
128.2134 0.000726115796
128.5091 0.00072684416
128.8055 0.000727573168
129.1026 0.000728301532
129.4003 0.0007290298960000001
129.6988 0.0007297582600000001
129.9979 0.000730486624
130.2978 0.0007312149880000001
130.5983 0.0007319433520000001
130.8995 0.000732671716
131.2014 0.000733399436
131.504 0.0007341278000000001
131.8073 0.0007348555200000001
132.1113 0.0007355832400000001
132.416 0.0007363103159999999
132.7214 0.000737038036
133.0275 0.0007377567400000001
133.3343 0.0007383917240000001
133.6418 0.000739026708
133.9501 0.000739661048
134.259 0.000740295388
134.5687 0.0007409290840000001
134.879 0.0007415627800000001
135.1901 0.0007421958319999999
135.5019 0.0007428288840000001
135.8144 0.000743461292
136.1277 0.0007440937000000001
136.4416 0.0007447254640000001
136.7563 0.000745357228
137.0717 0.0007459883480000002
137.3879 0.0007466188240000001
137.7048 0.0007472493
138.0224 0.000747879776
138.3407 0.0007485096080000002
138.6598 0.0007491387960000001
138.9796 0.0007497673400000001
139.3001 0.0007503958840000001
139.6214 0.0007510244280000001
139.9434 0.0007516516840000001
140.2662 0.0007522789400000001
140.5897 0.000752906196
140.9139 0.000753532164
141.2389 0.0007541240000000001
141.5647 0.0007547036000000001
141.8912 0.000755282556
142.2185 0.0007558608680000001
142.5465 0.0007564385359999999
142.8752 0.00075701556
143.2048 0.000757592584
143.535 0.0007581683200000001
143.8661 0.000758744056
144.1979 0.0007593185040000001
144.5305 0.0007598929520000001
144.8638 0.000760466756
145.1979 0.0007610180199999999
145.5328 0.000761553184
145.8685 0.000762088348
146.2049 0.0007626222240000001
146.5421 0.000763155456
146.8801 0.0007636886880000001
147.2189 0.000764220632
147.5584 0.0007647519320000001
147.8987 0.000765282588
148.2398 0.0007658126
148.5817 0.0007663413240000001
148.9244 0.000766870048
149.2679 0.000767397484
149.6122 0.00076792492
149.9572 0.000768451068
150.3031 0.00076892956
150.6498 0.000769401612
150.9972 0.000769872376
151.3455 0.0007703418520000002
151.6945 0.0007708113280000001
152.0444 0.0007712795160000001
152.3951 0.0007717470600000001
152.7466 0.000772213316
153.0989 0.000772678928
153.452 0.000773143896
153.8059 0.000773607576
154.1606 0.0007740706119999999
154.5162 0.00077453236
154.8726 0.000774993464
155.2298 0.000775235608
155.5878 0.0007753560360000001
155.9466 0.000775475176
156.3063 0.000775593672
156.6668 0.0007757108799999999
157.0281 0.000775827444
157.3903 0.0007759427200000001
157.7533 0.0007760573519999999
158.1171 0.000776170696
158.4818 0.0007762833959999999
158.8473 0.000776394808
159.2137 0.0007765049320000001
159.5809 0.0007766144119999999
159.949 0.0007767232480000001
160.3179 0.0007768301520000001
160.6876 0.0007769364119999999
161.0582 0.000777042028
161.4297 0.000777146356
161.802 0.0007772493959999999
162.1752 0.000777351792
162.5493 0.000777452256
162.9242 0.00077755272
163.2999 0.0007776512520000002
163.6766 0.00077774914
164.0541 0.0007778457400000001
164.4324 0.0007779416960000001
164.8117 0.0007780363639999999
165.1918 0.000778129744
165.5728 0.000778221836
165.9547 0.000778313284
166.3374 0.0007784027999999999
166.7211 0.0007784916720000002
167.1056 0.0007785799000000001
167.491 0.000778666196
167.8773 0.000778751848
168.2645 0.000778836212
168.6526 0.0007789192879999999
169.0416 0.0007790010759999999
169.4314 0.000779081576
169.8222 0.000779161432
170.2139 0.00077924
170.6065 0.0007793166360000001
170.9999 0.0007793926280000002
171.3943 0.0007794673319999999
171.7896 0.000779540748
172.1859 0.0007796135200000002
172.583 0.0007796843600000001
172.981 0.000779753912
173.38 0.0007798228200000001
173.7799 0.000779889796
174.1807 0.0007799554839999999
174.5824 0.000780020528
174.9851 0.0007800836399999999
175.3886 0.000780146108
175.7932 0.0007802066439999999
176.1986 0.0007802665360000001
176.605 0.0007803244960000001
177.0123 0.000780381168
177.4206 0.000780437196
177.8298 0.0007804912919999999
178.2399 0.0007805441000000001
178.651 0.0007805956200000002
179.0631 0.0007806458519999999
179.476 0.000780694796
179.89 0.000780741808
180.3049 0.000780788176
180.7207 0.0007808326119999999
181.1375 0.0007808757600000002
181.5553 0.00078091762
181.9741 0.000780958192
182.3938 0.0007809968320000001
182.8144 0.000781034828
183.2361 0.000781070892
183.6587 0.0007811056680000001
184.0823 0.0007811385119999999
184.5068 0.0007811707120000001
184.9324 0.0007812009799999999
185.3589 0.0007812299600000001
185.7864 0.0007812570080000001
186.2149 0.000781282768
186.6444 0.0007813072400000001
187.0749 0.0007813297800000001
187.5064 0.0007813516760000001
187.9388 0.0007813709960000001
188.3723 0.000781389672
188.8067 0.0007814064160000001
189.2422 0.000781421228
189.6787 0.000781434752
190.1161 0.0007814469880000002
190.5546 0.0007814572920000001
190.9941 0.000781466308
191.4346 0.0007814733919999999
191.8761 0.0007814791880000001
192.3187 0.0007814830519999998
192.7623 0.0007814856279999998
193.2068 0.0007814862720000001
193.6524 0.0007814856279999998
194.0991 0.0007814830519999998
194.5468 0.0007814791880000001
194.9955 0.0007814733919999999
195.4452 0.000781465664
195.896 0.000781456648
196.3478 0.0007814457
196.8006 0.0007814334640000001
197.2545 0.0007814192959999999
197.7095 0.000781403196
198.1655 0.000781385164
198.6225 0.000781365844
199.0806 0.0007813445920000001
199.5398 0.0007813220520000001
200.0 0.0007812969360000001
