2000 4.39 0.1
0.2   0.0
2.0 1.8481437586666668e-05
2.004613 1.856309744e-05
2.009236 1.8669645666666664e-05
2.01387 1.875062068e-05
2.018515 1.8830682573333336e-05
2.023171 1.8935855266666666e-05
2.027837 1.9014840146666668e-05
2.032514 1.9092929466666667e-05
2.037202 1.918711545333333e-05
2.0419 1.9279381546666667e-05
2.04661 1.937017845333333e-05
2.05133 1.945593564e-05
2.056061 1.9545509200000002e-05
2.060803 1.962951624e-05
2.065556 1.9704368666666666e-05
2.07032 1.9803717293333332e-05
2.075095 1.9900636786666667e-05
2.079881 2.0024926466666666e-05
2.084678 2.0097613159999998e-05
2.089486 2.0194556066666668e-05
2.094305 2.026984749333333e-05
2.099136 2.0386568813333333e-05
2.103977 2.0459554026666665e-05
2.10883 2.0552633733333334e-05
2.113693 2.0690204626666665e-05
2.118568 2.0763201546666666e-05
2.123455 2.0856041266666663e-05
2.128352 2.0936840679999997e-05
2.133261 2.1047989626666666e-05
2.138181 2.1157763039999997e-05
2.143113 2.1245094773333333e-05
2.148056 2.133501368e-05
2.15301 2.144035612e-05
2.157975 2.1536526386666665e-05
2.162953 2.164107862666667e-05
2.167941 2.1743664146666667e-05
2.172941 2.184485072e-05
2.177953 2.1932598039999998e-05
2.182976 2.2065111653333334e-05
2.188011 2.2141796173333334e-05
2.193057 2.2257902893333335e-05
2.198115 2.235707006666666e-05
2.203185 2.247166077333333e-05
2.208267 2.257772317333333e-05
2.21336 2.2681877386666665e-05
2.218465 2.2764409386666664e-05
2.223581 2.2885626066666668e-05
2.22871 2.299479073333333e-05
2.23385 2.310701669333333e-05
2.239002 2.3215859426666664e-05
2.244166 2.332360173333333e-05
2.249342 2.3429927533333334e-05
2.25453 2.3546280093333328e-05
2.25973 2.363937150666667e-05
2.264942 2.3745006613333335e-05
2.270165 2.386635206666666e-05
2.275401 2.397088089333333e-05
2.280649 2.4082439573333334e-05
2.285909 2.420089348e-05
2.291182 2.4318639133333335e-05
2.296466 2.442432106666666e-05
2.301763 2.4541305786666666e-05
2.307071 2.4656879853333334e-05
2.312392 2.478170804e-05
2.317726 2.4906471839999996e-05
2.323071 2.5032599466666665e-05
2.328429 2.5145363933333333e-05
2.333799 2.5257437706666667e-05
2.339182 2.5368820786666666e-05
2.344577 2.5479524880000003e-05
2.349985 2.5617921093333332e-05
2.355405 2.5742263453333332e-05
2.360837 2.5850825226666665e-05
2.366282 2.5979417106666666e-05
2.37174 2.6116712893333333e-05
2.37721 2.622361817333333e-05
2.382693 2.6363676733333334e-05
2.388188 2.6468691386666666e-05
2.393696 2.6602118119999998e-05
2.399217 2.6719284293333334e-05
2.40475 2.686703413333333e-05
2.410297 2.6987671333333333e-05
2.415856 2.711762118666666e-05
2.421428 2.7252862453333335e-05
2.427013 2.7367769239999997e-05
2.43261 2.7485087599999996e-05
2.438221 2.763437686666667e-05
2.443844 2.7756711533333335e-05
2.449481 2.7902149306666668e-05
2.45513 2.800899605333333e-05
2.460793 2.8166638026666664e-05
2.466468 2.829991257333333e-05
2.472157 2.8437214213333333e-05
2.477859 2.8578010293333334e-05
2.483574 2.869713148e-05
2.489302 2.88394904e-05
2.495043 2.899298821333333e-05
2.500797 2.911415221333333e-05
2.506565 2.9253754213333327e-05
2.512346 2.940358784e-05
2.518141 2.954515656e-05
2.523949 2.967950226666666e-05
2.52977 2.981070473333333e-05
2.535605 2.997757741333333e-05
2.541453 3.012452534666667e-05
2.547314 3.025612584e-05
2.553189 3.040776229333333e-05
2.559078 3.054458981333333e-05
2.56498 3.069946901333334e-05
2.570896 3.084608916e-05
2.576826 3.098445025333333e-05
2.582769 3.1152897479999995e-05
2.588726 3.129330138666666e-05
2.594696 3.144835618666667e-05
2.600681 3.160208227999999e-05
2.606679 3.175430992e-05
2.612691 3.190534933333333e-05
2.618717 3.205517125333333e-05
2.624757 3.220604677333333e-05
2.63081 3.2367838759999996e-05
2.636878 3.2515904680000004e-05
2.64296 3.269169198666667e-05
2.649055 3.284193534666666e-05
2.655165 3.299821934666667e-05
2.661289 3.315954892e-05
2.667427 3.332086678666667e-05
2.673579 3.3490976359999996e-05
2.679745 3.3644907319999994e-05
2.685926 3.380675784e-05
2.692121 3.3968356666666664e-05
2.69833 3.414908418666666e-05
2.704553 3.4299333399999995e-05
2.710791 3.4485668413333335e-05
2.717043 3.464208118666666e-05
2.72331 3.4816803186666665e-05
2.729591 3.4980386293333334e-05
2.735886 3.515660674666666e-05
2.742196 3.5327266533333336e-05
2.748521 3.549409238666666e-05
2.75486 3.567738952e-05
2.761214 3.5847967359999996e-05
2.767582 3.60118724e-05
2.773965 3.621473137333334e-05
2.780363 3.637477321333333e-05
2.786776 3.654492961333333e-05
2.793203 3.674019096e-05
2.799645 3.6925074346666664e-05
2.806103 3.7098707626666664e-05
2.812574 3.7284340240000003e-05
2.819061 3.745524001333333e-05
2.825563 3.764797857333333e-05
2.83208 3.783046794666666e-05
2.838612 3.802663656e-05
2.845159 3.8203530146666665e-05
2.851721 3.839615164e-05
2.858298 3.858699372e-05
2.864891 3.8767996346666666e-05
2.871498 3.8963649866666664e-05
2.878121 3.915816198666667e-05
2.884759 3.9350543493333333e-05
2.891412 3.955003094666667e-05
2.898081 3.973802245333333e-05
2.904765 3.994367932e-05
2.911465 4.0137652933333335e-05
2.91818 4.033348790666667e-05
2.92491 4.053937890666666e-05
2.931656 4.0743549026666665e-05
2.938418 4.094777767999999e-05
2.945195 4.116085657333333e-05
2.951988 4.1350527986666664e-05
2.958796 4.1566147226666664e-05
2.96562 4.1762895319999994e-05
2.97246 4.1961768173333334e-05
2.979316 4.217714157333333e-05
2.986187 4.23807966e-05
2.993075 4.2599945399999995e-05
2.999978 4.2804630613333334e-05
3.006897 4.304084187999999e-05
3.013832 4.325790103999999e-05
3.020783 4.345771042666666e-05
3.02775 4.367179024e-05
3.034733 4.389734844e-05
3.041733 4.411077853333333e-05
3.048748 4.4335048999999996e-05
3.05578 4.456705757333333e-05
3.062828 4.478065156e-05
3.069892 4.500832866666667e-05
3.076972 4.5234694626666666e-05
3.084069 4.547350477333333e-05
3.091182 4.571081061333333e-05
3.098311 4.592288858666667e-05
3.105457 4.6149067239999994e-05
3.11262 4.6389568999999996e-05
3.119798 4.663859321333333e-05
3.126994 4.6865158186666666e-05
3.134206 4.710537898666665e-05
3.141435 4.7327647613333324e-05
3.14868 4.7578474653333325e-05
3.155942 4.7819140306666666e-05
3.163221 4.805025917333333e-05
3.170517 4.829018145333333e-05
3.177829 4.8549015853333334e-05
3.185158 4.878092492e-05
3.192505 4.902840385333333e-05
3.199868 4.929401641333333e-05
3.207248 4.9545891199999995e-05
3.214645 4.978984057333333e-05
3.222059 5.004818329333333e-05
3.229491 5.0305905560000006e-05
3.236939 5.0564160479999995e-05
3.244405 5.081996870666666e-05
3.251888 5.1073406333333324e-05
3.259388 5.132608302666666e-05
3.266905 5.16033086e-05
3.27444 5.186444921333334e-05
3.281992 5.212421429333334e-05
3.289562 5.239436318666666e-05
3.297149 5.2663294586666666e-05
3.304753 5.293053437333333e-05
3.312375 5.320819894666666e-05
3.320015 5.3484751386666664e-05
3.327672 5.375866982666666e-05
3.335347 5.4032693626666656e-05
3.34304 5.4313513146666665e-05
3.35075 5.459460192e-05
3.358478 5.4873138639999994e-05
3.366224 5.516407272e-05
3.373988 5.543968277333333e-05
3.38177 5.5723060199999996e-05
3.38957 5.602104754666667e-05
3.397387 5.63098276e-05
3.405223 5.6599105186666666e-05
3.413077 5.690028845333332e-05
3.420949 5.7196180306666664e-05
3.428839 5.7485791533333326e-05
3.436747 5.7782649186666667e-05
3.444673 5.807692551999999e-05
3.452618 5.8392344093333334e-05
3.460581 5.868113e-05
3.468563 5.900130733333332e-05
3.476563 5.930860733333333e-05
3.484581 5.961614146666666e-05
3.492618 5.992906066666665e-05
3.500673 6.024203840000001e-05
3.508747 6.055220653333334e-05
3.51684 6.08803444e-05
3.524951 6.11923856e-05
3.533081 6.151666026666666e-05
3.541229 6.183672053333334e-05
3.549397 6.216778506666667e-05
3.557583 6.248164079999999e-05
3.565788 6.28065008e-05
3.574012 6.315571066666666e-05
3.582256 6.34746588e-05
3.590518 6.381789826666666e-05
3.598799 6.415797693333333e-05
3.607099 6.449922626666666e-05
3.615418 6.484158773333333e-05
3.623757 6.517317906666667e-05
3.632115 6.551448693333332e-05
3.640492 6.586627226666666e-05
3.648888 6.622853506666666e-05
3.657304 6.657411586666666e-05
3.665739 6.692947173333333e-05
3.674194 6.727838893333332e-05
3.682668 6.76398908e-05
3.691162 6.800543146666666e-05
3.699675 6.836295306666666e-05
3.708208 6.872890346666666e-05
3.71676 6.909941946666667e-05
3.725333 6.946636493333332e-05
3.733925 6.983494933333332e-05
3.742537 7.021758173333332e-05
3.751168 7.058382479999998e-05
3.75982 7.096897413333333e-05
3.768492 7.13531284e-05
3.777183 7.173394626666665e-05
3.785895 7.211652013333333e-05
3.794627 7.250799106666667e-05
3.803379 7.290601773333333e-05
3.812151 7.329813253333334e-05
3.820943 7.369153506666667e-05
3.829756 7.409219573333333e-05
3.838589 7.448764693333333e-05
3.847442 7.489410240000001e-05
3.856316 7.528768053333334e-05
3.86521 7.570865226666666e-05
3.874124 7.611984893333333e-05
3.88306 7.653420639999999e-05
3.892016 7.693492560000001e-05
3.900992 7.73646188e-05
3.909989 7.780192133333334e-05
3.919007 7.821703973333332e-05
3.928046 7.864099666666667e-05
3.937106 7.907472866666666e-05
3.946186 7.951577733333334e-05
3.955288 7.993780266666667e-05
3.96441 8.036972013333334e-05
3.973554 8.08227096e-05
3.982718 8.127171879999999e-05
3.991904 8.171668920000001e-05
4.001111 8.216634226666667e-05
4.010339 8.261260040000001e-05
4.019588 8.307507226666666e-05
4.028859 8.353110546666666e-05
4.038151 8.399316760000001e-05
4.047465 8.445967826666667e-05
4.0568 8.4929818e-05
4.066156 8.540036746666666e-05
4.075534 8.58747216e-05
4.084934 8.6353056e-05
4.094356 8.683039533333335e-05
4.103799 8.732230946666665e-05
4.113264 8.780889706666666e-05
4.122751 8.829226533333332e-05
4.132259 8.879336920000001e-05
4.14179 8.927855200000001e-05
4.151343 8.978492386666665e-05
4.160917 9.029164693333333e-05
4.170514 9.079403853333333e-05
4.180133 9.130696613333334e-05
4.189774 9.182094733333332e-05
4.199437 9.233358226666666e-05
4.209123 9.284668546666666e-05
4.21883 9.338086066666667e-05
4.228561 9.390502666666665e-05
4.238313 9.444013840000001e-05
4.248089 9.498215706666667e-05
4.257886 9.551949306666667e-05
4.267707 9.60521464e-05
4.27755 9.660581319999999e-05
4.287416 9.714964639999999e-05
4.297304 9.771402479999998e-05
4.307215 9.827448146666665e-05
4.317149 9.882967013333334e-05
4.327106 9.9391356e-05
4.337086 9.99636364e-05
4.347089 0.00010053784839999998
4.357116 0.00010112528893333333
4.367165 0.00010169833026666666
4.377237 0.00010228781946666668
4.387333 0.00010287215773333333
4.397452 0.00010346275906666667
4.407594 0.00010406155506666665
4.41776 0.00010466216559999999
4.427949 0.00010526400533333333
4.438161 0.00010588568786666667
4.448397 0.00010649513693333331
4.458657 0.00010712366786666666
4.468941 0.00010774681373333333
4.479248 0.00010836984253333334
4.489579 0.00010899474439999998
4.499933 0.00010963626973333333
4.510312 0.00011029266253333334
4.520715 0.00011093553413333333
4.531141 0.00011158279573333333
4.541592 0.00011222619413333333
4.552066 0.00011289382533333332
4.562565 0.00011355706653333332
4.573088 0.00011423300946666667
4.583636 0.00011490959626666665
4.594207 0.00011559174373333334
4.604803 0.0001162712572
4.615424 0.00011696335533333334
4.626069 0.00011766353106666665
4.636738 0.00011836487746666665
4.647432 0.00011906727746666666
4.658151 0.00011977681853333333
4.668895 0.00012049677853333333
4.679663 0.00012121392893333332
4.690456 0.00012193400600000002
4.701274 0.00012266877493333334
4.712117 0.00012341642119999998
4.722985 0.00012415862386666666
4.733878 0.00012490492386666666
4.744796 0.00012565976973333333
4.75574 0.00012642023479999997
4.766708 0.00012719035786666667
4.777702 0.00012796065653333333
4.788722 0.00012873358919999998
4.799766 0.0001295145994666667
4.810836 0.0001303108284
4.821932 0.0001311062964
4.833053 0.00013190153026666665
4.8442 0.00013271028533333332
4.855373 0.00013353267866666668
4.866571 0.00013435653533333333
4.877796 0.00013517682146666667
4.889046 0.0001360086972
4.900322 0.0001368501724
4.911624 0.00013770235919999998
4.922952 0.00013854746346666667
4.934306 0.000139405328
4.945687 0.00014027595279999998
4.957093 0.00014115611853333332
4.968526 0.00014203183573333332
4.979986 0.0001429230057333333
4.991471 0.00014381066373333332
5.002984 0.00014471418426666667
5.014523 0.00014562818226666665
5.026088 0.0001465441118666667
5.03768 0.00014746226573333332
5.049299 0.0001483973942666667
5.060945 0.00014934381973333335
5.072617 0.00015028017746666666
5.084317 0.00015123620239999999
5.096043 0.00015219685146666666
5.107797 0.0001531628856
5.119577 0.0001541499917333333
5.131385 0.00015512679600000002
5.14322 0.00015612426253333334
5.155082 0.00015713261626666667
5.166972 0.0001581421992
5.178889 0.00015915377226666664
5.190834 0.00016018454426666666
5.202806 0.00016121555040000003
5.214805 0.00016226042893333333
5.226833 0.00016331596053333332
5.238888 0.00016438354999999999
5.250971 0.00016545348080000002
5.263082 0.00016653353786666664
5.27522 0.00016762629666666667
5.287387 0.00016871975786666665
5.299582 0.00016983282773333334
5.311805 0.00017094859013333332
5.324056 0.00017208050773333332
5.336335 0.00017320926453333332
5.348643 0.00017436787333333334
5.360979 0.00017552314573333333
5.373343 0.00017668427146666667
5.385737 0.00017786477173333331
5.398158 0.00017904972053333333
5.410608 0.00018025989719999997
5.423087 0.00018145977199999998
5.435595 0.00018268346986666665
5.448132 0.00018390669946666665
5.460697 0.00018515129373333335
5.473292 0.00018640279493333333
5.485915 0.0001876667052
5.498568 0.00018894723893333334
5.51125 0.00019023099200000002
5.523961 0.0001915280906666667
5.536701 0.00019284023240000002
5.549471 0.00019416214919999999
5.562271 0.0001954940752
5.575099 0.00019684736586666666
5.587958 0.0001982077976
5.600846 0.00019957817999999996
5.613763 0.00020096091293333331
5.626711 0.00020235377213333335
5.639688 0.0002037692837333333
5.652696 0.0002051840929333333
5.665733 0.00020662243253333332
5.6788 0.00020807640053333333
5.691898 0.0002095379193333333
5.705026 0.00021101389586666665
5.718184 0.00021251141266666665
5.731372 0.00021402268479999998
5.744591 0.00021554103946666667
5.75784 0.00021707309093333335
5.77112 0.0002186270924
5.784431 0.00022019215666666667
5.797772 0.0002217736688
5.811144 0.00022337279946666664
5.824546 0.00022498556839999997
5.83798 0.00022661086346666666
5.851445 0.00022826290826666665
5.864941 0.00022991846506666667
5.878467 0.00023159398173333332
5.892025 0.00023328629746666667
5.905615 0.00023500068026666667
5.919235 0.00023672296506666664
5.932888 0.00023847153133333332
5.946571 0.00024023759906666669
5.960286 0.00024201431986666669
5.974033 0.00024382071706666666
5.987811 0.0002456370064
6.001622 0.00024747571399999995
6.015464 0.00024933063533333333
6.029338 0.00025120446293333337
6.043244 0.0002531065036
6.057182 0.00025501884613333335
6.071152 0.00025694921693333335
6.085155 0.0002589017133333333
6.099189 0.00026088406173333325
6.113256 0.0002628797557333333
6.127356 0.00026489634613333335
6.141488 0.000266935706
6.155653 0.0002690029277333333
6.16985 0.00027107998306666667
6.18408 0.0002731968410666667
6.198343 0.00027531902560000004
6.212639 0.0002774817737333333
6.226968 0.00027966764253333333
6.24133 0.000281858194
6.255725 0.0002840859726666667
6.270153 0.0002863352916
6.284614 0.00028861247239999997
6.299109 0.00029091575906666666
6.313637 0.0002932472588
6.328199 0.00029559983053333336
6.342794 0.0002979829566666667
6.357423 0.0003003851061333333
6.372086 0.0003028290484
6.386782 0.0003052971649333333
6.401513 0.0003077883436
6.416277 0.00031031294479999993
6.431076 0.0003128678662666667
6.445908 0.00031544584986666665
6.460775 0.0003180562609333333
6.475676 0.00032070776239999995
6.490612 0.00032338402346666667
6.505582 0.0003260930632
6.520586 0.0003288309598666666
6.535625 0.0003316047374666666
6.550699 0.00033441656173333333
6.565807 0.0003372680716
6.580951 0.0003401398925333333
6.596129 0.00034305057959999996
6.611342 0.0003460090884
6.62659 0.0003489907178666667
6.641874 0.0003520155449333333
6.657193 0.00035507596026666664
6.672547 0.0003581805682666667
6.687936 0.0003613191256
6.703361 0.0003645038072
6.718822 0.0003677192773333333
6.734318 0.0003709906467999999
6.74985 0.00037429579
6.765418 0.00037764787693333335
6.781022 0.0003810395909333333
6.796661 0.0003844798876
6.812337 0.00038796759626666665
6.828049 0.0003915011950666666
6.843797 0.0003950836106666666
6.859582 0.00039870114626666664
6.875403 0.0004023887462666666
6.89126 0.00040611808053333333
6.907154 0.00040989488533333334
6.923084 0.00041373168680000004
6.939052 0.00041761221266666665
6.955056 0.0004215560716
6.971097 0.00042554845466666666
6.987175 0.00042960065880000005
7.00329 0.00043371467413333333
7.019443 0.0004378823645333333
7.035632 0.00044211233439999997
7.051859 0.0004464028277333333
7.068124 0.0004507527324
7.084425 0.0004551742818666666
7.100765 0.0004596596911999999
7.117142 0.00046419813173333336
7.133557 0.00046882162119999993
7.15001 0.0004735110777333332
7.1665 0.0004782696036
7.183029 0.0004830993645333333
7.199596 0.00048800609680000007
7.216201 0.00049298822
7.232845 0.0004980446805333334
7.249526 0.0005031881801333334
7.266247 0.0005084035586666667
7.283005 0.0005137033422666667
7.299803 0.0005190803898666666
7.316639 0.0005245554222666666
7.333514 0.0005301169669333333
7.350428 0.0005357712284
7.367381 0.0005415123533333334
7.384373 0.0005473484193333334
7.401404 0.0005532883819999999
7.418475 0.0005593173738666666
7.435585 0.0005654622032
7.452734 0.0005717008029333333
7.469923 0.0005780451138666667
7.487152 0.0005845069012
7.50442 0.0005910742826666667
7.521728 0.0005977558626666667
7.539076 0.000604553924
7.556464 0.000611477832
7.573893 0.0006185205626666666
7.591361 0.0006256955786666667
7.60887 0.0006329970266666666
7.626419 0.000640429004
7.644008 0.0006480014613333332
7.661638 0.0006557190813333333
7.679309 0.0006635713279999999
7.69702 0.0006715822
7.714773 0.0006797394053333333
7.732566 0.000688042944
7.7504 0.0006965238386666666
7.768276 0.00070515692
7.786193 0.0007139661866666666
7.804151 0.000722941688
7.82215 0.0007321085933333333
7.840191 0.0007414475866666665
7.858274 0.0007509803253333333
7.876398 0.0007607097360000001
7.894564 0.0007706422573333333
7.912772 0.0007807767186666667
7.931022 0.0007911283386666666
7.949314 0.0008016900933333332
7.967648 0.0008124912493333333
7.986025 0.0008235160026666665
8.004444 0.0008347824986666666
8.022905 0.0008462995173333332
8.041409 0.0008580647173333333
8.059956 0.0008701009266666665
8.078545 0.0008823993653333333
8.097177 0.0008949887146666667
8.115853 0.0009078637066666667
8.134571 0.000921041316
8.153332 0.000934520372
8.172137 0.0009483295560000001
8.190985 0.00096245482
8.209877 0.0009769377226666667
8.228812 0.0009917677279999996
8.247791 0.0010069688346666667
8.266814 0.0010225375306666667
8.28588 0.0010385165453333334
8.304991 0.0010548789533333333
8.324145 0.0010716932386666666
8.343344 0.0010889248666666666
8.362587 0.001106627688
8.381874 0.0011247771186666668
8.401206 0.0011434428133333333
8.420583 0.001162601944
8.440004 0.0011823030933333332
8.45947 0.0012025427493333333
8.478981 0.0012233741773333333
8.498537 0.0012447733786666666
8.518138 0.001266820544
8.537784 0.001289494016
8.557475 0.001312869888
8.577212 0.0013369212346666668
8.596995 0.0013617376119999997
8.616823 0.0013872932653333334
8.636696 0.0014136771653333333
8.656616 0.0014408711666666666
8.676582 0.0014689788733333335
8.696593 0.001497973945333333
8.716651 0.0015279611573333334
8.736755 0.0015589381679999997
8.756905 0.0015909898506666666
8.777102 0.0016241536666666665
8.797346 0.0016584893199999998
8.817636 0.0016940600266666668
8.837973 0.0017309266613333332
8.858357 0.001769165317333333
8.878787 0.0018088310159999998
8.899265 0.0018500618960000002
8.919791 0.0018928462506666664
8.940363 0.0019374100186666666
8.960983 0.001983692910666666
8.981651 0.0020319963733333333
9.002366 0.0020822489959999996
9.023129 0.0021347387626666665
9.04394 0.0021894738679999995
9.064799 0.0022467165413333334
9.085706 0.0023065703866666665
9.106661 0.002369219784
9.127664 0.0024349199386666668
9.148716 0.0025037937706666666
9.169817 0.0025762445746666664
9.190966 0.002652303958666667
9.212164 0.002732595888
9.233411 0.0028170635853333333
9.254707 0.002906534712
9.276052 0.0030009759039999998
9.297446 0.003101251113333333
9.31889 0.00320757106
9.340383 0.003320783892
9.361925 0.003441474357333333
9.383517 0.0035703817319999998
9.405159 0.0037086755119999995
9.426851 0.003856996052
9.448593 0.004017222272
9.470386 0.0041900770586666665
9.492228 0.0043781300253333336
9.514121 0.004582740901333334
9.536064 0.004807052926666667
9.558058 0.005054002718666666
9.580103 0.005327047841333333
9.602198 0.005632401608
9.624345 0.005974251493333333
9.646542 0.006363662053333332
9.668791 0.00680889
9.691091 0.007325991026666666
9.713442 0.007936926839999999
9.735845 0.00866835352
9.7583 0.009571282866666666
9.780807 0.010712097533333331
9.803365 0.012209128506666665
9.825975 0.014279575426666666
9.848638 0.01729775896
9.871353 0.021976732173333333
9.89412 0.029277407533333327
9.91694 0.03911787934666666
9.939812 0.04900722063999999
9.962737 0.05716949496
9.985715 0.06363925453333333
10.00875 0.06886499346666668
10.03183 0.07321050813333334
10.05497 0.0769263212
10.07816 0.0802089876
10.1014 0.08314777066666666
10.1247 0.08582034413333334
10.14805 0.08828389506666667
10.17146 0.09056441226666667
10.19492 0.09269695719999999
10.21843 0.09467766666666666
10.242 0.09653475373333334
10.26562 0.09826570146666666
10.2893 0.0998684612
10.31303 0.10136463173333332
10.33681 0.10275280826666666
10.36065 0.10409205093333333
10.38455 0.10542380133333332
10.4085 0.10674273293333332
10.43251 0.1080652936
10.45657 0.11159871680000001
10.48069 0.1263737593333333
10.50486 0.16264025173333332
10.52909 0.22156119279999997
10.55337 0.2827944932
10.57771 0.3182435090666667
10.60211 0.3099320684
10.62656 0.2542361969333333
10.65107 0.18500572133333332
10.67563 0.14592980453333335
10.70026 0.13006838333333332
10.72494 0.12655761253333334
10.74967 0.1281518264
10.77446 0.1334242164
10.79931 0.1435456833333333
10.82422 0.1597914344
10.84919 0.18790516999999998
10.87421 0.23503070786666666
10.89929 0.2906322236
10.92443 0.3334395233333333
10.94962 0.35051521853333334
10.97488 0.33857002853333334
11.00019 0.3069115727999999
11.02556 0.2781595897333333
11.05099 0.25990585266666666
11.07648 0.24926747786666661
11.10202 0.24307494386666667
11.12763 0.24007809573333333
11.15329 0.23886393879999998
11.17902 0.23898036159999997
11.2048 0.24019563066666663
11.23064 0.24213841053333335
11.25655 0.24478786333333333
11.28251 0.2480378681333333
11.30853 0.25179465453333333
11.33461 0.256110844
11.36075 0.2608907345333334
11.38696 0.26611536133333336
11.41322 0.27170734333333335
11.43954 0.27747638866666663
11.46593 0.2830407429333333
11.49237 0.2873454013333333
11.51888 0.2889989094666667
11.54545 0.2845882472
11.57207 0.27073844106666667
11.59876 0.24614525133333331
11.62551 0.20895422493333332
11.65233 0.16640798386666666
11.6792 0.12691607066666666
11.70614 0.097939144
11.73314 0.07737222813333333
11.7602 0.06322665306666667
11.78732 0.05356742972
11.81451 0.046603801
11.84176 0.04185960994666666
11.86907 0.03898914113333333
11.89644 0.03785246477333333
11.92388 0.03911964705333333
11.95138 0.0441596246
11.97895 0.05537046710666666
12.00658 0.0752273912
12.03427 0.09331343026666666
12.06202 0.09397228146666667
12.08984 0.07320529866666667
12.11773 0.04998277229333333
12.14568 0.03415273666666667
12.17369 0.025572060226666662
12.20177 0.02036066196
12.22991 0.01700042133333333
12.25812 0.01475017172
12.28639 0.01307454384
12.31472 0.01178247904
12.34313 0.010778374826666666
12.37159 0.009943707053333332
12.40013 0.00924184556
12.42873 0.008648698026666667
12.45739 0.008131005813333331
12.48613 0.0076752652799999994
12.51492 0.0072764074399999995
12.54379 0.006917978573333332
12.57272 0.006594845306666667
12.60172 0.0063042155999999995
12.63078 0.00603860304
12.65991 0.005795079203999999
12.68911 0.005573793937333333
12.71838 0.005369256813333333
12.74771 0.00517999806
12.77711 0.005005685208
12.80658 0.004843442514666667
12.83612 0.004692091118666667
12.86572 0.004552396050666667
12.8954 0.004421519029333333
12.92514 0.004298863599999999
12.95495 0.004184588973333334
12.98483 0.004077479412
13.01478 0.0039767687146666664
13.04479 0.003882676381333333
13.07488 0.0037941599333333326
13.10504 0.0037107165693333333
13.13526 0.0036326249079999995
13.16556 0.0035591398199999996
13.19592 0.0034897257253333333
13.22636 0.0034245184213333333
13.25686 0.0033633475759999995
13.28744 0.0033055441533333335
13.31808 0.0032510976173333334
13.3488 0.0032001104013333337
13.37959 0.0031520410719999997
13.41045 0.0031067514906666666
13.44138 0.0030643727719999996
13.47238 0.0030245976159999997
13.50345 0.0029871930599999997
13.53459 0.0029522755853333333
13.56581 0.0029196338866666663
13.5971 0.0028891011439999997
13.62846 0.0028607306226666666
13.65989 0.002834395305333333
13.6914 0.0028099722719999998
13.72297 0.0027874065013333334
13.75462 0.0027667301866666663
13.78635 0.0027478163106666666
13.81814 0.0027305302466666664
13.85001 0.0027149966706666666
13.88196 0.0027011318800000002
13.91397 0.0026887433
13.94607 0.0026779678986666665
13.97823 0.002668806261333333
14.01047 0.0026610283519999996
14.04278 0.002654750652
14.07517 0.0026500521813333333
14.10763 0.0026466947093333336
14.14017 0.002644757256
14.17279 0.0026443756186666665
14.20547 0.002645328541333333
14.23824 0.002647713189333333
14.27108 0.0026515500493333333
14.30399 0.002656833268
14.33698 0.0026635417733333333
14.37005 0.002671609422666667
14.40319 0.002681319517333333
14.43641 0.0026924262173333336
14.46971 0.0027049500093333334
14.50308 0.0027191583906666667
14.53653 0.002734852348
14.57006 0.002752157728
14.60366 0.0027710277039999995
14.63734 0.0027916952386666666
14.6711 0.002814049704
14.70494 0.0028380337373333335
14.73885 0.0028640535599999996
14.77285 0.002891887330666667
14.80692 0.0029216919186666667
14.84107 0.0029534392279999995
14.8753 0.002987512652
14.90961 0.003023720786666667
14.944 0.0030621327013333334
14.97846 0.0031031224240000003
15.01301 0.0031466460546666665
15.04763 0.003192856950666666
15.08234 0.0032416602879999997
15.11713 0.003293886069333333
15.15199 0.0033490180306666663
15.18694 0.003407565412
15.22196 0.0034695381639999997
15.25707 0.0035356738066666667
15.29226 0.003605583093333333
15.32753 0.0036798513573333335
15.36288 0.003758839164
15.39832 0.0038430774106666668
15.43383 0.003932361230666666
15.46943 0.004027627742666667
15.50511 0.004129270876
15.54087 0.004238049807999999
15.57671 0.004353774305333334
15.61264 0.004478116665333333
15.64864 0.004611440965333333
15.68474 0.004754929578666666
15.72091 0.004908641623999999
15.75717 0.005075154324
15.79351 0.005255213393333333
15.82994 0.005450304993333333
15.86645 0.005661801730666665
15.90304 0.005893171119999999
15.93972 0.006146719959999999
15.97648 0.0064239748
16.01333 0.006730373386666667
16.05027 0.007069380893333333
16.08728 0.0074486125066666655
16.12439 0.007870684666666667
16.16158 0.008346262146666667
16.19885 0.008887525733333332
16.23621 0.009503378346666666
16.27366 0.010213984720000001
16.31119 0.011033240666666666
16.34881 0.012002066839999999
16.38652 0.013140967466666667
16.42431 0.0144915656
16.46219 0.01610725534666667
16.50016 0.018041003519999998
16.53822 0.020317593133333332
16.57636 0.02294460425333333
16.61459 0.025874384893333335
16.65291 0.02899476177333333
16.69132 0.032191799759999994
16.72982 0.035311251813333326
16.7684 0.038310529079999996
16.80708 0.04117480506666666
16.84584 0.04383837610666666
16.8847 0.0463483908
16.92364 0.04871016982666666
16.96267 0.05094214533333332
17.00179 0.05306055446666666
17.04101 0.05506633376
17.08031 0.056978436306666665
17.1197 0.0588252976
17.15919 0.06059399933333333
17.19876 0.0622942756
17.23843 0.06393882813333332
17.27819 0.06554100253333332
17.31804 0.06709359919999999
17.35798 0.06860141786666668
17.39802 0.07006264400000001
17.43814 0.0714943108
17.47836 0.07289126733333334
17.51867 0.0742442068
17.55908 0.0755541828
17.59958 0.07683231666666666
17.64017 0.07806660906666665
17.68085 0.0792433632
17.72163 0.08036082306666666
17.76251 0.08141143786666666
17.80347 0.082363424
17.84453 0.0832024408
17.88569 0.08390706506666666
17.92694 0.08443052866666666
17.96829 0.08466208653333333
18.00973 0.0845773888
18.05127 0.08410619546666666
18.0929 0.08309122746666667
18.13463 0.08131158
18.17646 0.0786914524
18.21838 0.07523687359999999
18.2604 0.07096353053333333
18.30251 0.0659815244
18.34473 0.0607424984
18.38704 0.055758882600000004
18.42944 0.051323097826666664
18.47195 0.04772345586666667
18.51455 0.045168961693333336
18.55726 0.04360045566666667
18.60006 0.04298023646666667
18.64295 0.043288080826666665
18.68595 0.04458222941333333
18.72905 0.046743853706666665
18.77225 0.049585348519999996
18.81554 0.05291889794666666
18.85894 0.056559636159999996
18.90243 0.06035436386666667
18.94603 0.0640927708
18.98973 0.067686776
19.03353 0.07109417693333334
19.07742 0.07434529386666666
19.12142 0.07741969866666668
19.16553 0.0802718524
19.20973 0.0829434308
19.25403 0.085461886
19.29844 0.08786292333333334
19.34295 0.09012792919999998
19.38756 0.09223038800000001
19.43228 0.09420623919999999
19.4771 0.09606765773333334
19.52202 0.09780451733333334
19.56704 0.0993876684
19.61217 0.1007826348
19.65741 0.10197203213333333
19.70275 0.10289229319999997
19.74819 0.10344871106666664
19.79373 0.10359071293333331
19.83939 0.10325531693333333
19.88514 0.10231720320000001
19.93101 0.10050401613333332
19.97698 0.09804766479999999
20.02305 0.09522682639999999
20.06923 0.09228295093333333
20.11552 0.08950255906666667
20.16191 0.08735660999999999
20.20841 0.08590709053333333
20.25502 0.08506268866666666
20.30174 0.0847591348
20.34856 0.08498601
20.39549 0.08567125973333334
20.44253 0.08667381866666665
20.48968 0.0879520696
20.53694 0.08951584613333333
20.58431 0.09137597693333334
20.63178 0.09353767146666664
20.67937 0.09593554799999998
20.72706 0.09856346053333331
20.77487 0.1014047856
20.82278 0.10445934759999999
20.87081 0.1076784468
20.91894 0.11097147359999998
20.96719 0.1142457112
21.01555 0.11741599359999999
21.06402 0.12036215186666666
21.1126 0.12283817039999997
21.1613 0.12462712466666666
21.2101 0.1254683072
21.25902 0.12508643573333333
21.30805 0.12287621706666665
21.3572 0.11830529053333333
21.40646 0.11158057146666665
21.45583 0.10313210426666668
21.50531 0.09343342359999998
21.55491 0.08304135706666667
21.60463 0.07331902893333334
21.65445 0.06476473346666667
21.7044 0.057409949893333326
21.75446 0.051242538399999996
21.80463 0.04623294550666667
21.85492 0.04228035925333333
21.90533 0.03910204608
21.95585 0.03654065082666667
22.00649 0.034538424506666665
22.05724 0.033043366106666666
22.10812 0.032041363239999995
22.15911 0.0313773494
22.21021 0.030889157986666665
22.26144 0.030443584693333334
22.31278 0.029906049679999998
22.36425 0.029118799759999994
22.41583 0.027998986853333335
22.46753 0.0266171846
22.51935 0.02505779221333333
22.57128 0.02340654346666667
22.62334 0.02174993892
22.67552 0.02021064688
22.72782 0.018804471346666664
22.78024 0.017536574960000002
22.83278 0.01640646604
22.88544 0.015408999506666668
22.93822 0.014550327213333332
22.99113 0.013811308759999998
23.04415 0.01315936449333333
23.0973 0.012584994453333333
23.15057 0.012079523999999998
23.20397 0.011635689146666664
23.25749 0.01125989344
23.31113 0.010928495266666668
23.36489 0.010636466613333333
23.41878 0.010380471079999998
23.47279 0.01015738884
23.52693 0.009967805226666666
23.58119 0.009809378906666666
23.63558 0.009675167826666666
23.69009 0.009563626706666667
23.74473 0.009473655119999999
23.7995 0.009404322386666665
23.85439 0.00935870736
23.9094 0.009333186826666666
23.96455 0.009326197946666667
24.01982 0.009337553413333333
24.07522 0.009367341026666667
24.13075 0.009416772426666668
24.1864 0.009487392893333332
24.24219 0.00957878684
24.2981 0.009690603066666666
24.35414 0.009823930293333333
24.41031 0.009980073813333332
24.46661 0.01016177884
24.52304 0.010372914426666664
24.5796 0.010613644466666666
24.63629 0.01088619908
24.69311 0.011193873693333333
24.75006 0.011541877773333332
24.80714 0.011936889973333333
24.86436 0.01238661328
24.92171 0.01289458896
24.97919 0.013468285866666665
25.0368 0.014116981533333331
25.09454 0.014851364146666664
25.15242 0.015688660066666665
25.21043 0.01664616004
25.26858 0.017735301479999997
25.32686 0.018969020253333333
25.38527 0.020359737133333333
25.44382 0.02191625553333333
25.5025 0.023644569266666665
25.56132 0.025537086559999995
25.62027 0.027553202839999996
25.67936 0.029653115439999995
25.73859 0.03179645977333333
25.79795 0.03394670518666667
25.85745 0.036081509506666665
25.91709 0.03819263709333333
25.97687 0.04026107046666667
26.03678 0.04226454939999999
26.09683 0.044210495919999995
26.15702 0.046115223266666665
26.21735 0.04798945474666667
26.27782 0.04984127966666666
26.33842 0.05167384126666667
26.39917 0.05348616203999999
26.46006 0.05528249150666666
26.52108 0.057050432306666655
26.58225 0.05878537786666666
26.64356 0.06046826973333333
26.70501 0.06207752666666667
26.7666 0.06360138346666666
26.82834 0.06502631893333334
26.89022 0.06633090986666666
26.95223 0.06747511946666665
27.0144 0.06836517733333333
27.0767 0.06903930573333333
27.13915 0.06955744279999998
27.20175 0.069944992
27.26448 0.07021284053333333
27.32737 0.07037456813333333
27.39039 0.07044147173333333
27.45357 0.07049286399999999
27.51689 0.07053278373333333
27.58035 0.07054566106666665
27.64396 0.07052177946666667
27.70772 0.07045821226666667
27.77162 0.07035244253333332
27.83568 0.07019756333333334
27.89988 0.06993357800000001
27.96422 0.06952372759999999
28.02872 0.0689495156
28.09337 0.06820801533333334
28.15816 0.06724543466666666
28.2231 0.06609519613333334
28.2882 0.06475115373333333
28.35344 0.06334190519999999
28.41884 0.06202923666666666
28.48438 0.06094133613333332
28.55008 0.06014235613333333
28.61592 0.05967742586666667
28.68192 0.05954315039999999
28.74808 0.05974626106666666
28.81438 0.060375611466666666
28.88084 0.06130435986666666
28.94745 0.06245933960000001
29.01421 0.06384804293333333
29.08113 0.065502312
29.1482 0.06749531346666665
29.21543 0.06994873813333333
29.28281 0.0728671516
29.35035 0.07630469720000001
29.41804 0.08029233906666668
29.48589 0.08480660533333333
29.5539 0.08971632280000001
29.62206 0.09486626106666665
29.69038 0.100037564
29.75886 0.10494605226666666
29.8275 0.10927359720000002
29.89629 0.1130711228
29.96524 0.11630789906666666
30.03435 0.11899165239999998
30.10362 0.12101918853333332
30.17306 0.1225974813333333
30.24265 0.12392782693333332
30.3124 0.12514373986666666
30.38231 0.12636497933333332
30.45238 0.1277351276
30.52262 0.12933179986666668
30.59302 0.1312084956
30.66358 0.13347156986666667
30.7343 0.13626624386666666
30.80518 0.13937535893333333
30.87623 0.14271216866666667
30.94744 0.14624787466666667
31.01882 0.14986722479999998
31.09036 0.15343998239999998
31.16207 0.15690767266666666
31.23394 0.16022311773333334
31.30598 0.16331877013333335
31.37818 0.16618064040000002
31.45055 0.16880504093333332
31.52309 0.17115386653333334
31.5958 0.17326528093333332
31.66867 0.17516059026666667
31.74171 0.17683569719999997
31.81492 0.17824962839999997
31.88829 0.17946325853333334
31.96184 0.18049303546666667
32.03556 0.1812974005333333
32.10944 0.18186008146666668
32.1835 0.18222152479999998
32.25773 0.18240906559999998
32.33213 0.1823084468
32.4067 0.18187816826666664
32.48144 0.1811061136
32.55636 0.17995763106666668
32.63144 0.17838173813333333
32.70671 0.17637433746666664
32.78214 0.17388204666666665
32.85775 0.17074559653333332
32.93353 0.16675725226666666
33.00949 0.16190050746666668
33.08562 0.15623939759999997
33.16193 0.15031933626666666
33.23841 0.14432452786666666
33.31508 0.13835032319999999
33.39191 0.13261265173333334
33.46893 0.12736068986666665
33.54612 0.12273608826666668
33.62349 0.11884707506666667
33.70104 0.11535544466666665
33.77877 0.11218088933333331
33.85667 0.10929303026666666
33.93476 0.10661103293333332
34.01303 0.10410147479999998
34.09148 0.10171167586666666
34.1701 0.0993538361333333
34.24891 0.09700132293333333
34.32791 0.09459847106666665
34.40708 0.09224268
34.48644 0.08994910986666667
34.56597 0.08771231706666666
34.6457 0.08556835813333334
34.7256 0.08353368093333333
34.80569 0.08164042026666667
34.88597 0.07996607426666666
34.96643 0.07847821546666665
35.04708 0.077162152
35.12791 0.07595109733333333
35.20893 0.07482526719999999
35.29013 0.0737846616
35.37153 0.07278742919999999
35.45311 0.07182016586666667
35.53488 0.07087368186666666
35.61683 0.06988253693333334
35.69898 0.06881617666666667
35.78132 0.06762607693333333
35.86384 0.0663336024
35.94656 0.0648913996
36.02946 0.06328038666666666
36.11256 0.0615335764
36.19585 0.05951938586666667
36.27933 0.05722813365333333
36.36301 0.054739957746666665
36.44688 0.05200186792
36.53094 0.04921761870666667
36.61519 0.04638620333333333
36.69964 0.04351266737333333
36.78428 0.04071120350666666
36.86912 0.03797407948
36.95416 0.03547149266666667
37.03939 0.03316869768
37.12482 0.03117669713333333
37.21044 0.02937148816
37.29626 0.027762541453333327
37.38228 0.02639015721333333
37.4685 0.025165950106666668
37.55492 0.024169923493333332
37.64153 0.023355637026666664
37.72835 0.022684166040000002
37.81537 0.022317893706666665
37.90258 0.02206380636
37.99 0.022009335239999997
38.07762 0.022154497906666668
38.16544 0.02242293177333333
38.25347 0.0230493438
38.3417 0.023828908293333333
38.43013 0.02491706637333333
38.51876 0.02636955933333333
38.6076 0.028084498199999995
38.69665 0.0301209314
38.7859 0.032129678333333335
38.87535 0.03383889849333333
38.96501 0.034993614826666665
39.05488 0.035779629693333335
39.14496 0.03552928262666666
39.23524 0.034979900466666665
39.32573 0.03362276415999999
39.41643 0.03181839221333333
39.50734 0.029692022546666665
39.59846 0.02755406328
39.68979 0.025577351640000003
39.78133 0.02366146784
39.87308 0.02193300192
39.96505 0.02034619252
40.05722 0.018919834693333335
40.14961 0.017621500973333332
40.24221 0.01647746112
40.33502 0.015426401466666663
40.42805 0.014476323519999999
40.5213 0.013596614346666664
40.61475 0.012786009626666666
40.70843 0.01204217388
40.80232 0.011352867786666667
40.89642 0.01072861564
40.99075 0.01014672992
41.08529 0.00962628664
41.18005 0.009147846880000001
41.27502 0.008726172746666667
41.37022 0.008336024666666667
41.46564 0.007974721813333334
41.56127 0.0076442484666666664
41.65713 0.007334138866666667
41.75321 0.00705397492
41.84951 0.006788637466666667
41.94603 0.006549130773333333
42.04277 0.006324228146666666
42.13974 0.0061220364533333335
42.23693 0.005933793253333334
42.33434 0.005760355474666666
42.43198 0.005599158186666666
42.52985 0.005447123706666667
42.62794 0.005307618872
42.72625 0.005174440905333334
42.8248 0.0050540747146666665
42.92357 0.004938165251999999
43.02257 0.004834558910666667
43.12179 0.004735874637333333
43.22125 0.004650342804
43.32094 0.004569597241333333
43.42085 0.004497121268
43.521 0.004430599890666667
43.62137 0.0043714103986666674
43.72198 0.004319811509333333
43.82282 0.004274840934666666
43.92389 0.004239819856
44.0252 0.0042109453626666665
44.12674 0.004198466055999999
44.22851 0.004193172301333333
44.33052 0.0042153517520000005
44.43276 0.0042468192719999995
44.53524 0.004321475026666667
44.63796 0.004409627982666666
44.74091 0.004571028381333333
44.8441 0.00475813662
44.94753 0.005041343129333333
45.0512 0.005372232062666667
45.1551 0.005791787289333334
45.25925 0.006241801506666666
45.36363 0.0063604895466666655
45.46826 0.0064161898666666665
45.57313 0.006051164293333333
45.67824 0.005699907516
45.78359 0.005279963042666667
45.88918 0.004922455490666667
45.99502 0.0046211627666666675
46.10111 0.004378825986666666
46.20743 0.0042250331653333325
46.314 0.0041018485946666666
46.42082 0.004040846910666667
46.52789 0.003993666702666667
46.6352 0.003982706921333333
46.74276 0.003979387496
46.85057 0.003999858358666666
46.95862 0.0040260836333333334
47.06693 0.004074130134666666
47.17548 0.004127076461333333
47.28429 0.00420187094
47.39334 0.004281337549333334
47.50265 0.004384579813333333
47.61221 0.004493831109333333
47.72202 0.0046361730546666665
47.83209 0.004789021148
47.94241 0.004973909802666666
48.05298 0.005174547436
48.16381 0.005412604844000001
48.2749 0.005674582483999999
48.38624 0.0059812403733333335
48.49783 0.006323929626666666
48.60969 0.006719995426666666
48.7218 0.007169326559999999
48.83417 0.007688569906666666
48.9468 0.008293002666666667
49.05969 0.008985937826666667
49.17285 0.00980771656
49.28626 0.010730787226666667
49.39993 0.011783275093333333
49.51387 0.01296012288
49.62807 0.014215902866666666
49.74253 0.015610799026666667
49.85725 0.01697500616
49.97224 0.018434780666666664
50.0875 0.019792654493333332
50.20302 0.021147227039999994
50.31881 0.022377176266666667
50.43486 0.02349523902666666
50.55119 0.02445038596
50.66778 0.025130759866666665
50.78464 0.025687236266666667
50.90177 0.025826001240000004
51.01917 0.025923652399999997
51.13684 0.02550898470666666
51.25478 0.02506241049333333
51.37299 0.02423755876
51.49148 0.02331461101333333
51.61024 0.022089561026666666
51.72927 0.020669630159999997
51.84858 0.019277128013333332
51.96816 0.017849757560000002
52.08802 0.016573227506666666
52.20816 0.0154496392
52.32857 0.014474719706666667
52.44926 0.013676120173333332
52.57023 0.013027646933333335
52.69147 0.012568757306666666
52.813 0.012297513839999998
52.93481 0.012185422506666667
53.0569 0.012332651399999998
53.17927 0.012618083346666666
53.30192 0.013343223546666665
53.42486 0.01430590372
53.54807 0.015667968533333333
53.67158 0.01747638513333333
53.79536 0.01967568733333333
53.91944 0.02229201026666667
54.0438 0.025353461639999995
54.16844 0.02804700174666666
54.29338 0.03095085212
54.4186 0.03329466141333333
54.54411 0.03514801990666666
54.66991 0.03679410016
54.796 0.037211817439999996
54.92238 0.03771288618666666
55.04905 0.037128542066666666
55.17602 0.036431702733333335
55.30328 0.035500056933333336
55.43083 0.03413889353333333
55.55867 0.032763828466666665
55.68681 0.030455824013333334
55.81525 0.028212914479999997
55.94398 0.02575458472
56.07301 0.02325624157333333
56.20233 0.020824684960000003
56.33196 0.018201806293333334
56.46188 0.015936976026666664
56.59211 0.014636921426666664
56.72263 0.0137763468
56.85345 0.013085589079999998
56.98458 0.012466095693333333
57.11601 0.011887985373333331
57.24774 0.011294568586666666
57.37978 0.010730014586666668
57.51212 0.010229062906666666
57.64476 0.009864335853333333
57.77771 0.009592284626666666
57.91097 0.009568332786666666
58.04454 0.00965145012
58.17841 0.00978397544
58.31259 0.009929518573333334
58.44709 0.010100933440000001
58.58189 0.009916752453333334
58.717 0.009623102426666667
58.85243 0.00926700904
58.98816 0.008674300506666666
59.12421 0.00811879576
59.26058 0.0074957903733333334
59.39725 0.0068719069866666664
59.53425 0.006296764306666666
59.67156 0.00571796622
59.80918 0.005195958344
59.94713 0.004733271074666668
60.08539 0.004323179517333333
60.22397 0.003952110377333333
60.36287 0.003662217605333333
60.50209 0.0034018455346666665
60.64163 0.0031685878599999997
60.78149 0.0029707744599999997
60.92168 0.0027868539466666667
61.06219 0.002625261558666666
61.20302 0.0024798150053333334
61.34418 0.0023435441373333334
61.48566 0.0022274953653333334
61.62747 0.002118459472
61.76961 0.0020183557653333335
61.91208 0.0019302063213333333
62.05487 0.0018464732173333334
62.19799 0.0017717975613333332
62.34145 0.0017036641759999999
62.48523 0.0016385353066666667
62.62934 0.001582733724
62.77379 0.0015298061279999998
62.91857 0.0014794832653333332
63.06369 0.0014337002479999999
63.20914 0.0013895274826666668
63.35492 0.001348130368
63.50104 0.0013096610906666668
63.6475 0.0012724356466666668
63.7943 0.00123798878
63.94143 0.0012053119613333332
64.08891 0.0011736091373333334
64.23672 0.0011445777746666667
64.38488 0.0011165239186666665
64.53337 0.0010894984933333331
64.68221 0.0010651018
64.8314 0.0010413126826666667
64.98092 0.0010185356066666667
65.13079 0.0009972417653333332
65.28101 0.0009764401893333334
65.43158 0.0009565792439999999
65.58249 0.0009376542466666666
65.73374 0.000919141324
65.88535 0.0009015614226666667
66.03731 0.0008846523133333333
66.18962 0.0008680903066666666
66.34228 0.0008524273719999998
66.49529 0.0008372391426666666
66.64865 0.0008223459213333333
66.80237 0.0008083511866666665
66.95644 0.0007946941893333334
67.11087 0.000781286544
67.26566 0.0007688757213333333
67.4208 0.0007566925933333333
67.5763 0.0007447406719999999
67.73215 0.000733389888
67.88837 0.000722223484
68.04495 0.0007112830186666666
68.20189 0.0007008558906666666
68.35919 0.0006905914853333334
68.51685 0.000680539556
68.67488 0.0006709318946666666
68.83327 0.0006614688106666665
68.99202 0.0006521983013333334
69.15115 0.0006433187946666667
69.31064 0.0006345668906666666
69.47049 0.0006260011226666667
69.63072 0.0006178608919999999
69.79132 0.0006098318746666666
69.95228 0.0006019503613333333
70.11362 0.0005944083413333333
70.27533 0.0005869652426666667
70.43741 0.0005796384497333333
70.59987 0.0005725875829333333
70.7627 0.0005656263892
70.9259 0.0005587580878666665
71.08949 0.0005521541230666666
71.25345 0.0005456315196
71.41779 0.0005391892824
71.5825 0.0005329807102666667
71.7476 0.0005268572455999999
71.91308 0.0005208068890666666
72.07894 0.0005149605797333333
72.24518 0.0005092103821333333
72.41181 0.0005035267369333333
72.57882 0.0004980446805333334
72.74621 0.0004926850758666667
72.91399 0.00048738499959999994
73.08216 0.00048220491666666664
73.25072 0.00047713487640000003
73.41966 0.0004721197404
73.589 0.0004671963846666667
73.75872 0.00046239413439999995
73.92884 0.0004576426325333333
74.09935 0.00045295592706666655
74.27025 0.00044840127279999995
74.44155 0.0004438936793333333
74.61324 0.0004394326198666666
74.78533 0.00043510045080000004
74.95781 0.00043081914719999995
75.13069 0.00042658109973333334
75.30397 0.00042245824586666667
75.47765 0.00041841166093333333
75.65173 0.00041440476159999997
75.82622 0.0004104719069333333
76.0011 0.00040663048133333327
76.17639 0.00040282581466666664
76.35208 0.0003990635261333333
76.52818 0.0003953965298666666
76.70469 0.0003917638926666667
76.8816 0.00038816532186666667
77.05892 0.0003846474685333333
77.23664 0.00038117638333333334
77.41478 0.00037773719880000007
77.59333 0.00037435315266666665
77.77229 0.0003710330249333333
77.95166 0.0003677428662666667
78.13145 0.00036448437413333324
78.31165 0.0003613077701333333
78.49227 0.0003581593206666667
78.6733 0.0003550387330666666
78.85476 0.0003519915462666666
79.03663 0.00034899739066666664
79.21892 0.0003460291068
79.40163 0.00034309500640000007
79.58476 0.0003402200832
79.76831 0.0003373695684
79.95229 0.00033454328640000004
80.13669 0.0003317706794666667
80.32152 0.00032903167066666665
80.50677 0.00032631554840000003
80.69245 0.00032363179506666664
80.87856 0.0003209982048
81.0651 0.00031838638893333333
81.25206 0.0003157959962666666
81.43946 0.00031325295706666667
81.62729 0.00031073965279999996
81.81556 0.0003082467766666666
82.00426 0.0003057824648
82.19339 0.00030337194506666667
82.38296 0.00030098056573333334
82.57297 0.0002986082682666666
82.76341 0.0002962778221333333
82.9543 0.0002939795108
83.14562 0.0002916992277333333
83.33739 0.0002894373826666666
83.5296 0.0002872197888
83.72225 0.00028501940373333335
83.91535 0.00028283605186666663
84.10889 0.0002806795668
84.30288 0.0002785553336
84.49731 0.00027644737266666665
84.6922 0.00027435544986666665
84.88753 0.0002722968325333333
85.08332 0.0002702602822666666
85.27955 0.00026823912626666664
85.47624 0.00026623389133333336
85.67338 0.00026426617626666666
85.87098 0.00026231309453333333
86.06903 0.00026037458759999997
86.26754 0.00025846031346666665
86.4665 0.0002565825056
86.66593 0.0002547183945333333
86.86582 0.00025286798026666666
87.06616 0.00025104150613333335
87.26697 0.00024923686493333335
87.46824 0.0002474452766666667
87.66998 0.0002456666828
87.87218 0.00024391460453333336
88.07485 0.00024217950093333333
88.27798 0.0002404568064
88.48159 0.0002387464038666667
88.68566 0.00023706409733333328
88.8902 0.00023539490226666664
89.09522 0.00023373747239999998
89.30071 0.0002320929784
89.50667 0.000230475
89.71311 0.00022886843559999996
89.92002 0.00022727305106666663
90.12741 0.00022569229986666665
90.33528 0.0002241381813333333
90.54363 0.0002225948329333333
90.75246 0.00022106207906666666
90.96177 0.00021954448533333332
91.17157 0.00021805053906666667
91.38184 0.00021656683613333335
91.5926 0.00021509325946666665
91.80385 0.00021363355519999998
92.01559 0.0002121931084
92.22781 0.0002107624366666667
92.44053 0.00020934142293333333
92.65373 0.0002079335792
92.86743 0.00020654399786666663
93.08162 0.0002051636648
93.2963 0.00020379269706666663
93.51148 0.0002024336701333333
93.72715 0.00020109232026666667
93.94332 0.00019975986746666668
94.15999 0.00019843625319999994
94.37716 0.00019712340906666667
94.59483 0.00019582871026666663
94.81301 0.00019454249879999997
95.03168 0.00019326477466666668
95.25086 0.00019199635733333333
95.47055 0.00019075082653333334
95.69074 0.00018951343186666668
95.91144 0.00018828405626666666
96.13265 0.00018706269973333333
96.35437 0.0001858580252
96.5766 0.00018466201360000002
96.79934 0.0001834737284
97.0226 0.00018229311106666664
97.24637 0.00018112660026666668
97.47066 0.00017997021573333332
97.69547 0.00017882120639999997
97.92079 0.00017767957226666665
98.14664 0.00017654923506666667
98.373 0.00017543060453333332
98.59989 0.000174318998
98.8273 0.00017321453253333333
99.05523 0.00017211861293333334
99.28369 0.00017103621453333333
99.51268 0.00016996060600000002
99.74219 0.00016889172879999998
99.97224 0.00016782964146666669
100.2028 0.00016678259719999999
100.4339 0.00016574327933333333
100.6656 0.00016471040013333335
100.8977 0.00016368401813333334
101.1304 0.000162668816
101.3637 0.00016166432546666664
101.5975 0.000160666098
101.8318 0.00015967407506666667
102.0667 0.00015868890053333332
102.3021 0.0001577157253333333
102.538 0.00015674857906666667
102.7745 0.00015578734466666666
103.0116 0.00015483202213333332
103.2491 0.00015388676733333334
103.4873 0.00015294941453333332
103.726 0.000152017798
103.9652 0.0001510918592
104.205 0.00015017253466666667
104.4453 0.00014926386320000001
104.6862 0.0001483607524
104.9276 0.0001474630852
105.1696 0.00014657080306666666
105.4122 0.00014568753506666668
105.6553 0.00014481181786666668
105.899 0.00014394136866666666
106.1433 0.00014307612893333334
106.3881 0.00014221633279999998
106.6334 0.00014136947253333334
106.8794 0.00014052764613333333
107.1259 0.00013969091213333331
107.373 0.0001388590949333333
107.6206 0.00013803430173333332
107.8688 0.00013721764466666667
108.1176 0.00013640578733333336
108.367 0.00013559878826666666
108.6169 0.00013479658893333332
108.8674 0.0001340022916
109.1185 0.00013321419880000002
109.3702 0.00013243073013333335
109.6224 0.0001316518856
109.8753 0.00013087760666666666
110.1287 0.00013011228333333335
110.3827 0.00012935170120000002
110.6373 0.0001285955676
110.8924 0.00012784388253333335
111.1482 0.0001270971728
111.4046 0.0001263584236
111.6615 0.00012562400586666668
111.919 0.00012489386106666664
112.1772 0.00012416793066666665
112.4359 0.00012344773653333332
112.6952 0.00012273521026666666
112.9551 0.00012202683986666666
113.2156 0.0001213225668
113.4768 0.00012062233253333333
113.7385 0.00011992812719999998
114.0008 0.00011924088733333333
114.2637 0.0001185575692
114.5273 0.00011787823133333332
114.7914 0.00011720275666666665
115.0562 0.00011653278413333333
115.3215 0.000115868782
115.5875 0.00011520852600000001
115.8541 0.00011455207466666667
116.1213 0.00011389936946666667
116.3891 0.00011325169813333335
116.6576 0.00011260970453333333
116.9266 0.00011197128146666667
117.1963 0.00011133654599999999
117.4666 0.00011070538106666667
117.7375 0.0001100788988
118.0091 0.00010945809426666664
118.2813 0.00010884074319999999
118.5541 0.00010822696266666667
118.8275 0.00010761657706666668
119.1016 0.0001070102888
119.3763 0.00010640991239999998
119.6516 0.00010581287239999999
119.9275 0.00010521922733333332
120.2041 0.00010462886013333333
120.4814 0.00010404182933333333
120.7593 0.00010346240786666665
121.0378 0.0001028861472
121.3169 0.0001023131644
121.5967 0.00010174334240000001
121.8772 0.00010117668119999998
122.1583 0.00010061534653333333
122.44 0.00010005793360000001
122.7224 9.950356439999999e-05
123.0055 9.895229746666665e-05
123.2892 9.840407426666666e-05
123.5735 9.785994839999999e-05
123.8585 9.732032959999999e-05
124.1442 9.6783696e-05
124.4305 9.624998906666668e-05
124.7175 9.571920879999999e-05
125.0052 9.519147226666665e-05
125.2935 9.46689452e-05
125.5824 9.414928626666666e-05
125.8721 9.363255400000001e-05
126.1624 9.311857279999999e-05
126.4534 9.260745973333334e-05
126.745 9.210050253333332e-05
127.0374 9.159746706666666e-05
127.3304 9.109712413333333e-05
127.624 9.059953226666667e-05
127.9184 9.010463293333332e-05
128.2134 8.961254319999999e-05
128.5091 8.912554586666666e-05
128.8055 8.864112399999999e-05
129.1026 8.815939466666666e-05
129.4003 8.768024079999999e-05
129.6988 8.720372093333332e-05
129.9979 8.673106426666666e-05
130.2978 8.626268053333332e-05
130.5983 8.579681373333334e-05
130.8995 8.533346386666667e-05
131.2014 8.48725724e-05
131.504 8.44142564e-05
131.8073 8.395968653333333e-05
132.1113 8.350804333333333e-05
132.416 8.305879999999999e-05
132.7214 8.261195653333332e-05
133.0275 8.216757146666666e-05
133.3343 8.172552773333333e-05
133.6418 8.128781546666667e-05
133.9501 8.085244453333334e-05
134.259 8.041941493333332e-05
134.5687 7.998866813333332e-05
134.879 7.956026266666666e-05
135.1901 7.913443266666667e-05
135.5019 7.871240733333334e-05
135.8144 7.829260626666666e-05
136.1277 7.7875088e-05
136.4416 7.745973546666667e-05
136.7563 7.704666573333334e-05
137.0717 7.663617146666667e-05
137.3879 7.622907213333333e-05
137.7048 7.582413853333333e-05
138.0224 7.542131213333334e-05
138.3407 7.502065146666666e-05
138.6598 7.462215653333334e-05
138.9796 7.422635413333333e-05
139.3001 7.383435639999999e-05
139.6214 7.344440733333333e-05
139.9434 7.305650693333334e-05
140.2662 7.267071373333333e-05
140.5897 7.228691066666666e-05
140.9139 7.190544893333334e-05
141.2389 7.152726506666666e-05
141.5647 7.11510128e-05
141.8912 7.07768092e-05
142.2185 7.04045372e-05
142.5465 7.00341968e-05
142.8752 6.966590506666666e-05
143.2048 6.93008912e-05
143.535 6.893780893333333e-05
143.8661 6.857659973333332e-05
144.1979 6.82172636e-05
144.5305 6.785985906666667e-05
144.8638 6.75043276e-05
145.1979 6.715172279999998e-05
145.5328 6.68012252e-05
145.8685 6.645260066666665e-05
146.2049 6.610573213333333e-05
146.5421 6.576067813333334e-05
146.8801 6.541749719999999e-05
147.2189 6.507659906666666e-05
147.5584 6.473815933333333e-05
147.8987 6.44014756e-05
148.2398 6.406654786666666e-05
148.5817 6.373337613333332e-05
148.9244 6.340190186666666e-05
149.2679 6.307224213333333e-05
149.6122 6.27455676e-05
149.9572 6.242064906666665e-05
150.3031 6.209736946666666e-05
150.6498 6.177578733333333e-05
150.9972 6.145584413333332e-05
151.3455 6.113753986666666e-05
151.6945 6.0821694000000004e-05
152.0444 6.0508247999999996e-05
152.3951 6.01963824e-05
152.7466 5.988609720000001e-05
153.0989 5.957745093333334e-05
153.452 5.927038506666666e-05
153.8059 5.8964899599999995e-05
154.1606 5.866187253333334e-05
154.5162 5.836058975999999e-05
154.8726 5.8060822999999994e-05
155.2298 5.7762601519999995e-05
155.5878 5.7465907759999994e-05
155.9466 5.717074172e-05
156.3063 5.687724388e-05
156.6668 5.658609322666666e-05
157.0281 5.629643517333334e-05
157.3903 5.600825801333333e-05
157.7533 5.572155589333333e-05
158.1171 5.543632296e-05
158.4818 5.5152547506666655e-05
158.8473 5.48705222e-05
159.2137 5.459055141333333e-05
159.5809 5.431201469333333e-05
159.949 5.4034894479999995e-05
160.3179 5.375919077333333e-05
160.6876 5.3484891866666665e-05
161.0582 5.321199776e-05
161.4297 5.294081868e-05
161.802 5.267155364e-05
162.1752 5.240366413333334e-05
162.5493 5.213713845333334e-05
162.9242 5.1871970746666663e-05
163.2999 5.160814345333333e-05
163.6766 5.1345662426666665e-05
164.0541 5.108489642666667e-05
164.4324 5.082626689333333e-05
164.8117 5.056894850666666e-05
165.1918 5.031292956e-05
165.5728 5.005821005333332e-05
165.9547 4.980477828e-05
166.3374 4.9552628386666665e-05
166.7211 4.930187158666666e-05
167.1056 4.905308736e-05
167.491 4.880555574666666e-05
167.8773 4.8559270893333326e-05
168.2645 4.83142328e-05
168.6526 4.807042975999999e-05
169.0416 4.782786177333333e-05
169.4314 4.758651127999999e-05
169.8222 4.734701044e-05
170.2139 4.710883245333333e-05
170.6065 4.687184854666666e-05
170.9999 4.663605871999999e-05
171.3943 4.640145711999999e-05
171.7896 4.6168032039999996e-05
172.1859 4.593578348e-05
172.583 4.5704992399999995e-05
172.981 4.547574074666666e-05
173.38 4.5247642199999995e-05
173.7799 4.5020685053333334e-05
174.1807 4.4794869306666654e-05
174.5824 4.4570189106666655e-05
174.9851 4.4346632746666666e-05
175.3886 4.412419437333333e-05
175.7932 4.3903453466666665e-05
176.1986 4.368390078666666e-05
176.605 4.346544853333333e-05
177.0123 4.3248085e-05
177.4206 4.303181018666667e-05
177.8298 4.281661824e-05
178.2399 4.260249745333333e-05
178.651 4.238958245333334e-05
179.0631 4.217828297333333e-05
179.476 4.196803124e-05
179.89 4.1758827253333336e-05
180.3049 4.155067101333334e-05
180.7207 4.134354496e-05
181.1375 4.11374608e-05
181.5553 4.0932395120000006e-05
181.9741 4.072864644000001e-05
182.3938 4.052640206666667e-05
182.8144 4.032515861333333e-05
183.2361 4.0124916079999995e-05
183.6587 3.9925668613333334e-05
184.0823 3.9727410359999996e-05
184.5068 3.953013546666667e-05
184.9324 3.9333843933333337e-05
185.3589 3.913874062666666e-05
185.7864 3.894491334666667e-05
186.2149 3.875205186666666e-05
186.6444 3.856013862666667e-05
187.0749 3.8369185333333334e-05
187.5064 3.8179168573333333e-05
187.9388 3.799010005333333e-05
188.3723 3.7801962213333336e-05
188.8067 3.761490724e-05
189.2422 3.742912244e-05
189.6787 3.724425661333333e-05
190.1161 3.7060303906666665e-05
190.5546 3.687725846666667e-05
190.9941 3.669511444e-05
191.4346 3.6513877679999995e-05
191.8761 3.633353062666666e-05
192.3187 3.6154084986666664e-05
192.7623 3.5975973906666664e-05
193.2068 3.5798746679999994e-05
193.6524 3.562238574666667e-05
194.0991 3.544689696e-05
194.5468 3.527226861333333e-05
194.9955 3.5098506559999996e-05
195.4452 3.492559909333333e-05
195.896 3.4753540359999995e-05
196.3478 3.458259961333333e-05
196.8006 3.441268319999999e-05
197.2545 3.424360381333333e-05
197.7095 3.407534974666666e-05
198.1655 3.390792685333334e-05
198.6225 3.374132342666666e-05
199.0806 3.357553946666666e-05
199.5398 3.3410569119999995e-05
200.0 3.324641238666666e-05
