wave qabs
0.2 0.8866845866666667
2.0 0.8866845866666667
2.004613 0.8899610720000001
2.009236 0.8932739573333335
2.01387 0.8966227573333334
2.018515 0.9000089279999999
2.023171 0.903431984
2.027837 0.9068924106666668
2.032514 0.9103911786666667
2.037202 0.9139282880000001
2.0419 0.9175037386666669
2.04661 0.9211189866666666
2.05133 0.9247730613333334
2.056061 0.9284674186666667
2.060803 0.9322020586666666
2.065556 0.9359774666666667
2.07032 0.939794128
2.075095 0.9436520426666668
2.079881 0.9475526666666667
2.084678 0.9514955146666667
2.089486 0.955481072
2.094305 0.9595103093333334
2.099136 0.9635837120000003
2.103977 0.9677012800000002
2.10883 0.9718644693333334
2.113693 0.9760723093333334
2.118568 0.9803267413333333
2.123455 0.9846272800000001
2.128352 0.9889753813333337
2.133261 0.9933710453333335
2.138181 0.9978147573333334
2.143113 1.002307488
2.148056 1.0068492373333335
2.15301 1.0153872213333335
2.157975 1.0249148000000001
2.162953 1.032339914666667
2.167941 1.0375053173333335
2.172941 1.0402697760000001
2.177953 1.040512442666667
2.182976 1.038136736
2.188011 1.0330751946666668
2.193057 1.0252904480000002
2.198115 1.0147790986666667
2.203185 1.0015741493333334
2.208267 0.9857469440000001
2.21336 0.9674037706666668
2.218465 0.9466882880000002
2.223581 0.9237771573333334
2.22871 0.8988766453333336
2.23385 0.872218256
2.239002 0.8440529066666669
2.244166 0.8146436480000001
2.249342 0.784261296
2.25453 0.7531747253333334
2.25973 0.7216479573333334
2.264942 0.6899319093333334
2.270165 0.6580935573333333
2.275401 0.622406512
2.280649 0.5889136586666667
2.285909 0.5575014293333334
2.291182 0.5280543146666667
2.296466 0.5004563200000001
2.301763 0.4745941685333334
2.307071 0.4503571557333333
2.312392 0.42763957599999997
2.317726 0.4063405285333334
2.323071 0.3863644512
2.328429 0.3676213632
2.333799 0.35002676800000004
2.339182 0.33350170186666667
2.344577 0.3179723456
2.349985 0.30337017013333334
2.355405 0.29170416426666673
2.360837 0.2804900522666667
2.366282 0.26970817813333336
2.37174 0.25934524373333334
2.37721 0.24938780533333335
2.382693 0.23982232213333332
2.388188 0.23063539893333337
2.393696 0.22181359200000003
2.399217 0.21334374880000007
2.40475 0.2052128138666667
2.410297 0.19740807146666667
2.415856 0.18991704853333338
2.421428 0.18272751466666667
2.427013 0.17582762773333338
2.43261 0.1692058853333334
2.438221 0.1628511248
2.443844 0.15675257173333332
2.449481 0.1508996944
2.45513 0.14528244640000004
2.460793 0.13989112106666668
2.466468 0.1347163514666667
2.472157 0.12974906186666668
2.477859 0.12498066186666668
2.483574 0.12040275520000003
2.489302 0.11600738240000001
2.495043 0.11178687520000001
2.500797 0.10771157973333334
2.506565 0.10366826773333333
2.512346 0.0997958416
2.518141 0.09608643893333335
2.523949 0.09253244000000001
2.52977 0.08912666186666666
2.535605 0.08586226133333334
2.541453 0.08273268640000002
2.547314 0.0797318704
2.553189 0.07685379520000002
2.559078 0.07409297653333334
2.56498 0.07144407573333333
2.570896 0.06890204533333333
2.576826 0.06646208053333336
2.582769 0.06411957066666668
2.588726 0.0618702448
2.594696 0.05970988053333334
2.600681 0.05763464373333334
2.606679 0.05564074880000001
2.612691 0.05372460426666667
2.618717 0.051882812800000004
2.624757 0.05011221973333334
2.63081 0.048409728640000003
2.636878 0.046772374133333336
2.64296 0.045197389813333336
2.649055 0.043682111200000005
2.655165 0.04222401456
2.661289 0.04082068778666667
2.667427 0.03946982069333334
2.673579 0.03816922442666667
2.679745 0.0369168072
2.685926 0.03571057429333334
2.692121 0.0345486232
2.69833 0.03342912906666667
2.704553 0.03235036410666667
2.710791 0.031310668480000005
2.717043 0.03030846
2.72331 0.029342234133333332
2.729591 0.028410539733333334
2.735886 0.027512003306666668
2.742196 0.026645304746666668
2.748521 0.02580918704
2.75486 0.02497492330666667
2.761214 0.024161761866666666
2.767582 0.02337713802666667
2.773965 0.02261995978666667
2.780363 0.02188919824
2.786776 0.021183858453333336
2.793203 0.020502984320000004
2.799645 0.019845663413333332
2.806103 0.019211012426666667
2.812574 0.01859819658666667
2.819061 0.018006400533333335
2.825563 0.017434847733333335
2.83208 0.016882790773333333
2.838612 0.016349516213333335
2.845159 0.01583433002666667
2.851721 0.015336581866666666
2.858298 0.014855626240000001
2.864891 0.014390861333333334
2.871498 0.013941690186666668
2.878121 0.013507559519999999
2.884759 0.013087925759999999
2.891412 0.012682264746666668
2.898081 0.012290076586666669
2.904765 0.011903362986666667
2.911465 0.01152672976
2.91818 0.011162826826666668
2.92491 0.010811197973333334
2.931656 0.010471396693333334
2.938418 0.010142995893333335
2.945195 0.009825587893333335
2.951988 0.009518774720000001
2.958796 0.009222187520000001
2.96562 0.008935447733333334
2.97246 0.008658215626666669
2.979316 0.00839015632
2.986187 0.008130934933333334
2.993075 0.007880245706666667
2.999978 0.007637787733333335
3.006897 0.007403269813333333
3.013832 0.007176420160000001
3.020783 0.006956966986666668
3.02775 0.006744648213333333
3.034733 0.006539226026666667
3.041733 0.006340452906666667
3.048748 0.0061481056
3.05578 0.005961960853333334
3.062828 0.005781800266666667
3.069892 0.005607424853333333
3.076972 0.005438635626666667
3.084069 0.005275233599999999
3.091182 0.005117048906666667
3.098311 0.00496389712
3.105457 0.004897644266666667
3.11262 0.004857876053333333
3.119798 0.004818673738666668
3.126994 0.004780020821333334
3.134206 0.004741909050666667
3.141435 0.004704328234666667
3.14868 0.004667269152
3.155942 0.004630722581333333
3.163221 0.004594678816000001
3.170517 0.004559129605333334
3.177829 0.004524065242666667
3.185158 0.004489477962666666
3.192505 0.004455358544000001
3.199868 0.0044216997066666664
3.207248 0.004388493200000001
3.214645 0.004355730288000001
3.222059 0.004323404661333334
3.229491 0.004291507584
3.236939 0.004260032261333334
3.244405 0.0042289714133333335
3.251888 0.0041983177600000005
3.259388 0.004168064992000001
3.266905 0.004138205829333334
3.27444 0.004108733477333334
3.281992 0.004079642112000001
3.289562 0.004050924938666667
3.297149 0.0040225756480000005
3.304753 0.003994588416
3.312375 0.003966956933333334
3.320015 0.003939675861333334
3.327672 0.003912738890666667
3.335347 0.003886140682666667
3.34304 0.0038598758986666676
3.35075 0.003835921786666667
3.358478 0.0038306010773333345
3.366224 0.003825411893333334
3.373988 0.003820352778666667
3.38177 0.003815421792
3.38957 0.003810617962666667
3.397387 0.00380594032
3.405223 0.0038013869226666674
3.413077 0.0037969572853333335
3.420949 0.003792649466666667
3.428839 0.0037884634666666664
3.436747 0.003784396858666667
3.444673 0.003780449157333334
3.452618 0.003776619392
3.460581 0.0037729061066666667
3.468563 0.0037693083306666667
3.476563 0.0037658250933333337
3.484581 0.0037624554240000005
3.492618 0.003759197866666667
3.500673 0.0037554564320000008
3.508747 0.0037452940373333345
3.51684 0.0037352558879999997
3.524951 0.0037253410133333336
3.533081 0.0037155479573333333
3.541229 0.003705875749333334
3.549397 0.003696322448
3.557583 0.0036868865973333337
3.565788 0.0036775667413333334
3.574012 0.0036683623946666666
3.582256 0.0036592716160000005
3.590518 0.003650293434666667
3.598799 0.0036414263946666667
3.607099 0.0036326690400000005
3.615418 0.0036240204
3.623757 0.0036154795040000006
3.632115 0.003607044896
3.640492 0.00359871512
3.648888 0.0035904896906666667
3.657304 0.0035823671519999998
3.665739 0.0035743460480000006
3.674194 0.0035664258933333338
3.682668 0.003558605232
3.691162 0.0035508830933333336
3.699675 0.003543258506666667
3.708208 0.0035357305013333333
3.71676 0.0035282976213333334
3.725333 0.0035209593813333336
3.733925 0.003513714325333333
3.742537 0.0035065619680000005
3.751168 0.0034988408000000003
3.75982 0.003486999637333334
3.768492 0.0034752686453333333
3.777183 0.0034636468533333336
3.785895 0.0034521328053333336
3.794627 0.0034407255306666672
3.803379 0.003429424058666667
3.812151 0.003418226448000001
3.820943 0.0034071322133333334
3.829756 0.0033961398986666665
3.838589 0.0033852485333333336
3.847442 0.003374457146666667
3.856316 0.0033637642826666665
3.86521 0.003353168970666667
3.874124 0.0033426702400000006
3.88306 0.0033322671200000003
3.892016 0.00332195864
3.900992 0.003311743344
3.909989 0.0033016202613333338
3.919007 0.0032915889066666673
3.928046 0.003281648309333334
3.937106 0.0032717970133333335
3.946186 0.0032620340480000003
3.955288 0.0032523589280000005
3.96441 0.0032427701973333336
3.973554 0.0032332673706666664
3.982718 0.003223849477333334
3.991904 0.0032145155466666666
4.001111 0.0032052034560000006
4.010339 0.0031955254240000003
4.019588 0.003185928928
4.028859 0.0031764120266666667
4.038151 0.0031669752053333326
4.047465 0.0031576160373333337
4.0568 0.003148335008
4.066156 0.003139131146666667
4.075534 0.0031300029973333338
4.084934 0.0031209505600000003
4.094356 0.0031119723786666668
4.103799 0.0031030684533333336
4.113264 0.003094237328
4.122751 0.0030854790026666667
4.132259 0.0030767920213333336
4.14179 0.0030681758986666674
4.151343 0.0030596306346666667
4.160917 0.0030511542880000005
4.170514 0.003042747344
4.180133 0.003034408346666667
4.189774 0.003026136810666667
4.199437 0.0030179322506666668
4.209123 0.003009793696
4.21883 0.0030017211466666673
4.228561 0.002993713146666667
4.238313 0.002985769696
4.248089 0.0029778898240000007
4.257886 0.002970073045333333
4.267707 0.002962318874666667
4.27755 0.0029546263413333337
4.287416 0.0029469949600000006
4.297304 0.002939424730666667
4.307215 0.002931914197333333
4.317149 0.0029244633600000003
4.327106 0.0029170717333333335
4.337086 0.002909738346666667
4.347089 0.0029024627146666667
4.357116 0.0028952448373333337
4.367165 0.002888083258666667
4.377237 0.0028809779786666666
4.387333 0.0028739285120000005
4.397452 0.0028669343733333337
4.407594 0.0028599950773333335
4.41776 0.002853109653333334
4.427949 0.002846278101333333
4.438161 0.002839499450666667
4.448397 0.0028327737013333337
4.458657 0.0028261003680000005
4.468941 0.0028194784799999996
4.479248 0.0028129080373333337
4.489579 0.002806388554666667
4.499933 0.0027999190613333335
4.510312 0.0027934995573333336
4.520715 0.0027871902239999997
4.531141 0.0027817540053333336
4.541592 0.002776360496000001
4.552066 0.002771010181333334
4.562565 0.0027657020906666665
4.573088 0.002760435738666667
4.583636 0.0027552111253333336
4.594207 0.002750027765333334
4.604803 0.002744885173333333
4.615424 0.0027397833493333335
4.626069 0.002734721808
4.636738 0.002729700064
4.647432 0.002724718117333334
4.658151 0.002719774997333333
4.668895 0.0027148707040000005
4.679663 0.0027100052373333337
4.690456 0.0027051781120000003
4.701274 0.0027003888426666662
4.712117 0.0026956369440000005
4.722985 0.0026909229013333336
4.733878 0.002686245258666667
4.744796 0.0026816045013333335
4.75574 0.0026770001440000004
4.766708 0.0026724317013333337
4.777702 0.0026678991733333334
4.788722 0.0026634025600000004
4.799766 0.002658940405333333
4.810836 0.002654613173333334
4.821932 0.0026503213706666673
4.833053 0.002646063056
4.8442 0.002641837744
4.855373 0.0026376454346666665
4.866571 0.0026334856426666674
4.877796 0.0026293578826666673
4.889046 0.0026252626399999998
4.900322 0.0026211984586666666
4.911624 0.0026171663093333335
4.922952 0.0026131652213333334
4.934306 0.002609195194666667
4.945687 0.0026052557440000004
4.957093 0.0026013473546666666
4.968526 0.002597468570666667
4.979986 0.0025936203626666667
4.991471 0.00258980176
5.002984 0.002585975392
5.014523 0.002582071370666667
5.026088 0.002578195984
5.03768 0.0025743497173333334
5.049299 0.0025705320853333337
5.060945 0.002566743088
5.072617 0.0025629817546666675
5.084317 0.002559249056
5.096043 0.0025555435360000004
5.107797 0.0025518656800000003
5.119577 0.0025482154880000006
5.131385 0.0025445919893333337
5.14322 0.0025409956693333334
5.155082 0.0025374260426666673
5.166972 0.002533882624
5.178889 0.002530365898666667
5.190834 0.0025268753813333334
5.202806 0.002523410586666667
5.214805 0.0025199715146666667
5.226833 0.0025165581653333333
5.238888 0.002513169568
5.250971 0.0025098066933333337
5.263082 0.002506468570666667
5.27522 0.0025031556853333334
5.287387 0.0024998670666666668
5.299582 0.002496602714666667
5.311805 0.0024930248373333332
5.324056 0.002489460064
5.336335 0.002485919072
5.348643 0.002482402832
5.360979 0.0024789103733333334
5.373343 0.0024754421813333338
5.385737 0.0024719972853333334
5.398158 0.002468576170666667
5.410608 0.002465178352
5.423087 0.002461803344
5.435595 0.0024584521173333334
5.448132 0.002455123216
5.460697 0.002451817125333334
5.473292 0.00244853336
5.485915 0.0024452724053333334
5.498568 0.002442033290666667
5.51125 0.0024388160160000003
5.523961 0.002435621066666667
5.536701 0.002432447472
5.549471 0.002429295717333333
5.562271 0.0024261653173333333
5.575099 0.002423056272
5.587958 0.0024199680960000007
5.600846 0.002416890112
5.613763 0.002413677690666667
5.626711 0.0024104861386666666
5.639688 0.002407315456000001
5.652696 0.002404165157333333
5.665733 0.0024010352426666664
5.6788 0.002397925712
5.691898 0.002394836565333334
5.705026 0.0023917668319999997
5.718184 0.002388716997333333
5.731372 0.0023856870613333334
5.744591 0.002382676538666667
5.75784 0.002379685429333333
5.77112 0.0023767132480000002
5.784431 0.00237376048
5.797772 0.0023708271253333334
5.811144 0.002367912213333334
5.824546 0.0023650157440000003
5.83798 0.002362138202666667
5.851445 0.002359279104
5.864941 0.002356438448
5.878467 0.0023536157493333335
5.892025 0.0023508114933333333
5.905615 0.002348103818666667
5.919235 0.002345525728
5.932888 0.002342964624
5.946571 0.0023404205066666667
5.960286 0.0023378928906666666
5.974033 0.0023353822613333334
5.987811 0.002332888133333333
6.001622 0.002330410506666667
6.015464 0.002327948896
6.029338 0.0023255033013333338
6.043244 0.0023230742080000005
6.057182 0.002320661130666667
6.071152 0.0023182640693333338
6.085155 0.002315882538666667
6.099189 0.002313516538666667
6.113256 0.0023111660693333337
6.127356 0.0023088316160000005
6.141488 0.002306512208
6.155653 0.0023042078453333337
6.16985 0.0023019185280000005
6.18408 0.0022996447413333337
6.198343 0.0022973860000000002
6.212639 0.002295141818666667
6.226968 0.0022929121973333335
6.24133 0.0022906976213333337
6.255725 0.0022884971200000004
6.270153 0.002286311664
6.284614 0.0022841402826666666
6.299109 0.0022819834613333335
6.313637 0.0022798402293333336
6.328199 0.0022777115573333335
6.342794 0.0022755969600000005
6.357423 0.002273495952
6.372086 0.0022714090186666666
6.386782 0.0022693356746666666
6.401513 0.0022672764053333337
6.416277 0.00226523024
6.431076 0.002263197664
6.445908 0.002261178192
6.460775 0.0022591723093333335
6.475676 0.002257179530666667
6.490612 0.0022552003413333337
6.505582 0.0022532337706666667
6.520586 0.002251280304
6.535625 0.0022493394560000003
6.550699 0.0022474117120000006
6.565807 0.0022454961013333337
6.580951 0.002243593594666667
6.596129 0.002241703706666667
6.611342 0.0022398259520000005
6.62659 0.0022379608160000004
6.641874 0.0022361082986666666
6.657193 0.002234267429333333
6.672547 0.002232439178666667
6.687936 0.0022306225760000005
6.703361 0.0022288185920000003
6.718822 0.002227025770666667
6.734318 0.002225245568
6.74985 0.0022234765280000003
6.765418 0.002222209322666667
6.781022 0.0022209576480000004
6.796661 0.0022197161653333334
6.812337 0.0022184858453333334
6.828049 0.0022172657173333337
6.843797 0.0022160557813333337
6.859582 0.0022148565226666667
6.875403 0.0022136674560000002
6.89126 0.002212489066666667
6.907154 0.002211320384
6.923084 0.0022101618933333335
6.939052 0.0022090135946666667
6.955056 0.002207875002666667
6.971097 0.0022067466026666665
6.987175 0.002205628394666667
7.00329 0.002204519893333334
7.019443 0.002203421098666667
7.035632 0.0022023315253333338
7.051859 0.002201252144
7.068124 0.0022001824693333332
7.084425 0.0021991220160000003
7.100765 0.0021980712693333336
7.117142 0.0021970302293333336
7.133557 0.0021959984106666667
7.15001 0.0021949758133333335
7.1665 0.002193962437333333
7.183029 0.002192958282666667
7.199596 0.002191963349333334
7.216201 0.002190977637333334
7.232845 0.002190001146666667
7.249526 0.002189033392
7.266247 0.002188074858666667
7.283005 0.0021871250613333336
7.299803 0.0021861840000000003
7.316639 0.00218525216
7.333514 0.0021843290560000003
7.350428 0.002183414202666667
7.367381 0.0021825085706666672
7.384373 0.0021816111893333337
7.401404 0.002180722544
7.418475 0.0021798426346666673
7.435585 0.0021789709760000006
7.452734 0.002178107568
7.469923 0.0021772528960000005
7.487152 0.0021764064746666667
7.50442 0.0021755683040000006
7.521728 0.002174738384
7.539076 0.0021739167146666667
7.556464 0.0021729931253333334
7.573893 0.0021718919040000003
7.591361 0.0021707989333333336
7.60887 0.0021697142133333333
7.626419 0.002168637258666667
7.644008 0.0021675680693333337
7.661638 0.0021665071306666665
7.679309 0.002165454442666667
7.69702 0.002164409034666667
7.714773 0.0021633718773333335
7.732566 0.0021623420000000003
7.7504 0.002161320373333334
7.768276 0.002160306026666667
7.786193 0.0021592994453333335
7.804151 0.002158300629333334
7.82215 0.002157309578666667
7.840191 0.002156325322666667
7.858274 0.002155349317333333
7.876398 0.002154380106666667
7.894564 0.0021534186613333334
7.912772 0.0021524644960000004
7.931022 0.002151517610666667
7.949314 0.002150578005333334
7.967648 0.002149645194666667
7.986025 0.0021487201493333337
8.004444 0.002147801898666667
8.022905 0.0021468909280000005
8.041409 0.0021459872373333333
8.059956 0.0021450903413333337
8.078545 0.00214420024
8.097177 0.0021433169333333335
8.115853 0.002142440906666667
8.134571 0.002141571674666667
8.153332 0.0021407092373333337
8.172137 0.00213985408
8.190985 0.002139005232
8.209877 0.0021381626933333333
8.228812 0.0021373274346666664
8.247791 0.0021364984853333335
8.266814 0.0021351031520000004
8.28588 0.002133639386666667
8.304991 0.0021321824160000003
8.324145 0.002130733210666667
8.343344 0.0021292908
8.362587 0.0021278551840000002
8.381874 0.0021264268480000004
8.401206 0.0021250053066666666
8.420583 0.00212359056
8.440004 0.002122182608
8.45947 0.002120781936
8.478981 0.002119387573333334
8.498537 0.0021180004906666667
8.518138 0.002116619717333333
8.537784 0.002115245738666667
8.557475 0.0021138780693333334
8.577212 0.002112517194666667
8.596995 0.002111163114666667
8.616823 0.002109815344
8.636696 0.002108474368
8.656616 0.0021071392160000005
8.676582 0.002105810858666667
8.696593 0.0021044888106666665
8.716651 0.002102890122666667
8.736755 0.002101240474666667
8.756905 0.0020995971360000002
8.777102 0.0020979610773333335
8.797346 0.0020963313280000007
8.817636 0.0020947078880000003
8.837973 0.0020930912426666668
8.858357 0.0020914813920000002
8.878787 0.002089877850666667
8.899265 0.002088281104
8.919791 0.0020866901813333338
8.940363 0.0020851060533333336
8.960983 0.0020835282346666666
8.981651 0.002081956725333333
9.002366 0.002080375024
9.023129 0.002078670533333333
9.04394 0.0020769728373333336
9.064799 0.0020752814506666667
9.085706 0.0020735963733333335
9.106661 0.002071918090666667
9.127664 0.002070245632
9.148716 0.002068579482666667
9.169817 0.002066919642666667
9.190966 0.002065265626666667
9.212164 0.002063618405333334
9.233411 0.002061976522666667
9.254707 0.002060341434666667
9.276052 0.002058712170666667
9.297446 0.002057088730666667
9.31889 0.0020554284053333335
9.340383 0.0020537685653333336
9.361925 0.002052115034666667
9.383517 0.002050466842666667
9.405159 0.00204882496
9.426851 0.002047188901333333
9.448593 0.002045558666666667
9.470386 0.002043934256
9.492228 0.002042315669333334
9.514121 0.002040702906666667
9.536064 0.002039095968
9.558058 0.0020374948533333336
9.580103 0.002035899077333333
9.602198 0.0020343091253333333
9.624345 0.0020327249973333336
9.646542 0.002031146208
9.668791 0.0020295727573333335
9.691091 0.002028005130666667
9.713442 0.002026442842666667
9.735845 0.0020248858933333337
9.7583 0.0020233561226666668
9.780807 0.002021868576
9.803365 0.0020203863679999997
9.825975 0.0020189090133333333
9.848638 0.002017437482666667
9.871353 0.0020159708053333336
9.89412 0.002014508981333333
9.91694 0.002013052496
9.939812 0.002011601349333334
9.962737 0.0020101550560000002
9.985715 0.0020087141013333336
10.00875 0.0020073459466666667
10.03183 0.0020060937866666667
10.05497 0.00200484648
10.07816 0.0020036040266666667
10.1014 0.0020023659413333336
10.1247 0.0020011327093333335
10.14805 0.0019999038453333336
10.17146 0.0019986798346666667
10.19492 0.001997460192
10.21843 0.001996245402666667
10.242 0.0019950349813333333
10.26562 0.001993828928
10.2893 0.001992627728
10.31303 0.001991430896
10.33681 0.0019902379466666667
10.36065 0.001989049850666667
10.38455 0.0019878661226666668
10.4085 0.001986686762666667
10.43251 0.0019855117706666665
10.45657 0.001984341146666667
10.48069 0.0019831748906666666
10.50486 0.0019820591093333336
10.52909 0.001981132608
10.55337 0.0019802099893333337
10.57771 0.0019792912533333337
10.60211 0.0019783764
10.62656 0.001977465429333334
10.65107 0.0019765583413333338
10.67563 0.0019756556213333335
10.70026 0.0019747562986666667
10.72494 0.001973860858666667
10.74967 0.001972968816
10.77446 0.0019720811413333336
10.79931 0.0019711968639999997
10.82422 0.0019703164693333336
10.84919 0.0019694399573333336
10.87421 0.0019685668426666666
10.89929 0.001967697610666667
10.92443 0.001966831776
10.94962 0.0019659698240000003
10.97488 0.0019651112693333337
11.00019 0.0019642575680000004
11.02556 0.0019635407306666667
11.05099 0.001962827290666667
11.07648 0.0019621172480000005
11.10202 0.0019614110880000002
11.12763 0.0019607078400000004
11.15329 0.0019600079893333333
11.17902 0.001959311536
11.2048 0.0019586184800000003
11.23064 0.0019579288213333336
11.25655 0.001957242074666667
11.28251 0.0019565587253333335
11.30853 0.001955878773333334
11.33461 0.0019552022186666673
11.36075 0.0019545285760000004
11.38696 0.0019538583306666665
11.41322 0.001953232736
11.43954 0.0019526513066666668
11.46593 0.0019520727893333335
11.49237 0.0019514971840000003
11.51888 0.001950924976
11.54545 0.0019503556799999999
11.57207 0.0019497892960000003
11.59876 0.001949225824
11.62551 0.0019486657493333337
11.65233 0.001948108586666667
11.6792 0.0019475538506666668
11.70614 0.0019470025120000003
11.73314 0.0019464540853333333
11.7602 0.001945908570666667
11.78732 0.0019453659680000002
11.81451 0.0019448262773333338
11.84176 0.001944289498666667
11.86907 0.001943755146666667
11.89644 0.0019432241920000004
11.92388 0.001942695664
11.95138 0.001942170048
11.97895 0.0019416473440000005
12.00658 0.0019411290080000002
12.03427 0.0019406198933333337
12.06202 0.001940113690666667
12.08984 0.001939609914666667
12.11773 0.0019391090506666669
12.14568 0.0019386110986666669
12.17369 0.001938115088
12.20177 0.001937622474666667
12.22991 0.0019371322880000002
12.25812 0.0019366445280000004
12.28639 0.0019361596800000001
12.31472 0.0019356772586666667
12.34313 0.0019351972640000005
12.37159 0.0019347201813333336
12.40013 0.0019342455253333335
12.42873 0.0019337732960000005
12.45739 0.0019333034933333338
12.48613 0.0019328366026666673
12.51492 0.0019323721386666666
12.54379 0.0019319096160000002
12.57272 0.0019314504906666672
12.60172 0.0019309933066666667
12.63078 0.0019305385493333333
12.65991 0.0019300862186666667
12.68911 0.0019296363146666664
12.71838 0.001929132538666667
12.74771 0.0019285977013333334
12.77711 0.0019280652906666664
12.80658 0.0019275353066666669
12.83612 0.001927007264
12.86572 0.0019264821333333335
12.8954 0.0019259594293333337
12.92514 0.0019254386666666666
12.95495 0.0019249208160000003
12.98483 0.001924404906666667
13.01478 0.001923891424
13.04479 0.0019233803680000002
13.07488 0.0019228712533333337
13.10504 0.0019223650506666667
13.13526 0.0019218607893333336
13.16556 0.0019213584693333337
13.19592 0.0019208590613333332
13.22636 0.0019203615946666666
13.25686 0.0019198660693333335
13.28744 0.0019193729706666668
13.31808 0.001918882298666667
13.3488 0.0019183935680000001
13.37959 0.0019179072639999998
13.41045 0.0019174229013333333
13.44138 0.0019169409653333332
13.47238 0.0019164609706666669
13.50345 0.0019159741813333337
13.53459 0.0019154194453333334
13.56581 0.001914866650666667
13.5971 0.0019143162826666669
13.62846 0.0019137678559999999
13.65989 0.0019132218560000004
13.6914 0.0019126777973333335
13.72297 0.0019121356800000002
13.75462 0.0019115959893333334
13.78635 0.00191105824
13.81814 0.0019105229173333332
13.85001 0.0019099895360000002
13.88196 0.001909457610666667
13.91397 0.0019089285973333337
13.94607 0.0019084010400000002
13.97823 0.0019078759093333337
14.01047 0.0019073522346666671
14.04278 0.0019068309866666663
14.07517 0.00190631168
14.10763 0.001905794314666667
14.14017 0.0019052788906666672
14.17279 0.0019047658933333336
14.20547 0.0019042543519999999
14.23824 0.0019037447520000002
14.27108 0.0019032370933333338
14.30399 0.0019027313760000002
14.33698 0.0019022276000000002
14.37005 0.0019017257653333333
14.40319 0.0019012258719999999
14.43641 0.00190072792
14.46971 0.0019002319093333335
14.50308 0.001899737354666667
14.53653 0.0018992452266666671
14.57006 0.0018987545546666664
14.60366 0.0018982653386666667
14.63734 0.0018977785493333337
14.6711 0.001897293216
14.70494 0.0018968098240000001
14.73885 0.001896328373333333
14.77285 0.001895848864
14.80692 0.0018953708106666668
14.84107 0.001894894213333333
14.8753 0.0018944195573333332
14.90961 0.0018939468426666666
14.944 0.0018934760693333336
14.97846 0.0018930067520000003
15.01301 0.001892650032
15.04763 0.0018924801653333334
15.08234 0.0018923112693333335
15.11713 0.0018921443146666672
15.15199 0.0018919788160000003
15.18694 0.0018918152586666665
15.22196 0.0018916526720000005
15.25707 0.0018914920266666667
15.29226 0.0018913328373333332
15.32753 0.0018911755893333334
15.36288 0.001891019312
15.39832 0.0018908649760000001
15.43383 0.0018907120960000002
15.46943 0.0018905606720000002
15.50511 0.0018904107040000001
15.54087 0.0018902621919999999
15.57671 0.0018901151359999998
15.61264 0.001889969536
15.64864 0.0018898258773333337
15.68474 0.0018896831893333336
15.72091 0.0018895419573333335
15.75717 0.001889402666666667
15.79351 0.0018892643466666666
15.82994 0.0018891274826666668
15.86645 0.0018889920746666669
15.90304 0.001888858122666667
15.93972 0.0018887256266666666
15.97648 0.0018885945866666672
16.01333 0.0018884650026666668
16.05027 0.001888336874666667
16.08728 0.0018882097173333332
16.12439 0.0018880845013333335
16.16158 0.0018879602560000002
16.19885 0.001887837466666667
16.23621 0.0018877156480000005
16.27366 0.0018875957706666665
16.31119 0.0018874768640000004
16.34881 0.0018873594133333336
16.38652 0.0018872429333333333
16.42431 0.0018871283946666666
16.46219 0.0018870148266666668
16.50016 0.0018869051413333336
16.53822 0.0018874132853333332
16.57636 0.0018879233706666667
16.61459 0.001888434426666667
16.65291 0.0018889469386666673
16.69132 0.0018894609066666668
16.72982 0.0018899763306666668
16.7684 0.0018904927253333339
16.80708 0.0018910110613333335
16.84584 0.0018915303680000003
16.8847 0.0018920511306666666
16.92364 0.0018925733493333338
16.96267 0.0018930970240000006
17.00179 0.0018936216693333334
17.04101 0.0018941477706666669
17.08031 0.001894675328
17.1197 0.0018952043413333333
17.15919 0.0018957343253333335
17.19876 0.0018962657653333334
17.23843 0.0018967986613333335
17.27819 0.0018973325280000001
17.31804 0.0018978678506666666
17.35798 0.0018984046293333333
17.39802 0.0018989423786666666
17.43814 0.0018994815840000002
17.47836 0.0019000222453333334
17.51867 0.0019005638773333334
17.55908 0.00190110648
17.59958 0.001901651024
17.64017 0.0019021960533333335
17.68085 0.0019027430239999998
17.72163 0.0019032909653333334
17.76251 0.0019038398773333334
17.80347 0.0019043902453333335
17.84453 0.0019049415839999999
17.88569 0.001905494378666667
17.92694 0.001906048144
17.96829 0.0019066033653333337
18.00973 0.0019072352693333334
18.05127 0.0019081151786666663
18.0929 0.0019089965439999998
18.13463 0.0019098788800000002
18.17646 0.0019107631573333334
18.21838 0.0019116484053333335
18.2604 0.0019125351093333333
18.30251 0.0019134232693333339
18.34473 0.0019143123999999997
18.38704 0.0019152034720000002
18.42944 0.0019160955146666667
18.47195 0.001916988528
18.51455 0.0019178834826666666
18.55726 0.0019187794080000001
18.60006 0.0019196767893333339
18.64295 0.001920575626666667
18.68595 0.0019214754346666668
18.72905 0.0019223766986666668
18.77225 0.001923279418666667
18.81554 0.001924183594666667
18.85894 0.0019250887413333332
18.90243 0.0019259948586666667
18.94603 0.0019269029173333337
18.98973 0.0019278119466666667
19.03353 0.0019292451360000001
19.07742 0.0019308409120000001
19.12142 0.0019324391146666672
19.16553 0.0019340392586666667
19.20973 0.0019356418293333334
19.25403 0.0019372468266666667
19.29844 0.0019388537653333335
19.34295 0.001940463130666667
19.38756 0.0019420744373333336
19.43228 0.0019436886560000003
19.4771 0.001945304330666667
19.52202 0.0019469224320000002
19.56704 0.0019485429600000004
19.61217 0.0019501654293333337
19.65741 0.0019517903253333335
19.70275 0.001953417162666667
19.74819 0.0019550464266666666
19.79373 0.0019566781173333335
19.83939 0.0019583112640000006
19.88514 0.0019599473226666673
19.93101 0.0019615848373333335
19.97698 0.001963225264
20.02305 0.0019685726666666668
20.06923 0.001977657136
20.11552 0.0019867828586666667
20.16191 0.0019959493493333334
20.20841 0.002005157578666667
20.25502 0.002014406576
20.30174 0.0020236977973333336
20.34856 0.0020330307573333335
20.39549 0.002042405456
20.44253 0.0020518218933333336
20.48968 0.00206128104
20.53694 0.0020707824106666666
20.58431 0.002080326490666667
20.63178 0.0020899127946666673
20.67937 0.0020995422933333336
20.72706 0.0021092145013333337
20.77487 0.002118929418666667
20.82278 0.002128688016
20.87081 0.0021384902933333336
20.91894 0.0021483352800000005
20.96719 0.0021582244320000003
21.01555 0.0021654704586666668
21.06402 0.0021670550720000008
21.1126 0.0021686416266666667
21.1613 0.002170228666666667
21.2101 0.002171817648
21.25902 0.0021734076000000002
21.30805 0.002174998522666667
21.3572 0.0021765909013333334
21.40646 0.002178184250666667
21.45583 0.0021797790560000004
21.50531 0.0021813748320000004
21.55491 0.002182972064
21.60463 0.002184570266666667
21.65445 0.0021861699253333334
21.7044 0.0021877705546666667
21.75446 0.002189372154666667
21.80463 0.0021909752106666672
21.85492 0.0021925792373333336
21.90533 0.0021941847200000002
21.95585 0.0021957911733333333
22.00649 0.002197398597333333
22.05724 0.0021990069920000003
22.10812 0.0022006168426666668
22.15911 0.002202227664
22.21021 0.0022038394560000003
22.26144 0.002205452218666667
22.31278 0.0022070664373333338
22.36425 0.002208681626666667
22.41583 0.0022102977866666667
22.46753 0.0022119149173333336
22.51935 0.0022135335040000003
22.57128 0.0022151525760000005
22.62334 0.002216773104
22.67552 0.0022183946026666673
22.72782 0.002220017072
22.78024 0.002221640512
22.83278 0.0022232649226666666
22.88544 0.0022248903040000003
22.93822 0.002226516656
22.99113 0.002228143978666667
23.04415 0.0022243345973333335
23.0973 0.0022194414666666666
23.15057 0.002214559013333333
23.20397 0.0022096877226666666
23.25749 0.0022048271093333335
23.31113 0.002199976688
23.36489 0.0021951374293333334
23.41878 0.0021903088480000003
23.47279 0.002185490944
23.52693 0.002180683232
23.58119 0.002175886682666667
23.63558 0.0021711003253333336
23.69009 0.0021663246453333335
23.74473 0.002161559642666667
23.7995 0.0021568053173333336
23.85439 0.0021520611840000004
23.9094 0.002147327242666667
23.96455 0.0021426039786666667
24.01982 0.0021378913920000004
24.07522 0.0021331889973333334
24.13075 0.002128496794666667
24.1864 0.0021238152693333332
24.24219 0.002119143936
24.2981 0.0021144827946666667
24.35414 0.0021098318453333337
24.41031 0.0021051910880000003
24.46661 0.0021005610080000003
24.52304 0.002095940634666667
24.5796 0.0020913304533333337
24.63629 0.0020867309493333335
24.69311 0.002082141152
24.75006 0.0020775615466666667
24.80714 0.002072991648
24.86436 0.0020684324266666667
24.92171 0.002063882912
24.97919 0.002059343104
25.0368 0.002039720106666667
25.09454 0.002011857605333334
25.15242 0.0019843663840000006
25.21043 0.001957241589333333
25.26858 0.001930478368
25.32686 0.0019040723519999998
25.38527 0.0018780196586666667
25.44382 0.0018523149493333332
25.5025 0.0018269543413333336
25.56132 0.0018019339520000005
25.62027 0.001777248928
25.67936 0.001752895386666667
25.73859 0.0017288689600000002
25.79795 0.0017051657653333334
25.85745 0.001681781434666667
25.91709 0.0016587120853333332
25.97687 0.0016359533493333334
26.03678 0.0016135013440000002
26.09683 0.0015913526720000002
26.15702 0.0015695029653333334
26.21735 0.0015479488266666667
26.27782 0.001526685888
26.33842 0.0015057107520000002
26.39917 0.0014850195360000002
26.46006 0.0014646083573333333
26.52108 0.0014539533493333335
26.58225 0.0014613910826666667
26.64356 0.0014688661866666668
26.70501 0.001476378176
26.7666 0.0014839275360000004
26.82834 0.0014915142666666668
26.89022 0.0014991388533333334
26.95223 0.0015068008106666668
27.0144 0.0015145011093333337
27.0767 0.0015222392640000003
27.13915 0.00153001576
27.20175 0.0015378305973333334
27.26448 0.0015456837759999999
27.32737 0.0015535757813333333
27.39039 0.0015615066133333336
27.45357 0.0015694767573333336
27.51689 0.0015770790186666668
27.58035 0.0015835926773333337
27.64396 0.001590132058666667
27.70772 0.0015966981333333337
27.77162 0.001603290416
27.83568 0.0016099089066666668
27.89988 0.0016165536053333335
27.96422 0.0016232249973333333
28.02872 0.0016299230826666666
28.09337 0.0016366478613333336
28.15816 0.001643399333333333
28.2231 0.0016501779840000003
28.2882 0.0016569833279999999
28.35344 0.0016638153653333338
28.41884 0.001670675066666667
28.48438 0.0016775614613333332
28.55008 0.0016844755199999998
28.61592 0.0016914167573333335
28.68192 0.001698385658666667
28.74808 0.0017053817386666666
28.81438 0.0017124054826666666
28.88084 0.0017194568906666668
28.94745 0.0017265364480000002
29.01421 0.0017336431840000001
29.08113 0.001740778554666667
29.1482 0.0017479415893333333
29.21543 0.0017551327733333335
29.28281 0.0017623516213333332
29.35035 0.0017695995893333336
29.41804 0.0017768752213333334
29.48589 0.0017841794880000003
29.5539 0.0018081928106666667
29.62206 0.0018369657973333338
29.69038 0.0018661746133333335
29.75886 0.0018958250826666668
29.8275 0.0019259235146666669
29.89629 0.001956475248
29.96524 0.0019874870773333338
30.03435 0.002018964826666667
30.10362 0.00205091432
30.17306 0.002083341866666667
30.24265 0.0021162542613333336
30.3124 0.002149656842666667
30.38231 0.002183556890666667
30.45238 0.002217960714666667
30.52262 0.0022528746240000003
30.59302 0.0022883049280000007
30.66358 0.0023242584213333337
30.7343 0.0023607414133333337
30.80518 0.002397761184
30.87623 0.002435324528
30.94744 0.0024734372693333336
31.01882 0.0025121071733333333
31.09036 0.002551340549333333
31.16207 0.002591144677333334
31.23394 0.0026315263520000002
31.30598 0.0026724923680000005
31.37818 0.002714050005333334
31.45055 0.0027562065439999998
31.52309 0.0028166125866666667
31.5958 0.002917128032
31.66867 0.003020837456
31.74171 0.003127791818666667
31.81492 0.0032380372266666672
31.88829 0.0033516105653333336
31.96184 0.0034685414400000007
32.03556 0.003588847808
32.10944 0.003712536464
32.1835 0.003839601584
32.25773 0.003970019872000001
32.33213 0.00410375056
32.4067 0.004240732981333335
32.48144 0.004380883173333334
32.55636 0.00452409048
32.63144 0.004670216096
32.70671 0.004819087242666668
32.78214 0.0049704928
32.85775 0.005124193013333334
32.93353 0.005279878240000001
33.00949 0.005437223306666667
33.08562 0.005595815680000001
33.16193 0.005525321013333334
33.23841 0.005403589706666667
33.31508 0.005284192853333334
33.39191 0.005167106186666667
33.46893 0.005052286026666667
33.54612 0.00493971296
33.62349 0.004829342336000001
33.70104 0.004721149888
33.77877 0.004615101157333334
33.85667 0.004511164112
33.93476 0.004409306720000001
34.01303 0.0043094979200000005
34.09148 0.0042117047093333335
34.1701 0.0041158965120000005
34.24891 0.0040220417813333345
34.32791 0.003930108485333334
34.40708 0.0038400665333333337
34.48644 0.0037518848640000005
34.56597 0.003671219552
34.6457 0.0035928202613333335
34.7256 0.003515483850666667
34.80569 0.0034392442933333335
34.88597 0.003364128768
34.96643 0.003290162512
35.04708 0.0032173654240000007
35.12791 0.0031457540053333333
35.20893 0.0030753413600000004
35.29013 0.00300613768
35.37153 0.0029381497600000006
35.45311 0.0028713829386666674
35.53488 0.002805839157333334
35.61683 0.0027415179306666667
35.69898 0.002678416832
35.78132 0.0026165319786666673
35.86384 0.0025558585173333336
35.94656 0.002496387712
36.02946 0.002502578138666667
36.11256 0.0026301179146666666
36.19585 0.0027635913760000004
36.27933 0.0029032193493333334
36.36301 0.003049225088
36.44688 0.003201834272
36.53094 0.0033612750080000008
36.61519 0.0035277744320000005
36.69964 0.0037015606506666664
36.78428 0.0038828603146666674
36.86912 0.004071898618666667
36.95416 0.004268895418666667
37.03939 0.004442139520000001
37.12482 0.004581275365333333
37.21044 0.004721195509333333
37.29626 0.004861341333333334
37.38228 0.005001073653333334
37.4685 0.005139655733333333
37.55492 0.0052762333866666665
37.64153 0.00540986992
37.72835 0.0055394878933333344
37.81537 0.005663907946666667
37.90258 0.00578181968
37.99 0.005891801066666667
38.07762 0.005992308746666667
38.16544 0.006081707146666667
38.25347 0.006158268480000001
38.3417 0.006220211573333334
38.43013 0.006265726133333333
38.51876 0.006234397866666666
38.6076 0.00597750608
38.69665 0.005722453706666668
38.7859 0.005470390986666666
38.87535 0.005222322560000001
38.96501 0.004979107466666666
39.05488 0.004741470794666666
39.14496 0.0045100264906666665
39.23524 0.004285269594666667
39.32573 0.004067592741333334
39.41643 0.0038572953813333336
39.50734 0.0036545915466666672
39.59846 0.003459621013333334
39.68979 0.0032724565813333334
39.78133 0.003093112325333334
39.87308 0.002921551845333334
39.96505 0.0027576950613333335
40.05722 0.0026946677333333333
40.14961 0.0026899561173333334
40.24221 0.0026850809440000004
40.33502 0.002680044640000001
40.42805 0.002674849146666667
40.5213 0.0026694978613333335
40.61475 0.0026639932106666663
40.70843 0.0026583376213333335
40.80232 0.002652534005333334
40.89642 0.002646584304
40.99075 0.002640491914666667
41.08529 0.002634258778666667
41.18005 0.002627887322666667
41.27502 0.0026213809440000005
41.37022 0.0026147410986666667
41.46564 0.002607970698666667
41.56127 0.0026010716853333334
41.65713 0.0025940474560000003
41.75321 0.002586899466666667
41.84951 0.0025796306293333336
41.94603 0.0025722428853333333
42.04277 0.002591431024
42.13974 0.0026447245066666667
42.23693 0.002698562533333333
42.33434 0.002752901424
42.43198 0.0028076936160000006
42.52985 0.002862885722666667
42.62794 0.002918419018666667
42.72625 0.00297422944
42.8248 0.0030302466133333332
42.92357 0.003086393370666667
43.02257 0.0031425852640000005
43.12179 0.0031987325066666667
43.22125 0.003254736090666667
43.32094 0.0033104902133333333
43.42085 0.003269961482666667
43.521 0.003191277301333334
43.62137 0.0031141044480000007
43.72198 0.0030384346720000004
43.82282 0.0029642582666666666
43.92389 0.002891563584
44.0252 0.0028203384906666674
44.12674 0.002750570368
44.22851 0.0026822446560000003
44.33052 0.0026153472800000003
44.43276 0.0025498622240000004
44.53524 0.0024857734720000004
44.63796 0.002423064037333333
44.74091 0.0023617169333333336
44.8441 0.002301714202666667
44.94753 0.0022430369173333338
45.0512 0.00218566712
45.1551 0.002129584912
45.25925 0.002074771850666667
45.36363 0.0020212075520000005
45.46826 0.001968872602666667
45.57313 0.001928885018666667
45.67824 0.0019135159680000002
45.78359 0.001898241557333333
45.88918 0.0018830608160000002
45.99502 0.0018679747146666669
46.10111 0.0018529827680000002
46.20743 0.001838084976
46.314 0.0018232818240000001
46.42082 0.0018085733120000004
46.52789 0.0017939589546666665
46.6352 0.0017794392373333336
46.74276 0.0017650136746666669
46.85057 0.001750682752
46.95862 0.0017364459839999998
47.06693 0.0017223033706666667
47.17548 0.0017082549120000005
47.28429 0.001694300608
47.39334 0.0016804399733333338
47.50265 0.0016666734933333334
47.61221 0.0016530001973333334
47.72202 0.0016394205706666664
47.83209 0.0016259336426666664
47.94241 0.0016125403840000002
48.05298 0.001599239338666667
48.16381 0.0015860314773333336
48.2749 0.0015729158293333336
48.38624 0.0015598919093333336
48.49783 0.0015469602026666669
48.60969 0.0015341202240000001
48.7218 0.0015213714879999999
48.83417 0.0015087139946666668
48.9468 0.0014961472586666668
49.05969 0.0014836707946666668
49.17285 0.0014712846026666666
49.28626 0.0014589881973333335
49.39993 0.001446781578666667
49.51387 0.0014346642613333339
49.62807 0.00142263576
49.74253 0.0014106955893333334
49.85725 0.0013988437493333335
49.97224 0.0013870797546666667
50.0875 0.001371983461333333
50.20302 0.0013559630933333336
50.31881 0.0013401130773333335
50.43486 0.0013244324426666665
50.55119 0.0013089197333333335
50.66778 0.0012935734933333335
50.78464 0.0012783922666666668
50.90177 0.001263375568
51.01917 0.001248521456
51.13684 0.0012338284746666666
51.25478 0.001219295168
51.37299 0.001204921050666667
51.49148 0.0011907041813333334
51.61024 0.001176643104
51.72927 0.0011627368480000002
51.84858 0.001148983472
51.96816 0.0011353824906666667
52.08802 0.0011219319626666667
52.20816 0.0011086309173333334
52.32857 0.0010954774133333336
52.44926 0.0010824709653333335
52.57023 0.0010696091466666667
52.69147 0.0010568919573333336
52.813 0.0010443169706666668
52.93481 0.0010318832160000002
53.0569 0.001019589722666667
53.17927 0.0010074345493333336
53.30192 0.0009954167253333334
53.42486 0.0009835347946666666
53.54807 0.0009717877866666667
53.67158 0.00096017376
53.79536 0.0009486922293333335
53.91944 0.0009373412533333333
54.0438 0.0009261203466666666
54.16844 0.0009150270826666667
54.29338 0.0009040609760000002
54.4186 0.0008932205706666667
54.54411 0.0008825044106666667
54.66991 0.0008719115253333334
54.796 0.0008614409440000001
54.92238 0.0008510907253333334
55.04905 0.0008408598986666667
55.17602 0.0008307474933333333
55.30328 0.0008207520533333334
55.43083 0.0008108721226666666
55.55867 0.000801107216
55.68681 0.0007914553920000001
55.81525 0.0007819161653333334
55.94398 0.0007724875946666668
56.07301 0.0007631691946666667
56.20233 0.0007539595093333333
56.33196 0.0007448575680000001
56.46188 0.0007358614293333332
56.59211 0.0007269710933333333
56.72263 0.000718185104
56.85345 0.00070950152
56.98458 0.0007009203413333335
57.11601 0.0006924401120000001
57.24774 0.0006840593760000001
57.37978 0.0006757771626666666
57.51212 0.0006675929866666667
57.64476 0.0006595049066666665
57.77771 0.0006515124373333333
57.91097 0.0006436141226666667
58.04454 0.0006358094773333333
58.17841 0.0006280975306666667
58.31259 0.0006204763413333334
58.44709 0.0006129459093333333
58.58189 0.0006055042933333334
58.717 0.0005981514933333334
58.85243 0.0005908855680000001
58.98816 0.0005837065173333334
59.12421 0.0005766124000000001
59.26058 0.0005696032160000001
59.39725 0.000562677024
59.53425 0.0005558338240000001
59.67156 0.0005490716746666668
59.80918 0.0005423905760000001
59.94713 0.0005357895573333334
60.08539 0.0005321408213333334
60.22397 0.0005302941280000001
60.36287 0.0005284532586666668
60.50209 0.000526619184
60.64163 0.0005247909333333335
60.78149 0.0005229689920000001
60.92168 0.0005211533600000001
61.06219 0.0005193435520000002
61.20302 0.0005175400533333334
61.34418 0.000515742864
61.48566 0.0005139519840000001
61.62747 0.0005121664426666668
61.76961 0.0005103876960000001
61.91208 0.0005086147733333335
62.05487 0.0005068476746666667
62.19799 0.0005050864000000001
62.34145 0.0005033314346666667
62.48523 0.0005015827786666666
62.62934 0.0004998394613333334
62.77379 0.0004981024533333333
62.91857 0.0004963707840000001
63.06369 0.0004946454240000001
63.20914 0.000492925888
63.35492 0.000491212176
63.50104 0.0004895042880000001
63.6475 0.00048780222400000004
63.7943 0.00048610598400000005
63.94143 0.0004844153738666666
64.08891 0.0004827305392
64.23672 0.0004810513829333334
64.38488 0.00047937800213333336
64.53337 0.0004777102512000001
64.68221 0.00047604817866666677
64.8314 0.00047439173600000005
64.98092 0.00047274092320000004
65.13079 0.00047109569173333336
65.28101 0.00046945609013333345
65.43158 0.00046782202133333333
65.58249 0.0004661935338666667
65.73374 0.0004645705306666667
65.88535 0.00046295306026666676
66.03731 0.00046134107413333336
66.18962 0.00045973452373333345
66.34228 0.0004581334576
66.49529 0.00045653782720000004
66.64865 0.0004549476325333333
66.80237 0.00045336282506666675
66.95644 0.00045178335626666676
67.11087 0.00045020927466666666
67.26566 0.00044864058026666673
67.4208 0.0004470771760000001
67.5763 0.00044551906186666664
67.73215 0.00044396623786666675
67.88837 0.000442418704
68.04495 0.0004408764117333334
68.20189 0.00043933936106666665
68.35919 0.0004378075034666667
68.51685 0.00043628088746666677
68.67488 0.000434759416
68.83327 0.0004332431376
68.99202 0.00043173200373333335
69.15115 0.00043022596586666677
69.31064 0.0004287250725333333
69.47049 0.00042722927520000016
69.63072 0.0004257385738666667
69.79132 0.00042425287146666675
69.95228 0.00042277226506666667
70.11362 0.0004222039882666667
70.27533 0.00042201800853333324
70.43741 0.0004218320773333333
70.59987 0.00042164629173333337
70.7627 0.00042146055466666673
70.9259 0.0004212749146666667
71.08949 0.0004210893717333334
71.25345 0.0004209038773333334
71.41779 0.00042071847999999997
71.5825 0.00042053317973333337
71.7476 0.00042034797653333337
71.91308 0.00042016282186666676
72.07894 0.0004199777642666667
72.24518 0.00041979275519999997
72.41181 0.0004196078917333333
72.57882 0.0004194230768
72.74621 0.00041923831040000003
72.91399 0.00041905368960000006
73.08216 0.0004188691173333334
73.25072 0.00041868459360000005
73.41966 0.00041850021546666673
73.589 0.00041831588586666675
73.75872 0.00041813160480000004
73.92884 0.00041794742080000004
74.09935 0.00041776333386666666
74.27025 0.0004175792954666667
74.44155 0.0004173953541333334
74.61324 0.00041721150986666675
74.78533 0.00041702771413333335
74.95781 0.0004168440154666668
75.13069 0.0004166604138666667
75.30397 0.00041647686080000006
75.47765 0.0004162933562666667
75.65173 0.0004161099488
75.82622 0.0004159266384000001
76.0011 0.0004157433765333333
76.17639 0.0004155602117333333
76.35208 0.00041537709546666667
76.52818 0.0004151940762666668
76.70469 0.0004150111541333334
76.8816 0.00041482828053333333
77.05892 0.0004146454554666667
77.23664 0.0004144627274666667
77.41478 0.00041428009653333335
77.59333 0.0004140975141333333
77.77229 0.00041391498026666676
77.95166 0.0004137325434666667
78.13145 0.00041355020373333337
78.31165 0.00041336791253333334
78.49227 0.0004131856698666667
78.6733 0.0004130035242666667
78.85476 0.0004128214757333334
79.03663 0.0004126394757333333
79.21892 0.00041245752426666667
79.40163 0.00041227566986666667
79.58476 0.00041209386400000006
79.76831 0.0004119121552000001
79.95229 0.0004117304949333334
80.13669 0.0004115489317333334
80.32152 0.00041136741706666673
80.50677 0.0004111859509333335
80.69245 0.00041100458186666664
80.87856 0.00041082330986666666
81.0651 0.0004106420378666667
81.25206 0.00041046091146666676
81.43946 0.00041027978506666667
81.62729 0.0004100987557333334
81.81556 0.0004099178234666666
82.00426 0.0004097368912
82.19339 0.0004095560560000001
82.38296 0.0004093753178666667
82.57297 0.0004091946282666667
82.76341 0.00040901398720000003
82.9543 0.0004088334432
83.14562 0.00040865294773333334
83.33739 0.0004084725008
83.5296 0.00040829215093333336
83.72225 0.0004081118496000001
83.91535 0.0004079315968
84.10889 0.0004077514410666667
84.30288 0.0004075713338666666
84.49731 0.0004073912752
84.6922 0.00040721131360000007
84.88753 0.0004070314005333333
85.08332 0.0004072375216
85.27955 0.0004079662010666667
85.47624 0.00040869599680000006
85.67338 0.00040942695733333344
85.87098 0.00041015913120000003
86.06903 0.00041089242133333334
86.26754 0.0004116269248000001
86.4665 0.00041236259306666673
86.66593 0.00041309937760000004
86.86582 0.00041383737546666667
87.06616 0.0004145765381333334
87.26697 0.0004153168656000001
87.46824 0.00041605840640000004
87.66998 0.0004168010634666668
87.87218 0.0004175449338666666
88.07485 0.00041828992053333334
88.27798 0.0004190361205333334
88.48159 0.00041978348533333343
88.68566 0.00042053206346666665
88.8902 0.0004212817578666667
89.09522 0.00042203266560000006
89.30071 0.0004227846896000001
89.50667 0.00042353792693333346
89.71311 0.00042429232906666665
89.92002 0.00042504794453333334
90.12741 0.0004258046762666667
90.33528 0.0004265626213333334
90.54363 0.0004273217312
90.75246 0.0004280820058666667
90.96177 0.00042884344533333335
91.17157 0.00042960609813333335
91.38184 0.0004303699157333333
91.5926 0.00043113489813333334
91.80385 0.00043190104533333333
92.01559 0.00043266835733333337
92.22781 0.00043343688266666674
92.44053 0.00043420657280000005
92.65373 0.00043497742773333336
92.86743 0.0004357494474666666
93.08162 0.0004365226320000001
93.2963 0.0004372970298666668
93.51148 0.0004380725925333333
93.72715 0.00043884932
93.94332 0.0004396272122666667
94.15999 0.0004404063178666667
94.37716 0.0004411865397333333
94.59483 0.00044196797493333337
94.81301 0.0004427505749333334
95.03168 0.0004435343397333334
95.25086 0.0004443193178666667
95.47055 0.00044510541226666666
95.69074 0.0004458927200000001
95.91144 0.00044668119253333334
96.13265 0.00044747082986666676
96.35437 0.000448261632
96.5766 0.0004490535989333334
96.79934 0.0004498467306666667
97.0226 0.0004506410757333334
97.24637 0.0004514365370666667
97.47066 0.0004522332117333334
97.69547 0.00045303100266666675
97.92079 0.00045383000693333337
98.14664 0.00045463017600000014
98.373 0.0004554315098666667
98.59989 0.00045623400853333335
98.8273 0.00045703767200000006
99.05523 0.0004578424517333334
99.28369 0.00045864844480000003
99.51268 0.00045945560266666673
99.74219 0.0004602639253333333
99.97224 0.0004610734128
100.2028 0.00046195817546666675
100.4339 0.0004628544890666667
100.6656 0.0004637522101333335
100.8977 0.0004646513872
101.1304 0.0004655519717333333
101.3637 0.00046645396373333335
101.5975 0.00046735741173333336
101.8318 0.00046826221866666664
102.0667 0.00046916853013333334
102.3021 0.0004700762005333334
102.538 0.0004709852784
102.7745 0.0004718958122666668
103.0116 0.00047280770506666673
103.2491 0.00047372105386666663
103.4873 0.0004746357616
103.726 0.00047555192533333345
103.9652 0.0004764694965333334
104.205 0.00047738842666666666
104.4453 0.00047830881280000004
104.6862 0.00047923055786666674
104.9276 0.00048015371040000004
105.1696 0.00048107827040000004
105.4122 0.0004820042378666668
105.6553 0.0004829315642666668
105.899 0.00048386029813333347
106.1433 0.0004847775781333334
106.3881 0.0004856871413333334
106.6334 0.0004865981120000001
106.8794 0.0004875100533333334
107.1259 0.0004884234506666667
107.373 0.0004893383040000001
107.6206 0.0004902546133333334
107.8688 0.0004911718933333334
108.1176 0.0004920906293333333
108.367 0.0004930103360000001
108.6169 0.0004939314986666667
108.8674 0.0004948541173333335
109.1185 0.0004957777066666667
109.3702 0.0004967027520000002
109.6224 0.0004976292533333333
109.8753 0.0004985567253333334
110.1287 0.00049943712
110.3827 0.000500271408
110.6373 0.0005011066666666667
110.8924 0.0005019424106666667
111.1482 0.0005027796106666667
111.4046 0.0005036177813333334
111.6615 0.0005044569226666667
111.919 0.0005052965493333333
112.1772 0.0005061376320000001
112.4359 0.0005069792
112.6952 0.000507822224
112.9551 0.0005086657333333335
113.2156 0.0005095102133333334
113.4768 0.0005103556640000002
113.7385 0.0005112020853333334
114.0008 0.0005120494773333334
114.2637 0.0005128973546666668
114.5273 0.0005137466880000001
114.7914 0.0005145965066666666
115.0562 0.0005154249706666667
115.3215 0.0005161699573333334
115.5875 0.0005169154293333334
115.8541 0.0005176613866666668
116.1213 0.0005184083146666667
116.3891 0.0005191557280000001
116.6576 0.0005199036266666667
116.9266 0.0005206520106666667
117.1963 0.00052140088
117.4666 0.00052215072
117.7375 0.0005229010453333334
118.0091 0.000523651856
118.2813 0.000524403152
118.5541 0.0005251549333333334
118.8275 0.0005259072000000001
119.1016 0.000526659952
119.3763 0.0005274136746666667
119.6516 0.0005281673973333334
119.9275 0.0005289220906666668
120.2041 0.0005295928213333333
120.4814 0.0005302334613333335
120.7593 0.0005308741013333333
121.0378 0.0005315157120000002
121.3169 0.0005321568373333333
121.5967 0.0005327989333333334
121.8772 0.000533440544
122.1583 0.0005340831253333334
122.44 0.0005347252213333335
122.7224 0.000535368288
123.0055 0.0005360108693333335
123.2892 0.0005366544213333334
123.5735 0.0005372974880000002
123.8585 0.0005379410400000001
124.1442 0.0005385850773333334
124.4305 0.0005392291146666668
124.7175 0.0005398731520000001
125.0052 0.0005405176746666668
125.2935 0.0005411621973333334
125.5824 0.0005418067200000001
125.8721 0.000542451728
126.1624 0.0005430967360000001
126.4534 0.0005437422293333334
126.745 0.0005443877226666668
127.0374 0.0005450205973333334
127.3304 0.0005455699946666667
127.624 0.000546119392
127.9184 0.000546668304
128.2134 0.0005472177013333334
128.5091 0.0005477666133333334
128.8055 0.0005483160106666666
129.1026 0.0005488649226666666
129.4003 0.0005494138346666666
129.6988 0.0005499627466666666
129.9979 0.0005505116586666666
130.2978 0.0005510605706666667
130.5983 0.0005516094826666667
130.8995 0.0005521583946666667
131.2014 0.0005527068213333333
131.504 0.0005532557333333333
131.8073 0.00055380416
132.1113 0.0005543525866666668
132.416 0.0005549005279999999
132.7214 0.0005554489546666667
133.0275 0.0005559905866666668
133.3343 0.0005564691253333334
133.6418 0.0005569476640000001
133.9501 0.0005574257173333334
134.259 0.0005579037706666668
134.5687 0.0005583813386666667
134.879 0.0005588589066666667
135.1901 0.0005593359893333334
135.5019 0.0005598130720000001
135.8144 0.0005602896693333335
136.1277 0.0005607662666666667
136.4416 0.0005612423786666667
136.7563 0.0005617184906666667
137.0717 0.0005621941173333334
137.3879 0.0005626692586666668
137.7048 0.0005631444
138.0224 0.0005636195413333333
138.3407 0.0005640941973333334
138.6598 0.0005645683680000001
138.9796 0.0005650420533333335
139.3001 0.0005655157386666668
139.6214 0.0005659894240000001
139.9434 0.0005664621386666667
140.2662 0.0005669348533333334
140.5897 0.000567407568
140.9139 0.0005678793120000001
141.2389 0.0005683253333333334
141.5647 0.0005687621333333334
141.8912 0.0005691984480000001
142.2185 0.0005696342773333335
142.5465 0.0005700696213333333
142.8752 0.00057050448
143.2048 0.0005709393386666667
143.535 0.0005713732266666668
143.8661 0.0005718071146666667
144.1979 0.0005722400320000001
144.5305 0.0005726729493333334
144.8638 0.0005731053813333335
145.1979 0.0005735208266666668
145.5328 0.0005739241386666667
145.8685 0.0005743274506666667
146.2049 0.0005747297920000001
146.5421 0.000575131648
146.8801 0.0005755335040000002
147.2189 0.0005759343893333334
147.5584 0.0005763347893333335
147.8987 0.000576734704
148.2398 0.0005771341333333334
148.5817 0.0005775325920000001
148.9244 0.0005779310506666668
149.2679 0.0005783285386666667
149.6122 0.0005787260266666667
149.9572 0.000579122544
150.3031 0.0005794831466666668
150.6498 0.000579838896
150.9972 0.0005801936746666667
151.3455 0.0005805474826666668
151.6945 0.0005809012906666667
152.0444 0.000581254128
152.3951 0.0005816064800000002
152.7466 0.0005819578613333335
153.0989 0.0005823087573333334
153.452 0.0005826591680000001
153.8059 0.0005830086080000002
154.1606 0.0005833575626666666
154.5162 0.0005837055466666666
154.8726 0.0005840530453333333
155.2298 0.0005842355306666668
155.5878 0.0005843262880000002
155.9466 0.0005844160746666667
156.3063 0.000584505376
156.6668 0.0005845937066666666
157.0281 0.000584681552
157.3903 0.0005847684266666668
157.7533 0.000584854816
158.1171 0.0005849402346666667
158.4818 0.000585025168
158.8473 0.0005851091306666667
159.2137 0.0005851921226666668
159.5809 0.0005852746293333333
159.949 0.0005853566506666667
160.3179 0.0005854372160000001
160.6876 0.000585517296
161.0582 0.0005855968906666667
161.4297 0.0005856755146666667
161.802 0.000585753168
162.1752 0.0005858303360000001
162.5493 0.000585906048
162.9242 0.00058598176
163.2999 0.0005860560160000001
163.6766 0.0005861297866666667
164.0541 0.0005862025866666667
164.4324 0.0005862749013333335
164.8117 0.0005863462453333334
165.1918 0.0005864166186666666
165.5728 0.0005864860213333333
165.9547 0.0005865549386666667
166.3374 0.0005866224000000001
166.7211 0.0005866893760000001
167.1056 0.0005867558666666668
167.491 0.0005868209013333333
167.8773 0.0005868854506666667
168.2645 0.0005869490293333334
168.6526 0.0005870116373333334
169.0416 0.0005870732746666667
169.4314 0.0005871339413333334
169.8222 0.0005871941226666667
170.2139 0.0005872533333333333
170.6065 0.0005873110880000002
170.9999 0.0005873683573333335
171.3943 0.000587424656
171.7896 0.0005874799840000001
172.1859 0.0005875348266666668
172.583 0.0005875882133333334
172.981 0.0005876406293333333
173.38 0.00058769256
173.7799 0.0005877430346666666
174.1807 0.0005877925386666667
174.5824 0.0005878415573333333
174.9851 0.0005878891199999999
175.3886 0.0005879361973333334
175.7932 0.0005879818186666667
176.1986 0.0005880269546666667
176.605 0.0005880706346666668
177.0123 0.000588113344
177.4206 0.0005881555679999999
177.8298 0.000588196336
178.2399 0.0005882361333333334
178.651 0.00058827496
179.0631 0.0005883128159999999
179.476 0.0005883497013333334
179.89 0.0005883851306666667
180.3049 0.0005884200746666667
180.7207 0.0005884535626666666
181.1375 0.0005884860800000002
181.5553 0.0005885176266666667
181.9741 0.0005885482026666667
182.3938 0.0005885773226666668
182.8144 0.0005886059573333334
183.2361 0.000588633136
183.6587 0.000588659344
184.0823 0.000588684096
184.5068 0.0005887083626666667
184.9324 0.0005887311733333334
185.3589 0.0005887530133333334
185.7864 0.0005887733973333335
186.2149 0.0005887928106666667
186.6444 0.0005888112533333333
187.0749 0.0005888282400000001
187.5064 0.0005888447413333334
187.9388 0.0005888593013333333
188.3723 0.0005888733760000001
188.8067 0.0005888859946666667
189.2422 0.0005888971573333333
189.6787 0.0005889073493333335
190.1161 0.0005889165706666667
190.5546 0.0005889243360000001
190.9941 0.0005889311306666667
191.4346 0.0005889364693333332
191.8761 0.0005889408373333333
192.3187 0.0005889437493333333
192.7623 0.0005889456906666667
193.2068 0.000588946176
193.6524 0.0005889456906666667
194.0991 0.0005889437493333333
194.5468 0.0005889408373333333
194.9955 0.0005889364693333332
195.4452 0.0005889306453333333
195.896 0.0005889238506666667
196.3478 0.0005889156000000001
196.8006 0.0005889063786666668
197.2545 0.0005888957013333333
197.7095 0.0005888835680000001
198.1655 0.0005888699786666667
198.6225 0.0005888554186666668
199.0806 0.0005888394026666667
199.5398 0.000588822416
200.0 0.0005888034879999999
