#============================================================================
# Opacities computed by OpTool        <a^n>=  1.6377E-1  1.9248E-1  2.4300E-1
# Method:   DHS  fmax=  0.700
# Parameters:
#   amin [um]=      0.100 amax [um]=      1.500  na  =   18    apow=   3.5    
#   lmin [um]=      0.100 lmax [um]=    100.000  nlam=  300    nang=   180
#   porosity =      0.000 p_mantle =      0.000  fmax= 0.70    chop=   0.0
# Composition:
#  Where   mfrac  rho   Material
#  -----   -----  ----  -----------------------------------------------------
#  core    1.000  7.87  fe-c
#  - - -   - - -  -  -  - - - - - - - - - - - - - - - - - - - - - - - - - - -
#  grain   1.000  7.87  mixture of  1 materials
#----------------------------------------------------------------------------
# Command: optool fe-c -a 0.1 1.5 -l 0.1 100 -dhs 0.7
#============================================================================
# Standard output file, no scattering matrix
#    iformat
#    nlambda
#    lambda[um]  kabs [cm^2/g]  ksca [cm^2/g]    g_asymmetry
#============================================================================
           3
         300
   1.000000E-01   3.749224E+03   4.933041E+03   8.574456E-01
   1.023372E-01   3.753667E+03   4.952276E+03   8.548157E-01
   1.047290E-01   3.758114E+03   4.971798E+03   8.521419E-01
   1.071767E-01   3.762040E+03   4.991379E+03   8.494276E-01
   1.096816E-01   3.765958E+03   5.011284E+03   8.466746E-01
   1.122451E-01   3.769950E+03   5.031507E+03   8.438929E-01
   1.148684E-01   3.774012E+03   5.052034E+03   8.410917E-01
   1.175531E-01   3.778120E+03   5.072820E+03   8.382678E-01
   1.203005E-01   3.782246E+03   5.093930E+03   8.354121E-01
   1.231122E-01   3.786417E+03   5.115317E+03   8.325241E-01
   1.259895E-01   3.790671E+03   5.137036E+03   8.296072E-01
   1.289341E-01   3.794965E+03   5.159067E+03   8.266526E-01
   1.319476E-01   3.799150E+03   5.181398E+03   8.236373E-01
   1.350314E-01   3.803206E+03   5.204029E+03   8.205598E-01
   1.381873E-01   3.807165E+03   5.226932E+03   8.174284E-01
   1.414170E-01   3.811111E+03   5.250143E+03   8.142632E-01
   1.447222E-01   3.815138E+03   5.273598E+03   8.110870E-01
   1.481046E-01   3.819283E+03   5.297289E+03   8.079219E-01
   1.515661E-01   3.823482E+03   5.321167E+03   8.047580E-01
   1.551084E-01   3.827569E+03   5.345258E+03   8.015601E-01
   1.587336E-01   3.831421E+03   5.369592E+03   7.982891E-01
   1.624435E-01   3.834953E+03   5.394185E+03   7.949280E-01
   1.662401E-01   3.838225E+03   5.419047E+03   7.914907E-01
   1.701254E-01   3.841358E+03   5.444127E+03   7.880051E-01
   1.741016E-01   3.844471E+03   5.469386E+03   7.845037E-01
   1.781706E-01   3.847561E+03   5.494799E+03   7.809880E-01
   1.823348E-01   3.850533E+03   5.520351E+03   7.774436E-01
   1.865963E-01   3.853281E+03   5.546061E+03   7.738460E-01
   1.909574E-01   3.855802E+03   5.571961E+03   7.701993E-01
   1.954204E-01   3.858120E+03   5.598046E+03   7.665189E-01
   1.999877E-01   3.860229E+03   5.624303E+03   7.628110E-01
   2.046618E-01   3.862107E+03   5.650692E+03   7.590742E-01
   2.094451E-01   3.863738E+03   5.677195E+03   7.552970E-01
   2.143402E-01   3.865112E+03   5.703811E+03   7.514720E-01
   2.193497E-01   3.866230E+03   5.730566E+03   7.475890E-01
   2.244763E-01   3.867151E+03   5.757458E+03   7.436668E-01
   2.297228E-01   3.867934E+03   5.784487E+03   7.397191E-01
   2.350918E-01   3.868535E+03   5.811651E+03   7.357421E-01
   2.405863E-01   3.868859E+03   5.838918E+03   7.317124E-01
   2.462092E-01   3.868819E+03   5.866277E+03   7.276093E-01
   2.519636E-01   3.868304E+03   5.893702E+03   7.234129E-01
   2.578524E-01   3.867226E+03   5.921200E+03   7.191083E-01
   2.638789E-01   3.865678E+03   5.948807E+03   7.147080E-01
   2.700462E-01   3.863696E+03   5.976522E+03   7.102288E-01
   2.763577E-01   3.861265E+03   6.004359E+03   7.056740E-01
   2.828167E-01   3.858374E+03   6.032317E+03   7.010358E-01
   2.894266E-01   3.855098E+03   6.060410E+03   6.963240E-01
   2.961910E-01   3.851527E+03   6.088638E+03   6.915473E-01
   3.031136E-01   3.847740E+03   6.116980E+03   6.867232E-01
   3.101979E-01   3.843877E+03   6.145390E+03   6.818850E-01
   3.174477E-01   3.840094E+03   6.173887E+03   6.770617E-01
   3.248671E-01   3.836252E+03   6.202416E+03   6.722498E-01
   3.324598E-01   3.832358E+03   6.230970E+03   6.674319E-01
   3.402300E-01   3.828373E+03   6.259505E+03   6.625988E-01
   3.481818E-01   3.824243E+03   6.287961E+03   6.577322E-01
   3.563194E-01   3.819822E+03   6.316184E+03   6.528212E-01
   3.646472E-01   3.815196E+03   6.344127E+03   6.478716E-01
   3.731697E-01   3.810373E+03   6.371735E+03   6.428913E-01
   3.818913E-01   3.805197E+03   6.398975E+03   6.378552E-01
   3.908168E-01   3.799517E+03   6.425873E+03   6.327295E-01
   3.999509E-01   3.793251E+03   6.452453E+03   6.274883E-01
   4.092985E-01   3.786149E+03   6.478557E+03   6.220966E-01
   4.188645E-01   3.778407E+03   6.504384E+03   6.165438E-01
   4.286541E-01   3.770081E+03   6.529950E+03   6.108293E-01
   4.386726E-01   3.761225E+03   6.555292E+03   6.049611E-01
   4.489251E-01   3.751780E+03   6.580508E+03   5.989188E-01
   4.594173E-01   3.741411E+03   6.605433E+03   5.926686E-01
   4.701547E-01   3.730396E+03   6.630429E+03   5.862002E-01
   4.811431E-01   3.718824E+03   6.655607E+03   5.794986E-01
   4.923883E-01   3.706805E+03   6.680995E+03   5.725620E-01
   5.038963E-01   3.694480E+03   6.706590E+03   5.654056E-01
   5.156732E-01   3.681984E+03   6.732390E+03   5.580548E-01
   5.277254E-01   3.669338E+03   6.758442E+03   5.505112E-01
   5.400593E-01   3.656415E+03   6.784574E+03   5.427678E-01
   5.526815E-01   3.643363E+03   6.810937E+03   5.348272E-01
   5.655986E-01   3.630276E+03   6.837495E+03   5.266951E-01
   5.788177E-01   3.616424E+03   6.862980E+03   5.183390E-01
   5.923457E-01   3.602341E+03   6.887697E+03   5.098153E-01
   6.061899E-01   3.588535E+03   6.911992E+03   5.011920E-01
   6.203576E-01   3.574982E+03   6.935709E+03   4.924945E-01
   6.348565E-01   3.561618E+03   6.958678E+03   4.837406E-01
   6.496943E-01   3.548358E+03   6.980665E+03   4.749403E-01
   6.648788E-01   3.548148E+03   6.988515E+03   4.669345E-01
   6.804182E-01   3.548382E+03   6.994472E+03   4.589481E-01
   6.963208E-01   3.548757E+03   6.998488E+03   4.510023E-01
   7.125951E-01   3.549219E+03   7.000288E+03   4.431385E-01
   7.292497E-01   3.549630E+03   6.999680E+03   4.353818E-01
   7.462936E-01   3.547496E+03   7.002972E+03   4.276070E-01
   7.637358E-01   3.544821E+03   7.003847E+03   4.199400E-01
   7.815857E-01   3.541560E+03   7.001793E+03   4.123888E-01
   7.998527E-01   3.537594E+03   6.996608E+03   4.049618E-01
   8.185467E-01   3.532849E+03   6.988142E+03   3.976807E-01
   8.376776E-01   3.527253E+03   6.976303E+03   3.905690E-01
   8.572557E-01   3.520799E+03   6.961421E+03   3.836458E-01
   8.772913E-01   3.513394E+03   6.943777E+03   3.769083E-01
   8.977952E-01   3.504672E+03   6.922796E+03   3.703285E-01
   9.187782E-01   3.494517E+03   6.898455E+03   3.638951E-01
   9.402517E-01   3.482850E+03   6.870750E+03   3.576041E-01
   9.622271E-01   3.469651E+03   6.839716E+03   3.514642E-01
   9.847161E-01   3.454907E+03   6.805438E+03   3.454877E-01
   1.007731E+00   3.436369E+03   6.770513E+03   3.395458E-01
   1.031283E+00   3.411650E+03   6.737472E+03   3.334906E-01
   1.055386E+00   3.385035E+03   6.701460E+03   3.275677E-01
   1.080052E+00   3.356503E+03   6.662535E+03   3.217623E-01
   1.105295E+00   3.326065E+03   6.620765E+03   3.160665E-01
   1.131128E+00   3.293782E+03   6.576252E+03   3.104849E-01
   1.157564E+00   3.259565E+03   6.528942E+03   3.050176E-01
   1.184619E+00   3.223225E+03   6.478681E+03   2.996535E-01
   1.212305E+00   3.185223E+03   6.426113E+03   2.944001E-01
   1.240639E+00   3.145610E+03   6.371351E+03   2.892417E-01
   1.269635E+00   3.104449E+03   6.314493E+03   2.841633E-01
   1.299309E+00   3.061830E+03   6.255648E+03   2.791574E-01
   1.329676E+00   3.017576E+03   6.195745E+03   2.742116E-01
   1.360753E+00   2.971995E+03   6.134284E+03   2.693432E-01
   1.392556E+00   2.925092E+03   6.071512E+03   2.645468E-01
   1.425103E+00   2.876374E+03   6.008070E+03   2.597807E-01
   1.458410E+00   2.826439E+03   5.943486E+03   2.550587E-01
   1.492496E+00   2.775614E+03   5.877607E+03   2.503801E-01
   1.527378E+00   2.724013E+03   5.810522E+03   2.457383E-01
   1.563075E+00   2.670328E+03   5.743454E+03   2.410685E-01
   1.599607E+00   2.616014E+03   5.675437E+03   2.364404E-01
   1.636993E+00   2.561291E+03   5.606498E+03   2.318567E-01
   1.675252E+00   2.505103E+03   5.537446E+03   2.272554E-01
   1.714406E+00   2.448103E+03   5.467946E+03   2.226544E-01
   1.754475E+00   2.390993E+03   5.397675E+03   2.180729E-01
   1.795480E+00   2.333881E+03   5.326698E+03   2.135058E-01
   1.837444E+00   2.275566E+03   5.255740E+03   2.088958E-01
   1.880388E+00   2.217341E+03   5.184264E+03   2.043007E-01
   1.924336E+00   2.158906E+03   5.112496E+03   1.996975E-01
   1.969311E+00   2.100459E+03   5.040439E+03   1.950854E-01
   2.015338E+00   2.042171E+03   4.968097E+03   1.904636E-01
   2.062440E+00   1.983787E+03   4.895636E+03   1.858142E-01
   2.110643E+00   1.926108E+03   4.822825E+03   1.811666E-01
   2.159972E+00   1.869026E+03   4.749775E+03   1.765126E-01
   2.210455E+00   1.812051E+03   4.676687E+03   1.718269E-01
   2.262117E+00   1.756012E+03   4.603381E+03   1.671369E-01
   2.314987E+00   1.700515E+03   4.530003E+03   1.624160E-01
   2.369092E+00   1.645814E+03   4.456546E+03   1.576692E-01
   2.424462E+00   1.591897E+03   4.383063E+03   1.528910E-01
   2.481126E+00   1.539140E+03   4.309541E+03   1.480961E-01
   2.539114E+00   1.487128E+03   4.236096E+03   1.432629E-01
   2.598458E+00   1.436152E+03   4.162733E+03   1.384054E-01
   2.659189E+00   1.386449E+03   4.089466E+03   1.335317E-01
   2.721339E+00   1.338032E+03   4.016334E+03   1.286404E-01
   2.784941E+00   1.290658E+03   3.943368E+03   1.237134E-01
   2.850030E+00   1.244397E+03   3.870578E+03   1.187480E-01
   2.916641E+00   1.199397E+03   3.797976E+03   1.137457E-01
   2.984808E+00   1.155536E+03   3.725574E+03   1.086919E-01
   3.054568E+00   1.112999E+03   3.653424E+03   1.035926E-01
   3.125959E+00   1.071688E+03   3.581552E+03   9.843626E-02
   3.199018E+00   1.031539E+03   3.509995E+03   9.321756E-02
   3.273785E+00   9.926892E+02   3.438834E+03   8.795059E-02
   3.350299E+00   9.551206E+02   3.368108E+03   8.263798E-02
   3.428602E+00   9.187602E+02   3.297794E+03   7.727426E-02
   3.508734E+00   8.836309E+02   3.227964E+03   7.186881E-02
   3.590740E+00   8.495960E+02   3.158602E+03   6.641044E-02
   3.674662E+00   8.167635E+02   3.089740E+03   6.090800E-02
   3.760545E+00   7.850979E+02   3.021369E+03   5.535591E-02
   3.848436E+00   7.545484E+02   2.953440E+03   4.974137E-02
   3.938381E+00   7.251117E+02   2.886019E+03   4.406720E-02
   4.030428E+00   6.967705E+02   2.819079E+03   3.832405E-02
   4.124626E+00   6.695112E+02   2.752602E+03   3.250294E-02
   4.221026E+00   6.432671E+02   2.686665E+03   2.660327E-02
   4.319679E+00   6.180055E+02   2.621280E+03   2.061925E-02
   4.420638E+00   5.936945E+02   2.556464E+03   1.454547E-02
   4.523956E+00   5.703038E+02   2.492231E+03   8.376531E-03
   4.629689E+00   5.478349E+02   2.428533E+03   2.099151E-03
   4.737893E+00   5.262266E+02   2.365464E+03  -4.281181E-03
   4.848626E+00   5.054804E+02   2.303026E+03  -1.076819E-02
   4.961948E+00   4.855743E+02   2.241235E+03  -1.736303E-02
   5.077917E+00   4.664806E+02   2.180112E+03  -2.406479E-02
   5.196597E+00   4.481491E+02   2.119691E+03  -3.086822E-02
   5.318051E+00   4.305452E+02   2.059996E+03  -3.776534E-02
   5.442344E+00   4.136996E+02   2.001012E+03  -4.474710E-02
   5.569541E+00   3.975145E+02   1.942782E+03  -5.179861E-02
   5.699711E+00   3.820175E+02   1.885280E+03  -5.890594E-02
   5.832924E+00   3.671460E+02   1.828522E+03  -6.604921E-02
   5.969250E+00   3.529371E+02   1.772472E+03  -7.320943E-02
   6.108762E+00   3.393604E+02   1.717117E+03  -8.036505E-02
   6.251534E+00   3.263162E+02   1.662462E+03  -8.749206E-02
   6.397644E+00   3.137831E+02   1.608475E+03  -9.456846E-02
   6.547168E+00   3.017399E+02   1.555119E+03  -1.015732E-01
   6.700188E+00   2.901660E+02   1.502355E+03  -1.084869E-01
   6.856783E+00   2.791909E+02   1.450101E+03  -1.152941E-01
   7.017038E+00   2.687046E+02   1.398346E+03  -1.219804E-01
   7.181039E+00   2.586161E+02   1.347073E+03  -1.285345E-01
   7.348873E+00   2.489078E+02   1.296251E+03  -1.349493E-01
   7.520629E+00   2.395631E+02   1.245860E+03  -1.412208E-01
   7.696400E+00   2.307053E+02   1.195859E+03  -1.473487E-01
   7.876279E+00   2.221988E+02   1.146278E+03  -1.533342E-01
   8.060361E+00   2.140010E+02   1.097138E+03  -1.591805E-01
   8.248747E+00   2.060994E+02   1.048467E+03  -1.648924E-01
   8.441535E+00   1.985796E+02   1.000291E+03  -1.704768E-01
   8.638828E+00   1.913283E+02   9.526846E+02  -1.759390E-01
   8.840733E+00   1.843688E+02   9.057081E+02  -1.812869E-01
   9.047357E+00   1.776791E+02   8.594418E+02  -1.865267E-01
   9.258810E+00   1.712542E+02   8.139707E+02  -1.916651E-01
   9.475205E+00   1.650994E+02   7.693851E+02  -1.967082E-01
   9.696658E+00   1.591736E+02   7.257854E+02  -2.016598E-01
   9.923286E+00   1.535006E+02   6.832629E+02  -2.065262E-01
   1.015521E+01   1.480984E+02   6.419101E+02  -2.113120E-01
   1.039256E+01   1.429173E+02   6.018234E+02  -2.160185E-01
   1.063545E+01   1.380061E+02   5.630845E+02  -2.206471E-01
   1.088402E+01   1.333362E+02   5.257715E+02  -2.251994E-01
   1.113840E+01   1.288991E+02   4.899525E+02  -2.296748E-01
   1.139872E+01   1.246748E+02   4.556832E+02  -2.340738E-01
   1.166513E+01   1.206797E+02   4.230067E+02  -2.383942E-01
   1.193777E+01   1.168283E+02   3.919547E+02  -2.426383E-01
   1.221677E+01   1.131617E+02   3.625429E+02  -2.468037E-01
   1.250230E+01   1.096405E+02   3.347761E+02  -2.508892E-01
   1.279450E+01   1.062701E+02   3.086454E+02  -2.548932E-01
   1.309353E+01   1.030694E+02   2.841294E+02  -2.588138E-01
   1.339955E+01   9.998430E+01   2.611978E+02  -2.626477E-01
   1.371272E+01   9.709397E+01   2.398075E+02  -2.663932E-01
   1.403322E+01   9.434514E+01   2.199090E+02  -2.700478E-01
   1.436120E+01   9.169323E+01   2.014452E+02  -2.736091E-01
   1.469684E+01   8.913451E+01   1.843526E+02  -2.770752E-01
   1.504034E+01   8.668118E+01   1.685632E+02  -2.804446E-01
   1.539186E+01   8.443057E+01   1.540061E+02  -2.837168E-01
   1.575159E+01   8.225523E+01   1.406099E+02  -2.868908E-01
   1.611973E+01   8.015199E+01   1.283019E+02  -2.899662E-01
   1.649648E+01   7.811776E+01   1.170102E+02  -2.929429E-01
   1.688203E+01   7.625399E+01   1.066640E+02  -2.958217E-01
   1.727660E+01   7.444921E+01   9.719523E+01  -2.986032E-01
   1.768038E+01   7.269989E+01   8.853818E+01  -3.012883E-01
   1.809360E+01   7.102184E+01   8.063016E+01  -3.038783E-01
   1.851648E+01   6.945531E+01   7.341184E+01  -3.063747E-01
   1.894925E+01   6.793365E+01   6.682741E+01  -3.087793E-01
   1.939213E+01   6.650348E+01   6.082456E+01  -3.110943E-01
   1.984535E+01   6.511853E+01   5.535452E+01  -3.133214E-01
   2.030918E+01   6.380368E+01   5.037198E+01  -3.154626E-01
   2.078384E+01   6.253933E+01   4.583500E+01  -3.175202E-01
   2.126959E+01   6.134536E+01   4.170486E+01  -3.194959E-01
   2.176670E+01   6.021110E+01   3.794592E+01  -3.213922E-01
   2.227543E+01   5.910368E+01   3.452543E+01  -3.232124E-01
   2.279605E+01   5.802205E+01   3.141335E+01  -3.249587E-01
   2.332883E+01   5.701065E+01   2.858215E+01  -3.266316E-01
   2.387407E+01   5.604942E+01   2.600668E+01  -3.282345E-01
   2.443205E+01   5.510849E+01   2.366398E+01  -3.297707E-01
   2.500307E+01   5.418742E+01   2.153308E+01  -3.312425E-01
   2.558744E+01   5.334031E+01   1.959483E+01  -3.326494E-01
   2.618546E+01   5.250949E+01   1.783183E+01  -3.339965E-01
   2.679746E+01   5.171107E+01   1.622821E+01  -3.352851E-01
   2.742377E+01   5.094484E+01   1.476952E+01  -3.365171E-01
   2.806471E+01   5.022554E+01   1.344261E+01  -3.376926E-01
   2.872063E+01   4.952280E+01   1.223554E+01  -3.388167E-01
   2.939188E+01   4.883164E+01   1.113744E+01  -3.398917E-01
   3.007883E+01   4.818839E+01   1.013840E+01  -3.409148E-01
   3.078182E+01   4.756173E+01   9.229454E+00  -3.418918E-01
   3.150125E+01   4.694439E+01   8.402438E+00  -3.428257E-01
   3.223749E+01   4.637005E+01   7.649890E+00  -3.437119E-01
   3.299094E+01   4.580346E+01   6.965098E+00  -3.445586E-01
   3.376199E+01   4.526436E+01   6.341900E+00  -3.453625E-01
   3.455107E+01   4.473663E+01   5.774740E+00  -3.461289E-01
   3.535859E+01   4.423453E+01   5.258532E+00  -3.468552E-01
   3.618499E+01   4.374168E+01   4.788688E+00  -3.475473E-01
   3.703070E+01   4.326693E+01   4.361008E+00  -3.482034E-01
   3.789617E+01   4.281127E+01   3.971682E+00  -3.488239E-01
   3.878187E+01   4.236503E+01   3.617262E+00  -3.494136E-01
   3.968827E+01   4.193355E+01   3.294593E+00  -3.499710E-01
   4.061586E+01   4.151823E+01   3.000816E+00  -3.504969E-01
   4.156513E+01   4.111259E+01   2.733336E+00  -3.509953E-01
   4.253658E+01   4.072148E+01   2.489779E+00  -3.514641E-01
   4.353073E+01   4.034451E+01   2.267995E+00  -3.519037E-01
   4.454813E+01   3.997967E+01   2.066023E+00  -3.523133E-01
   4.558929E+01   3.961740E+01   1.882101E+00  -3.527014E-01
   4.665480E+01   3.926408E+01   1.714565E+00  -3.530440E-01
   4.774521E+01   3.891265E+01   1.561992E+00  -3.533683E-01
   4.886110E+01   3.856308E+01   1.423041E+00  -3.536752E-01
   5.000307E+01   3.821526E+01   1.296489E+00  -3.539656E-01
   5.117173E+01   3.784017E+01   1.181168E+00  -3.541937E-01
   5.236771E+01   3.746747E+01   1.076133E+00  -3.544062E-01
   5.359163E+01   3.709712E+01   9.804645E-01  -3.546040E-01
   5.484417E+01   3.672910E+01   8.933235E-01  -3.547878E-01
   5.612597E+01   3.636338E+01   8.139474E-01  -3.549584E-01
   5.743774E+01   3.599993E+01   7.416419E-01  -3.551165E-01
   5.878016E+01   3.563874E+01   6.757753E-01  -3.552628E-01
   6.015396E+01   3.527571E+01   6.157692E-01  -3.553937E-01
   6.155987E+01   3.488275E+01   5.610815E-01  -3.554790E-01
   6.299863E+01   3.449291E+01   5.112608E-01  -3.555535E-01
   6.447102E+01   3.410617E+01   4.658728E-01  -3.556178E-01
   6.597782E+01   3.372251E+01   4.245221E-01  -3.556725E-01
   6.751985E+01   3.334190E+01   3.868487E-01  -3.557181E-01
   6.909791E+01   3.296432E+01   3.525248E-01  -3.557551E-01
   7.071285E+01   3.258525E+01   3.212468E-01  -3.557702E-01
   7.236553E+01   3.220359E+01   2.927430E-01  -3.557596E-01
   7.405685E+01   3.182514E+01   2.667723E-01  -3.557413E-01
   7.578769E+01   3.144989E+01   2.431093E-01  -3.557158E-01
   7.755898E+01   3.107781E+01   2.215484E-01  -3.556835E-01
   7.937168E+01   3.070889E+01   2.019026E-01  -3.556448E-01
   8.122674E+01   3.034311E+01   1.840014E-01  -3.556002E-01
   8.312515E+01   2.998046E+01   1.676896E-01  -3.555499E-01
   8.506793E+01   2.962077E+01   1.528257E-01  -3.554933E-01
   8.705612E+01   2.926030E+01   1.392762E-01  -3.554001E-01
   8.909078E+01   2.890298E+01   1.269295E-01  -3.553019E-01
   9.117299E+01   2.854879E+01   1.156787E-01  -3.551989E-01
   9.330387E+01   2.819771E+01   1.054263E-01  -3.550916E-01
   9.548455E+01   2.784974E+01   9.608367E-02  -3.549802E-01
   9.771620E+01   2.750487E+01   8.756989E-02  -3.548650E-01
   1.000000E+02   2.716307E+01   7.981135E-02  -3.547463E-01
