# Opacities computed by OpTool        <a^n>=  1.6377E-1  1.9248E-1  2.4300E-1
# Method:   DHS  fmax=  0.700
# Parameters:
#   amin [um]=      0.100 amax [um]=      1.500  na  =   18    apow=   3.5    
#   lmin [um]=      0.100 lmax [um]=    100.000  nlam= 1500    nang=   180
#   porosity =      0.000 p_mantle =      0.000  fmax= 0.70    chop=   0.0
# Composition:
#  Where   mfrac  rho   Material
#  -----   -----  ----  -----------------------------------------------------
#  core    1.000  7.87  lnk_data/fe3o4-Querry1985.lnk
#  - - -   - - -  -  -  - - - - - - - - - - - - - - - - - - - - - - - - - - -
#  grain   1.000  7.87  mixture of  1 materials
#----------------------------------------------------------------------------
# Command: optool -c lnk_data/fe3o4-Querry1985.lnk 612 7.87 -a 0.1 1.5 -l \
#   0.1 100 1500 -dhs 0.7
#============================================================================
# Standard output file, no scattering matrix
#    iformat
#    nlambda
#    lambda[um]  kabs [cm^2/g]  ksca [cm^2/g]    g_asymmetry
#============================================================================
           3
        1500
   1.000000E-01   3.251416E+03   5.285047E+03   8.390411E-01
   1.004619E-01   3.250686E+03   5.290376E+03   8.389948E-01
   1.009259E-01   3.250046E+03   5.296205E+03   8.389636E-01
   1.013921E-01   3.249343E+03   5.302575E+03   8.389109E-01
   1.018604E-01   3.248558E+03   5.309056E+03   8.388253E-01
   1.023309E-01   3.247740E+03   5.315293E+03   8.387342E-01
   1.028035E-01   3.246944E+03   5.321142E+03   8.386630E-01
   1.032784E-01   3.246112E+03   5.326656E+03   8.386052E-01
   1.037554E-01   3.245205E+03   5.331989E+03   8.385486E-01
   1.042346E-01   3.244235E+03   5.337283E+03   8.384825E-01
   1.047161E-01   3.243138E+03   5.342835E+03   8.383885E-01
   1.051997E-01   3.241974E+03   5.348658E+03   8.382625E-01
   1.056856E-01   3.240958E+03   5.354603E+03   8.381387E-01
   1.061738E-01   3.240038E+03   5.360811E+03   8.380180E-01
   1.066642E-01   3.239272E+03   5.367224E+03   8.379207E-01
   1.071569E-01   3.238675E+03   5.373917E+03   8.378617E-01
   1.076518E-01   3.238194E+03   5.380906E+03   8.378373E-01
   1.081490E-01   3.237753E+03   5.388077E+03   8.378380E-01
   1.086486E-01   3.237094E+03   5.395534E+03   8.378147E-01
   1.091504E-01   3.236128E+03   5.403275E+03   8.377222E-01
   1.096546E-01   3.234940E+03   5.411199E+03   8.375637E-01
   1.101610E-01   3.233706E+03   5.419285E+03   8.373872E-01
   1.106699E-01   3.232522E+03   5.427245E+03   8.372269E-01
   1.111810E-01   3.231462E+03   5.434762E+03   8.370938E-01
   1.116946E-01   3.230526E+03   5.441847E+03   8.369744E-01
   1.122105E-01   3.229604E+03   5.448664E+03   8.368462E-01
   1.127287E-01   3.228613E+03   5.455517E+03   8.367257E-01
   1.132494E-01   3.227592E+03   5.462453E+03   8.366435E-01
   1.137725E-01   3.226521E+03   5.469526E+03   8.365880E-01
   1.142980E-01   3.225426E+03   5.476865E+03   8.365478E-01
   1.148259E-01   3.224182E+03   5.484643E+03   8.364753E-01
   1.153563E-01   3.222795E+03   5.492900E+03   8.363576E-01
   1.158891E-01   3.221532E+03   5.501369E+03   8.362415E-01
   1.164244E-01   3.220483E+03   5.509676E+03   8.361407E-01
   1.169622E-01   3.219623E+03   5.517607E+03   8.360471E-01
   1.175024E-01   3.218761E+03   5.525684E+03   8.359104E-01
   1.180451E-01   3.217993E+03   5.534272E+03   8.357514E-01
   1.185904E-01   3.217302E+03   5.543423E+03   8.355732E-01
   1.191381E-01   3.216505E+03   5.552924E+03   8.353426E-01
   1.196884E-01   3.215579E+03   5.562274E+03   8.350681E-01
   1.202412E-01   3.214520E+03   5.571181E+03   8.347830E-01
   1.207966E-01   3.213287E+03   5.579549E+03   8.345015E-01
   1.213545E-01   3.211773E+03   5.587491E+03   8.342209E-01
   1.219151E-01   3.209967E+03   5.595145E+03   8.339413E-01
   1.224782E-01   3.207882E+03   5.602762E+03   8.336655E-01
   1.230439E-01   3.205510E+03   5.610637E+03   8.333823E-01
   1.236122E-01   3.203119E+03   5.618673E+03   8.331208E-01
   1.241832E-01   3.200887E+03   5.626926E+03   8.329006E-01
   1.247567E-01   3.198872E+03   5.635503E+03   8.327247E-01
   1.253330E-01   3.197242E+03   5.644346E+03   8.326129E-01
   1.259119E-01   3.196012E+03   5.653570E+03   8.325617E-01
   1.264935E-01   3.195193E+03   5.663060E+03   8.325625E-01
   1.270777E-01   3.194632E+03   5.672755E+03   8.325852E-01
   1.276647E-01   3.194106E+03   5.682723E+03   8.325749E-01
   1.282543E-01   3.193570E+03   5.692834E+03   8.325005E-01
   1.288467E-01   3.193098E+03   5.702989E+03   8.323802E-01
   1.294419E-01   3.192748E+03   5.713054E+03   8.322504E-01
   1.300397E-01   3.192514E+03   5.722626E+03   8.321256E-01
   1.306404E-01   3.192363E+03   5.731504E+03   8.320054E-01
   1.312438E-01   3.192151E+03   5.739737E+03   8.318655E-01
   1.318500E-01   3.191691E+03   5.747511E+03   8.317000E-01
   1.324590E-01   3.190888E+03   5.755049E+03   8.315382E-01
   1.330708E-01   3.189694E+03   5.762353E+03   8.313907E-01
   1.336854E-01   3.188089E+03   5.769574E+03   8.312538E-01
   1.343029E-01   3.186050E+03   5.776912E+03   8.311089E-01
   1.349232E-01   3.183492E+03   5.784626E+03   8.309205E-01
   1.355464E-01   3.180658E+03   5.792684E+03   8.307139E-01
   1.361725E-01   3.177848E+03   5.800897E+03   8.305207E-01
   1.368015E-01   3.175247E+03   5.808989E+03   8.303484E-01
   1.374333E-01   3.172854E+03   5.817120E+03   8.301622E-01
   1.380681E-01   3.170714E+03   5.825892E+03   8.299419E-01
   1.387058E-01   3.169024E+03   5.835484E+03   8.297140E-01
   1.393465E-01   3.167698E+03   5.845891E+03   8.294557E-01
   1.399901E-01   3.166642E+03   5.856717E+03   8.291491E-01
   1.406367E-01   3.165835E+03   5.867518E+03   8.288115E-01
   1.412863E-01   3.165239E+03   5.878074E+03   8.284650E-01
   1.419389E-01   3.164699E+03   5.888343E+03   8.281055E-01
   1.425945E-01   3.164113E+03   5.898379E+03   8.277333E-01
   1.432531E-01   3.163400E+03   5.908308E+03   8.273447E-01
   1.439148E-01   3.162472E+03   5.918341E+03   8.269346E-01
   1.445795E-01   3.161352E+03   5.928563E+03   8.265077E-01
   1.452473E-01   3.160194E+03   5.938834E+03   8.260917E-01
   1.459182E-01   3.159022E+03   5.949203E+03   8.257002E-01
   1.465922E-01   3.157841E+03   5.959686E+03   8.253480E-01
   1.472692E-01   3.156678E+03   5.970249E+03   8.250514E-01
   1.479495E-01   3.155498E+03   5.980885E+03   8.248134E-01
   1.486328E-01   3.154194E+03   5.991522E+03   8.246238E-01
   1.493193E-01   3.152581E+03   6.002167E+03   8.244512E-01
   1.500090E-01   3.150547E+03   6.012860E+03   8.242549E-01
   1.507019E-01   3.148194E+03   6.023551E+03   8.240283E-01
   1.513980E-01   3.145735E+03   6.034224E+03   8.238000E-01
   1.520973E-01   3.143343E+03   6.044685E+03   8.235929E-01
   1.527998E-01   3.141166E+03   6.054674E+03   8.234129E-01
   1.535056E-01   3.139248E+03   6.064154E+03   8.232412E-01
   1.542146E-01   3.137526E+03   6.073241E+03   8.230553E-01
   1.549269E-01   3.135898E+03   6.082197E+03   8.228607E-01
   1.556425E-01   3.134333E+03   6.091081E+03   8.226766E-01
   1.563614E-01   3.132769E+03   6.099953E+03   8.224966E-01
   1.570836E-01   3.131195E+03   6.108959E+03   8.223152E-01
   1.578091E-01   3.129504E+03   6.118273E+03   8.221000E-01
   1.585380E-01   3.127688E+03   6.128050E+03   8.218346E-01
   1.592703E-01   3.126026E+03   6.138147E+03   8.215541E-01
   1.600059E-01   3.124712E+03   6.148282E+03   8.212710E-01
   1.607450E-01   3.123829E+03   6.158296E+03   8.209794E-01
   1.614874E-01   3.123301E+03   6.168580E+03   8.206410E-01
   1.622333E-01   3.123226E+03   6.179498E+03   8.202643E-01
   1.629827E-01   3.123628E+03   6.191130E+03   8.198596E-01
   1.637355E-01   3.124311E+03   6.203268E+03   8.194047E-01
   1.644917E-01   3.125130E+03   6.215408E+03   8.188962E-01
   1.652515E-01   3.125953E+03   6.227234E+03   8.183564E-01
   1.660148E-01   3.126592E+03   6.238552E+03   8.177978E-01
   1.667816E-01   3.126819E+03   6.249328E+03   8.172242E-01
   1.675519E-01   3.126436E+03   6.259682E+03   8.166335E-01
   1.683258E-01   3.125314E+03   6.269740E+03   8.160287E-01
   1.691033E-01   3.123410E+03   6.279712E+03   8.154184E-01
   1.698844E-01   3.120848E+03   6.289622E+03   8.148211E-01
   1.706690E-01   3.117801E+03   6.299463E+03   8.142548E-01
   1.714573E-01   3.114417E+03   6.309378E+03   8.137373E-01
   1.722493E-01   3.110879E+03   6.319429E+03   8.132866E-01
   1.730449E-01   3.107300E+03   6.329711E+03   8.129034E-01
   1.738442E-01   3.103774E+03   6.340247E+03   8.125860E-01
   1.746471E-01   3.100296E+03   6.351026E+03   8.123201E-01
   1.754538E-01   3.096775E+03   6.362132E+03   8.120645E-01
   1.762642E-01   3.093248E+03   6.373588E+03   8.117852E-01
   1.770783E-01   3.089948E+03   6.385340E+03   8.114930E-01
   1.778962E-01   3.087080E+03   6.397344E+03   8.112080E-01
   1.787179E-01   3.084792E+03   6.409343E+03   8.109371E-01
   1.795434E-01   3.083206E+03   6.421131E+03   8.106768E-01
   1.803727E-01   3.082275E+03   6.432742E+03   8.104002E-01
   1.812058E-01   3.081869E+03   6.444345E+03   8.100930E-01
   1.820428E-01   3.081895E+03   6.456075E+03   8.097729E-01
   1.828836E-01   3.082252E+03   6.467894E+03   8.094446E-01
   1.837283E-01   3.082819E+03   6.479922E+03   8.090996E-01
   1.845769E-01   3.083526E+03   6.492221E+03   8.087311E-01
   1.854295E-01   3.084190E+03   6.504911E+03   8.083066E-01
   1.862860E-01   3.084846E+03   6.517993E+03   8.078315E-01
   1.871464E-01   3.085663E+03   6.531244E+03   8.073319E-01
   1.880108E-01   3.086745E+03   6.544293E+03   8.068197E-01
   1.888792E-01   3.088007E+03   6.557123E+03   8.062727E-01
   1.897516E-01   3.089299E+03   6.570194E+03   8.056620E-01
   1.906280E-01   3.090679E+03   6.583657E+03   8.050129E-01
   1.915085E-01   3.092025E+03   6.597395E+03   8.043281E-01
   1.923931E-01   3.093111E+03   6.610993E+03   8.035927E-01
   1.932817E-01   3.093734E+03   6.624076E+03   8.028099E-01
   1.941745E-01   3.093765E+03   6.636416E+03   8.020066E-01
   1.950713E-01   3.093090E+03   6.647820E+03   8.012018E-01
   1.959723E-01   3.091553E+03   6.658383E+03   8.003970E-01
   1.968775E-01   3.089036E+03   6.668354E+03   7.995877E-01
   1.977869E-01   3.085591E+03   6.677965E+03   7.987871E-01
   1.987004E-01   3.081423E+03   6.687381E+03   7.980139E-01
   1.996182E-01   3.076777E+03   6.696687E+03   7.972806E-01
   2.005402E-01   3.071854E+03   6.706127E+03   7.965958E-01
   2.014665E-01   3.066929E+03   6.715860E+03   7.959793E-01
   2.023970E-01   3.062264E+03   6.725936E+03   7.954450E-01
   2.033319E-01   3.057935E+03   6.736550E+03   7.949833E-01
   2.042710E-01   3.053996E+03   6.747759E+03   7.945866E-01
   2.052145E-01   3.050421E+03   6.759552E+03   7.942330E-01
   2.061624E-01   3.047163E+03   6.771965E+03   7.938848E-01
   2.071146E-01   3.044277E+03   6.785024E+03   7.935237E-01
   2.080713E-01   3.041934E+03   6.798711E+03   7.931629E-01
   2.090323E-01   3.040271E+03   6.812822E+03   7.928162E-01
   2.099978E-01   3.039414E+03   6.827006E+03   7.924901E-01
   2.109678E-01   3.039337E+03   6.841182E+03   7.921668E-01
   2.119422E-01   3.039868E+03   6.855462E+03   7.918171E-01
   2.129212E-01   3.040847E+03   6.869963E+03   7.914419E-01
   2.139046E-01   3.042210E+03   6.884599E+03   7.910649E-01
   2.148926E-01   3.043789E+03   6.899337E+03   7.906805E-01
   2.158852E-01   3.045437E+03   6.914322E+03   7.902799E-01
   2.168823E-01   3.046996E+03   6.929623E+03   7.898436E-01
   2.178841E-01   3.048384E+03   6.945263E+03   7.893601E-01
   2.188905E-01   3.049711E+03   6.961100E+03   7.888462E-01
   2.199015E-01   3.051099E+03   6.976863E+03   7.883179E-01
   2.209172E-01   3.058010E+03   6.980856E+03   7.877739E-01
   2.219376E-01   3.065583E+03   6.983465E+03   7.872024E-01
   2.229627E-01   3.073211E+03   6.986227E+03   7.865979E-01
   2.239925E-01   3.080913E+03   6.989192E+03   7.859725E-01
   2.250271E-01   3.088604E+03   6.992219E+03   7.853209E-01
   2.260665E-01   3.096188E+03   6.995018E+03   7.846348E-01
   2.271106E-01   3.103602E+03   6.997400E+03   7.839242E-01
   2.281596E-01   3.110772E+03   6.999188E+03   7.831994E-01
   2.292135E-01   3.117612E+03   7.000241E+03   7.824627E-01
   2.302722E-01   3.122377E+03   7.002649E+03   7.816646E-01
   2.313358E-01   3.121871E+03   7.010400E+03   7.807180E-01
   2.324043E-01   3.120741E+03   7.017766E+03   7.797552E-01
   2.334777E-01   3.119034E+03   7.024765E+03   7.787888E-01
   2.345562E-01   3.116828E+03   7.031356E+03   7.778304E-01
   2.356395E-01   3.114175E+03   7.037628E+03   7.768884E-01
   2.367279E-01   3.111206E+03   7.043655E+03   7.759769E-01
   2.378213E-01   3.108083E+03   7.049527E+03   7.751073E-01
   2.389198E-01   3.104910E+03   7.055422E+03   7.742810E-01
   2.400234E-01   3.101630E+03   7.061556E+03   7.734949E-01
   2.411320E-01   3.090792E+03   7.076592E+03   7.725337E-01
   2.422458E-01   3.079961E+03   7.091671E+03   7.715767E-01
   2.433647E-01   3.069095E+03   7.106981E+03   7.705989E-01
   2.444887E-01   3.058284E+03   7.122621E+03   7.696103E-01
   2.456180E-01   3.047649E+03   7.138520E+03   7.686321E-01
   2.467525E-01   3.037247E+03   7.154457E+03   7.676707E-01
   2.478922E-01   3.027057E+03   7.170320E+03   7.667118E-01
   2.490372E-01   3.016997E+03   7.186181E+03   7.657314E-01
   2.501874E-01   3.005808E+03   7.203660E+03   7.646942E-01
   2.513430E-01   2.988546E+03   7.229096E+03   7.635041E-01
   2.525040E-01   2.971326E+03   7.254579E+03   7.623044E-01
   2.536702E-01   2.954145E+03   7.280278E+03   7.610982E-01
   2.548419E-01   2.936983E+03   7.306344E+03   7.598727E-01
   2.560190E-01   2.919786E+03   7.332821E+03   7.586035E-01
   2.572015E-01   2.902588E+03   7.359600E+03   7.572885E-01
   2.583895E-01   2.885477E+03   7.386630E+03   7.559476E-01
   2.595830E-01   2.868546E+03   7.413766E+03   7.546029E-01
   2.607819E-01   2.852568E+03   7.441128E+03   7.533023E-01
   2.619865E-01   2.837193E+03   7.468796E+03   7.520033E-01
   2.631965E-01   2.822079E+03   7.497047E+03   7.506888E-01
   2.644122E-01   2.807267E+03   7.526118E+03   7.493584E-01
   2.656335E-01   2.792737E+03   7.555958E+03   7.479867E-01
   2.668604E-01   2.778567E+03   7.586366E+03   7.465748E-01
   2.680930E-01   2.764843E+03   7.617072E+03   7.451346E-01
   2.693313E-01   2.751552E+03   7.647867E+03   7.436650E-01
   2.705753E-01   2.740261E+03   7.677607E+03   7.422165E-01
   2.718251E-01   2.731017E+03   7.706175E+03   7.407825E-01
   2.730806E-01   2.721632E+03   7.734853E+03   7.392990E-01
   2.743419E-01   2.711936E+03   7.763603E+03   7.377938E-01
   2.756091E-01   2.701720E+03   7.792277E+03   7.362821E-01
   2.768821E-01   2.690835E+03   7.820734E+03   7.347789E-01
   2.781610E-01   2.679358E+03   7.848872E+03   7.333153E-01
   2.794458E-01   2.667426E+03   7.876870E+03   7.319097E-01
   2.807365E-01   2.664755E+03   7.894448E+03   7.308652E-01
   2.820332E-01   2.669292E+03   7.904167E+03   7.301175E-01
   2.833359E-01   2.674026E+03   7.913724E+03   7.294173E-01
   2.846445E-01   2.678922E+03   7.923213E+03   7.287088E-01
   2.859593E-01   2.683877E+03   7.932964E+03   7.279565E-01
   2.872801E-01   2.688972E+03   7.943088E+03   7.271849E-01
   2.886070E-01   2.694227E+03   7.953393E+03   7.264207E-01
   2.899400E-01   2.699492E+03   7.963532E+03   7.256602E-01
   2.912792E-01   2.704193E+03   7.972553E+03   7.248437E-01
   2.926246E-01   2.708515E+03   7.981007E+03   7.239840E-01
   2.939762E-01   2.712298E+03   7.988945E+03   7.230795E-01
   2.953341E-01   2.715589E+03   7.996208E+03   7.221543E-01
   2.966982E-01   2.718492E+03   8.002772E+03   7.212324E-01
   2.980686E-01   2.721052E+03   8.008820E+03   7.203176E-01
   2.994453E-01   2.723203E+03   8.014454E+03   7.193799E-01
   3.008284E-01   2.727051E+03   8.017143E+03   7.184786E-01
   3.022179E-01   2.731982E+03   8.017644E+03   7.176029E-01
   3.036138E-01   2.736700E+03   8.017607E+03   7.167293E-01
   3.050162E-01   2.741290E+03   8.016894E+03   7.158696E-01
   3.064250E-01   2.745767E+03   8.015569E+03   7.150082E-01
   3.078404E-01   2.750224E+03   8.014035E+03   7.141465E-01
   3.092622E-01   2.754830E+03   8.012700E+03   7.133029E-01
   3.106907E-01   2.761088E+03   8.009831E+03   7.124870E-01
   3.121257E-01   2.769104E+03   8.005311E+03   7.116772E-01
   3.135674E-01   2.777430E+03   8.001048E+03   7.108541E-01
   3.150157E-01   2.786125E+03   7.996842E+03   7.100244E-01
   3.164707E-01   2.795181E+03   7.992565E+03   7.091910E-01
   3.179325E-01   2.804504E+03   7.988175E+03   7.083502E-01
   3.194010E-01   2.813945E+03   7.983761E+03   7.075017E-01
   3.208762E-01   2.818115E+03   7.985401E+03   7.064786E-01
   3.223583E-01   2.818570E+03   7.991330E+03   7.053448E-01
   3.238473E-01   2.818830E+03   7.997487E+03   7.042285E-01
   3.253431E-01   2.818914E+03   8.003790E+03   7.031412E-01
   3.268458E-01   2.818977E+03   8.010206E+03   7.021015E-01
   3.283555E-01   2.819184E+03   8.016854E+03   7.011224E-01
   3.298721E-01   2.819663E+03   8.023983E+03   7.002104E-01
   3.313957E-01   2.822125E+03   8.029755E+03   6.994122E-01
   3.329264E-01   2.825180E+03   8.035702E+03   6.986566E-01
   3.344641E-01   2.828654E+03   8.042041E+03   6.979065E-01
   3.360090E-01   2.832550E+03   8.048943E+03   6.971505E-01
   3.375610E-01   2.836983E+03   8.056415E+03   6.964069E-01
   3.391201E-01   2.842039E+03   8.064280E+03   6.956916E-01
   3.406865E-01   2.847614E+03   8.072280E+03   6.949879E-01
   3.422601E-01   2.853569E+03   8.080250E+03   6.942701E-01
   3.438409E-01   2.859851E+03   8.088206E+03   6.935329E-01
   3.454291E-01   2.866330E+03   8.096080E+03   6.927725E-01
   3.470246E-01   2.872929E+03   8.103772E+03   6.919941E-01
   3.486274E-01   2.879619E+03   8.111276E+03   6.912091E-01
   3.502377E-01   2.885734E+03   8.119231E+03   6.903870E-01
   3.518554E-01   2.888324E+03   8.130406E+03   6.893819E-01
   3.534806E-01   2.890849E+03   8.141489E+03   6.883449E-01
   3.551133E-01   2.893363E+03   8.152312E+03   6.872865E-01
   3.567535E-01   2.895865E+03   8.162776E+03   6.862140E-01
   3.584013E-01   2.898325E+03   8.172786E+03   6.851301E-01
   3.600567E-01   2.900359E+03   8.182702E+03   6.840136E-01
   3.617198E-01   2.893344E+03   8.203530E+03   6.825616E-01
   3.633905E-01   2.886198E+03   8.224267E+03   6.810946E-01
   3.650690E-01   2.878947E+03   8.244947E+03   6.796141E-01
   3.667552E-01   2.871591E+03   8.265447E+03   6.781129E-01
   3.684492E-01   2.864152E+03   8.285589E+03   6.765922E-01
   3.701510E-01   2.855106E+03   8.307205E+03   6.750037E-01
   3.718607E-01   2.830204E+03   8.348531E+03   6.728730E-01
   3.735783E-01   2.805004E+03   8.389057E+03   6.707050E-01
   3.753038E-01   2.779432E+03   8.428728E+03   6.684915E-01
   3.770372E-01   2.753430E+03   8.467669E+03   6.662395E-01
   3.787787E-01   2.726982E+03   8.505913E+03   6.639712E-01
   3.805283E-01   2.695716E+03   8.548845E+03   6.615850E-01
   3.822859E-01   2.653740E+03   8.603355E+03   6.589298E-01
   3.840516E-01   2.610959E+03   8.656340E+03   6.562891E-01
   3.858255E-01   2.567339E+03   8.707882E+03   6.536744E-01
   3.876076E-01   2.522925E+03   8.758293E+03   6.511110E-01
   3.893979E-01   2.477847E+03   8.807677E+03   6.486176E-01
   3.911965E-01   2.420890E+03   8.868981E+03   6.459014E-01
   3.930034E-01   2.357954E+03   8.935085E+03   6.431152E-01
   3.948186E-01   2.295118E+03   8.999732E+03   6.404038E-01
   3.966422E-01   2.232802E+03   9.063501E+03   6.377850E-01
   3.984743E-01   2.171442E+03   9.126764E+03   6.352708E-01
   4.003148E-01   2.110368E+03   9.191046E+03   6.328245E-01
   4.021638E-01   2.046184E+03   9.261068E+03   6.303671E-01
   4.040213E-01   1.984379E+03   9.331585E+03   6.278910E-01
   4.058874E-01   1.924710E+03   9.403009E+03   6.253452E-01
   4.077622E-01   1.866560E+03   9.475132E+03   6.227261E-01
   4.096456E-01   1.808928E+03   9.547644E+03   6.200697E-01
   4.115377E-01   1.741766E+03   9.630688E+03   6.171642E-01
   4.134385E-01   1.671547E+03   9.716232E+03   6.141673E-01
   4.153481E-01   1.601556E+03   9.801528E+03   6.111801E-01
   4.172666E-01   1.533205E+03   9.885948E+03   6.082373E-01
   4.191939E-01   1.466679E+03   9.968448E+03   6.053569E-01
   4.211301E-01   1.406736E+03   1.004213E+04   6.027749E-01
   4.230752E-01   1.352724E+03   1.010851E+04   6.004638E-01
   4.250294E-01   1.302459E+03   1.017280E+04   5.983046E-01
   4.269925E-01   1.254847E+03   1.023497E+04   5.962486E-01
   4.289648E-01   1.208919E+03   1.029403E+04   5.942181E-01
   4.309461E-01   1.184874E+03   1.032577E+04   5.927567E-01
   4.329366E-01   1.182456E+03   1.032951E+04   5.919016E-01
   4.349363E-01   1.180596E+03   1.033242E+04   5.909633E-01
   4.369452E-01   1.180511E+03   1.033435E+04   5.898520E-01
   4.389634E-01   1.181115E+03   1.033485E+04   5.886100E-01
   4.409909E-01   1.198514E+03   1.031449E+04   5.878483E-01
   4.430278E-01   1.233169E+03   1.027100E+04   5.877546E-01
   4.450741E-01   1.268863E+03   1.022411E+04   5.878695E-01
   4.471298E-01   1.304337E+03   1.017439E+04   5.882013E-01
   4.491950E-01   1.339099E+03   1.012349E+04   5.887728E-01
   4.512698E-01   1.381995E+03   1.006446E+04   5.896861E-01
   4.533542E-01   1.431820E+03   1.000087E+04   5.908479E-01
   4.554482E-01   1.484112E+03   9.938274E+03   5.920704E-01
   4.575518E-01   1.538929E+03   9.876794E+03   5.932863E-01
   4.596652E-01   1.596104E+03   9.816332E+03   5.944754E-01
   4.617883E-01   1.652152E+03   9.759631E+03   5.954749E-01
   4.639213E-01   1.708727E+03   9.703150E+03   5.965062E-01
   4.660641E-01   1.765677E+03   9.645538E+03   5.976403E-01
   4.682168E-01   1.822746E+03   9.585944E+03   5.988548E-01
   4.703794E-01   1.876389E+03   9.528597E+03   5.999789E-01
   4.725520E-01   1.911942E+03   9.492188E+03   6.004528E-01
   4.747347E-01   1.948559E+03   9.454405E+03   6.009780E-01
   4.769274E-01   1.986470E+03   9.414997E+03   6.015782E-01
   4.791303E-01   2.025591E+03   9.373828E+03   6.022596E-01
   4.813433E-01   2.050845E+03   9.348973E+03   6.025298E-01
   4.835666E-01   2.066880E+03   9.334768E+03   6.025149E-01
   4.858001E-01   2.083120E+03   9.319531E+03   6.025187E-01
   4.880440E-01   2.099488E+03   9.303059E+03   6.025600E-01
   4.902982E-01   2.115812E+03   9.285152E+03   6.026716E-01
   4.925628E-01   2.131627E+03   9.265351E+03   6.029663E-01
   4.948379E-01   2.147276E+03   9.244305E+03   6.032961E-01
   4.971235E-01   2.162880E+03   9.222264E+03   6.036536E-01
   4.994197E-01   2.178635E+03   9.199300E+03   6.040385E-01
   5.017264E-01   2.199971E+03   9.168713E+03   6.046071E-01
   5.040438E-01   2.223356E+03   9.134646E+03   6.052376E-01
   5.063720E-01   2.246818E+03   9.099140E+03   6.058622E-01
   5.087108E-01   2.270124E+03   9.061984E+03   6.064734E-01
   5.110605E-01   2.292428E+03   9.023854E+03   6.070597E-01
   5.134210E-01   2.313394E+03   8.985116E+03   6.076324E-01
   5.157925E-01   2.333628E+03   8.945165E+03   6.082213E-01
   5.181748E-01   2.353112E+03   8.904152E+03   6.088297E-01
   5.205682E-01   2.373379E+03   8.860797E+03   6.094860E-01
   5.229727E-01   2.397768E+03   8.812278E+03   6.102455E-01
   5.253882E-01   2.422103E+03   8.763427E+03   6.110505E-01
   5.278149E-01   2.446554E+03   8.714541E+03   6.118949E-01
   5.302528E-01   2.471019E+03   8.666173E+03   6.127579E-01
   5.327020E-01   2.493989E+03   8.620777E+03   6.135439E-01
   5.351625E-01   2.517211E+03   8.575552E+03   6.143403E-01
   5.376343E-01   2.540659E+03   8.530446E+03   6.151429E-01
   5.401176E-01   2.563928E+03   8.485953E+03   6.159357E-01
   5.426123E-01   2.579709E+03   8.451523E+03   6.164483E-01
   5.451186E-01   2.595658E+03   8.417078E+03   6.169600E-01
   5.476364E-01   2.611803E+03   8.382480E+03   6.174670E-01
   5.501659E-01   2.628320E+03   8.347446E+03   6.179678E-01
   5.527070E-01   2.647253E+03   8.309431E+03   6.185230E-01
   5.552599E-01   2.666388E+03   8.271143E+03   6.190696E-01
   5.578246E-01   2.685691E+03   8.232576E+03   6.196152E-01
   5.604011E-01   2.704493E+03   8.194573E+03   6.201376E-01
   5.629895E-01   2.719955E+03   8.161066E+03   6.205139E-01
   5.655899E-01   2.735359E+03   8.127392E+03   6.208852E-01
   5.682023E-01   2.750655E+03   8.093573E+03   6.212456E-01
   5.708268E-01   2.766582E+03   8.058632E+03   6.216173E-01
   5.734634E-01   2.784063E+03   8.021407E+03   6.220326E-01
   5.761121E-01   2.801565E+03   7.983845E+03   6.224486E-01
   5.787731E-01   2.819100E+03   7.946053E+03   6.228658E-01
   5.814464E-01   2.834710E+03   7.911429E+03   6.231609E-01
   5.841320E-01   2.848663E+03   7.879516E+03   6.233474E-01
   5.868300E-01   2.862583E+03   7.847463E+03   6.235238E-01
   5.895405E-01   2.876431E+03   7.815160E+03   6.236886E-01
   5.922636E-01   2.887424E+03   7.785897E+03   6.237553E-01
   5.949991E-01   2.897658E+03   7.756934E+03   6.237901E-01
   5.977474E-01   2.907612E+03   7.727575E+03   6.238090E-01
   6.005083E-01   2.917186E+03   7.698238E+03   6.237901E-01
   6.032820E-01   2.926246E+03   7.670319E+03   6.236606E-01
   6.060685E-01   2.934957E+03   7.642199E+03   6.235245E-01
   6.088678E-01   2.943372E+03   7.613902E+03   6.233899E-01
   6.116801E-01   2.948124E+03   7.589082E+03   6.231910E-01
   6.145054E-01   2.950389E+03   7.566572E+03   6.229584E-01
   6.173437E-01   2.952550E+03   7.543979E+03   6.227451E-01
   6.201951E-01   2.954853E+03   7.521308E+03   6.225485E-01
   6.230597E-01   2.959795E+03   7.497415E+03   6.223377E-01
   6.259376E-01   2.964790E+03   7.473644E+03   6.221412E-01
   6.288287E-01   2.969883E+03   7.449970E+03   6.219578E-01
   6.317332E-01   2.963626E+03   7.441714E+03   6.213299E-01
   6.346511E-01   2.949695E+03   7.443859E+03   6.204016E-01
   6.375825E-01   2.935859E+03   7.446008E+03   6.194780E-01
   6.405274E-01   2.919863E+03   7.449455E+03   6.185744E-01
   6.434859E-01   2.893564E+03   7.458875E+03   6.177477E-01
   6.464581E-01   2.867429E+03   7.468184E+03   6.169193E-01
   6.494440E-01   2.841446E+03   7.477384E+03   6.160846E-01
   6.524437E-01   2.829679E+03   7.467826E+03   6.158070E-01
   6.554572E-01   2.821229E+03   7.453993E+03   6.156511E-01
   6.584847E-01   2.812865E+03   7.440134E+03   6.154906E-01
   6.615262E-01   2.803045E+03   7.429939E+03   6.151594E-01
   6.645817E-01   2.791729E+03   7.423422E+03   6.146543E-01
   6.676513E-01   2.780385E+03   7.416924E+03   6.141354E-01
   6.707351E-01   2.767380E+03   7.411556E+03   6.135993E-01
   6.738331E-01   2.749135E+03   7.409812E+03   6.130413E-01
   6.769455E-01   2.730958E+03   7.407827E+03   6.124853E-01
   6.800722E-01   2.712833E+03   7.405654E+03   6.119339E-01
   6.832134E-01   2.694111E+03   7.403078E+03   6.114276E-01
   6.863691E-01   2.675431E+03   7.400375E+03   6.109183E-01
   6.895393E-01   2.656783E+03   7.397467E+03   6.104031E-01
   6.927242E-01   2.640585E+03   7.390513E+03   6.100103E-01
   6.959238E-01   2.624742E+03   7.382519E+03   6.096294E-01
   6.991382E-01   2.608761E+03   7.374039E+03   6.092354E-01
   7.023674E-01   2.594790E+03   7.360810E+03   6.089929E-01
   7.056116E-01   2.581280E+03   7.345535E+03   6.087960E-01
   7.088707E-01   2.567344E+03   7.329817E+03   6.085867E-01
   7.121449E-01   2.552829E+03   7.313818E+03   6.083717E-01
   7.154342E-01   2.537884E+03   7.297526E+03   6.081635E-01
   7.187387E-01   2.522708E+03   7.280950E+03   6.079752E-01
   7.220585E-01   2.509570E+03   7.261054E+03   6.079253E-01
   7.253936E-01   2.497754E+03   7.239273E+03   6.079736E-01
   7.287441E-01   2.486028E+03   7.217720E+03   6.080490E-01
   7.321101E-01   2.474393E+03   7.196469E+03   6.081483E-01
   7.354916E-01   2.462907E+03   7.175551E+03   6.082635E-01
   7.388887E-01   2.451609E+03   7.154992E+03   6.083868E-01
   7.423016E-01   2.442934E+03   7.130501E+03   6.086850E-01
   7.457302E-01   2.435650E+03   7.104264E+03   6.090681E-01
   7.491746E-01   2.428618E+03   7.078245E+03   6.094548E-01
   7.526350E-01   2.424906E+03   7.049826E+03   6.098870E-01
   7.561113E-01   2.422406E+03   7.020668E+03   6.103306E-01
   7.596037E-01   2.420117E+03   6.991506E+03   6.107680E-01
   7.631122E-01   2.417910E+03   6.961181E+03   6.112692E-01
   7.666369E-01   2.415761E+03   6.930645E+03   6.117755E-01
   7.701779E-01   2.413981E+03   6.899616E+03   6.122917E-01
   7.737353E-01   2.419482E+03   6.860456E+03   6.130326E-01
   7.773091E-01   2.424836E+03   6.821337E+03   6.137698E-01
   7.808994E-01   2.431903E+03   6.779957E+03   6.145779E-01
   7.845062E-01   2.444424E+03   6.731672E+03   6.156077E-01
   7.881298E-01   2.456984E+03   6.683425E+03   6.166345E-01
   7.917700E-01   2.471375E+03   6.636313E+03   6.175288E-01
   7.954271E-01   2.487686E+03   6.590400E+03   6.182796E-01
   7.991011E-01   2.503993E+03   6.544530E+03   6.190177E-01
   8.027921E-01   2.503102E+03   6.514848E+03   6.193681E-01
   8.065001E-01   2.496543E+03   6.490259E+03   6.195796E-01
   8.102252E-01   2.490642E+03   6.464278E+03   6.198116E-01
   8.139675E-01   2.497930E+03   6.419955E+03   6.206400E-01
   8.177271E-01   2.504862E+03   6.375493E+03   6.214540E-01
   8.215041E-01   2.512805E+03   6.330013E+03   6.222704E-01
   8.252985E-01   2.522531E+03   6.283129E+03   6.230999E-01
   8.291105E-01   2.532086E+03   6.236400E+03   6.239294E-01
   8.329400E-01   2.544016E+03   6.188247E+03   6.247822E-01
   8.367873E-01   2.556734E+03   6.139832E+03   6.256534E-01
   8.406523E-01   2.569445E+03   6.091541E+03   6.265552E-01
   8.445352E-01   2.581705E+03   6.042882E+03   6.275363E-01
   8.484360E-01   2.594161E+03   5.994510E+03   6.285377E-01
   8.523548E-01   2.606641E+03   5.948133E+03   6.294591E-01
   8.562917E-01   2.619206E+03   5.903134E+03   6.303293E-01
   8.602468E-01   2.631937E+03   5.858358E+03   6.312082E-01
   8.642202E-01   2.644343E+03   5.814121E+03   6.320868E-01
   8.682119E-01   2.656871E+03   5.770031E+03   6.329661E-01
   8.722221E-01   2.669068E+03   5.724876E+03   6.339300E-01
   8.762508E-01   2.680960E+03   5.678886E+03   6.349583E-01
   8.802981E-01   2.693248E+03   5.632693E+03   6.359837E-01
   8.843641E-01   2.710854E+03   5.582378E+03   6.370660E-01
   8.884488E-01   2.728402E+03   5.532257E+03   6.381341E-01
   8.925525E-01   2.745308E+03   5.481966E+03   6.392314E-01
   8.966751E-01   2.761814E+03   5.431681E+03   6.403381E-01
   9.008167E-01   2.778762E+03   5.381710E+03   6.414039E-01
   9.049775E-01   2.797599E+03   5.332234E+03   6.423631E-01
   9.091574E-01   2.816428E+03   5.282984E+03   6.432984E-01
   9.133567E-01   2.834510E+03   5.234537E+03   6.441993E-01
   9.175754E-01   2.852369E+03   5.186426E+03   6.450723E-01
   9.218136E-01   2.868657E+03   5.139889E+03   6.458903E-01
   9.260713E-01   2.882837E+03   5.095375E+03   6.466455E-01
   9.303487E-01   2.896870E+03   5.051028E+03   6.473769E-01
   9.346459E-01   2.910257E+03   5.007198E+03   6.480831E-01
   9.389629E-01   2.923545E+03   4.963496E+03   6.487695E-01
   9.432999E-01   2.941944E+03   4.912686E+03   6.496745E-01
   9.476568E-01   2.961925E+03   4.859831E+03   6.506301E-01
   9.520339E-01   2.980456E+03   4.810544E+03   6.514224E-01
   9.564313E-01   2.997334E+03   4.765310E+03   6.520356E-01
   9.608489E-01   3.014501E+03   4.719768E+03   6.526562E-01
   9.652870E-01   3.032886E+03   4.672142E+03   6.533560E-01
   9.697455E-01   3.051312E+03   4.624847E+03   6.540400E-01
   9.742246E-01   3.071141E+03   4.576561E+03   6.547363E-01
   9.787245E-01   3.091110E+03   4.528571E+03   6.554176E-01
   9.832451E-01   3.112241E+03   4.482022E+03   6.559788E-01
   9.877866E-01   3.133857E+03   4.436276E+03   6.564809E-01
   9.923490E-01   3.153930E+03   4.392993E+03   6.569036E-01
   9.969326E-01   3.172536E+03   4.352015E+03   6.572528E-01
   1.001537E+00   3.191542E+03   4.310543E+03   6.576164E-01
   1.006163E+00   3.211318E+03   4.267775E+03   6.580226E-01
   1.010811E+00   3.230644E+03   4.226270E+03   6.583686E-01
   1.015479E+00   3.247790E+03   4.189262E+03   6.585363E-01
   1.020170E+00   3.264909E+03   4.152586E+03   6.586789E-01
   1.024882E+00   3.281359E+03   4.116712E+03   6.587943E-01
   1.029616E+00   3.297806E+03   4.081147E+03   6.588825E-01
   1.034371E+00   3.313658E+03   4.046312E+03   6.589432E-01
   1.039149E+00   3.329453E+03   4.011821E+03   6.589756E-01
   1.043949E+00   3.344867E+03   3.979079E+03   6.589130E-01
   1.048770E+00   3.360192E+03   3.946939E+03   6.588082E-01
   1.053615E+00   3.375095E+03   3.915376E+03   6.586766E-01
   1.058481E+00   3.389849E+03   3.884197E+03   6.585177E-01
   1.063370E+00   3.404236E+03   3.853546E+03   6.583328E-01
   1.068282E+00   3.418456E+03   3.823285E+03   6.581216E-01
   1.073216E+00   3.432352E+03   3.793511E+03   6.578860E-01
   1.078173E+00   3.446075E+03   3.764126E+03   6.576259E-01
   1.083153E+00   3.459590E+03   3.736044E+03   6.572923E-01
   1.088156E+00   3.472983E+03   3.708818E+03   6.569073E-01
   1.093182E+00   3.486101E+03   3.682025E+03   6.565021E-01
   1.098231E+00   3.499062E+03   3.655590E+03   6.560763E-01
   1.103304E+00   3.510598E+03   3.629401E+03   6.556934E-01
   1.108400E+00   3.521375E+03   3.603447E+03   6.553255E-01
   1.113519E+00   3.534271E+03   3.577383E+03   6.548626E-01
   1.118663E+00   3.548139E+03   3.551448E+03   6.543421E-01
   1.123830E+00   3.561693E+03   3.526000E+03   6.538026E-01
   1.129020E+00   3.575147E+03   3.500919E+03   6.532418E-01
   1.134235E+00   3.587104E+03   3.478108E+03   6.526199E-01
   1.139474E+00   3.598726E+03   3.456004E+03   6.519713E-01
   1.144737E+00   3.611461E+03   3.433554E+03   6.512873E-01
   1.150025E+00   3.624331E+03   3.411320E+03   6.505827E-01
   1.155336E+00   3.635341E+03   3.390349E+03   6.498951E-01
   1.160673E+00   3.646539E+03   3.369704E+03   6.491797E-01
   1.166034E+00   3.658903E+03   3.349906E+03   6.483600E-01
   1.171420E+00   3.670811E+03   3.330594E+03   6.475335E-01
   1.176830E+00   3.681403E+03   3.312167E+03   6.467203E-01
   1.182266E+00   3.692426E+03   3.292668E+03   6.459438E-01
   1.187727E+00   3.704057E+03   3.271626E+03   6.452203E-01
   1.193213E+00   3.719087E+03   3.252457E+03   6.442179E-01
   1.198724E+00   3.736522E+03   3.234748E+03   6.430051E-01
   1.204261E+00   3.748494E+03   3.224589E+03   6.416383E-01
   1.209823E+00   3.758798E+03   3.216701E+03   6.402217E-01
   1.215411E+00   3.765794E+03   3.204075E+03   6.392359E-01
   1.221025E+00   3.772656E+03   3.191418E+03   6.382541E-01
   1.226665E+00   3.779410E+03   3.178936E+03   6.372632E-01
   1.232330E+00   3.786109E+03   3.166594E+03   6.362620E-01
   1.238022E+00   3.792730E+03   3.154406E+03   6.352506E-01
   1.243741E+00   3.800154E+03   3.142061E+03   6.342000E-01
   1.249485E+00   3.808002E+03   3.129705E+03   6.331216E-01
   1.255257E+00   3.814485E+03   3.117957E+03   6.320751E-01
   1.261054E+00   3.821052E+03   3.106296E+03   6.310135E-01
   1.266879E+00   3.828612E+03   3.094454E+03   6.299035E-01
   1.272731E+00   3.835488E+03   3.082960E+03   6.288046E-01
   1.278609E+00   3.841577E+03   3.071828E+03   6.277222E-01
   1.284515E+00   3.848616E+03   3.061470E+03   6.265378E-01
   1.290448E+00   3.855833E+03   3.051459E+03   6.253178E-01
   1.296408E+00   3.861712E+03   3.041941E+03   6.241372E-01
   1.302396E+00   3.867525E+03   3.032053E+03   6.229766E-01
   1.308412E+00   3.873250E+03   3.021580E+03   6.218503E-01
   1.314455E+00   3.878898E+03   3.011241E+03   6.207158E-01
   1.320527E+00   3.884621E+03   3.001094E+03   6.195614E-01
   1.326626E+00   3.891438E+03   2.991893E+03   6.182854E-01
   1.332754E+00   3.897630E+03   2.983471E+03   6.169935E-01
   1.338909E+00   3.903053E+03   2.975953E+03   6.156871E-01
   1.345094E+00   3.908378E+03   2.967585E+03   6.144337E-01
   1.351306E+00   3.913658E+03   2.959110E+03   6.131869E-01
   1.357548E+00   3.918863E+03   2.950749E+03   6.119357E-01
   1.363818E+00   3.924011E+03   2.943191E+03   6.106377E-01
   1.370118E+00   3.929112E+03   2.936166E+03   6.093084E-01
   1.376446E+00   3.934119E+03   2.929243E+03   6.079766E-01
   1.382804E+00   3.938536E+03   2.922484E+03   6.066672E-01
   1.389191E+00   3.942204E+03   2.915901E+03   6.053887E-01
   1.395607E+00   3.946879E+03   2.909238E+03   6.040548E-01
   1.402053E+00   3.951655E+03   2.902984E+03   6.026867E-01
   1.408529E+00   3.956341E+03   2.897573E+03   6.012675E-01
   1.415035E+00   3.959068E+03   2.892462E+03   5.999402E-01
   1.421571E+00   3.961493E+03   2.887149E+03   5.986393E-01
   1.428137E+00   3.964815E+03   2.880933E+03   5.973390E-01
   1.434733E+00   3.968049E+03   2.875574E+03   5.959839E-01
   1.441360E+00   3.970973E+03   2.870597E+03   5.946172E-01
   1.448018E+00   3.972875E+03   2.865758E+03   5.932964E-01
   1.454706E+00   3.975563E+03   2.860880E+03   5.919254E-01
   1.461425E+00   3.978305E+03   2.856031E+03   5.905433E-01
   1.468175E+00   3.980039E+03   2.851303E+03   5.892075E-01
   1.474956E+00   3.981721E+03   2.846610E+03   5.878669E-01
   1.481769E+00   3.983337E+03   2.842227E+03   5.865038E-01
   1.488613E+00   3.984842E+03   2.838675E+03   5.850854E-01
   1.495489E+00   3.985406E+03   2.834342E+03   5.837707E-01
   1.502396E+00   3.986111E+03   2.829800E+03   5.824562E-01
   1.509336E+00   3.987542E+03   2.825242E+03   5.810933E-01
   1.516307E+00   3.987773E+03   2.821737E+03   5.797252E-01
   1.523311E+00   3.987324E+03   2.817866E+03   5.784180E-01
   1.530347E+00   3.986383E+03   2.813410E+03   5.771761E-01
   1.537415E+00   3.987721E+03   2.807882E+03   5.758650E-01
   1.544516E+00   3.988075E+03   2.804435E+03   5.744621E-01
   1.551650E+00   3.987345E+03   2.801689E+03   5.730697E-01
   1.558817E+00   3.984940E+03   2.797372E+03   5.718858E-01
   1.566017E+00   3.984446E+03   2.793015E+03   5.705817E-01
   1.573250E+00   3.983826E+03   2.788203E+03   5.693130E-01
   1.580517E+00   3.982667E+03   2.782914E+03   5.681074E-01
   1.587817E+00   3.982435E+03   2.778605E+03   5.667686E-01
   1.595151E+00   3.981257E+03   2.775053E+03   5.654279E-01
   1.602519E+00   3.979695E+03   2.771458E+03   5.641089E-01
   1.609921E+00   3.978182E+03   2.767181E+03   5.628329E-01
   1.617357E+00   3.976770E+03   2.761893E+03   5.616227E-01
   1.624827E+00   3.975982E+03   2.757279E+03   5.603202E-01
   1.632332E+00   3.975155E+03   2.753044E+03   5.589880E-01
   1.639872E+00   3.973494E+03   2.748811E+03   5.577038E-01
   1.647446E+00   3.971794E+03   2.744589E+03   5.564176E-01
   1.655055E+00   3.970058E+03   2.740372E+03   5.551295E-01
   1.662700E+00   3.968632E+03   2.736528E+03   5.537891E-01
   1.670380E+00   3.967684E+03   2.733360E+03   5.523610E-01
   1.678095E+00   3.964510E+03   2.730146E+03   5.510701E-01
   1.685846E+00   3.962158E+03   2.726945E+03   5.497210E-01
   1.693633E+00   3.960043E+03   2.723746E+03   5.483507E-01
   1.701455E+00   3.957671E+03   2.720536E+03   5.469912E-01
   1.709314E+00   3.954329E+03   2.717294E+03   5.456890E-01
   1.717209E+00   3.950947E+03   2.714048E+03   5.443836E-01
   1.725141E+00   3.947652E+03   2.710143E+03   5.431208E-01
   1.733109E+00   3.944314E+03   2.706274E+03   5.418523E-01
   1.741114E+00   3.940663E+03   2.703008E+03   5.405483E-01
   1.749156E+00   3.935998E+03   2.699699E+03   5.393063E-01
   1.757235E+00   3.931300E+03   2.696383E+03   5.380612E-01
   1.765352E+00   3.926570E+03   2.693060E+03   5.368135E-01
   1.773506E+00   3.922385E+03   2.689318E+03   5.355613E-01
   1.781697E+00   3.918655E+03   2.685228E+03   5.343048E-01
   1.789927E+00   3.913821E+03   2.681887E+03   5.330494E-01
   1.798194E+00   3.907395E+03   2.680459E+03   5.317240E-01
   1.806500E+00   3.899846E+03   2.675857E+03   5.307405E-01
   1.814844E+00   3.893955E+03   2.670450E+03   5.297169E-01
   1.823226E+00   3.889383E+03   2.665485E+03   5.285654E-01
   1.831647E+00   3.884374E+03   2.661314E+03   5.273663E-01
   1.840108E+00   3.878217E+03   2.657897E+03   5.261673E-01
   1.848607E+00   3.870908E+03   2.654432E+03   5.250395E-01
   1.857145E+00   3.862464E+03   2.647582E+03   5.242822E-01
   1.865723E+00   3.857161E+03   2.638877E+03   5.234852E-01
   1.874341E+00   3.854770E+03   2.631661E+03   5.223619E-01
   1.882998E+00   3.852602E+03   2.627154E+03   5.209732E-01
   1.891696E+00   3.848441E+03   2.623478E+03   5.196301E-01
   1.900433E+00   3.843723E+03   2.618221E+03   5.184614E-01
   1.909211E+00   3.838732E+03   2.613902E+03   5.172180E-01
   1.918029E+00   3.832676E+03   2.609529E+03   5.160426E-01
   1.926888E+00   3.827377E+03   2.605192E+03   5.148091E-01
   1.935788E+00   3.822480E+03   2.600229E+03   5.136032E-01
   1.944730E+00   3.817507E+03   2.595443E+03   5.123806E-01
   1.953712E+00   3.811438E+03   2.591064E+03   5.111852E-01
   1.962736E+00   3.804438E+03   2.586333E+03   5.100788E-01
   1.971802E+00   3.798690E+03   2.580782E+03   5.089654E-01
   1.980909E+00   3.794095E+03   2.574408E+03   5.078530E-01
   1.990059E+00   3.789787E+03   2.567192E+03   5.068007E-01
   1.999251E+00   3.792497E+03   2.563383E+03   5.049567E-01
   2.008485E+00   3.785908E+03   2.565309E+03   5.031420E-01
   2.017762E+00   3.776872E+03   2.563485E+03   5.018477E-01
   2.027082E+00   3.767736E+03   2.560097E+03   5.007103E-01
   2.036445E+00   3.759433E+03   2.556518E+03   4.995327E-01
   2.045851E+00   3.750951E+03   2.552316E+03   4.984261E-01
   2.055300E+00   3.742142E+03   2.547726E+03   4.973775E-01
   2.064793E+00   3.734050E+03   2.542682E+03   4.963260E-01
   2.074330E+00   3.726520E+03   2.537628E+03   4.952365E-01
   2.083911E+00   3.718470E+03   2.532683E+03   4.941684E-01
   2.093537E+00   3.710338E+03   2.527159E+03   4.931645E-01
   2.103207E+00   3.702812E+03   2.521991E+03   4.920818E-01
   2.112921E+00   3.694811E+03   2.517161E+03   4.909931E-01
   2.122680E+00   3.686536E+03   2.511638E+03   4.899937E-01
   2.132485E+00   3.679162E+03   2.505912E+03   4.889532E-01
   2.142334E+00   3.671942E+03   2.499702E+03   4.879515E-01
   2.152230E+00   3.664715E+03   2.494240E+03   4.868664E-01
   2.162170E+00   3.657859E+03   2.488798E+03   4.857497E-01
   2.172157E+00   3.649438E+03   2.483291E+03   4.847403E-01
   2.182190E+00   3.641976E+03   2.477617E+03   4.836789E-01
   2.192269E+00   3.634687E+03   2.471415E+03   4.826581E-01
   2.202395E+00   3.627200E+03   2.465734E+03   4.815876E-01
   2.212568E+00   3.620162E+03   2.459580E+03   4.805324E-01
   2.222787E+00   3.613806E+03   2.453922E+03   4.793694E-01
   2.233054E+00   3.607580E+03   2.447858E+03   4.782358E-01
   2.243368E+00   3.601462E+03   2.442487E+03   4.770098E-01
   2.253730E+00   3.595296E+03   2.438162E+03   4.756609E-01
   2.264140E+00   3.587499E+03   2.434846E+03   4.742986E-01
   2.274598E+00   3.578752E+03   2.430739E+03   4.730812E-01
   2.285104E+00   3.568578E+03   2.427111E+03   4.718972E-01
   2.295658E+00   3.558185E+03   2.422443E+03   4.708395E-01
   2.306262E+00   3.548332E+03   2.416338E+03   4.699041E-01
   2.316914E+00   3.539371E+03   2.409879E+03   4.689427E-01
   2.327616E+00   3.531636E+03   2.403466E+03   4.678857E-01
   2.338367E+00   3.523937E+03   2.397810E+03   4.667316E-01
   2.349167E+00   3.515826E+03   2.393171E+03   4.654792E-01
   2.360018E+00   3.505497E+03   2.388609E+03   4.643647E-01
   2.370918E+00   3.495858E+03   2.382073E+03   4.634330E-01
   2.381869E+00   3.487567E+03   2.374865E+03   4.624853E-01
   2.392871E+00   3.478859E+03   2.368705E+03   4.614385E-01
   2.403923E+00   3.470419E+03   2.362926E+03   4.603247E-01
   2.415027E+00   3.462978E+03   2.356554E+03   4.592115E-01
   2.426181E+00   3.454667E+03   2.350701E+03   4.580950E-01
   2.437388E+00   3.446687E+03   2.344654E+03   4.569787E-01
   2.448646E+00   3.438939E+03   2.339025E+03   4.557945E-01
   2.459956E+00   3.429712E+03   2.334431E+03   4.545850E-01
   2.471318E+00   3.419211E+03   2.329709E+03   4.534806E-01
   2.482733E+00   3.409684E+03   2.323318E+03   4.525171E-01
   2.494200E+00   3.400333E+03   2.317637E+03   4.514522E-01
   2.505720E+00   3.388411E+03   2.311808E+03   4.505889E-01
   2.517294E+00   3.382849E+03   2.303444E+03   4.495963E-01
   2.528921E+00   3.373235E+03   2.297167E+03   4.486257E-01
   2.540602E+00   3.364299E+03   2.291817E+03   4.474860E-01
   2.552337E+00   3.353880E+03   2.286374E+03   4.464615E-01
   2.564126E+00   3.344985E+03   2.278335E+03   4.456622E-01
   2.575969E+00   3.335135E+03   2.270614E+03   4.448891E-01
   2.587867E+00   3.329162E+03   2.264422E+03   4.436336E-01
   2.599820E+00   3.322052E+03   2.257479E+03   4.425541E-01
   2.611828E+00   3.310493E+03   2.252264E+03   4.415640E-01
   2.623892E+00   3.302516E+03   2.245661E+03   4.404928E-01
   2.636011E+00   3.293550E+03   2.239059E+03   4.394885E-01
   2.648187E+00   3.285615E+03   2.232364E+03   4.384160E-01
   2.660419E+00   3.276612E+03   2.225393E+03   4.374533E-01
   2.672707E+00   3.270394E+03   2.218646E+03   4.362516E-01
   2.685052E+00   3.260489E+03   2.214670E+03   4.349365E-01
   2.697454E+00   3.251097E+03   2.208159E+03   4.339224E-01
   2.709913E+00   3.240821E+03   2.204300E+03   4.326028E-01
   2.722429E+00   3.231405E+03   2.194861E+03   4.319831E-01
   2.735004E+00   3.222129E+03   2.187938E+03   4.310023E-01
   2.747637E+00   3.212033E+03   2.183374E+03   4.297493E-01
   2.760328E+00   3.205750E+03   2.174818E+03   4.287654E-01
   2.773077E+00   3.193267E+03   2.168687E+03   4.279000E-01
   2.785886E+00   3.186534E+03   2.161798E+03   4.267095E-01
   2.798753E+00   3.175232E+03   2.155720E+03   4.257427E-01
   2.811681E+00   3.168950E+03   2.145936E+03   4.249246E-01
   2.824667E+00   3.163351E+03   2.141169E+03   4.233396E-01
   2.837714E+00   3.156919E+03   2.134819E+03   4.220394E-01
   2.850821E+00   3.141959E+03   2.129802E+03   4.211864E-01
   2.863989E+00   3.133558E+03   2.122202E+03   4.202123E-01
   2.877217E+00   3.124742E+03   2.115207E+03   4.191817E-01
   2.890507E+00   3.116150E+03   2.109348E+03   4.179673E-01
   2.903858E+00   3.102729E+03   2.103793E+03   4.170747E-01
   2.917270E+00   3.095971E+03   2.094331E+03   4.162503E-01
   2.930745E+00   3.086737E+03   2.088358E+03   4.150997E-01
   2.944281E+00   3.077409E+03   2.081611E+03   4.140700E-01
   2.957881E+00   3.063208E+03   2.073226E+03   4.136605E-01
   2.971543E+00   3.060999E+03   2.068413E+03   4.117907E-01
   2.985268E+00   3.050615E+03   2.062503E+03   4.107127E-01
   2.999057E+00   3.040809E+03   2.055982E+03   4.096804E-01
   3.012909E+00   3.030843E+03   2.047101E+03   4.090195E-01
   3.026825E+00   3.025614E+03   2.039903E+03   4.077323E-01
   3.040806E+00   3.014303E+03   2.034952E+03   4.065706E-01
   3.054851E+00   3.004522E+03   2.027109E+03   4.057329E-01
   3.068961E+00   2.997272E+03   2.018619E+03   4.047959E-01
   3.083136E+00   2.988179E+03   2.013566E+03   4.034661E-01
   3.097376E+00   2.978961E+03   2.006142E+03   4.025127E-01
   3.111683E+00   2.968328E+03   1.999436E+03   4.015562E-01
   3.126055E+00   2.960673E+03   1.991357E+03   4.005782E-01
   3.140494E+00   2.952039E+03   1.985489E+03   3.993246E-01
   3.155000E+00   2.941514E+03   1.979639E+03   3.982143E-01
   3.169572E+00   2.931059E+03   1.970661E+03   3.975968E-01
   3.184212E+00   2.926266E+03   1.962020E+03   3.964714E-01
   3.198920E+00   2.917713E+03   1.955542E+03   3.952967E-01
   3.213695E+00   2.909706E+03   1.948789E+03   3.941191E-01
   3.228539E+00   2.898875E+03   1.943705E+03   3.928938E-01
   3.243451E+00   2.886865E+03   1.937467E+03   3.919497E-01
   3.258432E+00   2.878153E+03   1.929049E+03   3.910951E-01
   3.273482E+00   2.869774E+03   1.920911E+03   3.901668E-01
   3.288602E+00   2.864125E+03   1.912079E+03   3.891302E-01
   3.303792E+00   2.854264E+03   1.907414E+03   3.877432E-01
   3.319052E+00   2.847598E+03   1.899967E+03   3.865553E-01
   3.334382E+00   2.834778E+03   1.894775E+03   3.854921E-01
   3.349783E+00   2.827075E+03   1.886399E+03   3.845421E-01
   3.365255E+00   2.816265E+03   1.880504E+03   3.834276E-01
   3.380799E+00   2.809722E+03   1.872169E+03   3.823710E-01
   3.396414E+00   2.800351E+03   1.865548E+03   3.812552E-01
   3.412102E+00   2.791899E+03   1.857121E+03   3.803693E-01
   3.427862E+00   2.783640E+03   1.852193E+03   3.788624E-01
   3.443695E+00   2.769836E+03   1.845335E+03   3.781488E-01
   3.459601E+00   2.763229E+03   1.836681E+03   3.771383E-01
   3.475580E+00   2.754662E+03   1.829264E+03   3.760746E-01
   3.491634E+00   2.746743E+03   1.822008E+03   3.749235E-01
   3.507761E+00   2.738024E+03   1.814864E+03   3.738153E-01
   3.523963E+00   2.728504E+03   1.807087E+03   3.728810E-01
   3.540240E+00   2.720118E+03   1.799532E+03   3.718069E-01
   3.556592E+00   2.710759E+03   1.792490E+03   3.707193E-01
   3.573019E+00   2.701374E+03   1.784654E+03   3.697691E-01
   3.589523E+00   2.696075E+03   1.775585E+03   3.686857E-01
   3.606102E+00   2.689063E+03   1.770370E+03   3.670554E-01
   3.622758E+00   2.675750E+03   1.765151E+03   3.659545E-01
   3.639491E+00   2.668067E+03   1.755594E+03   3.651480E-01
   3.656302E+00   2.660800E+03   1.747101E+03   3.641109E-01
   3.673190E+00   2.654484E+03   1.740216E+03   3.626975E-01
   3.690156E+00   2.644000E+03   1.733062E+03   3.616849E-01
   3.707200E+00   2.638420E+03   1.725424E+03   3.603375E-01
   3.724323E+00   2.629052E+03   1.719141E+03   3.590624E-01
   3.741525E+00   2.618592E+03   1.711726E+03   3.580872E-01
   3.758807E+00   2.613273E+03   1.703657E+03   3.567899E-01
   3.776169E+00   2.604848E+03   1.697437E+03   3.554152E-01
   3.793610E+00   2.596520E+03   1.690448E+03   3.541748E-01
   3.811132E+00   2.585823E+03   1.685047E+03   3.528396E-01
   3.828736E+00   2.574964E+03   1.677168E+03   3.519883E-01
   3.846420E+00   2.568253E+03   1.668493E+03   3.509327E-01
   3.864186E+00   2.562280E+03   1.660723E+03   3.496456E-01
   3.882034E+00   2.555305E+03   1.654675E+03   3.481189E-01
   3.899965E+00   2.542977E+03   1.648435E+03   3.470992E-01
   3.917978E+00   2.533551E+03   1.640902E+03   3.460823E-01
   3.936075E+00   2.525158E+03   1.633239E+03   3.450074E-01
   3.954255E+00   2.519576E+03   1.625794E+03   3.436492E-01
   3.972520E+00   2.510211E+03   1.618417E+03   3.426181E-01
   3.990868E+00   2.502042E+03   1.610045E+03   3.416865E-01
   4.009301E+00   2.495703E+03   1.602709E+03   3.403951E-01
   4.027820E+00   2.487600E+03   1.597022E+03   3.389352E-01
   4.046424E+00   2.479332E+03   1.589382E+03   3.378889E-01
   4.065114E+00   2.471102E+03   1.583050E+03   3.365805E-01
   4.083890E+00   2.462522E+03   1.575102E+03   3.356391E-01
   4.102753E+00   2.454137E+03   1.569066E+03   3.342947E-01
   4.121703E+00   2.445207E+03   1.561384E+03   3.333441E-01
   4.140741E+00   2.437857E+03   1.554056E+03   3.321831E-01
   4.159866E+00   2.428664E+03   1.546894E+03   3.311610E-01
   4.179080E+00   2.420504E+03   1.538820E+03   3.302414E-01
   4.198383E+00   2.415133E+03   1.531502E+03   3.289127E-01
   4.217775E+00   2.406871E+03   1.526577E+03   3.273443E-01
   4.237256E+00   2.397570E+03   1.518740E+03   3.264942E-01
   4.256828E+00   2.390903E+03   1.512002E+03   3.251688E-01
   4.276489E+00   2.379389E+03   1.506233E+03   3.240881E-01
   4.296242E+00   2.371902E+03   1.498409E+03   3.230786E-01
   4.316086E+00   2.362727E+03   1.491571E+03   3.220168E-01
   4.336021E+00   2.355489E+03   1.483145E+03   3.211229E-01
   4.356049E+00   2.348282E+03   1.475971E+03   3.199545E-01
   4.376169E+00   2.338580E+03   1.468981E+03   3.189847E-01
   4.396382E+00   2.331284E+03   1.460984E+03   3.180115E-01
   4.416688E+00   2.324020E+03   1.453760E+03   3.168650E-01
   4.437088E+00   2.316713E+03   1.446106E+03   3.158207E-01
   4.457583E+00   2.309756E+03   1.439360E+03   3.145387E-01
   4.478172E+00   2.300554E+03   1.432399E+03   3.135224E-01
   4.498856E+00   2.292971E+03   1.424041E+03   3.126692E-01
   4.519635E+00   2.286321E+03   1.417326E+03   3.113501E-01
   4.540511E+00   2.278067E+03   1.410478E+03   3.102172E-01
   4.561483E+00   2.271341E+03   1.402467E+03   3.092036E-01
   4.582552E+00   2.264236E+03   1.396000E+03   3.078681E-01
   4.603718E+00   2.254640E+03   1.390250E+03   3.066084E-01
   4.624982E+00   2.246213E+03   1.382334E+03   3.057413E-01
   4.646345E+00   2.239321E+03   1.374731E+03   3.046478E-01
   4.667805E+00   2.230921E+03   1.367886E+03   3.035247E-01
   4.689365E+00   2.224158E+03   1.360014E+03   3.024816E-01
   4.711025E+00   2.216620E+03   1.353484E+03   3.011934E-01
   4.732785E+00   2.208032E+03   1.346068E+03   3.002232E-01
   4.754645E+00   2.201591E+03   1.337890E+03   2.992197E-01
   4.776606E+00   2.195495E+03   1.330783E+03   2.979196E-01
   4.798668E+00   2.187671E+03   1.324624E+03   2.965608E-01
   4.820833E+00   2.179473E+03   1.317926E+03   2.953694E-01
   4.843100E+00   2.170844E+03   1.311423E+03   2.941718E-01
   4.865469E+00   2.162288E+03   1.304864E+03   2.929782E-01
   4.887942E+00   2.154045E+03   1.297852E+03   2.918634E-01
   4.910519E+00   2.145033E+03   1.290839E+03   2.908281E-01
   4.933200E+00   2.136320E+03   1.283329E+03   2.898866E-01
   4.955986E+00   2.129340E+03   1.275932E+03   2.887337E-01
   4.978877E+00   2.121782E+03   1.269514E+03   2.873903E-01
   5.001874E+00   2.111523E+03   1.263419E+03   2.862476E-01
   5.024977E+00   2.101765E+03   1.254573E+03   2.857616E-01
   5.048187E+00   2.095242E+03   1.246159E+03   2.848205E-01
   5.071504E+00   2.088543E+03   1.238115E+03   2.838037E-01
   5.094928E+00   2.083272E+03   1.229988E+03   2.826561E-01
   5.118461E+00   2.076917E+03   1.222977E+03   2.813335E-01
   5.142103E+00   2.069623E+03   1.215866E+03   2.801372E-01
   5.165854E+00   2.062111E+03   1.208351E+03   2.790718E-01
   5.189714E+00   2.054872E+03   1.201067E+03   2.779167E-01
   5.213685E+00   2.048042E+03   1.194124E+03   2.766265E-01
   5.237766E+00   2.040891E+03   1.187013E+03   2.754163E-01
   5.261959E+00   2.033382E+03   1.180555E+03   2.740699E-01
   5.286263E+00   2.025034E+03   1.172916E+03   2.731376E-01
   5.310680E+00   2.018917E+03   1.165026E+03   2.720312E-01
   5.335209E+00   2.012225E+03   1.157851E+03   2.707958E-01
   5.359852E+00   2.004582E+03   1.151268E+03   2.695043E-01
   5.384608E+00   1.996784E+03   1.144228E+03   2.683594E-01
   5.409479E+00   1.989722E+03   1.136070E+03   2.674476E-01
   5.434465E+00   1.984289E+03   1.128855E+03   2.660955E-01
   5.459566E+00   1.977077E+03   1.122114E+03   2.648127E-01
   5.484783E+00   1.969426E+03   1.115425E+03   2.635683E-01
   5.510116E+00   1.962236E+03   1.108330E+03   2.623914E-01
   5.535567E+00   1.955324E+03   1.101120E+03   2.612214E-01
   5.561135E+00   1.948234E+03   1.094246E+03   2.599803E-01
   5.586821E+00   1.940872E+03   1.087866E+03   2.586325E-01
   5.612626E+00   1.933728E+03   1.080306E+03   2.576087E-01
   5.638550E+00   1.927655E+03   1.072914E+03   2.564205E-01
   5.664594E+00   1.921085E+03   1.065972E+03   2.551642E-01
   5.690758E+00   1.914051E+03   1.059424E+03   2.538516E-01
   5.717043E+00   1.907204E+03   1.053028E+03   2.524778E-01
   5.743449E+00   1.900081E+03   1.046412E+03   2.512084E-01
   5.769977E+00   1.891861E+03   1.039652E+03   2.501187E-01
   5.796628E+00   1.884676E+03   1.032286E+03   2.491006E-01
   5.823402E+00   1.878189E+03   1.024951E+03   2.480008E-01
   5.850300E+00   1.871681E+03   1.018318E+03   2.466975E-01
   5.877322E+00   1.866187E+03   1.011378E+03   2.453764E-01
   5.904468E+00   1.857772E+03   1.005097E+03   2.442089E-01
   5.931740E+00   1.850368E+03   9.981549E+02   2.431361E-01
   5.959138E+00   1.844236E+03   9.908469E+02   2.420360E-01
   5.986663E+00   1.837506E+03   9.845748E+02   2.406915E-01
   6.014314E+00   1.828930E+03   9.779550E+02   2.396917E-01
   6.042094E+00   1.822615E+03   9.706763E+02   2.386382E-01
   6.070001E+00   1.816769E+03   9.634567E+02   2.375205E-01
   6.098038E+00   1.809350E+03   9.570226E+02   2.363542E-01
   6.126204E+00   1.802810E+03   9.505383E+02   2.351062E-01
   6.154500E+00   1.795984E+03   9.435859E+02   2.340582E-01
   6.182927E+00   1.789539E+03   9.365702E+02   2.329962E-01
   6.211485E+00   1.784009E+03   9.298259E+02   2.317425E-01
   6.240175E+00   1.777761E+03   9.236070E+02   2.304146E-01
   6.268998E+00   1.770503E+03   9.173043E+02   2.292527E-01
   6.297954E+00   1.763023E+03   9.108757E+02   2.281732E-01
   6.327043E+00   1.756241E+03   9.042540E+02   2.270834E-01
   6.356267E+00   1.748318E+03   8.977121E+02   2.261256E-01
   6.385626E+00   1.741528E+03   8.906217E+02   2.252251E-01
   6.415120E+00   1.735719E+03   8.832027E+02   2.243269E-01
   6.444751E+00   1.729903E+03   8.763615E+02   2.232444E-01
   6.474518E+00   1.724381E+03   8.700212E+02   2.219618E-01
   6.504423E+00   1.717789E+03   8.641308E+02   2.206713E-01
   6.534467E+00   1.709198E+03   8.587543E+02   2.194710E-01
   6.564648E+00   1.702995E+03   8.512404E+02   2.187327E-01
   6.594970E+00   1.696563E+03   8.445426E+02   2.177484E-01
   6.625431E+00   1.689829E+03   8.385354E+02   2.165691E-01
   6.656033E+00   1.683101E+03   8.314222E+02   2.158047E-01
   6.686777E+00   1.676786E+03   8.248355E+02   2.148095E-01
   6.717662E+00   1.670362E+03   8.184658E+02   2.137637E-01
   6.748690E+00   1.662650E+03   8.118443E+02   2.130001E-01
   6.779861E+00   1.656040E+03   8.051857E+02   2.121178E-01
   6.811177E+00   1.649882E+03   7.984168E+02   2.112318E-01
   6.842637E+00   1.643895E+03   7.913748E+02   2.104425E-01
   6.874242E+00   1.638663E+03   7.849238E+02   2.093430E-01
   6.905993E+00   1.632852E+03   7.787246E+02   2.082414E-01
   6.937891E+00   1.625193E+03   7.727308E+02   2.073300E-01
   6.969936E+00   1.618385E+03   7.662671E+02   2.064985E-01
   7.002130E+00   1.611827E+03   7.596420E+02   2.057127E-01
   7.034472E+00   1.605349E+03   7.528978E+02   2.049805E-01
   7.066963E+00   1.598876E+03   7.465758E+02   2.040993E-01
   7.099605E+00   1.592404E+03   7.402732E+02   2.032273E-01
   7.132397E+00   1.585922E+03   7.335718E+02   2.025338E-01
   7.165340E+00   1.580127E+03   7.268691E+02   2.017628E-01
   7.198436E+00   1.574592E+03   7.202011E+02   2.009597E-01
   7.231685E+00   1.568657E+03   7.137076E+02   2.001617E-01
   7.265087E+00   1.562478E+03   7.076077E+02   1.992552E-01
   7.298644E+00   1.556109E+03   7.018145E+02   1.982657E-01
   7.332355E+00   1.548978E+03   6.952307E+02   1.977336E-01
   7.366222E+00   1.542091E+03   6.888320E+02   1.971097E-01
   7.400246E+00   1.535605E+03   6.827331E+02   1.963207E-01
   7.434427E+00   1.529437E+03   6.761378E+02   1.957162E-01
   7.468766E+00   1.523168E+03   6.695396E+02   1.951495E-01
   7.503263E+00   1.516049E+03   6.634795E+02   1.944980E-01
   7.537920E+00   1.509601E+03   6.569161E+02   1.939870E-01
   7.572736E+00   1.503692E+03   6.499569E+02   1.935924E-01
   7.607714E+00   1.497702E+03   6.435740E+02   1.929803E-01
   7.642853E+00   1.491725E+03   6.372234E+02   1.923742E-01
   7.678154E+00   1.485810E+03   6.307824E+02   1.918217E-01
   7.713619E+00   1.480067E+03   6.243629E+02   1.912568E-01
   7.749247E+00   1.474436E+03   6.179663E+02   1.906875E-01
   7.785040E+00   1.468891E+03   6.118542E+02   1.899980E-01
   7.820998E+00   1.463023E+03   6.057462E+02   1.893780E-01
   7.857122E+00   1.456103E+03   5.995372E+02   1.889911E-01
   7.893413E+00   1.449742E+03   5.932066E+02   1.885995E-01
   7.929872E+00   1.443868E+03   5.867785E+02   1.882037E-01
   7.966499E+00   1.438216E+03   5.803805E+02   1.877846E-01
   8.003295E+00   1.432661E+03   5.740470E+02   1.873451E-01
   8.040262E+00   1.427614E+03   5.681080E+02   1.866592E-01
   8.077399E+00   1.421822E+03   5.622623E+02   1.860689E-01
   8.114707E+00   1.414639E+03   5.565637E+02   1.856532E-01
   8.152188E+00   1.408139E+03   5.503812E+02   1.853928E-01
   8.189842E+00   1.402111E+03   5.438788E+02   1.852436E-01
   8.227670E+00   1.396886E+03   5.375356E+02   1.849121E-01
   8.265672E+00   1.391823E+03   5.312738E+02   1.845403E-01
   8.303850E+00   1.386327E+03   5.256075E+02   1.839621E-01
   8.342205E+00   1.380618E+03   5.199016E+02   1.834630E-01
   8.380737E+00   1.374219E+03   5.140108E+02   1.832008E-01
   8.419446E+00   1.367885E+03   5.080538E+02   1.829902E-01
   8.458335E+00   1.361645E+03   5.019958E+02   1.828458E-01
   8.497403E+00   1.356285E+03   4.958154E+02   1.826453E-01
   8.536651E+00   1.351553E+03   4.895672E+02   1.824019E-01
   8.576081E+00   1.346558E+03   4.836700E+02   1.820433E-01
   8.615693E+00   1.341465E+03   4.779182E+02   1.816494E-01
   8.655487E+00   1.335488E+03   4.724257E+02   1.812940E-01
   8.695466E+00   1.329383E+03   4.669922E+02   1.809550E-01
   8.735629E+00   1.323347E+03   4.614849E+02   1.806709E-01
   8.775978E+00   1.317332E+03   4.559470E+02   1.804276E-01
   8.816513E+00   1.311509E+03   4.499167E+02   1.804547E-01
   8.857236E+00   1.305976E+03   4.440212E+02   1.803836E-01
   8.898146E+00   1.301719E+03   4.385678E+02   1.798575E-01
   8.939246E+00   1.297063E+03   4.331538E+02   1.794057E-01
   8.980535E+00   1.291282E+03   4.277680E+02   1.791695E-01
   9.022015E+00   1.285516E+03   4.224751E+02   1.789036E-01
   9.063686E+00   1.279791E+03   4.173421E+02   1.785632E-01
   9.105550E+00   1.273899E+03   4.120423E+02   1.783781E-01
   9.147608E+00   1.267702E+03   4.064117E+02   1.784747E-01
   9.189860E+00   1.262179E+03   4.008470E+02   1.784338E-01
   9.232306E+00   1.257818E+03   3.953711E+02   1.781452E-01
   9.274949E+00   1.253197E+03   3.901099E+02   1.778035E-01
   9.317789E+00   1.248128E+03   3.851711E+02   1.773788E-01
   9.360827E+00   1.242945E+03   3.802043E+02   1.770171E-01
   9.404063E+00   1.237556E+03   3.751543E+02   1.767714E-01
   9.447500E+00   1.232463E+03   3.701253E+02   1.764801E-01
   9.491136E+00   1.228034E+03   3.650967E+02   1.760822E-01
   9.534975E+00   1.223300E+03   3.602799E+02   1.756376E-01
   9.579016E+00   1.217680E+03   3.559739E+02   1.750748E-01
   9.623260E+00   1.211891E+03   3.515886E+02   1.746179E-01
   9.667709E+00   1.205329E+03   3.467408E+02   1.746333E-01
   9.712362E+00   1.198860E+03   3.419307E+02   1.746344E-01
   9.757223E+00   1.193434E+03   3.371371E+02   1.744383E-01
   9.802290E+00   1.188005E+03   3.323895E+02   1.742384E-01
   9.847566E+00   1.182123E+03   3.275133E+02   1.742401E-01
   9.893050E+00   1.176223E+03   3.226796E+02   1.742443E-01
   9.938745E+00   1.171954E+03   3.181723E+02   1.737219E-01
   9.984651E+00   1.168027E+03   3.137745E+02   1.730788E-01
   1.003077E+01   1.162695E+03   3.094815E+02   1.726866E-01
   1.007710E+01   1.156662E+03   3.052554E+02   1.724234E-01
   1.012364E+01   1.150970E+03   3.009580E+02   1.721573E-01
   1.017040E+01   1.145640E+03   2.965901E+02   1.718828E-01
   1.021738E+01   1.140336E+03   2.922885E+02   1.715823E-01
   1.026457E+01   1.135101E+03   2.880817E+02   1.712280E-01
   1.031198E+01   1.129851E+03   2.839219E+02   1.708681E-01
   1.035961E+01   1.124346E+03   2.798294E+02   1.705423E-01
   1.040746E+01   1.118844E+03   2.757808E+02   1.702095E-01
   1.045553E+01   1.113437E+03   2.717014E+02   1.698978E-01
   1.050383E+01   1.108056E+03   2.676511E+02   1.695830E-01
   1.055234E+01   1.102468E+03   2.637041E+02   1.692683E-01
   1.060108E+01   1.096701E+03   2.598491E+02   1.689552E-01
   1.065005E+01   1.091031E+03   2.559773E+02   1.686529E-01
   1.069924E+01   1.085656E+03   2.519660E+02   1.683957E-01
   1.074866E+01   1.080290E+03   2.480058E+02   1.681231E-01
   1.079830E+01   1.075374E+03   2.441498E+02   1.677003E-01
   1.084818E+01   1.070507E+03   2.403498E+02   1.672494E-01
   1.089829E+01   1.065783E+03   2.366421E+02   1.667253E-01
   1.094862E+01   1.061168E+03   2.330151E+02   1.661433E-01
   1.099920E+01   1.056419E+03   2.294454E+02   1.655738E-01
   1.105000E+01   1.051106E+03   2.259545E+02   1.651014E-01
   1.110104E+01   1.045803E+03   2.225078E+02   1.646175E-01
   1.115231E+01   1.040990E+03   2.189388E+02   1.641167E-01
   1.120382E+01   1.036309E+03   2.153813E+02   1.635953E-01
   1.125557E+01   1.031685E+03   2.119537E+02   1.629967E-01
   1.130756E+01   1.027139E+03   2.087011E+02   1.622886E-01
   1.135979E+01   1.022607E+03   2.054938E+02   1.615672E-01
   1.141226E+01   1.017612E+03   2.022075E+02   1.610180E-01
   1.146497E+01   1.012596E+03   1.989583E+02   1.604674E-01
   1.151793E+01   1.008067E+03   1.957359E+02   1.598054E-01
   1.157112E+01   1.004143E+03   1.925394E+02   1.590055E-01
   1.162457E+01   1.000243E+03   1.893944E+02   1.581861E-01
   1.167826E+01   9.966744E+02   1.864315E+02   1.571996E-01
   1.173220E+01   9.931459E+02   1.835242E+02   1.561892E-01
   1.178639E+01   9.893850E+02   1.806329E+02   1.552398E-01
   1.184083E+01   9.852663E+02   1.777420E+02   1.543885E-01
   1.189552E+01   9.811691E+02   1.748959E+02   1.535232E-01
   1.195047E+01   9.776911E+02   1.721434E+02   1.524822E-01
   1.200567E+01   9.743565E+02   1.694455E+02   1.513962E-01
   1.206112E+01   9.709008E+02   1.668008E+02   1.503251E-01
   1.211683E+01   9.669935E+02   1.642277E+02   1.493308E-01
   1.217279E+01   9.631049E+02   1.616934E+02   1.483283E-01
   1.222902E+01   9.593784E+02   1.591186E+02   1.473322E-01
   1.228550E+01   9.557706E+02   1.565342E+02   1.463345E-01
   1.234225E+01   9.521886E+02   1.539924E+02   1.453253E-01
   1.239926E+01   9.492387E+02   1.515919E+02   1.441181E-01
   1.245653E+01   9.463505E+02   1.492380E+02   1.428918E-01
   1.251406E+01   9.434233E+02   1.469107E+02   1.416797E-01
   1.257186E+01   9.403294E+02   1.445825E+02   1.405244E-01
   1.262993E+01   9.372599E+02   1.422935E+02   1.393623E-01
   1.268827E+01   9.346777E+02   1.400407E+02   1.380992E-01
   1.274687E+01   9.325590E+02   1.378264E+02   1.367410E-01
   1.280575E+01   9.304682E+02   1.356528E+02   1.353782E-01
   1.286490E+01   9.284009E+02   1.335536E+02   1.339923E-01
   1.292432E+01   9.263560E+02   1.315036E+02   1.325980E-01
   1.298401E+01   9.243339E+02   1.294904E+02   1.312027E-01
   1.304398E+01   9.231305E+02   1.275733E+02   1.296153E-01
   1.310423E+01   9.219892E+02   1.256959E+02   1.280203E-01
   1.316476E+01   9.208754E+02   1.238626E+02   1.264220E-01
   1.322557E+01   9.198405E+02   1.221275E+02   1.247770E-01
   1.328665E+01   9.188160E+02   1.204245E+02   1.231379E-01
   1.334802E+01   9.178758E+02   1.187725E+02   1.214790E-01
   1.340968E+01   9.171772E+02   1.172117E+02   1.197450E-01
   1.347161E+01   9.164781E+02   1.156799E+02   1.180198E-01
   1.353384E+01   9.155686E+02   1.141870E+02   1.163331E-01
   1.359635E+01   9.142220E+02   1.127411E+02   1.147163E-01
   1.365915E+01   9.128662E+02   1.113189E+02   1.131084E-01
   1.372224E+01   9.113246E+02   1.099239E+02   1.115362E-01
   1.378562E+01   9.094770E+02   1.085573E+02   1.100175E-01
   1.384929E+01   9.076165E+02   1.072110E+02   1.085075E-01
   1.391326E+01   9.056248E+02   1.058688E+02   1.070379E-01
   1.397753E+01   9.034306E+02   1.045206E+02   1.056282E-01
   1.404209E+01   9.012266E+02   1.031918E+02   1.042266E-01
   1.410694E+01   8.991085E+02   1.018778E+02   1.028217E-01
   1.417210E+01   8.971626E+02   1.005749E+02   1.014035E-01
   1.423756E+01   8.952061E+02   9.929178E+01   9.999380E-02
   1.430332E+01   8.933467E+02   9.804725E+01   9.855918E-02
   1.436939E+01   8.917658E+02   9.687387E+01   9.704188E-02
   1.443576E+01   8.901618E+02   9.571833E+01   9.553449E-02
   1.450244E+01   8.884051E+02   9.457354E+01   9.406226E-02
   1.456942E+01   8.858657E+02   9.340515E+01   9.274866E-02
   1.463672E+01   8.833097E+02   9.225236E+01   9.144342E-02
   1.470432E+01   8.807366E+02   9.111492E+01   9.014654E-02
   1.477224E+01   8.789645E+02   8.999105E+01   8.874600E-02
   1.484047E+01   8.771914E+02   8.888434E+01   8.735243E-02
   1.490902E+01   8.753969E+02   8.779450E+01   8.596853E-02
   1.497788E+01   8.736089E+02   8.673719E+01   8.457279E-02
   1.504706E+01   8.718035E+02   8.570069E+01   8.318014E-02
   1.511656E+01   8.699704E+02   8.467961E+01   8.179735E-02
   1.518638E+01   8.684946E+02   8.368904E+01   8.035807E-02
   1.525653E+01   8.673709E+02   8.272982E+01   7.886318E-02
   1.532699E+01   8.662082E+02   8.178652E+01   7.737962E-02
   1.539779E+01   8.652311E+02   8.087333E+01   7.586272E-02
   1.546891E+01   8.651900E+02   8.004049E+01   7.416333E-02
   1.554036E+01   8.650843E+02   7.922456E+01   7.247788E-02
   1.561214E+01   8.649109E+02   7.842505E+01   7.080623E-02
   1.568425E+01   8.642409E+02   7.779207E+01   6.898367E-02
   1.575669E+01   8.633558E+02   7.720225E+01   6.713572E-02
   1.582947E+01   8.623393E+02   7.662187E+01   6.529772E-02
   1.590258E+01   8.609325E+02   7.601362E+01   6.354800E-02
   1.597603E+01   8.590351E+02   7.535941E+01   6.192350E-02
   1.604983E+01   8.570311E+02   7.471324E+01   6.030817E-02
   1.612396E+01   8.549185E+02   7.407480E+01   5.870185E-02
   1.619843E+01   8.552791E+02   7.363773E+01   5.658794E-02
   1.627325E+01   8.556128E+02   7.322836E+01   5.445035E-02
   1.634841E+01   8.557180E+02   7.283201E+01   5.232643E-02
   1.642393E+01   8.554792E+02   7.259424E+01   4.996354E-02
   1.649979E+01   8.546769E+02   7.258085E+01   4.723155E-02
   1.657600E+01   8.533824E+02   7.257285E+01   4.449857E-02
   1.665256E+01   8.515773E+02   7.256865E+01   4.176411E-02
   1.672948E+01   8.465787E+02   7.284416E+01   3.855813E-02
   1.680675E+01   8.402202E+02   7.316405E+01   3.520425E-02
   1.688438E+01   8.330742E+02   7.346100E+01   3.180483E-02
   1.696236E+01   8.233557E+02   7.376326E+01   2.829063E-02
   1.704071E+01   8.042959E+02   7.415781E+01   2.430860E-02
   1.711942E+01   7.849183E+02   7.446667E+01   2.014723E-02
   1.719849E+01   7.652982E+02   7.468972E+01   1.580872E-02
   1.727793E+01   7.396013E+02   7.433328E+01   1.227772E-02
   1.735773E+01   7.085186E+02   7.339240E+01   9.645178E-03
   1.743791E+01   6.796041E+02   7.248024E+01   6.694960E-03
   1.751845E+01   6.528093E+02   7.159773E+01   3.389281E-03
   1.759936E+01   6.301956E+02   6.961585E+01   4.621766E-03
   1.768065E+01   6.089703E+02   6.737930E+01   7.990675E-03
   1.776232E+01   5.882335E+02   6.543670E+01   1.122848E-02
   1.784436E+01   5.683769E+02   6.377154E+01   1.425810E-02
   1.792678E+01   5.560489E+02   6.142973E+01   2.298208E-02
   1.800958E+01   5.435245E+02   5.912604E+01   3.286775E-02
   1.809277E+01   5.297363E+02   5.702147E+01   4.284629E-02
   1.817634E+01   5.149919E+02   5.510630E+01   5.291312E-02
   1.826029E+01   5.064423E+02   5.312224E+01   6.126489E-02
   1.834463E+01   4.977596E+02   5.118885E+01   6.907535E-02
   1.842936E+01   4.885300E+02   4.931949E+01   7.640551E-02
   1.851449E+01   4.788242E+02   4.751369E+01   8.321351E-02
   1.860000E+01   4.746061E+02   4.606318E+01   8.555102E-02
   1.868591E+01   4.707888E+02   4.466609E+01   8.737455E-02
   1.877222E+01   4.671001E+02   4.330664E+01   8.889718E-02
   1.885893E+01   4.635450E+02   4.198398E+01   9.013446E-02
   1.894604E+01   4.619784E+02   4.091700E+01   8.977022E-02
   1.903354E+01   4.607767E+02   3.990377E+01   8.915874E-02
   1.912146E+01   4.597240E+02   3.891771E+01   8.847071E-02
   1.920978E+01   4.588162E+02   3.795793E+01   8.771408E-02
   1.929851E+01   4.582451E+02   3.712199E+01   8.659880E-02
   1.938764E+01   4.578303E+02   3.633760E+01   8.537504E-02
   1.947719E+01   4.575022E+02   3.557299E+01   8.414346E-02
   1.956715E+01   4.572578E+02   3.482757E+01   8.290644E-02
   1.965753E+01   4.569909E+02   3.412925E+01   8.163305E-02
   1.974833E+01   4.566981E+02   3.347073E+01   8.033733E-02
   1.983954E+01   4.564566E+02   3.282776E+01   7.904927E-02
   1.993118E+01   4.562644E+02   3.219991E+01   7.776970E-02
   2.002324E+01   4.561030E+02   3.159726E+01   7.647834E-02
   2.011573E+01   4.559265E+02   3.103918E+01   7.513695E-02
   2.020864E+01   4.557759E+02   3.049361E+01   7.380980E-02
   2.030198E+01   4.556497E+02   2.996024E+01   7.249707E-02
   2.039575E+01   4.555463E+02   2.943873E+01   7.119891E-02
   2.048996E+01   4.551606E+02   2.895673E+01   6.991648E-02
   2.058460E+01   4.547340E+02   2.848888E+01   6.864851E-02
   2.067967E+01   4.543105E+02   2.803061E+01   6.739472E-02
   2.077519E+01   4.538893E+02   2.758166E+01   6.615505E-02
   2.087115E+01   4.532501E+02   2.714547E+01   6.497044E-02
   2.096755E+01   4.522718E+02   2.672314E+01   6.386104E-02
   2.106440E+01   4.512890E+02   2.630856E+01   6.276280E-02
   2.116169E+01   4.503013E+02   2.590157E+01   6.167564E-02
   2.125943E+01   4.493080E+02   2.550200E+01   6.059946E-02
   2.135763E+01   4.480244E+02   2.510979E+01   5.959665E-02
   2.145628E+01   4.466750E+02   2.472439E+01   5.861653E-02
   2.155538E+01   4.453198E+02   2.434561E+01   5.764563E-02
   2.165494E+01   4.439584E+02   2.397333E+01   5.668387E-02
   2.175496E+01   4.425683E+02   2.360720E+01   5.573658E-02
   2.185545E+01   4.410547E+02   2.324622E+01   5.482664E-02
   2.195640E+01   4.395353E+02   2.289127E+01   5.392505E-02
   2.205781E+01   4.380096E+02   2.254223E+01   5.303173E-02
   2.215969E+01   4.364773E+02   2.219900E+01   5.214662E-02
   2.226204E+01   4.349120E+02   2.186342E+01   5.126566E-02
   2.236487E+01   4.332974E+02   2.153635E+01   5.038639E-02
   2.246817E+01   4.316733E+02   2.121454E+01   4.951490E-02
   2.257195E+01   4.300395E+02   2.089790E+01   4.865111E-02
   2.267621E+01   4.283957E+02   2.058632E+01   4.779495E-02
   2.278094E+01   4.266824E+02   2.027817E+01   4.696501E-02
   2.288617E+01   4.249042E+02   1.997344E+01   4.616004E-02
   2.299187E+01   4.231180E+02   1.967351E+01   4.536206E-02
   2.309807E+01   4.213236E+02   1.937830E+01   4.457099E-02
   2.320476E+01   4.195208E+02   1.908772E+01   4.378677E-02
   2.331194E+01   4.179394E+02   1.880946E+01   4.292536E-02
   2.341961E+01   4.165480E+02   1.854265E+01   4.199537E-02
   2.352779E+01   4.151335E+02   1.828006E+01   4.107359E-02
   2.363646E+01   4.136955E+02   1.802160E+01   4.015993E-02
   2.374563E+01   4.122335E+02   1.776719E+01   3.925426E-02
   2.385531E+01   4.107184E+02   1.752190E+01   3.832609E-02
   2.396549E+01   4.091315E+02   1.728740E+01   3.736277E-02
   2.407619E+01   4.075096E+02   1.705628E+01   3.640648E-02
   2.418739E+01   4.058523E+02   1.682845E+01   3.545709E-02
   2.429911E+01   4.041594E+02   1.660386E+01   3.451450E-02
   2.441135E+01   4.024396E+02   1.638576E+01   3.355175E-02
   2.452410E+01   4.007110E+02   1.618486E+01   3.247900E-02
   2.463737E+01   3.989251E+02   1.598650E+01   3.141170E-02
   2.475117E+01   3.970815E+02   1.579058E+01   3.034971E-02
   2.486549E+01   3.951798E+02   1.559705E+01   2.929291E-02
   2.498034E+01   3.932197E+02   1.540584E+01   2.824118E-02
   2.509572E+01   3.906541E+02   1.522904E+01   2.713458E-02
   2.521164E+01   3.879102E+02   1.505600E+01   2.601553E-02
   2.532809E+01   3.851002E+02   1.488410E+01   2.489579E-02
   2.544508E+01   3.822250E+02   1.471330E+01   2.377528E-02
   2.556260E+01   3.792850E+02   1.454356E+01   2.265392E-02
   2.568067E+01   3.761232E+02   1.437877E+01   2.149937E-02
   2.579929E+01   3.725807E+02   1.422221E+01   2.027629E-02
   2.591845E+01   3.689697E+02   1.406580E+01   1.904671E-02
   2.603817E+01   3.652921E+02   1.390956E+01   1.781055E-02
   2.615843E+01   3.615497E+02   1.375346E+01   1.656776E-02
   2.627926E+01   3.577447E+02   1.359750E+01   1.531828E-02
   2.640064E+01   3.527848E+02   1.345414E+01   1.391472E-02
   2.652258E+01   3.473199E+02   1.331454E+01   1.242330E-02
   2.664508E+01   3.418321E+02   1.317309E+01   1.090437E-02
   2.676815E+01   3.363269E+02   1.302988E+01   9.357788E-03
   2.689179E+01   3.308097E+02   1.288502E+01   7.783447E-03
   2.701600E+01   3.252859E+02   1.273861E+01   6.181249E-03
   2.714079E+01   3.171112E+02   1.257290E+01   4.710439E-03
   2.726615E+01   3.089556E+02   1.240416E+01   3.194984E-03
   2.739208E+01   3.010865E+02   1.223442E+01   1.616254E-03
   2.751861E+01   2.935011E+02   1.206396E+01  -2.748230E-05
   2.764571E+01   2.861959E+02   1.189304E+01  -1.737914E-03
   2.777340E+01   2.791670E+02   1.172190E+01  -3.516677E-03
   2.790168E+01   2.705910E+02   1.146846E+01  -3.482103E-03
   2.803056E+01   2.624863E+02   1.122388E+01  -3.403791E-03
   2.816003E+01   2.549190E+02   1.099065E+01  -3.357034E-03
   2.829010E+01   2.478862E+02   1.076822E+01  -3.352716E-03
   2.842076E+01   2.413859E+02   1.055604E+01  -3.403657E-03
   2.855204E+01   2.354164E+02   1.035361E+01  -3.524905E-03
   2.868391E+01   2.311563E+02   1.006202E+01   1.518166E-03
   2.881640E+01   2.266730E+02   9.772635E+00   7.562096E-03
   2.894950E+01   2.218015E+02   9.503127E+00   1.373022E-02
   2.908322E+01   2.166606E+02   9.253132E+00   2.003786E-02
   2.921755E+01   2.113649E+02   9.022080E+00   2.650056E-02
   2.935250E+01   2.060230E+02   8.809255E+00   3.313393E-02
   2.948808E+01   2.013214E+02   8.580484E+00   3.997140E-02
   2.962428E+01   1.968733E+02   8.335987E+00   4.654830E-02
   2.976111E+01   1.921714E+02   8.099821E+00   5.270651E-02
   2.989857E+01   1.872560E+02   7.871889E+00   5.843546E-02
   3.003667E+01   1.821665E+02   7.652052E+00   6.372946E-02
   3.017540E+01   1.769408E+02   7.440139E+00   6.858756E-02
   3.031478E+01   1.718377E+02   7.237313E+00   7.272882E-02
   3.045480E+01   1.691610E+02   7.055242E+00   7.347391E-02
   3.059547E+01   1.665709E+02   6.877647E+00   7.402224E-02
   3.073678E+01   1.640672E+02   6.704410E+00   7.438849E-02
   3.087875E+01   1.616491E+02   6.535416E+00   7.458701E-02
   3.102138E+01   1.593154E+02   6.370549E+00   7.463176E-02
   3.116466E+01   1.570642E+02   6.209699E+00   7.453614E-02
   3.130861E+01   1.554328E+02   6.061731E+00   7.393564E-02
   3.145322E+01   1.546521E+02   5.930143E+00   7.274911E-02
   3.159850E+01   1.539271E+02   5.801534E+00   7.156490E-02
   3.174445E+01   1.532559E+02   5.675822E+00   7.038472E-02
   3.189107E+01   1.526363E+02   5.552927E+00   6.921015E-02
   3.203837E+01   1.520665E+02   5.432773E+00   6.804258E-02
   3.218635E+01   1.515446E+02   5.315288E+00   6.688325E-02
   3.233502E+01   1.510548E+02   5.206263E+00   6.579470E-02
   3.248437E+01   1.505771E+02   5.104957E+00   6.477628E-02
   3.263441E+01   1.501180E+02   5.005745E+00   6.377144E-02
   3.278515E+01   1.496768E+02   4.908579E+00   6.278015E-02
   3.293658E+01   1.492531E+02   4.813412E+00   6.180235E-02
   3.308871E+01   1.488461E+02   4.720199E+00   6.083799E-02
   3.324154E+01   1.484556E+02   4.628898E+00   5.988699E-02
   3.339508E+01   1.479952E+02   4.540648E+00   5.900963E-02
   3.354933E+01   1.474188E+02   4.455892E+00   5.823253E-02
   3.370429E+01   1.468521E+02   4.372787E+00   5.746457E-02
   3.385996E+01   1.462948E+02   4.291301E+00   5.670568E-02
   3.401636E+01   1.457467E+02   4.211399E+00   5.595579E-02
   3.417347E+01   1.452075E+02   4.133049E+00   5.521483E-02
   3.433132E+01   1.446770E+02   4.056219E+00   5.448272E-02
   3.448989E+01   1.441502E+02   3.981012E+00   5.376251E-02
   3.464919E+01   1.435284E+02   3.910061E+00   5.311663E-02
   3.480923E+01   1.429110E+02   3.840418E+00   5.247758E-02
   3.497001E+01   1.422980E+02   3.772057E+00   5.184532E-02
   3.513154E+01   1.416893E+02   3.704952E+00   5.121975E-02
   3.529380E+01   1.410847E+02   3.639081E+00   5.060081E-02
   3.545682E+01   1.404842E+02   3.574419E+00   4.998844E-02
   3.562059E+01   1.398877E+02   3.510943E+00   4.938256E-02
   3.578512E+01   1.391443E+02   3.448608E+00   4.886618E-02
   3.595041E+01   1.382071E+02   3.387361E+00   4.846394E-02
   3.611646E+01   1.372769E+02   3.327208E+00   4.806471E-02
   3.628327E+01   1.363536E+02   3.268127E+00   4.766847E-02
   3.645086E+01   1.354371E+02   3.210099E+00   4.727521E-02
   3.661922E+01   1.345274E+02   3.153107E+00   4.688491E-02
   3.678836E+01   1.336243E+02   3.097130E+00   4.649755E-02
   3.695828E+01   1.327279E+02   3.042151E+00   4.611311E-02
   3.712899E+01   1.318266E+02   2.987556E+00   4.573925E-02
   3.730048E+01   1.309230E+02   2.933446E+00   4.537457E-02
   3.747277E+01   1.300269E+02   2.880323E+00   4.501236E-02
   3.764585E+01   1.291383E+02   2.828170E+00   4.465263E-02
   3.781973E+01   1.282571E+02   2.776969E+00   4.429538E-02
   3.799442E+01   1.273832E+02   2.726702E+00   4.394058E-02
   3.816991E+01   1.265165E+02   2.677351E+00   4.358824E-02
   3.834621E+01   1.256570E+02   2.628900E+00   4.323834E-02
   3.852333E+01   1.248433E+02   2.582124E+00   4.286759E-02
   3.870126E+01   1.241064E+02   2.537635E+00   4.245632E-02
   3.888002E+01   1.233729E+02   2.493913E+00   4.204835E-02
   3.905960E+01   1.226427E+02   2.450945E+00   4.164366E-02
   3.924001E+01   1.219158E+02   2.408718E+00   4.124222E-02
   3.942126E+01   1.211922E+02   2.367218E+00   4.084399E-02
   3.960334E+01   1.204719E+02   2.326434E+00   4.044895E-02
   3.978626E+01   1.197548E+02   2.286353E+00   4.005708E-02
   3.997003E+01   1.190409E+02   2.246963E+00   3.966834E-02
   4.015465E+01   1.178711E+02   2.207416E+00   3.953324E-02
   4.034012E+01   1.166242E+02   2.168402E+00   3.944721E-02
   4.052644E+01   1.153899E+02   2.130075E+00   3.936137E-02
   4.071363E+01   1.141682E+02   2.092422E+00   3.927570E-02
   4.090168E+01   1.129589E+02   2.055432E+00   3.919020E-02
   4.109060E+01   1.117618E+02   2.019093E+00   3.910488E-02
   4.128039E+01   1.105770E+02   1.983393E+00   3.901972E-02
   4.147106E+01   1.094042E+02   1.948322E+00   3.893474E-02
   4.166261E+01   1.082434E+02   1.913869E+00   3.884992E-02
   4.185505E+01   1.074131E+02   1.879050E+00   3.859203E-02
   4.204837E+01   1.065969E+02   1.844847E+00   3.833172E-02
   4.224259E+01   1.057877E+02   1.811270E+00   3.807276E-02
   4.243770E+01   1.049854E+02   1.778308E+00   3.781517E-02
   4.263371E+01   1.041901E+02   1.745949E+00   3.755893E-02
   4.283063E+01   1.034016E+02   1.714182E+00   3.730406E-02
   4.302846E+01   1.026198E+02   1.682996E+00   3.705055E-02
   4.322721E+01   1.018446E+02   1.652380E+00   3.679841E-02
   4.342687E+01   1.010761E+02   1.622325E+00   3.654764E-02
   4.362745E+01   1.001894E+02   1.593840E+00   3.635989E-02
   4.382896E+01   9.926739E+01   1.566195E+00   3.619444E-02
   4.403140E+01   9.835351E+01   1.539020E+00   3.602994E-02
   4.423478E+01   9.744764E+01   1.512308E+00   3.586636E-02
   4.443909E+01   9.654974E+01   1.486051E+00   3.570371E-02
   4.464435E+01   9.565973E+01   1.460242E+00   3.554199E-02
   4.485056E+01   9.477755E+01   1.434873E+00   3.538117E-02
   4.505772E+01   9.390314E+01   1.409936E+00   3.522126E-02
   4.526583E+01   9.303644E+01   1.385425E+00   3.506225E-02
   4.547491E+01   9.216220E+01   1.361213E+00   3.491413E-02
   4.568495E+01   9.115631E+01   1.336335E+00   3.485855E-02
   4.589597E+01   9.016059E+01   1.311919E+00   3.480203E-02
   4.610795E+01   8.917496E+01   1.287957E+00   3.474460E-02
   4.632092E+01   8.819933E+01   1.264439E+00   3.468626E-02
   4.653487E+01   8.723361E+01   1.241358E+00   3.462705E-02
   4.674981E+01   8.627770E+01   1.218705E+00   3.456696E-02
   4.696574E+01   8.533152E+01   1.196472E+00   3.450603E-02
   4.718267E+01   8.439499E+01   1.174651E+00   3.444427E-02
   4.740060E+01   8.346800E+01   1.153235E+00   3.438170E-02
   4.761954E+01   8.255074E+01   1.132216E+00   3.431817E-02
   4.783949E+01   8.174475E+01   1.112199E+00   3.419187E-02
   4.806045E+01   8.094642E+01   1.092534E+00   3.406608E-02
   4.828244E+01   8.015568E+01   1.073215E+00   3.394080E-02
   4.850545E+01   7.937245E+01   1.054234E+00   3.381603E-02
   4.872949E+01   7.859666E+01   1.035587E+00   3.369176E-02
   4.895456E+01   7.782826E+01   1.017268E+00   3.356800E-02
   4.918068E+01   7.706717E+01   9.992706E-01   3.344474E-02
   4.940784E+01   7.631332E+01   9.815895E-01   3.332198E-02
   4.963605E+01   7.556665E+01   9.642192E-01   3.319972E-02
   4.986531E+01   7.482709E+01   9.471542E-01   3.307795E-02
   5.009563E+01   7.398392E+01   9.302331E-01   3.302760E-02
   5.032702E+01   7.299498E+01   9.134034E-01   3.307668E-02
   5.055947E+01   7.201785E+01   8.968868E-01   3.312460E-02
   5.079300E+01   7.105240E+01   8.806770E-01   3.317137E-02
   5.102761E+01   7.009854E+01   8.647683E-01   3.321702E-02
   5.126330E+01   6.915614E+01   8.491546E-01   3.326154E-02
   5.150008E+01   6.822511E+01   8.338302E-01   3.330495E-02
   5.173795E+01   6.730532E+01   8.187896E-01   3.334727E-02
   5.197692E+01   6.639667E+01   8.040272E-01   3.338851E-02
   5.221699E+01   6.549906E+01   7.895376E-01   3.342867E-02
   5.245818E+01   6.461237E+01   7.753156E-01   3.346778E-02
   5.270048E+01   6.374389E+01   7.612305E-01   3.349634E-02
   5.294389E+01   6.290393E+01   7.470994E-01   3.349900E-02
   5.318843E+01   6.207326E+01   7.332412E-01   3.349922E-02
   5.343411E+01   6.125180E+01   7.196501E-01   3.349705E-02
   5.368091E+01   6.043951E+01   7.063208E-01   3.349255E-02
   5.392886E+01   5.963632E+01   6.932479E-01   3.348577E-02
   5.417795E+01   5.884216E+01   6.804263E-01   3.347674E-02
   5.442819E+01   5.805698E+01   6.678508E-01   3.346552E-02
   5.467959E+01   5.728070E+01   6.555164E-01   3.345215E-02
   5.493214E+01   5.651328E+01   6.434182E-01   3.343668E-02
   5.518587E+01   5.575463E+01   6.315516E-01   3.341916E-02
   5.544077E+01   5.500471E+01   6.199117E-01   3.339962E-02
   5.569684E+01   5.426343E+01   6.084940E-01   3.337812E-02
   5.595410E+01   5.353074E+01   5.972941E-01   3.335469E-02
   5.621254E+01   5.280657E+01   5.863075E-01   3.332938E-02
   5.647218E+01   5.209085E+01   5.755300E-01   3.330223E-02
   5.673302E+01   5.138352E+01   5.649574E-01   3.327328E-02
   5.699506E+01   5.068451E+01   5.545856E-01   3.324257E-02
   5.725831E+01   4.999375E+01   5.444105E-01   3.321014E-02
   5.752278E+01   4.931118E+01   5.344283E-01   3.317603E-02
   5.778847E+01   4.863672E+01   5.246350E-01   3.314028E-02
   5.805539E+01   4.797031E+01   5.150270E-01   3.310293E-02
   5.832354E+01   4.731188E+01   5.056005E-01   3.306400E-02
   5.859293E+01   4.666137E+01   4.963519E-01   3.302355E-02
   5.886357E+01   4.601870E+01   4.872777E-01   3.298160E-02
   5.913545E+01   4.538380E+01   4.783745E-01   3.293819E-02
   5.940859E+01   4.475662E+01   4.696388E-01   3.289335E-02
   5.968299E+01   4.413707E+01   4.610673E-01   3.284713E-02
   5.995866E+01   4.352510E+01   4.526569E-01   3.279955E-02
   6.023560E+01   4.292063E+01   4.444042E-01   3.275064E-02
   6.051382E+01   4.232359E+01   4.363063E-01   3.270045E-02
   6.079333E+01   4.173392E+01   4.283601E-01   3.264899E-02
   6.107412E+01   4.115154E+01   4.205626E-01   3.259630E-02
   6.135622E+01   4.057640E+01   4.129109E-01   3.254242E-02
   6.163961E+01   4.000841E+01   4.054021E-01   3.248737E-02
   6.192432E+01   3.944752E+01   3.980335E-01   3.243118E-02
   6.221034E+01   3.889366E+01   3.908022E-01   3.237389E-02
   6.249768E+01   3.834675E+01   3.837057E-01   3.231551E-02
   6.278635E+01   3.780673E+01   3.767413E-01   3.225608E-02
   6.307635E+01   3.727354E+01   3.699064E-01   3.219563E-02
   6.336770E+01   3.674709E+01   3.631985E-01   3.213418E-02
   6.366038E+01   3.622734E+01   3.566152E-01   3.207177E-02
   6.395442E+01   3.571421E+01   3.501540E-01   3.200840E-02
   6.424982E+01   3.520763E+01   3.438125E-01   3.194412E-02
   6.454658E+01   3.470754E+01   3.375886E-01   3.187895E-02
   6.484471E+01   3.421387E+01   3.314798E-01   3.181291E-02
   6.514422E+01   3.372656E+01   3.254840E-01   3.174603E-02
   6.544512E+01   3.324553E+01   3.195990E-01   3.167832E-02
   6.574740E+01   3.277073E+01   3.138226E-01   3.160982E-02
   6.605108E+01   3.230209E+01   3.081529E-01   3.154055E-02
   6.635616E+01   3.183955E+01   3.025876E-01   3.147052E-02
   6.666265E+01   3.138303E+01   2.971249E-01   3.139977E-02
   6.697056E+01   3.093248E+01   2.917628E-01   3.132831E-02
   6.727989E+01   3.048784E+01   2.864993E-01   3.125616E-02
   6.759065E+01   3.004903E+01   2.813325E-01   3.118335E-02
   6.790284E+01   2.961599E+01   2.762607E-01   3.110990E-02
   6.821647E+01   2.918867E+01   2.712820E-01   3.103582E-02
   6.853156E+01   2.876700E+01   2.663946E-01   3.096113E-02
   6.884809E+01   2.835092E+01   2.615968E-01   3.088587E-02
   6.916610E+01   2.794036E+01   2.568870E-01   3.081003E-02
   6.948557E+01   2.753527E+01   2.522633E-01   3.073365E-02
   6.980651E+01   2.713558E+01   2.477243E-01   3.065674E-02
   7.012894E+01   2.674124E+01   2.432682E-01   3.057932E-02
   7.045286E+01   2.635218E+01   2.388936E-01   3.050141E-02
   7.077827E+01   2.596834E+01   2.345988E-01   3.042301E-02
   7.110518E+01   2.558966E+01   2.303825E-01   3.034416E-02
   7.143361E+01   2.521609E+01   2.262430E-01   3.026487E-02
   7.176355E+01   2.484757E+01   2.221791E-01   3.018515E-02
   7.209502E+01   2.448403E+01   2.181891E-01   3.010502E-02
   7.242802E+01   2.412543E+01   2.142718E-01   3.002449E-02
   7.276255E+01   2.377170E+01   2.104258E-01   2.994359E-02
   7.309864E+01   2.342278E+01   2.066498E-01   2.986232E-02
   7.343627E+01   2.307862E+01   2.029424E-01   2.978070E-02
   7.377546E+01   2.273917E+01   1.993023E-01   2.969874E-02
   7.411622E+01   2.240437E+01   1.957284E-01   2.961646E-02
   7.445856E+01   2.207416E+01   1.922193E-01   2.953387E-02
   7.480247E+01   2.174848E+01   1.887739E-01   2.945099E-02
   7.514797E+01   2.142729E+01   1.853909E-01   2.936783E-02
   7.549507E+01   2.111054E+01   1.820693E-01   2.928439E-02
   7.584378E+01   2.079815E+01   1.788078E-01   2.920071E-02
   7.619409E+01   2.049010E+01   1.756054E-01   2.911677E-02
   7.654602E+01   2.018631E+01   1.724609E-01   2.903261E-02
   7.689958E+01   1.988674E+01   1.693733E-01   2.894823E-02
   7.725477E+01   1.959134E+01   1.663416E-01   2.886364E-02
   7.761160E+01   1.930006E+01   1.633646E-01   2.877885E-02
   7.797007E+01   1.901284E+01   1.604414E-01   2.869388E-02
   7.833021E+01   1.872964E+01   1.575709E-01   2.860874E-02
   7.869201E+01   1.845041E+01   1.547523E-01   2.852343E-02
   7.905548E+01   1.817509E+01   1.519846E-01   2.843797E-02
   7.942062E+01   1.790365E+01   1.492667E-01   2.835236E-02
   7.978746E+01   1.763602E+01   1.465979E-01   2.826662E-02
   8.015599E+01   1.737216E+01   1.439771E-01   2.818076E-02
   8.052622E+01   1.711203E+01   1.414036E-01   2.809479E-02
   8.089816E+01   1.685557E+01   1.388764E-01   2.800871E-02
   8.127182E+01   1.660275E+01   1.363946E-01   2.792254E-02
   8.164720E+01   1.635351E+01   1.339576E-01   2.783628E-02
   8.202432E+01   1.610781E+01   1.315643E-01   2.774995E-02
   8.240318E+01   1.586561E+01   1.292142E-01   2.766354E-02
   8.278379E+01   1.562685E+01   1.269062E-01   2.757708E-02
   8.316616E+01   1.539150E+01   1.246397E-01   2.749056E-02
   8.355029E+01   1.515951E+01   1.224140E-01   2.740401E-02
   8.393620E+01   1.493084E+01   1.202282E-01   2.731741E-02
   8.432389E+01   1.470544E+01   1.180816E-01   2.723079E-02
   8.471337E+01   1.448327E+01   1.159736E-01   2.714414E-02
   8.510465E+01   1.426430E+01   1.139034E-01   2.705748E-02
   8.549774E+01   1.404847E+01   1.118703E-01   2.697082E-02
   8.589264E+01   1.383575E+01   1.098737E-01   2.688416E-02
   8.628937E+01   1.362610E+01   1.079128E-01   2.679750E-02
   8.668793E+01   1.341947E+01   1.059872E-01   2.671086E-02
   8.708833E+01   1.321583E+01   1.040960E-01   2.662424E-02
   8.749058E+01   1.301514E+01   1.022387E-01   2.653765E-02
   8.789469E+01   1.281735E+01   1.004146E-01   2.645109E-02
   8.830067E+01   1.262244E+01   9.862321E-02   2.636457E-02
   8.870852E+01   1.243035E+01   9.686389E-02   2.627809E-02
   8.911825E+01   1.224106E+01   9.513604E-02   2.619167E-02
   8.952988E+01   1.205453E+01   9.343911E-02   2.610530E-02
   8.994340E+01   1.187071E+01   9.177253E-02   2.601900E-02
   9.035884E+01   1.168958E+01   9.013575E-02   2.593276E-02
   9.077620E+01   1.151109E+01   8.852824E-02   2.584660E-02
   9.119548E+01   1.133521E+01   8.694946E-02   2.576051E-02
   9.161670E+01   1.116191E+01   8.539890E-02   2.567451E-02
   9.203987E+01   1.099115E+01   8.387605E-02   2.558859E-02
   9.246499E+01   1.082290E+01   8.238040E-02   2.550277E-02
   9.289207E+01   1.065712E+01   8.091147E-02   2.541705E-02
   9.332113E+01   1.049377E+01   7.946878E-02   2.533143E-02
   9.375217E+01   1.033284E+01   7.805184E-02   2.524591E-02
   9.418520E+01   1.017427E+01   7.666020E-02   2.516051E-02
   9.462023E+01   1.001804E+01   7.529341E-02   2.507522E-02
   9.505727E+01   9.864124E+00   7.395100E-02   2.499005E-02
   9.549632E+01   9.712481E+00   7.263255E-02   2.490500E-02
   9.593741E+01   9.563083E+00   7.133763E-02   2.482008E-02
   9.638053E+01   9.415898E+00   7.006580E-02   2.473529E-02
   9.682570E+01   9.270896E+00   6.881667E-02   2.465063E-02
   9.727293E+01   9.128046E+00   6.758981E-02   2.456611E-02
   9.772222E+01   8.987319E+00   6.638482E-02   2.448173E-02
   9.817359E+01   8.848685E+00   6.520133E-02   2.439750E-02
   9.862704E+01   8.712115E+00   6.403893E-02   2.431342E-02
   9.908259E+01   8.577581E+00   6.289725E-02   2.422948E-02
   9.954024E+01   8.445052E+00   6.177593E-02   2.414570E-02
   1.000000E+02   8.314503E+00   6.067459E-02   2.406208E-02
