#============================================================================
# Opacities computed by OpTool        <a^n>=  1.6377E-1  1.9248E-1  2.4300E-1
# Method:   DHS  fmax=  0.700
# Parameters:
#   amin [um]=      0.100 amax [um]=      1.500  na  =   18    apow=   3.5    
#   lmin [um]=      0.100 lmax [um]=    100.000  nlam= 1500    nang=   180
#   porosity =      0.000 p_mantle =      0.000  fmax= 0.70    chop=   0.0
# Composition:
#  Where   mfrac  rho   Material
#  -----   -----  ----  -----------------------------------------------------
#  core    1.000  4.83  fes
#  - - -   - - -  -  -  - - - - - - - - - - - - - - - - - - - - - - - - - - -
#  grain   1.000  4.83  mixture of  1 materials
#----------------------------------------------------------------------------
# Command: optool fes -a 0.1 1.5 -l 0.1 100 1500 -dhs 0.7
#============================================================================
# Standard output file, no scattering matrix
#    iformat
#    nlambda
#    lambda[um]  kabs [cm^2/g]  ksca [cm^2/g]    g_asymmetry
#============================================================================
           3
        1500
   1.000000E-01   4.663573E+03   9.221561E+03   7.168419E-01
   1.004619E-01   4.663785E+03   9.224982E+03   7.165778E-01
   1.009259E-01   4.663993E+03   9.228422E+03   7.163110E-01
   1.013921E-01   4.664212E+03   9.231875E+03   7.160438E-01
   1.018604E-01   4.664450E+03   9.235326E+03   7.157779E-01
   1.023309E-01   4.664710E+03   9.238752E+03   7.155142E-01
   1.028035E-01   4.664990E+03   9.242143E+03   7.152522E-01
   1.032784E-01   4.665271E+03   9.245516E+03   7.149888E-01
   1.037554E-01   4.665534E+03   9.248900E+03   7.147204E-01
   1.042346E-01   4.665782E+03   9.252293E+03   7.144469E-01
   1.047161E-01   4.666039E+03   9.255657E+03   7.141713E-01
   1.051997E-01   4.666507E+03   9.258835E+03   7.139100E-01
   1.056856E-01   4.667248E+03   9.261794E+03   7.136670E-01
   1.061738E-01   4.667954E+03   9.264787E+03   7.134171E-01
   1.066642E-01   4.668612E+03   9.267833E+03   7.131582E-01
   1.071569E-01   4.669238E+03   9.270911E+03   7.128924E-01
   1.076518E-01   4.669870E+03   9.273961E+03   7.126248E-01
   1.081490E-01   4.670545E+03   9.276935E+03   7.123612E-01
   1.086486E-01   4.671265E+03   9.279838E+03   7.121032E-01
   1.091504E-01   4.672002E+03   9.282709E+03   7.118480E-01
   1.096546E-01   4.672725E+03   9.285596E+03   7.115912E-01
   1.101610E-01   4.673417E+03   9.288521E+03   7.113300E-01
   1.106699E-01   4.674089E+03   9.291480E+03   7.110650E-01
   1.111810E-01   4.674763E+03   9.294463E+03   7.107996E-01
   1.116946E-01   4.675454E+03   9.297465E+03   7.105369E-01
   1.122105E-01   4.676173E+03   9.300470E+03   7.102786E-01
   1.127287E-01   4.676927E+03   9.303457E+03   7.100257E-01
   1.132494E-01   4.677718E+03   9.306411E+03   7.097777E-01
   1.137725E-01   4.678552E+03   9.309311E+03   7.095343E-01
   1.142980E-01   4.679434E+03   9.312132E+03   7.092954E-01
   1.148259E-01   4.680358E+03   9.314885E+03   7.090605E-01
   1.153563E-01   4.681308E+03   9.317602E+03   7.088282E-01
   1.158891E-01   4.682273E+03   9.320307E+03   7.085975E-01
   1.164244E-01   4.683249E+03   9.323015E+03   7.083676E-01
   1.169622E-01   4.684232E+03   9.325719E+03   7.081377E-01
   1.175024E-01   4.685226E+03   9.328411E+03   7.079070E-01
   1.180451E-01   4.686227E+03   9.331090E+03   7.076746E-01
   1.185904E-01   4.687248E+03   9.333750E+03   7.074416E-01
   1.191381E-01   4.688300E+03   9.336375E+03   7.072096E-01
   1.196884E-01   4.689384E+03   9.338944E+03   7.069793E-01
   1.202412E-01   4.690495E+03   9.341445E+03   7.067499E-01
   1.207966E-01   4.691616E+03   9.343888E+03   7.065190E-01
   1.213545E-01   4.692717E+03   9.346312E+03   7.062822E-01
   1.219151E-01   4.693776E+03   9.348757E+03   7.060361E-01
   1.224782E-01   4.694797E+03   9.351228E+03   7.057807E-01
   1.230439E-01   4.695798E+03   9.353703E+03   7.055188E-01
   1.236122E-01   4.696794E+03   9.356174E+03   7.052532E-01
   1.241832E-01   4.697770E+03   9.358666E+03   7.049827E-01
   1.247567E-01   4.698704E+03   9.361212E+03   7.047041E-01
   1.253330E-01   4.699647E+03   9.363755E+03   7.044211E-01
   1.259119E-01   4.700593E+03   9.366299E+03   7.041335E-01
   1.264935E-01   4.701525E+03   9.368860E+03   7.038407E-01
   1.270777E-01   4.702471E+03   9.371409E+03   7.035470E-01
   1.276647E-01   4.703443E+03   9.373947E+03   7.032545E-01
   1.282543E-01   4.704432E+03   9.376494E+03   7.029630E-01
   1.288467E-01   4.705426E+03   9.379076E+03   7.026709E-01
   1.294419E-01   4.706420E+03   9.381696E+03   7.023770E-01
   1.300397E-01   4.707425E+03   9.384339E+03   7.020823E-01
   1.306404E-01   4.708461E+03   9.386991E+03   7.017895E-01
   1.312438E-01   4.709539E+03   9.389644E+03   7.015011E-01
   1.318500E-01   4.710669E+03   9.392285E+03   7.012183E-01
   1.324590E-01   4.711859E+03   9.394894E+03   7.009420E-01
   1.330708E-01   4.713113E+03   9.397457E+03   7.006722E-01
   1.336854E-01   4.714439E+03   9.399946E+03   7.004089E-01
   1.343029E-01   4.715842E+03   9.402340E+03   7.001526E-01
   1.349232E-01   4.717315E+03   9.404638E+03   6.999028E-01
   1.355464E-01   4.718849E+03   9.406856E+03   6.996588E-01
   1.361725E-01   4.720432E+03   9.409009E+03   6.994196E-01
   1.368015E-01   4.722054E+03   9.411111E+03   6.991840E-01
   1.374333E-01   4.723708E+03   9.413163E+03   6.989509E-01
   1.380681E-01   4.725387E+03   9.415167E+03   6.987191E-01
   1.387058E-01   4.727087E+03   9.417134E+03   6.984875E-01
   1.393465E-01   4.728813E+03   9.419064E+03   6.982567E-01
   1.399901E-01   4.730571E+03   9.420945E+03   6.980276E-01
   1.406367E-01   4.732556E+03   9.422557E+03   6.978151E-01
   1.412863E-01   4.734574E+03   9.424095E+03   6.976046E-01
   1.419389E-01   4.736605E+03   9.425580E+03   6.973935E-01
   1.425945E-01   4.738626E+03   9.427049E+03   6.971784E-01
   1.432531E-01   4.740623E+03   9.428529E+03   6.969571E-01
   1.439148E-01   4.742603E+03   9.430017E+03   6.967300E-01
   1.445795E-01   4.744581E+03   9.431493E+03   6.964992E-01
   1.452473E-01   4.746562E+03   9.432957E+03   6.962661E-01
   1.459182E-01   4.748531E+03   9.434439E+03   6.960286E-01
   1.465922E-01   4.750463E+03   9.435983E+03   6.957830E-01
   1.472692E-01   4.752349E+03   9.437614E+03   6.955280E-01
   1.479495E-01   4.754202E+03   9.439325E+03   6.952648E-01
   1.486328E-01   4.756049E+03   9.441079E+03   6.949966E-01
   1.493193E-01   4.757919E+03   9.442846E+03   6.947277E-01
   1.500090E-01   4.759824E+03   9.444614E+03   6.944603E-01
   1.507019E-01   4.761760E+03   9.446398E+03   6.941944E-01
   1.513980E-01   4.763711E+03   9.448218E+03   6.939280E-01
   1.520973E-01   4.765667E+03   9.450087E+03   6.936591E-01
   1.527998E-01   4.767633E+03   9.452000E+03   6.933877E-01
   1.535056E-01   4.769620E+03   9.453954E+03   6.931156E-01
   1.542146E-01   4.771639E+03   9.455944E+03   6.928446E-01
   1.549269E-01   4.773700E+03   9.457956E+03   6.925762E-01
   1.556425E-01   4.776118E+03   9.459753E+03   6.923300E-01
   1.563614E-01   4.778627E+03   9.461511E+03   6.920895E-01
   1.570836E-01   4.781198E+03   9.463229E+03   6.918525E-01
   1.578091E-01   4.783829E+03   9.464893E+03   6.916188E-01
   1.585380E-01   4.786513E+03   9.466503E+03   6.913876E-01
   1.592703E-01   4.789239E+03   9.468069E+03   6.911580E-01
   1.600059E-01   4.791993E+03   9.469607E+03   6.909287E-01
   1.607450E-01   4.794763E+03   9.471134E+03   6.906982E-01
   1.614874E-01   4.797542E+03   9.472658E+03   6.904654E-01
   1.622333E-01   4.800321E+03   9.474190E+03   6.902294E-01
   1.629827E-01   4.803097E+03   9.475740E+03   6.899897E-01
   1.637355E-01   4.805878E+03   9.477307E+03   6.897474E-01
   1.644917E-01   4.808673E+03   9.478880E+03   6.895036E-01
   1.652515E-01   4.811484E+03   9.480445E+03   6.892593E-01
   1.660148E-01   4.814309E+03   9.482000E+03   6.890141E-01
   1.667816E-01   4.817133E+03   9.483565E+03   6.887662E-01
   1.675519E-01   4.819937E+03   9.485177E+03   6.885132E-01
   1.683258E-01   4.822717E+03   9.486853E+03   6.882540E-01
   1.691033E-01   4.825486E+03   9.488583E+03   6.879902E-01
   1.698844E-01   4.828263E+03   9.490345E+03   6.877244E-01
   1.706690E-01   4.831053E+03   9.492140E+03   6.874578E-01
   1.714573E-01   4.833843E+03   9.493993E+03   6.871888E-01
   1.722493E-01   4.836619E+03   9.495941E+03   6.869153E-01
   1.730449E-01   4.839377E+03   9.498001E+03   6.866367E-01
   1.738442E-01   4.842134E+03   9.500158E+03   6.863547E-01
   1.746471E-01   4.844916E+03   9.502377E+03   6.860729E-01
   1.754538E-01   4.847793E+03   9.504679E+03   6.857960E-01
   1.762642E-01   4.850769E+03   9.507038E+03   6.855261E-01
   1.770783E-01   4.853807E+03   9.509421E+03   6.852629E-01
   1.778962E-01   4.856894E+03   9.511845E+03   6.850047E-01
   1.787179E-01   4.860022E+03   9.514315E+03   6.847503E-01
   1.795434E-01   4.863193E+03   9.516824E+03   6.844997E-01
   1.803727E-01   4.866417E+03   9.519368E+03   6.842546E-01
   1.812058E-01   4.869703E+03   9.521937E+03   6.840165E-01
   1.820428E-01   4.873058E+03   9.524515E+03   6.837866E-01
   1.828836E-01   4.876488E+03   9.527084E+03   6.835652E-01
   1.837283E-01   4.879995E+03   9.529623E+03   6.833523E-01
   1.845769E-01   4.883576E+03   9.532109E+03   6.831472E-01
   1.854295E-01   4.887227E+03   9.534531E+03   6.829491E-01
   1.862860E-01   4.890936E+03   9.536889E+03   6.827565E-01
   1.871464E-01   4.894689E+03   9.539185E+03   6.825678E-01
   1.880108E-01   4.898467E+03   9.541434E+03   6.823804E-01
   1.888792E-01   4.902251E+03   9.543649E+03   6.821918E-01
   1.897516E-01   4.906027E+03   9.545843E+03   6.819996E-01
   1.906280E-01   4.909777E+03   9.548031E+03   6.818013E-01
   1.915085E-01   4.913493E+03   9.550226E+03   6.815955E-01
   1.923931E-01   4.917173E+03   9.552430E+03   6.813817E-01
   1.932817E-01   4.920817E+03   9.554638E+03   6.811598E-01
   1.941745E-01   4.924423E+03   9.556846E+03   6.809294E-01
   1.950713E-01   4.927982E+03   9.559063E+03   6.806897E-01
   1.959723E-01   4.931475E+03   9.561321E+03   6.804384E-01
   1.968775E-01   4.934886E+03   9.563661E+03   6.801738E-01
   1.977869E-01   4.938217E+03   9.566098E+03   6.798958E-01
   1.987004E-01   4.941479E+03   9.568626E+03   6.796062E-01
   1.996182E-01   4.944690E+03   9.571234E+03   6.793077E-01
   2.005402E-01   4.947680E+03   9.574064E+03   6.789901E-01
   2.014665E-01   4.950491E+03   9.577106E+03   6.786559E-01
   2.023970E-01   4.953234E+03   9.580296E+03   6.783116E-01
   2.033319E-01   4.955914E+03   9.583646E+03   6.779578E-01
   2.042710E-01   4.958549E+03   9.587145E+03   6.775966E-01
   2.052145E-01   4.961163E+03   9.590768E+03   6.772315E-01
   2.061624E-01   4.963783E+03   9.594492E+03   6.768661E-01
   2.071146E-01   4.966422E+03   9.598304E+03   6.765027E-01
   2.080713E-01   4.969084E+03   9.602209E+03   6.761423E-01
   2.090323E-01   4.971766E+03   9.606214E+03   6.757843E-01
   2.099978E-01   4.974467E+03   9.610325E+03   6.754286E-01
   2.109678E-01   4.977195E+03   9.614532E+03   6.750762E-01
   2.119422E-01   4.979963E+03   9.618830E+03   6.747286E-01
   2.129212E-01   4.982782E+03   9.623205E+03   6.743875E-01
   2.139046E-01   4.985663E+03   9.627639E+03   6.740540E-01
   2.148926E-01   4.988613E+03   9.632113E+03   6.737288E-01
   2.158852E-01   4.991636E+03   9.636601E+03   6.734117E-01
   2.168823E-01   4.994729E+03   9.641081E+03   6.731019E-01
   2.178841E-01   4.997886E+03   9.645541E+03   6.727983E-01
   2.188905E-01   5.001095E+03   9.649970E+03   6.724991E-01
   2.199015E-01   5.004342E+03   9.654360E+03   6.722021E-01
   2.209172E-01   5.007495E+03   9.658693E+03   6.718994E-01
   2.219376E-01   5.010632E+03   9.662992E+03   6.715924E-01
   2.229627E-01   5.013746E+03   9.667263E+03   6.712784E-01
   2.239925E-01   5.016819E+03   9.671517E+03   6.709550E-01
   2.250271E-01   5.019837E+03   9.675754E+03   6.706203E-01
   2.260665E-01   5.022797E+03   9.679967E+03   6.702734E-01
   2.271106E-01   5.025697E+03   9.684144E+03   6.699141E-01
   2.281596E-01   5.028531E+03   9.688276E+03   6.695421E-01
   2.292135E-01   5.031290E+03   9.692370E+03   6.691565E-01
   2.302722E-01   5.033955E+03   9.696455E+03   6.687558E-01
   2.313358E-01   5.036518E+03   9.700561E+03   6.683392E-01
   2.324043E-01   5.038982E+03   9.704697E+03   6.679077E-01
   2.334777E-01   5.041362E+03   9.708856E+03   6.674635E-01
   2.345562E-01   5.043670E+03   9.713030E+03   6.670092E-01
   2.356395E-01   5.045910E+03   9.717229E+03   6.665458E-01
   2.367279E-01   5.048073E+03   9.721482E+03   6.660728E-01
   2.378213E-01   5.050154E+03   9.725817E+03   6.655900E-01
   2.389198E-01   5.052160E+03   9.730246E+03   6.650981E-01
   2.400234E-01   5.054105E+03   9.734765E+03   6.645994E-01
   2.411320E-01   5.056011E+03   9.739358E+03   6.640968E-01
   2.422458E-01   5.057900E+03   9.744012E+03   6.635933E-01
   2.433647E-01   5.059785E+03   9.748720E+03   6.630911E-01
   2.444887E-01   5.061674E+03   9.753486E+03   6.625913E-01
   2.456180E-01   5.063567E+03   9.758324E+03   6.620940E-01
   2.467525E-01   5.065467E+03   9.763242E+03   6.615994E-01
   2.478922E-01   5.067386E+03   9.768239E+03   6.611090E-01
   2.490372E-01   5.069337E+03   9.773316E+03   6.606244E-01
   2.501874E-01   5.071386E+03   9.778432E+03   6.601506E-01
   2.513430E-01   5.073755E+03   9.783439E+03   6.597021E-01
   2.525040E-01   5.076200E+03   9.788500E+03   6.592641E-01
   2.536702E-01   5.078731E+03   9.793596E+03   6.588376E-01
   2.548419E-01   5.081354E+03   9.798714E+03   6.584227E-01
   2.560190E-01   5.084068E+03   9.803847E+03   6.580192E-01
   2.572015E-01   5.086874E+03   9.808985E+03   6.576266E-01
   2.583895E-01   5.089763E+03   9.814121E+03   6.572437E-01
   2.595830E-01   5.092724E+03   9.819258E+03   6.568684E-01
   2.607819E-01   5.095745E+03   9.824401E+03   6.564989E-01
   2.619865E-01   5.098811E+03   9.829556E+03   6.561332E-01
   2.631965E-01   5.101911E+03   9.834730E+03   6.557698E-01
   2.644122E-01   5.105037E+03   9.839921E+03   6.554079E-01
   2.656335E-01   5.108188E+03   9.845119E+03   6.550470E-01
   2.668604E-01   5.111360E+03   9.850308E+03   6.546870E-01
   2.680930E-01   5.114548E+03   9.855476E+03   6.543274E-01
   2.693313E-01   5.117737E+03   9.860629E+03   6.539669E-01
   2.705753E-01   5.120905E+03   9.865790E+03   6.536036E-01
   2.718251E-01   5.124040E+03   9.870979E+03   6.532364E-01
   2.730806E-01   5.127137E+03   9.876197E+03   6.528653E-01
   2.743419E-01   5.130202E+03   9.881430E+03   6.524914E-01
   2.756091E-01   5.133235E+03   9.886667E+03   6.521152E-01
   2.768821E-01   5.136223E+03   9.891916E+03   6.517361E-01
   2.781610E-01   5.139149E+03   9.897196E+03   6.513518E-01
   2.794458E-01   5.141996E+03   9.902525E+03   6.509608E-01
   2.807365E-01   5.144757E+03   9.907907E+03   6.505617E-01
   2.820332E-01   5.147430E+03   9.913332E+03   6.501544E-01
   2.833359E-01   5.150018E+03   9.918784E+03   6.497391E-01
   2.846445E-01   5.152526E+03   9.924245E+03   6.493159E-01
   2.859593E-01   5.154952E+03   9.929704E+03   6.488844E-01
   2.872801E-01   5.157287E+03   9.935159E+03   6.484431E-01
   2.886070E-01   5.159520E+03   9.940617E+03   6.479898E-01
   2.899400E-01   5.161642E+03   9.946081E+03   6.475229E-01
   2.912792E-01   5.163652E+03   9.951547E+03   6.470412E-01
   2.926246E-01   5.165552E+03   9.957013E+03   6.465443E-01
   2.939762E-01   5.167348E+03   9.962471E+03   6.460318E-01
   2.953341E-01   5.169048E+03   9.967914E+03   6.455036E-01
   2.966982E-01   5.170661E+03   9.973330E+03   6.449596E-01
   2.980686E-01   5.172196E+03   9.978706E+03   6.443995E-01
   2.994453E-01   5.173657E+03   9.984036E+03   6.438230E-01
   3.008284E-01   5.175233E+03   9.989276E+03   6.432388E-01
   3.022179E-01   5.176870E+03   9.994435E+03   6.426434E-01
   3.036138E-01   5.178450E+03   9.999545E+03   6.420303E-01
   3.050162E-01   5.179978E+03   1.000462E+04   6.413993E-01
   3.064250E-01   5.181460E+03   1.000967E+04   6.407510E-01
   3.078404E-01   5.182908E+03   1.001471E+04   6.400872E-01
   3.092622E-01   5.184339E+03   1.001978E+04   6.394106E-01
   3.106907E-01   5.185773E+03   1.002486E+04   6.387251E-01
   3.121257E-01   5.187235E+03   1.002997E+04   6.380349E-01
   3.135674E-01   5.188743E+03   1.003509E+04   6.373440E-01
   3.150157E-01   5.190308E+03   1.004022E+04   6.366553E-01
   3.164707E-01   5.191925E+03   1.004537E+04   6.359703E-01
   3.179325E-01   5.193593E+03   1.005058E+04   6.352885E-01
   3.194010E-01   5.195318E+03   1.005590E+04   6.346095E-01
   3.208762E-01   5.197074E+03   1.006128E+04   6.339350E-01
   3.223583E-01   5.198861E+03   1.006670E+04   6.332654E-01
   3.238473E-01   5.200676E+03   1.007215E+04   6.326008E-01
   3.253431E-01   5.202502E+03   1.007765E+04   6.319396E-01
   3.268458E-01   5.204320E+03   1.008322E+04   6.312795E-01
   3.283555E-01   5.206116E+03   1.008886E+04   6.306186E-01
   3.298721E-01   5.207880E+03   1.009458E+04   6.299554E-01
   3.313957E-01   5.209609E+03   1.010038E+04   6.292895E-01
   3.329264E-01   5.211306E+03   1.010623E+04   6.286205E-01
   3.344641E-01   5.212969E+03   1.011214E+04   6.279480E-01
   3.360090E-01   5.214595E+03   1.011808E+04   6.272711E-01
   3.375610E-01   5.216175E+03   1.012406E+04   6.265882E-01
   3.391201E-01   5.217698E+03   1.013009E+04   6.258976E-01
   3.406865E-01   5.219158E+03   1.013616E+04   6.251975E-01
   3.422601E-01   5.220551E+03   1.014228E+04   6.244872E-01
   3.438409E-01   5.221879E+03   1.014842E+04   6.237660E-01
   3.454291E-01   5.223145E+03   1.015460E+04   6.230333E-01
   3.470246E-01   5.224353E+03   1.016080E+04   6.222888E-01
   3.486274E-01   5.225511E+03   1.016700E+04   6.215326E-01
   3.502377E-01   5.226570E+03   1.017323E+04   6.207605E-01
   3.518554E-01   5.227276E+03   1.017965E+04   6.199550E-01
   3.534806E-01   5.227944E+03   1.018605E+04   6.191369E-01
   3.551133E-01   5.228579E+03   1.019241E+04   6.183059E-01
   3.567535E-01   5.229182E+03   1.019875E+04   6.174616E-01
   3.584013E-01   5.229757E+03   1.020506E+04   6.166038E-01
   3.600567E-01   5.230310E+03   1.021135E+04   6.157334E-01
   3.617198E-01   5.230850E+03   1.021765E+04   6.148520E-01
   3.633905E-01   5.231391E+03   1.022395E+04   6.139624E-01
   3.650690E-01   5.231954E+03   1.023025E+04   6.130678E-01
   3.667552E-01   5.232555E+03   1.023655E+04   6.121719E-01
   3.684492E-01   5.233212E+03   1.024283E+04   6.112779E-01
   3.701510E-01   5.233929E+03   1.024908E+04   6.103882E-01
   3.718607E-01   5.234703E+03   1.025532E+04   6.095036E-01
   3.735783E-01   5.235522E+03   1.026155E+04   6.086245E-01
   3.753038E-01   5.236380E+03   1.026778E+04   6.077512E-01
   3.770372E-01   5.237275E+03   1.027400E+04   6.068839E-01
   3.787787E-01   5.238204E+03   1.028020E+04   6.060228E-01
   3.805283E-01   5.239160E+03   1.028636E+04   6.051674E-01
   3.822859E-01   5.240125E+03   1.029249E+04   6.043159E-01
   3.840516E-01   5.241082E+03   1.029861E+04   6.034664E-01
   3.858255E-01   5.242018E+03   1.030472E+04   6.026172E-01
   3.876076E-01   5.242924E+03   1.031082E+04   6.017669E-01
   3.893979E-01   5.243794E+03   1.031690E+04   6.009147E-01
   3.911965E-01   5.244627E+03   1.032296E+04   6.000600E-01
   3.930034E-01   5.245419E+03   1.032898E+04   5.992019E-01
   3.948186E-01   5.246164E+03   1.033495E+04   5.983391E-01
   3.966422E-01   5.246853E+03   1.034088E+04   5.974701E-01
   3.984743E-01   5.247477E+03   1.034677E+04   5.965931E-01
   4.003148E-01   5.247924E+03   1.035265E+04   5.957016E-01
   4.021638E-01   5.247791E+03   1.035862E+04   5.947754E-01
   4.040213E-01   5.247582E+03   1.036454E+04   5.938378E-01
   4.058874E-01   5.247297E+03   1.037042E+04   5.928878E-01
   4.077622E-01   5.246938E+03   1.037625E+04   5.919247E-01
   4.096456E-01   5.246510E+03   1.038202E+04   5.909479E-01
   4.115377E-01   5.246015E+03   1.038773E+04   5.899566E-01
   4.134385E-01   5.245455E+03   1.039337E+04   5.889503E-01
   4.153481E-01   5.244834E+03   1.039894E+04   5.879283E-01
   4.172666E-01   5.244155E+03   1.040444E+04   5.868899E-01
   4.191939E-01   5.243422E+03   1.040987E+04   5.858345E-01
   4.211301E-01   5.242638E+03   1.041525E+04   5.847616E-01
   4.230752E-01   5.241811E+03   1.042057E+04   5.836716E-01
   4.250294E-01   5.240951E+03   1.042586E+04   5.825660E-01
   4.269925E-01   5.240075E+03   1.043112E+04   5.814468E-01
   4.289648E-01   5.239203E+03   1.043635E+04   5.803167E-01
   4.309461E-01   5.238355E+03   1.044156E+04   5.791785E-01
   4.329366E-01   5.237547E+03   1.044674E+04   5.780350E-01
   4.349363E-01   5.236788E+03   1.045188E+04   5.768880E-01
   4.369452E-01   5.236080E+03   1.045700E+04   5.757384E-01
   4.389634E-01   5.235419E+03   1.046210E+04   5.745867E-01
   4.409909E-01   5.234804E+03   1.046720E+04   5.734333E-01
   4.430278E-01   5.234236E+03   1.047230E+04   5.722786E-01
   4.450741E-01   5.233716E+03   1.047737E+04   5.711226E-01
   4.471298E-01   5.233237E+03   1.048244E+04   5.699647E-01
   4.491950E-01   5.232789E+03   1.048750E+04   5.688035E-01
   4.512698E-01   5.232501E+03   1.049243E+04   5.676474E-01
   4.533542E-01   5.232311E+03   1.049729E+04   5.664913E-01
   4.554482E-01   5.232123E+03   1.050218E+04   5.653280E-01
   4.575518E-01   5.231934E+03   1.050709E+04   5.641568E-01
   4.596652E-01   5.231742E+03   1.051202E+04   5.629770E-01
   4.617883E-01   5.231546E+03   1.051696E+04   5.617879E-01
   4.639213E-01   5.231340E+03   1.052193E+04   5.605885E-01
   4.660641E-01   5.231119E+03   1.052692E+04   5.593776E-01
   4.682168E-01   5.230874E+03   1.053193E+04   5.581537E-01
   4.703794E-01   5.230603E+03   1.053697E+04   5.569159E-01
   4.725520E-01   5.230301E+03   1.054205E+04   5.556631E-01
   4.747347E-01   5.229966E+03   1.054716E+04   5.543945E-01
   4.769274E-01   5.229599E+03   1.055230E+04   5.531091E-01
   4.791303E-01   5.229200E+03   1.055748E+04   5.518063E-01
   4.813433E-01   5.228774E+03   1.056268E+04   5.504856E-01
   4.835666E-01   5.228321E+03   1.056791E+04   5.491465E-01
   4.858001E-01   5.227846E+03   1.057316E+04   5.477887E-01
   4.880440E-01   5.227351E+03   1.057844E+04   5.464115E-01
   4.902982E-01   5.226839E+03   1.058373E+04   5.450146E-01
   4.925628E-01   5.226314E+03   1.058903E+04   5.435973E-01
   4.948379E-01   5.225780E+03   1.059436E+04   5.421595E-01
   4.971235E-01   5.225243E+03   1.059972E+04   5.407018E-01
   4.994197E-01   5.224716E+03   1.060513E+04   5.392256E-01
   5.017264E-01   5.224215E+03   1.061058E+04   5.377332E-01
   5.040438E-01   5.223760E+03   1.061608E+04   5.362271E-01
   5.063720E-01   5.223368E+03   1.062162E+04   5.347101E-01
   5.087108E-01   5.223058E+03   1.062719E+04   5.331850E-01
   5.110605E-01   5.222839E+03   1.063280E+04   5.316536E-01
   5.134210E-01   5.222713E+03   1.063844E+04   5.301174E-01
   5.157925E-01   5.222681E+03   1.064413E+04   5.285773E-01
   5.181748E-01   5.222744E+03   1.064986E+04   5.270341E-01
   5.205682E-01   5.222902E+03   1.065564E+04   5.254884E-01
   5.229727E-01   5.223155E+03   1.066144E+04   5.239406E-01
   5.253882E-01   5.223498E+03   1.066728E+04   5.223903E-01
   5.278149E-01   5.223921E+03   1.067315E+04   5.208369E-01
   5.302528E-01   5.224503E+03   1.067904E+04   5.192828E-01
   5.327020E-01   5.225924E+03   1.068477E+04   5.177545E-01
   5.351625E-01   5.227405E+03   1.069055E+04   5.162208E-01
   5.376343E-01   5.228943E+03   1.069638E+04   5.146812E-01
   5.401176E-01   5.230535E+03   1.070224E+04   5.131356E-01
   5.426123E-01   5.232179E+03   1.070813E+04   5.115833E-01
   5.451186E-01   5.233869E+03   1.071405E+04   5.100239E-01
   5.476364E-01   5.235597E+03   1.071999E+04   5.084564E-01
   5.501659E-01   5.237358E+03   1.072597E+04   5.068801E-01
   5.527070E-01   5.239146E+03   1.073196E+04   5.052942E-01
   5.552599E-01   5.240957E+03   1.073798E+04   5.036981E-01
   5.578246E-01   5.242787E+03   1.074401E+04   5.020913E-01
   5.604011E-01   5.244634E+03   1.075006E+04   5.004732E-01
   5.629895E-01   5.246499E+03   1.075612E+04   4.988435E-01
   5.655899E-01   5.248382E+03   1.076218E+04   4.972019E-01
   5.682023E-01   5.250285E+03   1.076823E+04   4.955483E-01
   5.708268E-01   5.252362E+03   1.077425E+04   4.938885E-01
   5.734634E-01   5.254803E+03   1.078020E+04   4.922299E-01
   5.761121E-01   5.257276E+03   1.078611E+04   4.905596E-01
   5.787731E-01   5.259782E+03   1.079197E+04   4.888773E-01
   5.814464E-01   5.262324E+03   1.079779E+04   4.871834E-01
   5.841320E-01   5.264909E+03   1.080356E+04   4.854788E-01
   5.868300E-01   5.267547E+03   1.080930E+04   4.837654E-01
   5.895405E-01   5.270252E+03   1.081498E+04   4.820453E-01
   5.922636E-01   5.273042E+03   1.082062E+04   4.803212E-01
   5.949991E-01   5.275931E+03   1.082619E+04   4.785957E-01
   5.977474E-01   5.278933E+03   1.083169E+04   4.768713E-01
   6.005083E-01   5.282055E+03   1.083710E+04   4.751499E-01
   6.032820E-01   5.285298E+03   1.084244E+04   4.734328E-01
   6.060685E-01   5.288662E+03   1.084769E+04   4.717212E-01
   6.088678E-01   5.292148E+03   1.085285E+04   4.700162E-01
   6.116801E-01   5.295755E+03   1.085791E+04   4.683184E-01
   6.145054E-01   5.299480E+03   1.086287E+04   4.666281E-01
   6.173437E-01   5.303318E+03   1.086771E+04   4.649454E-01
   6.201951E-01   5.307258E+03   1.087243E+04   4.632696E-01
   6.230597E-01   5.311291E+03   1.087703E+04   4.616004E-01
   6.259376E-01   5.315408E+03   1.088151E+04   4.599372E-01
   6.288287E-01   5.319603E+03   1.088587E+04   4.582798E-01
   6.317332E-01   5.323872E+03   1.089010E+04   4.566282E-01
   6.346511E-01   5.328210E+03   1.089419E+04   4.549820E-01
   6.375825E-01   5.332611E+03   1.089813E+04   4.533411E-01
   6.405274E-01   5.337071E+03   1.090192E+04   4.517050E-01
   6.434859E-01   5.341580E+03   1.090556E+04   4.500732E-01
   6.464581E-01   5.346133E+03   1.090903E+04   4.484452E-01
   6.494440E-01   5.350723E+03   1.091234E+04   4.468205E-01
   6.524437E-01   5.354275E+03   1.091581E+04   4.451701E-01
   6.554572E-01   5.357589E+03   1.091918E+04   4.435156E-01
   6.584847E-01   5.360906E+03   1.092238E+04   4.418635E-01
   6.615262E-01   5.364223E+03   1.092540E+04   4.402135E-01
   6.645817E-01   5.367537E+03   1.092824E+04   4.385655E-01
   6.676513E-01   5.370848E+03   1.093088E+04   4.369194E-01
   6.707351E-01   5.374154E+03   1.093333E+04   4.352751E-01
   6.738331E-01   5.377454E+03   1.093558E+04   4.336324E-01
   6.769455E-01   5.380746E+03   1.093762E+04   4.319913E-01
   6.800722E-01   5.384031E+03   1.093945E+04   4.303515E-01
   6.832134E-01   5.387308E+03   1.094107E+04   4.287134E-01
   6.863691E-01   5.390581E+03   1.094248E+04   4.270778E-01
   6.895393E-01   5.393857E+03   1.094368E+04   4.254460E-01
   6.927242E-01   5.397146E+03   1.094468E+04   4.238195E-01
   6.959238E-01   5.400457E+03   1.094546E+04   4.222003E-01
   6.991382E-01   5.403802E+03   1.094601E+04   4.205901E-01
   7.023674E-01   5.407188E+03   1.094634E+04   4.189904E-01
   7.056116E-01   5.410619E+03   1.094644E+04   4.174026E-01
   7.088707E-01   5.414098E+03   1.094631E+04   4.158278E-01
   7.121449E-01   5.417624E+03   1.094595E+04   4.142667E-01
   7.154342E-01   5.421197E+03   1.094535E+04   4.127200E-01
   7.187387E-01   5.424819E+03   1.094452E+04   4.111882E-01
   7.220585E-01   5.428484E+03   1.094344E+04   4.096714E-01
   7.253936E-01   5.432190E+03   1.094211E+04   4.081695E-01
   7.287441E-01   5.435929E+03   1.094054E+04   4.066819E-01
   7.321101E-01   5.437422E+03   1.093961E+04   4.051076E-01
   7.354916E-01   5.437571E+03   1.093898E+04   4.034853E-01
   7.388887E-01   5.437723E+03   1.093812E+04   4.018746E-01
   7.423016E-01   5.437876E+03   1.093704E+04   4.002753E-01
   7.457302E-01   5.438026E+03   1.093573E+04   3.986871E-01
   7.491746E-01   5.438170E+03   1.093418E+04   3.971098E-01
   7.526350E-01   5.438305E+03   1.093240E+04   3.955429E-01
   7.561113E-01   5.438424E+03   1.093038E+04   3.939860E-01
   7.596037E-01   5.438524E+03   1.092813E+04   3.924386E-01
   7.631122E-01   5.438602E+03   1.092565E+04   3.909003E-01
   7.666369E-01   5.438653E+03   1.092293E+04   3.893708E-01
   7.701779E-01   5.438673E+03   1.091997E+04   3.878495E-01
   7.737353E-01   5.438660E+03   1.091678E+04   3.863360E-01
   7.773091E-01   5.438611E+03   1.091336E+04   3.848298E-01
   7.808994E-01   5.438524E+03   1.090970E+04   3.833307E-01
   7.845062E-01   5.438397E+03   1.090580E+04   3.818384E-01
   7.881298E-01   5.438229E+03   1.090166E+04   3.803525E-01
   7.917700E-01   5.438018E+03   1.089729E+04   3.788728E-01
   7.954271E-01   5.437764E+03   1.089267E+04   3.773987E-01
   7.991011E-01   5.437465E+03   1.088782E+04   3.759300E-01
   8.027921E-01   5.437121E+03   1.088273E+04   3.744665E-01
   8.065001E-01   5.436733E+03   1.087740E+04   3.730084E-01
   8.102252E-01   5.436307E+03   1.087185E+04   3.715564E-01
   8.139675E-01   5.435849E+03   1.086607E+04   3.701112E-01
   8.177271E-01   5.435366E+03   1.086006E+04   3.686738E-01
   8.215041E-01   5.434866E+03   1.085382E+04   3.672452E-01
   8.252985E-01   5.434356E+03   1.084735E+04   3.658265E-01
   8.291105E-01   5.433841E+03   1.084065E+04   3.644185E-01
   8.329400E-01   5.433325E+03   1.083371E+04   3.630219E-01
   8.367873E-01   5.432811E+03   1.082655E+04   3.616375E-01
   8.406523E-01   5.432301E+03   1.081915E+04   3.602656E-01
   8.445352E-01   5.431796E+03   1.081152E+04   3.589067E-01
   8.484360E-01   5.431297E+03   1.080367E+04   3.575611E-01
   8.523548E-01   5.430415E+03   1.079565E+04   3.561723E-01
   8.562917E-01   5.429287E+03   1.078746E+04   3.547585E-01
   8.602468E-01   5.428170E+03   1.077902E+04   3.533568E-01
   8.642202E-01   5.427060E+03   1.077035E+04   3.519669E-01
   8.682119E-01   5.425956E+03   1.076145E+04   3.505885E-01
   8.722221E-01   5.424856E+03   1.075231E+04   3.492215E-01
   8.762508E-01   5.423758E+03   1.074294E+04   3.478657E-01
   8.802981E-01   5.422663E+03   1.073334E+04   3.465209E-01
   8.843641E-01   5.421567E+03   1.072351E+04   3.451867E-01
   8.884488E-01   5.420467E+03   1.071345E+04   3.438628E-01
   8.925525E-01   5.419361E+03   1.070317E+04   3.425487E-01
   8.966751E-01   5.418246E+03   1.069266E+04   3.412441E-01
   9.008167E-01   5.417120E+03   1.068192E+04   3.399485E-01
   9.049775E-01   5.415979E+03   1.067097E+04   3.386615E-01
   9.091574E-01   5.414820E+03   1.065980E+04   3.373825E-01
   9.133567E-01   5.413640E+03   1.064841E+04   3.361111E-01
   9.175754E-01   5.412438E+03   1.063681E+04   3.348468E-01
   9.218136E-01   5.411211E+03   1.062500E+04   3.335892E-01
   9.260713E-01   5.409958E+03   1.061298E+04   3.323380E-01
   9.303487E-01   5.408677E+03   1.060075E+04   3.310927E-01
   9.346459E-01   5.407366E+03   1.058832E+04   3.298526E-01
   9.389629E-01   5.406023E+03   1.057568E+04   3.286173E-01
   9.432999E-01   5.404647E+03   1.056284E+04   3.273863E-01
   9.476568E-01   5.403238E+03   1.054981E+04   3.261595E-01
   9.520339E-01   5.401799E+03   1.053658E+04   3.249370E-01
   9.564313E-01   5.400335E+03   1.052317E+04   3.237191E-01
   9.608489E-01   5.398849E+03   1.050957E+04   3.225064E-01
   9.652870E-01   5.397349E+03   1.049578E+04   3.212995E-01
   9.697455E-01   5.395842E+03   1.048181E+04   3.200993E-01
   9.742246E-01   5.394334E+03   1.046766E+04   3.189062E-01
   9.787245E-01   5.392829E+03   1.045332E+04   3.177212E-01
   9.832451E-01   5.391332E+03   1.043881E+04   3.165447E-01
   9.877866E-01   5.389847E+03   1.042411E+04   3.153773E-01
   9.923490E-01   5.388378E+03   1.040924E+04   3.142196E-01
   9.969326E-01   5.386928E+03   1.039419E+04   3.130719E-01
   1.001537E+00   5.386585E+03   1.037856E+04   3.119669E-01
   1.006163E+00   5.388454E+03   1.036197E+04   3.109375E-01
   1.010811E+00   5.390369E+03   1.034520E+04   3.099185E-01
   1.015479E+00   5.392328E+03   1.032827E+04   3.089098E-01
   1.020170E+00   5.394330E+03   1.031117E+04   3.079111E-01
   1.024882E+00   5.396375E+03   1.029391E+04   3.069224E-01
   1.029616E+00   5.398460E+03   1.027650E+04   3.059436E-01
   1.034371E+00   5.400587E+03   1.025892E+04   3.049746E-01
   1.039149E+00   5.402751E+03   1.024119E+04   3.040151E-01
   1.043949E+00   5.404952E+03   1.022331E+04   3.030647E-01
   1.048770E+00   5.407186E+03   1.020527E+04   3.021232E-01
   1.053615E+00   5.409449E+03   1.018708E+04   3.011900E-01
   1.058481E+00   5.411739E+03   1.016875E+04   3.002648E-01
   1.063370E+00   5.414051E+03   1.015027E+04   2.993471E-01
   1.068282E+00   5.416381E+03   1.013165E+04   2.984364E-01
   1.073216E+00   5.418724E+03   1.011289E+04   2.975321E-01
   1.078173E+00   5.421077E+03   1.009400E+04   2.966338E-01
   1.083153E+00   5.423435E+03   1.007498E+04   2.957410E-01
   1.088156E+00   5.425795E+03   1.005583E+04   2.948532E-01
   1.093182E+00   5.428154E+03   1.003656E+04   2.939698E-01
   1.098231E+00   5.430506E+03   1.001715E+04   2.930902E-01
   1.103304E+00   5.432848E+03   9.997629E+03   2.922136E-01
   1.108400E+00   5.435174E+03   9.977988E+03   2.913396E-01
   1.113519E+00   5.437483E+03   9.958235E+03   2.904676E-01
   1.118663E+00   5.439773E+03   9.938373E+03   2.895977E-01
   1.123830E+00   5.442045E+03   9.918407E+03   2.887298E-01
   1.129020E+00   5.444301E+03   9.898338E+03   2.878643E-01
   1.134235E+00   5.446545E+03   9.878170E+03   2.870016E-01
   1.139474E+00   5.448779E+03   9.857901E+03   2.861424E-01
   1.144737E+00   5.451007E+03   9.837534E+03   2.852873E-01
   1.150025E+00   5.453243E+03   9.817065E+03   2.844374E-01
   1.155336E+00   5.457834E+03   9.795547E+03   2.837382E-01
   1.160673E+00   5.462400E+03   9.773932E+03   2.830455E-01
   1.166034E+00   5.466942E+03   9.752220E+03   2.823599E-01
   1.171420E+00   5.471459E+03   9.730412E+03   2.816820E-01
   1.176830E+00   5.475950E+03   9.708506E+03   2.810119E-01
   1.182266E+00   5.480410E+03   9.686503E+03   2.803498E-01
   1.187727E+00   5.484835E+03   9.664404E+03   2.796956E-01
   1.193213E+00   5.489219E+03   9.642211E+03   2.790492E-01
   1.198724E+00   5.493557E+03   9.619927E+03   2.784103E-01
   1.204261E+00   5.497843E+03   9.597553E+03   2.777788E-01
   1.209823E+00   5.502073E+03   9.575092E+03   2.771548E-01
   1.215411E+00   5.506240E+03   9.552544E+03   2.765379E-01
   1.221025E+00   5.510339E+03   9.529909E+03   2.759280E-01
   1.226665E+00   5.514363E+03   9.507190E+03   2.753246E-01
   1.232330E+00   5.518305E+03   9.484390E+03   2.747274E-01
   1.238022E+00   5.522157E+03   9.461509E+03   2.741358E-01
   1.243741E+00   5.525912E+03   9.438551E+03   2.735495E-01
   1.249485E+00   5.529562E+03   9.415518E+03   2.729680E-01
   1.255257E+00   5.533100E+03   9.392413E+03   2.723906E-01
   1.261054E+00   5.536516E+03   9.369239E+03   2.718167E-01
   1.266879E+00   5.539805E+03   9.346001E+03   2.712458E-01
   1.272731E+00   5.542957E+03   9.322701E+03   2.706774E-01
   1.278609E+00   5.545968E+03   9.299341E+03   2.701109E-01
   1.284515E+00   5.548829E+03   9.275922E+03   2.695456E-01
   1.290448E+00   5.551535E+03   9.252448E+03   2.689810E-01
   1.296408E+00   5.554079E+03   9.228921E+03   2.684161E-01
   1.302396E+00   5.556240E+03   9.205236E+03   2.678789E-01
   1.308412E+00   5.557873E+03   9.181348E+03   2.673828E-01
   1.314455E+00   5.559284E+03   9.157428E+03   2.668844E-01
   1.320527E+00   5.560475E+03   9.133477E+03   2.663839E-01
   1.326626E+00   5.561446E+03   9.109499E+03   2.658814E-01
   1.332754E+00   5.562203E+03   9.085494E+03   2.653775E-01
   1.338909E+00   5.562749E+03   9.061464E+03   2.648725E-01
   1.345094E+00   5.563087E+03   9.037409E+03   2.643671E-01
   1.351306E+00   5.562992E+03   9.013356E+03   2.638637E-01
   1.357548E+00   5.561818E+03   8.989377E+03   2.633680E-01
   1.363818E+00   5.560433E+03   8.965387E+03   2.628729E-01
   1.370118E+00   5.558841E+03   8.941387E+03   2.623787E-01
   1.376446E+00   5.557046E+03   8.917376E+03   2.618861E-01
   1.382804E+00   5.555052E+03   8.893355E+03   2.613952E-01
   1.389191E+00   5.552861E+03   8.869323E+03   2.609061E-01
   1.395607E+00   5.550475E+03   8.845281E+03   2.604188E-01
   1.402053E+00   5.546689E+03   8.821526E+03   2.599114E-01
   1.408529E+00   5.540116E+03   8.798417E+03   2.593581E-01
   1.415035E+00   5.533343E+03   8.775330E+03   2.588046E-01
   1.421571E+00   5.526371E+03   8.752266E+03   2.582507E-01
   1.428137E+00   5.519202E+03   8.729226E+03   2.576964E-01
   1.434733E+00   5.511838E+03   8.706210E+03   2.571413E-01
   1.441360E+00   5.504279E+03   8.683220E+03   2.565852E-01
   1.448018E+00   5.496526E+03   8.660256E+03   2.560278E-01
   1.454706E+00   5.488580E+03   8.637320E+03   2.554689E-01
   1.461425E+00   5.480443E+03   8.614413E+03   2.549080E-01
   1.468175E+00   5.472114E+03   8.591535E+03   2.543449E-01
   1.474956E+00   5.463593E+03   8.568689E+03   2.537790E-01
   1.481769E+00   5.454881E+03   8.545876E+03   2.532101E-01
   1.488613E+00   5.445977E+03   8.523099E+03   2.526377E-01
   1.495489E+00   5.436883E+03   8.500358E+03   2.520616E-01
   1.502396E+00   5.427599E+03   8.477654E+03   2.514813E-01
   1.509336E+00   5.418127E+03   8.454988E+03   2.508965E-01
   1.516307E+00   5.408466E+03   8.432362E+03   2.503067E-01
   1.523311E+00   5.398618E+03   8.409777E+03   2.497115E-01
   1.530347E+00   5.388142E+03   8.387412E+03   2.490898E-01
   1.537415E+00   5.368990E+03   8.368493E+03   2.480599E-01
   1.544516E+00   5.349713E+03   8.349596E+03   2.470278E-01
   1.551650E+00   5.330314E+03   8.330721E+03   2.459938E-01
   1.558817E+00   5.310797E+03   8.311868E+03   2.449582E-01
   1.566017E+00   5.291165E+03   8.293038E+03   2.439212E-01
   1.573250E+00   5.271423E+03   8.274228E+03   2.428833E-01
   1.580517E+00   5.251573E+03   8.255440E+03   2.418448E-01
   1.587817E+00   5.231618E+03   8.236672E+03   2.408061E-01
   1.595151E+00   5.211563E+03   8.217924E+03   2.397674E-01
   1.602519E+00   5.191409E+03   8.199195E+03   2.387290E-01
   1.609921E+00   5.171160E+03   8.180485E+03   2.376912E-01
   1.617357E+00   5.150817E+03   8.161793E+03   2.366540E-01
   1.624827E+00   5.130383E+03   8.143117E+03   2.356177E-01
   1.632332E+00   5.109858E+03   8.124458E+03   2.345823E-01
   1.639872E+00   5.089246E+03   8.105814E+03   2.335477E-01
   1.647446E+00   5.068546E+03   8.087185E+03   2.325140E-01
   1.655055E+00   5.045402E+03   8.069724E+03   2.311484E-01
   1.662700E+00   5.021084E+03   8.052750E+03   2.296232E-01
   1.670380E+00   4.996806E+03   8.035656E+03   2.281083E-01
   1.678095E+00   4.972571E+03   8.018444E+03   2.266038E-01
   1.685846E+00   4.948380E+03   8.001116E+03   2.251095E-01
   1.693633E+00   4.924232E+03   7.983673E+03   2.236253E-01
   1.701455E+00   4.900130E+03   7.966117E+03   2.221510E-01
   1.709314E+00   4.876074E+03   7.948451E+03   2.206866E-01
   1.717209E+00   4.852064E+03   7.930676E+03   2.192318E-01
   1.725141E+00   4.828102E+03   7.912793E+03   2.177866E-01
   1.733109E+00   4.804188E+03   7.894805E+03   2.163507E-01
   1.741114E+00   4.780321E+03   7.876714E+03   2.149240E-01
   1.749156E+00   4.756503E+03   7.858522E+03   2.135063E-01
   1.757235E+00   4.732734E+03   7.840230E+03   2.120973E-01
   1.765352E+00   4.709014E+03   7.821842E+03   2.106969E-01
   1.773506E+00   4.685344E+03   7.803358E+03   2.093048E-01
   1.781697E+00   4.661722E+03   7.784781E+03   2.079209E-01
   1.789927E+00   4.638151E+03   7.766114E+03   2.065448E-01
   1.798194E+00   4.614628E+03   7.747357E+03   2.051764E-01
   1.806500E+00   4.596658E+03   7.726953E+03   2.036628E-01
   1.814844E+00   4.580159E+03   7.706117E+03   2.021090E-01
   1.823226E+00   4.563585E+03   7.685291E+03   2.005573E-01
   1.831647E+00   4.546936E+03   7.664474E+03   1.990082E-01
   1.840108E+00   4.530214E+03   7.643661E+03   1.974622E-01
   1.848607E+00   4.513419E+03   7.622851E+03   1.959199E-01
   1.857145E+00   4.496551E+03   7.602042E+03   1.943816E-01
   1.865723E+00   4.479611E+03   7.581230E+03   1.928480E-01
   1.874341E+00   4.462597E+03   7.560414E+03   1.913195E-01
   1.882998E+00   4.445511E+03   7.539591E+03   1.897963E-01
   1.891696E+00   4.428352E+03   7.518760E+03   1.882791E-01
   1.900433E+00   4.412074E+03   7.497704E+03   1.867853E-01
   1.909211E+00   4.413965E+03   7.472630E+03   1.856189E-01
   1.918029E+00   4.415567E+03   7.447800E+03   1.844412E-01
   1.926888E+00   4.416890E+03   7.423204E+03   1.832529E-01
   1.935788E+00   4.417940E+03   7.398832E+03   1.820551E-01
   1.944730E+00   4.418727E+03   7.374675E+03   1.808484E-01
   1.953712E+00   4.419255E+03   7.350724E+03   1.796337E-01
   1.962736E+00   4.419531E+03   7.326969E+03   1.784119E-01
   1.971802E+00   4.419561E+03   7.303405E+03   1.771836E-01
   1.980909E+00   4.419352E+03   7.280021E+03   1.759499E-01
   1.990059E+00   4.418910E+03   7.256811E+03   1.747117E-01
   1.999251E+00   4.418240E+03   7.233766E+03   1.734698E-01
   2.008485E+00   4.413729E+03   7.211693E+03   1.720689E-01
   2.017762E+00   4.408665E+03   7.189824E+03   1.706552E-01
   2.027082E+00   4.403374E+03   7.168078E+03   1.692434E-01
   2.036445E+00   4.397860E+03   7.146446E+03   1.678344E-01
   2.045851E+00   4.392130E+03   7.124921E+03   1.664289E-01
   2.055300E+00   4.386186E+03   7.103497E+03   1.650278E-01
   2.064793E+00   4.380034E+03   7.082166E+03   1.636318E-01
   2.074330E+00   4.373677E+03   7.060921E+03   1.622415E-01
   2.083911E+00   4.367120E+03   7.039758E+03   1.608574E-01
   2.093537E+00   4.360363E+03   7.018670E+03   1.594800E-01
   2.103207E+00   4.353411E+03   6.997653E+03   1.581097E-01
   2.112921E+00   4.346266E+03   6.976701E+03   1.567467E-01
   2.122680E+00   4.338929E+03   6.955810E+03   1.553915E-01
   2.132485E+00   4.331402E+03   6.934975E+03   1.540439E-01
   2.142334E+00   4.323687E+03   6.914193E+03   1.527043E-01
   2.152230E+00   4.331428E+03   6.893328E+03   1.512737E-01
   2.162170E+00   4.389665E+03   6.873956E+03   1.494558E-01
   2.172157E+00   4.442200E+03   6.857669E+03   1.475678E-01
   2.182190E+00   4.488748E+03   6.844395E+03   1.456235E-01
   2.192269E+00   4.529114E+03   6.834081E+03   1.436347E-01
   2.202395E+00   4.563222E+03   6.826688E+03   1.416111E-01
   2.212568E+00   4.591130E+03   6.822187E+03   1.395608E-01
   2.222787E+00   4.613020E+03   6.820554E+03   1.374918E-01
   2.233054E+00   4.629154E+03   6.821757E+03   1.354120E-01
   2.243368E+00   4.639800E+03   6.825753E+03   1.333270E-01
   2.253730E+00   4.645160E+03   6.832491E+03   1.312411E-01
   2.264140E+00   4.645307E+03   6.841905E+03   1.291588E-01
   2.274598E+00   4.643550E+03   6.841003E+03   1.277616E-01
   2.285104E+00   4.640025E+03   6.824611E+03   1.272147E-01
   2.295658E+00   4.629802E+03   6.808830E+03   1.266385E-01
   2.306262E+00   4.613374E+03   6.793921E+03   1.260360E-01
   2.316914E+00   4.592481E+03   6.780058E+03   1.254222E-01
   2.327616E+00   4.570014E+03   6.767279E+03   1.248179E-01
   2.338367E+00   4.549440E+03   6.755476E+03   1.242483E-01
   2.349167E+00   4.533832E+03   6.744374E+03   1.237386E-01
   2.360018E+00   4.511699E+03   6.742781E+03   1.225837E-01
   2.370918E+00   4.490299E+03   6.742825E+03   1.214095E-01
   2.381869E+00   4.471036E+03   6.743634E+03   1.202658E-01
   2.392871E+00   4.454113E+03   6.745070E+03   1.191351E-01
   2.403923E+00   4.439402E+03   6.747009E+03   1.179938E-01
   2.415027E+00   4.426540E+03   6.749370E+03   1.168284E-01
   2.426181E+00   4.415061E+03   6.752067E+03   1.156508E-01
   2.437388E+00   4.404417E+03   6.754939E+03   1.144846E-01
   2.448646E+00   4.393922E+03   6.757760E+03   1.133372E-01
   2.459956E+00   4.382698E+03   6.760322E+03   1.121838E-01
   2.471318E+00   4.369715E+03   6.762579E+03   1.109863E-01
   2.482733E+00   4.353985E+03   6.764621E+03   1.097523E-01
   2.494200E+00   4.334470E+03   6.766432E+03   1.085218E-01
   2.505720E+00   4.309928E+03   6.767181E+03   1.073303E-01
   2.517294E+00   4.276304E+03   6.767010E+03   1.061299E-01
   2.528921E+00   4.229505E+03   6.767225E+03   1.048544E-01
   2.540602E+00   4.166192E+03   6.768454E+03   1.035144E-01
   2.552337E+00   4.084012E+03   6.771343E+03   1.021347E-01
   2.564126E+00   3.983551E+03   6.776756E+03   1.007387E-01
   2.575969E+00   3.870500E+03   6.785837E+03   9.935134E-02
   2.587867E+00   3.755770E+03   6.799755E+03   9.800503E-02
   2.599820E+00   3.652219E+03   6.819116E+03   9.674336E-02
   2.611828E+00   3.569905E+03   6.843443E+03   9.560103E-02
   2.623892E+00   3.513191E+03   6.871256E+03   9.459177E-02
   2.636011E+00   3.481003E+03   6.900611E+03   9.373914E-02
   2.648187E+00   3.468567E+03   6.929387E+03   9.302052E-02
   2.660419E+00   3.469245E+03   6.955833E+03   9.232175E-02
   2.672707E+00   3.476845E+03   6.979148E+03   9.161047E-02
   2.685052E+00   3.486909E+03   6.999281E+03   9.088934E-02
   2.697454E+00   3.497311E+03   7.017007E+03   9.019436E-02
   2.709913E+00   3.508368E+03   7.032915E+03   8.964323E-02
   2.722429E+00   3.520986E+03   7.046920E+03   8.922861E-02
   2.735004E+00   3.534655E+03   7.058293E+03   8.881853E-02
   2.747637E+00   3.546745E+03   7.065707E+03   8.829269E-02
   2.760328E+00   3.546172E+03   7.074286E+03   8.756352E-02
   2.773077E+00   3.539860E+03   7.080120E+03   8.670835E-02
   2.785886E+00   3.527200E+03   7.083474E+03   8.555789E-02
   2.798753E+00   3.503023E+03   7.087374E+03   8.419006E-02
   2.811681E+00   3.461062E+03   7.091894E+03   8.292488E-02
   2.824667E+00   3.390920E+03   7.092835E+03   8.198364E-02
   2.837714E+00   3.269520E+03   7.082904E+03   8.145828E-02
   2.850821E+00   3.072225E+03   7.057246E+03   8.105596E-02
   2.863989E+00   2.814971E+03   7.024242E+03   8.029477E-02
   2.877217E+00   2.555641E+03   7.002674E+03   7.880210E-02
   2.890507E+00   2.342330E+03   7.007189E+03   7.665269E-02
   2.903858E+00   2.191434E+03   7.042445E+03   7.435828E-02
   2.917270E+00   2.096222E+03   7.104291E+03   7.237037E-02
   2.930745E+00   2.044412E+03   7.181494E+03   7.095779E-02
   2.944281E+00   2.024427E+03   7.265248E+03   7.007650E-02
   2.957881E+00   2.030006E+03   7.350461E+03   6.948775E-02
   2.971543E+00   2.052393E+03   7.433055E+03   6.894609E-02
   2.985268E+00   2.075516E+03   7.505187E+03   6.827003E-02
   2.999057E+00   2.085734E+03   7.559187E+03   6.727759E-02
   3.012909E+00   2.085637E+03   7.598961E+03   6.597561E-02
   3.026825E+00   2.082566E+03   7.635443E+03   6.492052E-02
   3.040806E+00   2.080171E+03   7.670340E+03   6.448024E-02
   3.054851E+00   2.087494E+03   7.703362E+03   6.434624E-02
   3.068961E+00   2.113221E+03   7.739322E+03   6.449632E-02
   3.083136E+00   2.141173E+03   7.773889E+03   6.447710E-02
   3.097376E+00   2.157293E+03   7.794839E+03   6.412399E-02
   3.111683E+00   2.205848E+03   7.755922E+03   6.399053E-02
   3.126055E+00   2.275643E+03   7.703442E+03   6.427067E-02
   3.140494E+00   2.344573E+03   7.659789E+03   6.433979E-02
   3.155000E+00   2.367452E+03   7.628326E+03   6.351541E-02
   3.169572E+00   2.387608E+03   7.604322E+03   6.194652E-02
   3.184212E+00   2.427313E+03   7.570426E+03   6.083592E-02
   3.198920E+00   2.397754E+03   7.481917E+03   6.183699E-02
   3.213695E+00   2.175565E+03   7.280372E+03   6.486725E-02
   3.228539E+00   1.857206E+03   7.041397E+03   6.660057E-02
   3.243451E+00   1.602354E+03   6.876150E+03   6.491315E-02
   3.258432E+00   1.436067E+03   6.799928E+03   6.182081E-02
   3.273482E+00   1.350954E+03   6.794024E+03   5.941920E-02
   3.288602E+00   1.320816E+03   6.830928E+03   5.762397E-02
   3.303792E+00   1.317607E+03   6.884326E+03   5.609924E-02
   3.319052E+00   1.331307E+03   6.943018E+03   5.503591E-02
   3.334382E+00   1.363084E+03   7.003644E+03   5.440134E-02
   3.349783E+00   1.423814E+03   7.067711E+03   5.413177E-02
   3.365255E+00   1.501217E+03   7.111581E+03   5.377889E-02
   3.380799E+00   1.566716E+03   7.135437E+03   5.315618E-02
   3.396414E+00   1.617042E+03   7.136182E+03   5.221380E-02
   3.412102E+00   1.662343E+03   7.121753E+03   5.082880E-02
   3.427862E+00   1.707465E+03   7.103080E+03   4.959993E-02
   3.443695E+00   1.755140E+03   7.082589E+03   4.898540E-02
   3.459601E+00   1.808909E+03   7.057943E+03   4.883591E-02
   3.475580E+00   1.872799E+03   7.030952E+03   4.887755E-02
   3.491634E+00   1.949055E+03   7.003547E+03   4.896085E-02
   3.507761E+00   2.014520E+03   6.972192E+03   4.867827E-02
   3.523963E+00   2.071161E+03   6.934290E+03   4.823325E-02
   3.540240E+00   2.127719E+03   6.888490E+03   4.782314E-02
   3.556592E+00   2.188368E+03   6.839074E+03   4.740928E-02
   3.573019E+00   2.246398E+03   6.791973E+03   4.687454E-02
   3.589523E+00   2.277347E+03   6.750230E+03   4.613111E-02
   3.606102E+00   2.291677E+03   6.713477E+03   4.539343E-02
   3.622758E+00   2.313918E+03   6.673335E+03   4.482936E-02
   3.639491E+00   2.318352E+03   6.611804E+03   4.498122E-02
   3.656302E+00   2.244211E+03   6.503259E+03   4.622747E-02
   3.673190E+00   2.061126E+03   6.342999E+03   4.776932E-02
   3.690156E+00   1.835147E+03   6.177233E+03   4.807515E-02
   3.707200E+00   1.641648E+03   6.051754E+03   4.651044E-02
   3.724323E+00   1.504044E+03   5.977954E+03   4.391629E-02
   3.741525E+00   1.420017E+03   5.948912E+03   4.141667E-02
   3.758807E+00   1.378477E+03   5.952395E+03   3.946240E-02
   3.776169E+00   1.363653E+03   5.974707E+03   3.798083E-02
   3.793610E+00   1.366647E+03   6.006079E+03   3.701209E-02
   3.811132E+00   1.382210E+03   6.041443E+03   3.653889E-02
   3.828736E+00   1.412713E+03   6.078651E+03   3.646225E-02
   3.846420E+00   1.460486E+03   6.116313E+03   3.663999E-02
   3.864186E+00   1.517153E+03   6.149615E+03   3.672825E-02
   3.882034E+00   1.570015E+03   6.171405E+03   3.643230E-02
   3.899965E+00   1.614839E+03   6.178924E+03   3.571877E-02
   3.917978E+00   1.654537E+03   6.174689E+03   3.457821E-02
   3.936075E+00   1.691916E+03   6.163325E+03   3.321855E-02
   3.954255E+00   1.730108E+03   6.148349E+03   3.206919E-02
   3.972520E+00   1.770828E+03   6.130461E+03   3.135050E-02
   3.990868E+00   1.817433E+03   6.110142E+03   3.100434E-02
   4.009301E+00   1.870808E+03   6.088182E+03   3.086430E-02
   4.027820E+00   1.926273E+03   6.064123E+03   3.065613E-02
   4.046424E+00   1.976583E+03   6.036084E+03   3.028002E-02
   4.065114E+00   2.023725E+03   6.003789E+03   2.993746E-02
   4.083890E+00   2.071307E+03   5.968262E+03   2.972019E-02
   4.102753E+00   2.119164E+03   5.931156E+03   2.946487E-02
   4.121703E+00   2.159113E+03   5.894526E+03   2.901495E-02
   4.140741E+00   2.179659E+03   5.859658E+03   2.841420E-02
   4.159866E+00   2.188540E+03   5.825897E+03   2.785700E-02
   4.179080E+00   2.195592E+03   5.787666E+03   2.746937E-02
   4.198383E+00   2.183981E+03   5.733463E+03   2.749880E-02
   4.217775E+00   2.118880E+03   5.649662E+03   2.807557E-02
   4.237256E+00   1.981035E+03   5.533765E+03   2.868382E-02
   4.256828E+00   1.800831E+03   5.407533E+03   2.839915E-02
   4.276489E+00   1.629031E+03   5.299947E+03   2.674704E-02
   4.296242E+00   1.493602E+03   5.225353E+03   2.412925E-02
   4.316086E+00   1.399993E+03   5.184258E+03   2.137786E-02
   4.336021E+00   1.343650E+03   5.170640E+03   1.907196E-02
   4.356049E+00   1.316084E+03   5.176495E+03   1.738244E-02
   4.376169E+00   1.308675E+03   5.194149E+03   1.628151E-02
   4.396382E+00   1.315650E+03   5.217884E+03   1.570438E-02
   4.416688E+00   1.334978E+03   5.244377E+03   1.553142E-02
   4.437088E+00   1.368008E+03   5.271975E+03   1.563848E-02
   4.457583E+00   1.412617E+03   5.298638E+03   1.583478E-02
   4.478172E+00   1.460671E+03   5.320149E+03   1.581609E-02
   4.498856E+00   1.504670E+03   5.332280E+03   1.540182E-02
   4.519635E+00   1.543405E+03   5.334106E+03   1.459055E-02
   4.540511E+00   1.579160E+03   5.326741E+03   1.345689E-02
   4.561483E+00   1.614110E+03   5.314038E+03   1.220821E-02
   4.582552E+00   1.649960E+03   5.297576E+03   1.105428E-02
   4.603718E+00   1.688098E+03   5.277716E+03   1.009581E-02
   4.624982E+00   1.731110E+03   5.255076E+03   9.350730E-03
   4.646345E+00   1.779674E+03   5.230346E+03   8.732535E-03
   4.667805E+00   1.829102E+03   5.203216E+03   8.028839E-03
   4.689365E+00   1.874228E+03   5.172909E+03   7.174998E-03
   4.711025E+00   1.916020E+03   5.139659E+03   6.348968E-03
   4.732785E+00   1.956970E+03   5.104480E+03   5.671758E-03
   4.754645E+00   1.996481E+03   5.068584E+03   5.054038E-03
   4.776606E+00   2.028318E+03   5.032979E+03   4.337061E-03
   4.798668E+00   2.045744E+03   4.997976E+03   3.502934E-03
   4.820833E+00   2.052352E+03   4.962497E+03   2.673579E-03
   4.843100E+00   2.051582E+03   4.922766E+03   1.942765E-03
   4.865469E+00   2.032178E+03   4.871620E+03   1.388798E-03
   4.887942E+00   1.973728E+03   4.801703E+03   9.677184E-04
   4.910519E+00   1.865494E+03   4.712606E+03   3.011720E-04
   4.933200E+00   1.723571E+03   4.616238E+03  -1.138719E-03
   4.955986E+00   1.579951E+03   4.529729E+03  -3.550289E-03
   4.978877E+00   1.458535E+03   4.464134E+03  -6.591685E-03
   5.001874E+00   1.368376E+03   4.422013E+03  -9.648758E-03
   5.024977E+00   1.308953E+03   4.400488E+03  -1.225590E-02
   5.048187E+00   1.274642E+03   4.394500E+03  -1.424334E-02
   5.071504E+00   1.259528E+03   4.398969E+03  -1.559843E-02
   5.094928E+00   1.259013E+03   4.409619E+03  -1.637645E-02
   5.118461E+00   1.270601E+03   4.423543E+03  -1.667666E-02
   5.142103E+00   1.293981E+03   4.439061E+03  -1.662641E-02
   5.165854E+00   1.328392E+03   4.454853E+03  -1.638236E-02
   5.189714E+00   1.369738E+03   4.468903E+03  -1.617229E-02
   5.213685E+00   1.411861E+03   4.478584E+03  -1.621854E-02
   5.237766E+00   1.450809E+03   4.482168E+03  -1.659675E-02
   5.261959E+00   1.486221E+03   4.479647E+03  -1.726485E-02
   5.286263E+00   1.519405E+03   4.472070E+03  -1.811773E-02
   5.310680E+00   1.551863E+03   4.460538E+03  -1.900586E-02
   5.335209E+00   1.585023E+03   4.445576E+03  -1.981885E-02
   5.359852E+00   1.620252E+03   4.427297E+03  -2.052353E-02
   5.384608E+00   1.658234E+03   4.405981E+03  -2.115093E-02
   5.409479E+00   1.698333E+03   4.381892E+03  -2.178826E-02
   5.434465E+00   1.738031E+03   4.354939E+03  -2.255612E-02
   5.459566E+00   1.775596E+03   4.324995E+03  -2.348989E-02
   5.484783E+00   1.811409E+03   4.292436E+03  -2.451267E-02
   5.510116E+00   1.845827E+03   4.258176E+03  -2.554252E-02
   5.535567E+00   1.877003E+03   4.223372E+03  -2.656256E-02
   5.561135E+00   1.900492E+03   4.188902E+03  -2.759283E-02
   5.586821E+00   1.912915E+03   4.154847E+03  -2.861506E-02
   5.612626E+00   1.915010E+03   4.120138E+03  -2.956825E-02
   5.638550E+00   1.905820E+03   4.081949E+03  -3.041582E-02
   5.664594E+00   1.877294E+03   4.036019E+03  -3.117109E-02
   5.690758E+00   1.818585E+03   3.979022E+03  -3.196417E-02
   5.717043E+00   1.726474E+03   3.912089E+03  -3.308364E-02
   5.743449E+00   1.612347E+03   3.842318E+03  -3.481935E-02
   5.769977E+00   1.496258E+03   3.779117E+03  -3.721827E-02
   5.796628E+00   1.394933E+03   3.729041E+03  -4.002935E-02
   5.823402E+00   1.316256E+03   3.694082E+03  -4.288267E-02
   5.850300E+00   1.260919E+03   3.672868E+03  -4.548077E-02
   5.877322E+00   1.226184E+03   3.662503E+03  -4.764013E-02
   5.904468E+00   1.208603E+03   3.659832E+03  -4.926449E-02
   5.931740E+00   1.205138E+03   3.661973E+03  -5.034781E-02
   5.959138E+00   1.213202E+03   3.667096E+03  -5.096497E-02
   5.986663E+00   1.231399E+03   3.673838E+03  -5.122263E-02
   6.014314E+00   1.258303E+03   3.681124E+03  -5.123886E-02
   6.042094E+00   1.291115E+03   3.687673E+03  -5.116573E-02
   6.070001E+00   1.326068E+03   3.691943E+03  -5.115600E-02
   6.098038E+00   1.360404E+03   3.692703E+03  -5.128099E-02
   6.126204E+00   1.393390E+03   3.689509E+03  -5.153523E-02
   6.154500E+00   1.425499E+03   3.682542E+03  -5.189754E-02
   6.182927E+00   1.457332E+03   3.672151E+03  -5.235164E-02
   6.211485E+00   1.489240E+03   3.658539E+03  -5.288938E-02
   6.240175E+00   1.521440E+03   3.641793E+03  -5.351415E-02
   6.268998E+00   1.554137E+03   3.622068E+03  -5.424173E-02
   6.297954E+00   1.587208E+03   3.599608E+03  -5.510233E-02
   6.327043E+00   1.619868E+03   3.574617E+03  -5.613643E-02
   6.356267E+00   1.651190E+03   3.547274E+03  -5.735689E-02
   6.385626E+00   1.680810E+03   3.517906E+03  -5.871796E-02
   6.415120E+00   1.708440E+03   3.487075E+03  -6.014118E-02
   6.444751E+00   1.732870E+03   3.455471E+03  -6.156186E-02
   6.474518E+00   1.751679E+03   3.423662E+03  -6.293721E-02
   6.504423E+00   1.762503E+03   3.391805E+03  -6.422133E-02
   6.534467E+00   1.764470E+03   3.359385E+03  -6.536256E-02
   6.564648E+00   1.756544E+03   3.325003E+03  -6.635050E-02
   6.594970E+00   1.734617E+03   3.286515E+03  -6.725767E-02
   6.625431E+00   1.692439E+03   3.242052E+03  -6.825052E-02
   6.656033E+00   1.626584E+03   3.191724E+03  -6.956746E-02
   6.686777E+00   1.541274E+03   3.138706E+03  -7.142401E-02
   6.717662E+00   1.447843E+03   3.088235E+03  -7.387393E-02
   6.748690E+00   1.359003E+03   3.045108E+03  -7.674797E-02
   6.779861E+00   1.284598E+03   3.011781E+03  -7.972311E-02
   6.811177E+00   1.227428E+03   2.988529E+03  -8.249524E-02
   6.842637E+00   1.187586E+03   2.974113E+03  -8.484155E-02
   6.874242E+00   1.163305E+03   2.966628E+03  -8.663516E-02
   6.905993E+00   1.152270E+03   2.964054E+03  -8.783240E-02
   6.937891E+00   1.152408E+03   2.964576E+03  -8.846188E-02
   6.969936E+00   1.162202E+03   2.966702E+03  -8.860970E-02
   7.002130E+00   1.180376E+03   2.969225E+03  -8.840714E-02
   7.034472E+00   1.205139E+03   2.971050E+03  -8.802823E-02
   7.066963E+00   1.233940E+03   2.971126E+03  -8.766089E-02
   7.099605E+00   1.264242E+03   2.968616E+03  -8.743749E-02
   7.132397E+00   1.294488E+03   2.963150E+03  -8.739317E-02
   7.165340E+00   1.324243E+03   2.954834E+03  -8.749814E-02
   7.198436E+00   1.353624E+03   2.944012E+03  -8.771167E-02
   7.231685E+00   1.382788E+03   2.930988E+03  -8.800744E-02
   7.265087E+00   1.411797E+03   2.915923E+03  -8.837572E-02
   7.298644E+00   1.440640E+03   2.898891E+03  -8.882054E-02
   7.332355E+00   1.469167E+03   2.879969E+03  -8.935833E-02
   7.366222E+00   1.496998E+03   2.859263E+03  -9.001290E-02
   7.400246E+00   1.523627E+03   2.836891E+03  -9.080257E-02
   7.434427E+00   1.548650E+03   2.812972E+03  -9.172720E-02
   7.468766E+00   1.571685E+03   2.787644E+03  -9.277051E-02
   7.503263E+00   1.591960E+03   2.761075E+03  -9.391222E-02
   7.537920E+00   1.608074E+03   2.733431E+03  -9.513143E-02
   7.572736E+00   1.618229E+03   2.704913E+03  -9.639570E-02
   7.607714E+00   1.621205E+03   2.675398E+03  -9.765613E-02
   7.642853E+00   1.616097E+03   2.644500E+03  -9.886029E-02
   7.678154E+00   1.601360E+03   2.611645E+03  -9.999090E-02
   7.713619E+00   1.574349E+03   2.576218E+03  -1.011036E-01
   7.749247E+00   1.532573E+03   2.538086E+03  -1.023312E-01
   7.785040E+00   1.476127E+03   2.498182E+03  -1.038368E-01
   7.820998E+00   1.409180E+03   2.458633E+03  -1.057276E-01
   7.857122E+00   1.338916E+03   2.422120E+03  -1.079847E-01
   7.893413E+00   1.272726E+03   2.390890E+03  -1.104596E-01
   7.929872E+00   1.215922E+03   2.366108E+03  -1.129312E-01
   7.966499E+00   1.171099E+03   2.347818E+03  -1.151778E-01
   8.003295E+00   1.138704E+03   2.335244E+03  -1.170259E-01
   8.040262E+00   1.117936E+03   2.327166E+03  -1.183711E-01
   8.077399E+00   1.107497E+03   2.322229E+03  -1.191810E-01
   8.114707E+00   1.106069E+03   2.319141E+03  -1.194873E-01
   8.152188E+00   1.112517E+03   2.316794E+03  -1.193680E-01
   8.189842E+00   1.125793E+03   2.314292E+03  -1.189302E-01
   8.227670E+00   1.144686E+03   2.310923E+03  -1.183002E-01
   8.265672E+00   1.167521E+03   2.306226E+03  -1.176116E-01
   8.303850E+00   1.192618E+03   2.299878E+03  -1.169803E-01
   8.342205E+00   1.218834E+03   2.291575E+03  -1.164868E-01
   8.380737E+00   1.245210E+03   2.281321E+03  -1.161707E-01
   8.419446E+00   1.271199E+03   2.269249E+03  -1.160378E-01
   8.458335E+00   1.296537E+03   2.255522E+03  -1.160733E-01
   8.497403E+00   1.321120E+03   2.240281E+03  -1.162524E-01
   8.536651E+00   1.344921E+03   2.223637E+03  -1.165491E-01
   8.576081E+00   1.367895E+03   2.205686E+03  -1.169441E-01
   8.615693E+00   1.389903E+03   2.186509E+03  -1.174310E-01
   8.655487E+00   1.410668E+03   2.166164E+03  -1.180162E-01
   8.695466E+00   1.429797E+03   2.144686E+03  -1.187120E-01
   8.735629E+00   1.446647E+03   2.122268E+03  -1.195203E-01
   8.775978E+00   1.460610E+03   2.098834E+03  -1.204423E-01
   8.816513E+00   1.470787E+03   2.074450E+03  -1.214584E-01
   8.857236E+00   1.476187E+03   2.049195E+03  -1.225319E-01
   8.898146E+00   1.475864E+03   2.023083E+03  -1.236207E-01
   8.939246E+00   1.468841E+03   1.996018E+03  -1.247003E-01
   8.980535E+00   1.453864E+03   1.967806E+03  -1.257870E-01
   9.022015E+00   1.429422E+03   1.938333E+03  -1.269450E-01
   9.063686E+00   1.394478E+03   1.907727E+03  -1.282737E-01
   9.105550E+00   1.349563E+03   1.876600E+03  -1.298691E-01
   9.147608E+00   1.297400E+03   1.846129E+03  -1.317696E-01
   9.189860E+00   1.242440E+03   1.817745E+03  -1.339226E-01
   9.232306E+00   1.189516E+03   1.792697E+03  -1.361889E-01
   9.274949E+00   1.142533E+03   1.771720E+03  -1.383817E-01
   9.317789E+00   1.103838E+03   1.754956E+03  -1.403168E-01
   9.360827E+00   1.074383E+03   1.742049E+03  -1.418490E-01
   9.404063E+00   1.054183E+03   1.732309E+03  -1.428905E-01
   9.447500E+00   1.042666E+03   1.724921E+03  -1.434135E-01
   9.491136E+00   1.039026E+03   1.719065E+03  -1.434435E-01
   9.534975E+00   1.042353E+03   1.714001E+03  -1.430500E-01
   9.579016E+00   1.051648E+03   1.709097E+03  -1.423336E-01
   9.623260E+00   1.065798E+03   1.703831E+03  -1.414132E-01
   9.667709E+00   1.083590E+03   1.697782E+03  -1.404090E-01
   9.712362E+00   1.103801E+03   1.690632E+03  -1.394251E-01
   9.757223E+00   1.125347E+03   1.682169E+03  -1.385378E-01
   9.802290E+00   1.147396E+03   1.672275E+03  -1.377938E-01
   9.847566E+00   1.169326E+03   1.660953E+03  -1.372151E-01
   9.893050E+00   1.190753E+03   1.648237E+03  -1.368101E-01
   9.938745E+00   1.211436E+03   1.634188E+03  -1.365797E-01
   9.984651E+00   1.231237E+03   1.618885E+03  -1.365195E-01
   1.003077E+01   1.250115E+03   1.602374E+03  -1.366249E-01
   1.007710E+01   1.267933E+03   1.584795E+03  -1.368860E-01
   1.012364E+01   1.284486E+03   1.566294E+03  -1.372915E-01
   1.017040E+01   1.299481E+03   1.546988E+03  -1.378287E-01
   1.021738E+01   1.312486E+03   1.526980E+03  -1.384805E-01
   1.026457E+01   1.322916E+03   1.506360E+03  -1.392236E-01
   1.031198E+01   1.330055E+03   1.485204E+03  -1.400287E-01
   1.035961E+01   1.333114E+03   1.463560E+03  -1.408652E-01
   1.040746E+01   1.331288E+03   1.441439E+03  -1.417115E-01
   1.045553E+01   1.323758E+03   1.418808E+03  -1.425685E-01
   1.050383E+01   1.309669E+03   1.395608E+03  -1.434721E-01
   1.055234E+01   1.288293E+03   1.371773E+03  -1.444967E-01
   1.060108E+01   1.259291E+03   1.347567E+03  -1.457192E-01
   1.065005E+01   1.223350E+03   1.323419E+03  -1.472045E-01
   1.069924E+01   1.182405E+03   1.300004E+03  -1.489620E-01
   1.074866E+01   1.139383E+03   1.278107E+03  -1.509235E-01
   1.079830E+01   1.097509E+03   1.258425E+03  -1.529504E-01
   1.084818E+01   1.059575E+03   1.241400E+03  -1.548661E-01
   1.089829E+01   1.027517E+03   1.227154E+03  -1.564963E-01
   1.094862E+01   1.002363E+03   1.215530E+03  -1.577003E-01
   1.099920E+01   9.844146E+02   1.206170E+03  -1.583870E-01
   1.105000E+01   9.735649E+02   1.198566E+03  -1.585219E-01
   1.110104E+01   9.692576E+02   1.192262E+03  -1.581166E-01
   1.115231E+01   9.708409E+02   1.186777E+03  -1.572291E-01
   1.120382E+01   9.775359E+02   1.181671E+03  -1.559528E-01
   1.125557E+01   9.884576E+02   1.176555E+03  -1.544034E-01
   1.130756E+01   1.002649E+03   1.171097E+03  -1.527030E-01
   1.135979E+01   1.019144E+03   1.165022E+03  -1.509635E-01
   1.141226E+01   1.037056E+03   1.158115E+03  -1.492747E-01
   1.146497E+01   1.055646E+03   1.150211E+03  -1.477013E-01
   1.151793E+01   1.074314E+03   1.141255E+03  -1.462788E-01
   1.157112E+01   1.092637E+03   1.131207E+03  -1.450287E-01
   1.162457E+01   1.110324E+03   1.120069E+03  -1.439608E-01
   1.167826E+01   1.127175E+03   1.107880E+03  -1.430764E-01
   1.173220E+01   1.143045E+03   1.094716E+03  -1.423698E-01
   1.178639E+01   1.157794E+03   1.080689E+03  -1.418293E-01
   1.184083E+01   1.171243E+03   1.065937E+03  -1.414393E-01
   1.189552E+01   1.183139E+03   1.050606E+03  -1.411806E-01
   1.195047E+01   1.193129E+03   1.034838E+03  -1.410317E-01
   1.200567E+01   1.200759E+03   1.018758E+03  -1.409696E-01
   1.206112E+01   1.205497E+03   1.002454E+03  -1.409722E-01
   1.211683E+01   1.206773E+03   9.859890E+02  -1.410187E-01
   1.217279E+01   1.204004E+03   9.693859E+02  -1.411002E-01
   1.222902E+01   1.196638E+03   9.526417E+02  -1.412261E-01
   1.228550E+01   1.184197E+03   9.357525E+02  -1.414288E-01
   1.234225E+01   1.166391E+03   9.187532E+02  -1.417606E-01
   1.239926E+01   1.143299E+03   9.017641E+02  -1.422792E-01
   1.245653E+01   1.115572E+03   8.850209E+02  -1.430251E-01
   1.251406E+01   1.084513E+03   8.688679E+02  -1.439963E-01
   1.257186E+01   1.051954E+03   8.537047E+02  -1.451330E-01
   1.262993E+01   1.019943E+03   8.399054E+02  -1.463194E-01
   1.268827E+01   9.903810E+02   8.277436E+02  -1.474036E-01
   1.274687E+01   9.647324E+02   8.173633E+02  -1.482255E-01
   1.280575E+01   9.439599E+02   8.087273E+02  -1.486497E-01
   1.286490E+01   9.285187E+02   8.016768E+02  -1.485809E-01
   1.292432E+01   9.184534E+02   7.959616E+02  -1.479741E-01
   1.298401E+01   9.135149E+02   7.912737E+02  -1.468354E-01
   1.304398E+01   9.132561E+02   7.872820E+02  -1.452152E-01
   1.310423E+01   9.170980E+02   7.836589E+02  -1.431989E-01
   1.316476E+01   9.243767E+02   7.800998E+02  -1.408928E-01
   1.322557E+01   9.343841E+02   7.763366E+02  -1.384096E-01
   1.328665E+01   9.464114E+02   7.721477E+02  -1.358546E-01
   1.334802E+01   9.597947E+02   7.673637E+02  -1.333148E-01
   1.340968E+01   9.739522E+02   7.618704E+02  -1.308543E-01
   1.347161E+01   9.884040E+02   7.556071E+02  -1.285153E-01
   1.353384E+01   1.002775E+03   7.485830E+02  -1.263159E-01
   1.359635E+01   1.016767E+03   7.408159E+02  -1.242696E-01
   1.365915E+01   1.030127E+03   7.323370E+02  -1.223859E-01
   1.372224E+01   1.042637E+03   7.232163E+02  -1.206637E-01
   1.378562E+01   1.054078E+03   7.135338E+02  -1.190980E-01
   1.384929E+01   1.064214E+03   7.033726E+02  -1.176807E-01
   1.391326E+01   1.072779E+03   6.928137E+02  -1.163999E-01
   1.397753E+01   1.079473E+03   6.819322E+02  -1.152407E-01
   1.404209E+01   1.083960E+03   6.707946E+02  -1.141856E-01
   1.410694E+01   1.085887E+03   6.594574E+02  -1.132162E-01
   1.417210E+01   1.084898E+03   6.479677E+02  -1.123170E-01
   1.423756E+01   1.080657E+03   6.363666E+02  -1.114798E-01
   1.430332E+01   1.072882E+03   6.246952E+02  -1.107096E-01
   1.436939E+01   1.061377E+03   6.130055E+02  -1.100274E-01
   1.443576E+01   1.046097E+03   6.013728E+02  -1.094681E-01
   1.450244E+01   1.027228E+03   5.899081E+02  -1.090715E-01
   1.456942E+01   1.005257E+03   5.787626E+02  -1.088669E-01
   1.463672E+01   9.810024E+02   5.681205E+02  -1.088560E-01
   1.470432E+01   9.555527E+02   5.581769E+02  -1.089999E-01
   1.477224E+01   9.301336E+02   5.491082E+02  -1.092159E-01
   1.484047E+01   9.059382E+02   5.410426E+02  -1.093857E-01
   1.490902E+01   8.839788E+02   5.340401E+02  -1.093732E-01
   1.497788E+01   8.649972E+02   5.280866E+02  -1.090450E-01
   1.504706E+01   8.494459E+02   5.230719E+02  -1.082833E-01
   1.511656E+01   8.375332E+02   5.188784E+02  -1.070061E-01
   1.518638E+01   8.292121E+02   5.153426E+02  -1.051737E-01
   1.525653E+01   8.242675E+02   5.122676E+02  -1.027833E-01
   1.532699E+01   8.223763E+02   5.094532E+02  -9.986400E-02
   1.539779E+01   8.231536E+02   5.067089E+02  -9.646997E-02
   1.546891E+01   8.261884E+02   5.038647E+02  -9.267141E-02
   1.554036E+01   8.310689E+02   5.007771E+02  -8.854671E-02
   1.561214E+01   8.373996E+02   4.973336E+02  -8.417562E-02
   1.568425E+01   8.448122E+02   4.934532E+02  -7.963401E-02
   1.575669E+01   8.529707E+02   4.890857E+02  -7.499029E-02
   1.582947E+01   8.615715E+02   4.842080E+02  -7.030322E-02
   1.590258E+01   8.703418E+02   4.788208E+02  -6.562103E-02
   1.597603E+01   8.790345E+02   4.729432E+02  -6.098129E-02
   1.604983E+01   8.874218E+02   4.666088E+02  -5.641157E-02
   1.612396E+01   8.952880E+02   4.598608E+02  -5.193045E-02
   1.619843E+01   9.024213E+02   4.527478E+02  -4.754885E-02
   1.627325E+01   9.086058E+02   4.453212E+02  -4.327163E-02
   1.634841E+01   9.136148E+02   4.376315E+02  -3.909948E-02
   1.642393E+01   9.172052E+02   4.297276E+02  -3.503106E-02
   1.649979E+01   9.191172E+02   4.216553E+02  -3.106555E-02
   1.657600E+01   9.191150E+02   4.132958E+02  -2.717658E-02
   1.665256E+01   9.168505E+02   4.048586E+02  -2.340140E-02
   1.672948E+01   9.120939E+02   3.963923E+02  -1.975645E-02
   1.680675E+01   9.046962E+02   3.879524E+02  -1.626616E-02
   1.688438E+01   8.946390E+02   3.796064E+02  -1.296028E-02
   1.696236E+01   8.820791E+02   3.714353E+02  -9.867662E-03
   1.704071E+01   8.673736E+02   3.635317E+02  -7.006840E-03
   1.711942E+01   8.510697E+02   3.559937E+02  -4.375522E-03
   1.719849E+01   8.338565E+02   3.489135E+02  -1.941933E-03
   1.727793E+01   8.164874E+02   3.423650E+02   3.588070E-04
   1.735773E+01   7.996934E+02   3.363931E+02   2.621612E-03
   1.743791E+01   7.841076E+02   3.310064E+02   4.962197E-03
   1.751845E+01   7.702154E+02   3.261762E+02   7.504142E-03
   1.759936E+01   7.583349E+02   3.218395E+02   1.036547E-02
   1.768065E+01   7.486208E+02   3.179061E+02   1.364749E-02
   1.776232E+01   7.410857E+02   3.142674E+02   1.742760E-02
   1.784436E+01   7.356282E+02   3.108051E+02   2.175626E-02
   1.792678E+01   7.320634E+02   3.074001E+02   2.665779E-02
   1.800958E+01   7.301589E+02   3.039306E+02   3.213432E-02
   1.809277E+01   7.296931E+02   3.002381E+02   3.817288E-02
   1.817634E+01   7.303014E+02   2.963006E+02   4.474047E-02
   1.826029E+01   7.316931E+02   2.920512E+02   5.180189E-02
   1.834463E+01   7.335860E+02   2.874409E+02   5.931982E-02
   1.842936E+01   7.357112E+02   2.824388E+02   6.725851E-02
   1.851449E+01   7.378159E+02   2.770298E+02   7.558637E-02
   1.860000E+01   7.396629E+02   2.712130E+02   8.427773E-02
   1.868591E+01   7.410295E+02   2.649986E+02   9.331365E-02
   1.877222E+01   7.417049E+02   2.584059E+02   1.026822E-01
   1.885893E+01   7.414866E+02   2.514607E+02   1.123782E-01
   1.894604E+01   7.401782E+02   2.441929E+02   1.224020E-01
   1.903354E+01   7.375407E+02   2.365464E+02   1.329572E-01
   1.912146E+01   7.332537E+02   2.284813E+02   1.441956E-01
   1.920978E+01   7.271402E+02   2.201715E+02   1.558147E-01
   1.929851E+01   7.190015E+02   2.116582E+02   1.678173E-01
   1.938764E+01   7.086646E+02   2.029848E+02   1.801964E-01
   1.947719E+01   6.960001E+02   1.941978E+02   1.929287E-01
   1.956715E+01   6.809438E+02   1.853488E+02   2.059695E-01
   1.965753E+01   6.635191E+02   1.764952E+02   2.192473E-01
   1.974833E+01   6.438552E+02   1.677008E+02   2.326614E-01
   1.983954E+01   6.221934E+02   1.590338E+02   2.460828E-01
   1.993118E+01   5.988796E+02   1.505649E+02   2.593594E-01
   2.002324E+01   5.746562E+02   1.422498E+02   2.721754E-01
   2.011573E+01   5.508679E+02   1.340204E+02   2.839924E-01
   2.020864E+01   5.271593E+02   1.262982E+02   2.950654E-01
   2.030198E+01   5.038969E+02   1.190949E+02   3.052838E-01
   2.039575E+01   4.813738E+02   1.124085E+02   3.145669E-01
   2.048996E+01   4.598063E+02   1.062251E+02   3.228645E-01
   2.058460E+01   4.393390E+02   1.005226E+02   3.301553E-01
   2.067967E+01   4.200548E+02   9.527274E+01   3.364426E-01
   2.077519E+01   4.019866E+02   9.044370E+01   3.417501E-01
   2.087115E+01   3.851293E+02   8.600236E+01   3.461171E-01
   2.096755E+01   3.694507E+02   8.191561E+01   3.495941E-01
   2.106440E+01   3.547511E+02   7.833898E+01   3.524530E-01
   2.116169E+01   3.408864E+02   7.509953E+01   3.547528E-01
   2.125943E+01   3.278621E+02   7.207375E+01   3.564492E-01
   2.135763E+01   3.156385E+02   6.924499E+01   3.575842E-01
   2.145628E+01   3.041720E+02   6.659754E+01   3.582006E-01
   2.155538E+01   2.934181E+02   6.411669E+01   3.583404E-01
   2.165494E+01   2.833316E+02   6.178881E+01   3.580447E-01
   2.175496E+01   2.738687E+02   5.960135E+01   3.573529E-01
   2.185545E+01   2.649866E+02   5.754280E+01   3.563026E-01
   2.195640E+01   2.566449E+02   5.560262E+01   3.549290E-01
   2.205781E+01   2.488052E+02   5.377125E+01   3.532654E-01
   2.215969E+01   2.414316E+02   5.203995E+01   3.513424E-01
   2.226204E+01   2.344905E+02   5.040080E+01   3.491887E-01
   2.236487E+01   2.279507E+02   4.884661E+01   3.468304E-01
   2.246817E+01   2.217834E+02   4.737086E+01   3.442916E-01
   2.257195E+01   2.159619E+02   4.596761E+01   3.415946E-01
   2.267621E+01   2.104614E+02   4.463148E+01   3.387595E-01
   2.278094E+01   2.052594E+02   4.335759E+01   3.358046E-01
   2.288617E+01   2.003348E+02   4.214150E+01   3.327467E-01
   2.299187E+01   1.956685E+02   4.097916E+01   3.296009E-01
   2.309807E+01   1.910083E+02   3.992475E+01   3.269875E-01
   2.320476E+01   1.865231E+02   3.891398E+01   3.243641E-01
   2.331194E+01   1.822205E+02   3.793963E+01   3.216884E-01
   2.341961E+01   1.780907E+02   3.699977E+01   3.189677E-01
   2.352779E+01   1.741244E+02   3.609259E+01   3.162087E-01
   2.363646E+01   1.703129E+02   3.521641E+01   3.134177E-01
   2.374563E+01   1.666482E+02   3.436966E+01   3.106002E-01
   2.385531E+01   1.631224E+02   3.355087E+01   3.077615E-01
   2.396549E+01   1.597285E+02   3.275868E+01   3.049064E-01
   2.407619E+01   1.564597E+02   3.199181E+01   3.020392E-01
   2.418739E+01   1.533096E+02   3.124906E+01   2.991638E-01
   2.429911E+01   1.502723E+02   3.052932E+01   2.962840E-01
   2.441135E+01   1.473422E+02   2.983154E+01   2.934030E-01
   2.452410E+01   1.445139E+02   2.915474E+01   2.905238E-01
   2.463737E+01   1.417826E+02   2.849799E+01   2.876493E-01
   2.475117E+01   1.391436E+02   2.786043E+01   2.847819E-01
   2.486549E+01   1.365925E+02   2.724124E+01   2.819239E-01
   2.498034E+01   1.341251E+02   2.663966E+01   2.790773E-01
   2.509572E+01   1.285342E+02   2.600610E+01   2.760245E-01
   2.521164E+01   1.225925E+02   2.538294E+01   2.728536E-01
   2.532809E+01   1.169642E+02   2.477977E+01   2.696161E-01
   2.544508E+01   1.116320E+02   2.419571E+01   2.663259E-01
   2.556260E+01   1.065795E+02   2.362992E+01   2.629953E-01
   2.568067E+01   1.017908E+02   2.308160E+01   2.596354E-01
   2.579929E+01   9.725091E+01   2.254999E+01   2.562562E-01
   2.591845E+01   9.294570E+01   2.203437E+01   2.528664E-01
   2.603817E+01   8.886168E+01   2.153406E+01   2.494739E-01
   2.615843E+01   8.498614E+01   2.104839E+01   2.460856E-01
   2.627926E+01   8.130711E+01   2.057676E+01   2.427075E-01
   2.640064E+01   7.781329E+01   2.011857E+01   2.393449E-01
   2.652258E+01   7.492543E+01   1.966723E+01   2.357367E-01
   2.664508E+01   7.404703E+01   1.920361E+01   2.310314E-01
   2.676815E+01   7.322986E+01   1.875498E+01   2.264361E-01
   2.689179E+01   7.246980E+01   1.832050E+01   2.219490E-01
   2.701600E+01   7.176313E+01   1.789944E+01   2.175681E-01
   2.714079E+01   7.110643E+01   1.749109E+01   2.132911E-01
   2.726615E+01   7.049661E+01   1.709482E+01   2.091159E-01
   2.739208E+01   6.993084E+01   1.671005E+01   2.050401E-01
   2.751861E+01   6.943212E+01   1.633935E+01   2.011752E-01
   2.764571E+01   6.911194E+01   1.599631E+01   1.980470E-01
   2.777340E+01   6.881315E+01   1.566178E+01   1.949778E-01
   2.790168E+01   6.853482E+01   1.533544E+01   1.919665E-01
   2.803056E+01   6.827610E+01   1.501704E+01   1.890118E-01
   2.816003E+01   6.803618E+01   1.470630E+01   1.861124E-01
   2.829010E+01   6.781430E+01   1.440297E+01   1.832673E-01
   2.842076E+01   6.760975E+01   1.410681E+01   1.804753E-01
   2.855204E+01   6.742187E+01   1.381761E+01   1.777351E-01
   2.868391E+01   6.725002E+01   1.353514E+01   1.750457E-01
   2.881640E+01   6.709362E+01   1.325920E+01   1.724059E-01
   2.894950E+01   6.695211E+01   1.298959E+01   1.698147E-01
   2.908322E+01   6.682498E+01   1.272613E+01   1.672709E-01
   2.921755E+01   6.671171E+01   1.246864E+01   1.647735E-01
   2.935250E+01   6.661185E+01   1.221694E+01   1.623216E-01
   2.948808E+01   6.652496E+01   1.197088E+01   1.599140E-01
   2.962428E+01   6.711556E+01   1.168734E+01   1.554707E-01
   2.976111E+01   6.783409E+01   1.140789E+01   1.509909E-01
   2.989857E+01   6.861769E+01   1.113638E+01   1.466723E-01
   3.003667E+01   6.946526E+01   1.087245E+01   1.425076E-01
   3.017540E+01   7.037594E+01   1.061578E+01   1.384900E-01
   3.031478E+01   7.134905E+01   1.036605E+01   1.346128E-01
   3.045480E+01   7.238410E+01   1.012299E+01   1.308697E-01
   3.059547E+01   7.348074E+01   9.886338E+00   1.272547E-01
   3.073678E+01   7.463876E+01   9.655862E+00   1.237622E-01
   3.087875E+01   7.585810E+01   9.431338E+00   1.203868E-01
   3.102138E+01   7.713879E+01   9.212563E+00   1.171234E-01
   3.116466E+01   7.848099E+01   8.999346E+00   1.139672E-01
   3.130861E+01   7.988492E+01   8.791509E+00   1.109136E-01
   3.145322E+01   8.135092E+01   8.588886E+00   1.079581E-01
   3.159850E+01   8.586933E+01   8.439527E+00   1.064039E-01
   3.174445E+01   9.215153E+01   8.317461E+00   1.054088E-01
   3.189107E+01   9.884084E+01   8.199844E+00   1.043067E-01
   3.203837E+01   1.059496E+02   8.086967E+00   1.030798E-01
   3.218635E+01   1.134862E+02   7.979156E+00   1.017077E-01
   3.233502E+01   1.214540E+02   7.876778E+00   1.001671E-01
   3.248437E+01   1.298496E+02   7.780239E+00   9.843145E-02
   3.263441E+01   1.386605E+02   7.689984E+00   9.647077E-02
   3.278515E+01   1.478627E+02   7.606490E+00   9.425149E-02
   3.293658E+01   1.574182E+02   7.530261E+00   9.173625E-02
   3.308871E+01   1.672713E+02   7.461814E+00   8.888385E-02
   3.324154E+01   1.630187E+02   7.359874E+00   9.050825E-02
   3.339508E+01   1.578269E+02   7.256782E+00   9.254661E-02
   3.354933E+01   1.528373E+02   7.155550E+00   9.462816E-02
   3.370429E+01   1.480445E+02   7.056096E+00   9.675451E-02
   3.385996E+01   1.434433E+02   6.958344E+00   9.892734E-02
   3.401636E+01   1.390285E+02   6.862226E+00   1.011483E-01
   3.417347E+01   1.347949E+02   6.767678E+00   1.034193E-01
   3.433132E+01   1.307374E+02   6.674644E+00   1.057420E-01
   3.448989E+01   1.268509E+02   6.583073E+00   1.081185E-01
   3.464919E+01   1.200784E+02   6.428649E+00   1.077930E-01
   3.480923E+01   1.134383E+02   6.275069E+00   1.070741E-01
   3.497001E+01   1.071364E+02   6.126536E+00   1.061728E-01
   3.513154E+01   1.011633E+02   5.982771E+00   1.051185E-01
   3.529380E+01   9.550805E+01   5.843515E+00   1.039372E-01
   3.545682E+01   9.015870E+01   5.708527E+00   1.026518E-01
   3.562059E+01   8.510259E+01   5.577583E+00   1.012821E-01
   3.578512E+01   8.032668E+01   5.450476E+00   9.984534E-02
   3.595041E+01   7.581780E+01   5.327014E+00   9.835657E-02
   3.611646E+01   7.796526E+01   5.178001E+00   9.336213E-02
   3.628327E+01   8.335114E+01   5.021864E+00   8.729989E-02
   3.645086E+01   8.931547E+01   4.871237E+00   8.168340E-02
   3.661922E+01   9.589044E+01   4.726104E+00   7.646847E-02
   3.678836E+01   1.031092E+02   4.586524E+00   7.161578E-02
   3.695828E+01   1.110053E+02   4.452622E+00   6.709027E-02
   3.712899E+01   1.194660E+02   4.415684E+00   6.615001E-02
   3.730048E+01   1.282948E+02   4.412135E+00   6.604308E-02
   3.747277E+01   1.374247E+02   4.412636E+00   6.555109E-02
   3.764585E+01   1.467450E+02   4.417671E+00   6.456891E-02
   3.781973E+01   1.561027E+02   4.427630E+00   6.297028E-02
   3.799442E+01   1.652956E+02   4.442729E+00   6.060654E-02
   3.816991E+01   1.740688E+02   4.462926E+00   5.730703E-02
   3.834621E+01   1.821153E+02   4.487802E+00   5.288219E-02
   3.852333E+01   1.867061E+02   4.497369E+00   4.879686E-02
   3.870126E+01   1.750916E+02   4.389333E+00   5.513140E-02
   3.888002E+01   1.637621E+02   4.293037E+00   6.156264E-02
   3.905960E+01   1.528799E+02   4.207073E+00   6.812464E-02
   3.924001E+01   1.425634E+02   4.130094E+00   7.485307E-02
   3.942126E+01   1.328933E+02   4.060862E+00   8.178552E-02
   3.960334E+01   1.239193E+02   3.998276E+00   8.896174E-02
   3.978626E+01   1.156658E+02   3.941383E+00   9.642399E-02
   3.997003E+01   1.081384E+02   3.889385E+00   1.042174E-01
   4.015465E+01   1.038485E+02   3.800697E+00   1.035628E-01
   4.034012E+01   1.003264E+02   3.706752E+00   1.011528E-01
   4.052644E+01   9.702863E+01   3.615276E+00   9.868712E-02
   4.071363E+01   9.393929E+01   3.526164E+00   9.618715E-02
   4.090168E+01   9.104324E+01   3.439317E+00   9.367115E-02
   4.109060E+01   8.832618E+01   3.354644E+00   9.115441E-02
   4.128039E+01   8.577465E+01   3.272058E+00   8.864968E-02
   4.147106E+01   8.337605E+01   3.191481E+00   8.616749E-02
   4.166261E+01   8.111866E+01   3.112839E+00   8.371645E-02
   4.185505E+01   7.899156E+01   3.036064E+00   8.130353E-02
   4.204837E+01   7.829906E+01   2.968521E+00   7.923783E-02
   4.224259E+01   8.165433E+01   2.924803E+00   7.805164E-02
   4.243770E+01   8.509545E+01   2.882460E+00   7.677983E-02
   4.263371E+01   8.861447E+01   2.841508E+00   7.541368E-02
   4.283063E+01   9.220136E+01   2.801965E+00   7.394372E-02
   4.302846E+01   9.584378E+01   2.763844E+00   7.235974E-02
   4.322721E+01   9.952682E+01   2.727157E+00   7.065078E-02
   4.342687E+01   1.002863E+02   2.687303E+00   7.017149E-02
   4.362745E+01   9.642792E+01   2.641379E+00   7.183537E-02
   4.382896E+01   9.270714E+01   2.596655E+00   7.349957E-02
   4.403140E+01   8.912208E+01   2.553063E+00   7.516543E-02
   4.423478E+01   8.567052E+01   2.510540E+00   7.683428E-02
   4.443909E+01   8.234993E+01   2.469029E+00   7.850741E-02
   4.464435E+01   7.915755E+01   2.428475E+00   8.018612E-02
   4.485056E+01   7.609037E+01   2.388830E+00   8.187170E-02
   4.505772E+01   7.314524E+01   2.350047E+00   8.356541E-02
   4.526583E+01   7.031885E+01   2.312084E+00   8.526853E-02
   4.547491E+01   6.760780E+01   2.274903E+00   8.698229E-02
   4.568495E+01   6.570146E+01   2.232594E+00   8.693214E-02
   4.589597E+01   6.415859E+01   2.188549E+00   8.607921E-02
   4.610795E+01   6.265561E+01   2.145423E+00   8.522089E-02
   4.632092E+01   6.119143E+01   2.103195E+00   8.435829E-02
   4.653487E+01   5.976503E+01   2.061845E+00   8.349245E-02
   4.674981E+01   5.837537E+01   2.021352E+00   8.262433E-02
   4.696574E+01   5.702146E+01   1.981696E+00   8.175483E-02
   4.718267E+01   5.570231E+01   1.942858E+00   8.088478E-02
   4.740060E+01   5.441699E+01   1.904820E+00   8.001496E-02
   4.761954E+01   5.316455E+01   1.867564E+00   7.914608E-02
   4.783949E+01   5.194409E+01   1.831071E+00   7.827881E-02
   4.806045E+01   5.075473E+01   1.795325E+00   7.741374E-02
   4.828244E+01   4.959561E+01   1.760308E+00   7.655147E-02
   4.850545E+01   4.846589E+01   1.726005E+00   7.569249E-02
   4.872949E+01   4.736475E+01   1.692400E+00   7.483729E-02
   4.895456E+01   4.629142E+01   1.659476E+00   7.398631E-02
   4.918068E+01   4.524511E+01   1.627220E+00   7.313996E-02
   4.940784E+01   4.422508E+01   1.595616E+00   7.229860E-02
   4.963605E+01   4.323059E+01   1.564649E+00   7.146257E-02
   4.986531E+01   4.226096E+01   1.534307E+00   7.063217E-02
   5.009563E+01   4.123920E+01   1.504898E+00   6.991784E-02
   5.032702E+01   4.013781E+01   1.476528E+00   6.935986E-02
   5.055947E+01   3.906563E+01   1.448720E+00   6.880093E-02
   5.079300E+01   3.802193E+01   1.421463E+00   6.824145E-02
   5.102761E+01   3.700599E+01   1.394745E+00   6.768177E-02
   5.126330E+01   3.601713E+01   1.368553E+00   6.712225E-02
   5.150008E+01   3.505464E+01   1.342877E+00   6.656319E-02
   5.173795E+01   3.411787E+01   1.317703E+00   6.600490E-02
   5.197692E+01   3.320614E+01   1.293023E+00   6.544765E-02
   5.221699E+01   3.231882E+01   1.268825E+00   6.489169E-02
   5.245818E+01   3.145528E+01   1.245098E+00   6.433727E-02
   5.270048E+01   3.061490E+01   1.221833E+00   6.378460E-02
   5.294389E+01   2.979707E+01   1.199020E+00   6.323390E-02
   5.318843E+01   2.900122E+01   1.176649E+00   6.268536E-02
   5.343411E+01   2.822675E+01   1.154710E+00   6.213914E-02
   5.368091E+01   2.747311E+01   1.133195E+00   6.159542E-02
   5.392886E+01   2.673975E+01   1.112095E+00   6.105435E-02
   5.417795E+01   2.602614E+01   1.091401E+00   6.051605E-02
   5.442819E+01   2.533174E+01   1.071105E+00   5.998067E-02
   5.467959E+01   2.465605E+01   1.051198E+00   5.944832E-02
   5.493214E+01   2.399857E+01   1.031672E+00   5.891910E-02
   5.518587E+01   2.335882E+01   1.012519E+00   5.839312E-02
   5.544077E+01   2.273631E+01   9.937328E-01   5.787046E-02
   5.569684E+01   2.213060E+01   9.753044E-01   5.735120E-02
   5.595410E+01   2.154122E+01   9.572270E-01   5.683542E-02
   5.621254E+01   2.096774E+01   9.394934E-01   5.632319E-02
   5.647218E+01   2.040973E+01   9.220967E-01   5.581455E-02
   5.673302E+01   1.986677E+01   9.050301E-01   5.530958E-02
   5.699506E+01   1.933846E+01   8.882869E-01   5.480831E-02
   5.725831E+01   1.882440E+01   8.718606E-01   5.431078E-02
   5.752278E+01   1.832421E+01   8.557448E-01   5.381704E-02
   5.778847E+01   1.783750E+01   8.399335E-01   5.332710E-02
   5.805539E+01   1.736392E+01   8.244204E-01   5.284102E-02
   5.832354E+01   1.690311E+01   8.091998E-01   5.235879E-02
   5.859293E+01   1.645472E+01   7.942657E-01   5.188045E-02
   5.886357E+01   1.601842E+01   7.796125E-01   5.140600E-02
   5.913545E+01   1.559387E+01   7.652348E-01   5.093546E-02
   5.940859E+01   1.518076E+01   7.511270E-01   5.046885E-02
   5.968299E+01   1.477878E+01   7.372838E-01   5.000615E-02
   5.995866E+01   1.438762E+01   7.237002E-01   4.954738E-02
   6.023560E+01   1.419732E+01   7.100105E-01   4.892438E-02
   6.051382E+01   1.404362E+01   6.965193E-01   4.828083E-02
   6.079333E+01   1.389242E+01   6.832858E-01   4.764657E-02
   6.107412E+01   1.374364E+01   6.703051E-01   4.702145E-02
   6.135622E+01   1.359724E+01   6.575722E-01   4.640532E-02
   6.163961E+01   1.345315E+01   6.450823E-01   4.579802E-02
   6.192432E+01   1.331133E+01   6.328308E-01   4.519942E-02
   6.221034E+01   1.317172E+01   6.208129E-01   4.460938E-02
   6.249768E+01   1.303428E+01   6.090243E-01   4.402774E-02
   6.278635E+01   1.289895E+01   5.974604E-01   4.345438E-02
   6.307635E+01   1.276569E+01   5.861169E-01   4.288916E-02
   6.336770E+01   1.263445E+01   5.749897E-01   4.233195E-02
   6.366038E+01   1.250519E+01   5.640744E-01   4.178261E-02
   6.395442E+01   1.237786E+01   5.533670E-01   4.124103E-02
   6.424982E+01   1.225243E+01   5.428635E-01   4.070708E-02
   6.454658E+01   1.212885E+01   5.325600E-01   4.018064E-02
   6.484471E+01   1.200708E+01   5.224526E-01   3.966157E-02
   6.514422E+01   1.188709E+01   5.125376E-01   3.914978E-02
   6.544512E+01   1.176882E+01   5.028112E-01   3.864514E-02
   6.574740E+01   1.165226E+01   4.932699E-01   3.814755E-02
   6.605108E+01   1.153737E+01   4.839101E-01   3.765688E-02
   6.635616E+01   1.142410E+01   4.747282E-01   3.717303E-02
   6.666265E+01   1.131242E+01   4.657210E-01   3.669589E-02
   6.697056E+01   1.120231E+01   4.568850E-01   3.622536E-02
   6.727989E+01   1.109373E+01   4.482169E-01   3.576134E-02
   6.759065E+01   1.098665E+01   4.397136E-01   3.530372E-02
   6.790284E+01   1.088103E+01   4.313718E-01   3.485240E-02
   6.821647E+01   1.077686E+01   4.231885E-01   3.440729E-02
   6.853156E+01   1.067409E+01   4.151607E-01   3.396830E-02
   6.884809E+01   1.057271E+01   4.072854E-01   3.353531E-02
   6.916610E+01   1.047268E+01   3.995596E-01   3.310826E-02
   6.948557E+01   1.037399E+01   3.919806E-01   3.268703E-02
   6.980651E+01   1.027659E+01   3.845454E-01   3.227155E-02
   7.012894E+01   1.020756E+01   3.773102E-01   3.188438E-02
   7.045286E+01   1.017985E+01   3.702982E-01   3.153583E-02
   7.077827E+01   1.015244E+01   3.634170E-01   3.119134E-02
   7.110518E+01   1.012532E+01   3.566641E-01   3.085087E-02
   7.143361E+01   1.009848E+01   3.500372E-01   3.051435E-02
   7.176355E+01   1.007193E+01   3.435338E-01   3.018175E-02
   7.209502E+01   1.004566E+01   3.371517E-01   2.985300E-02
   7.242802E+01   1.001965E+01   3.308885E-01   2.952806E-02
   7.276255E+01   9.993921E+00   3.247421E-01   2.920688E-02
   7.309864E+01   9.968452E+00   3.187102E-01   2.888941E-02
   7.343627E+01   9.943244E+00   3.127907E-01   2.857560E-02
   7.377546E+01   9.918292E+00   3.069815E-01   2.826541E-02
   7.411622E+01   9.893592E+00   3.012805E-01   2.795879E-02
   7.445856E+01   9.869141E+00   2.956857E-01   2.765569E-02
   7.480247E+01   9.844933E+00   2.901951E-01   2.735607E-02
   7.514797E+01   9.820966E+00   2.848068E-01   2.705989E-02
   7.549507E+01   9.797236E+00   2.795189E-01   2.676710E-02
   7.584378E+01   9.773739E+00   2.743294E-01   2.647765E-02
   7.619409E+01   9.750472E+00   2.692365E-01   2.619152E-02
   7.654602E+01   9.727430E+00   2.642384E-01   2.590864E-02
   7.689958E+01   9.704611E+00   2.593334E-01   2.562899E-02
   7.725477E+01   9.682011E+00   2.545196E-01   2.535253E-02
   7.761160E+01   9.659627E+00   2.497955E-01   2.507921E-02
   7.797007E+01   9.637455E+00   2.451592E-01   2.480899E-02
   7.833021E+01   9.615493E+00   2.406093E-01   2.454184E-02
   7.869201E+01   9.593736E+00   2.361440E-01   2.427771E-02
   7.905548E+01   9.572183E+00   2.317618E-01   2.401657E-02
   7.942062E+01   9.550829E+00   2.274611E-01   2.375839E-02
   7.978746E+01   9.529672E+00   2.232404E-01   2.350312E-02
   8.015599E+01   9.508709E+00   2.190982E-01   2.325074E-02
   8.052622E+01   9.487937E+00   2.150330E-01   2.300119E-02
   8.089816E+01   9.467354E+00   2.110435E-01   2.275446E-02
   8.127182E+01   9.446955E+00   2.071281E-01   2.251050E-02
   8.164720E+01   9.426739E+00   2.032855E-01   2.226929E-02
   8.202432E+01   9.406703E+00   1.995144E-01   2.203078E-02
   8.240318E+01   9.386845E+00   1.958134E-01   2.179494E-02
   8.278379E+01   9.367160E+00   1.921812E-01   2.156175E-02
   8.316616E+01   9.347648E+00   1.886165E-01   2.133116E-02
   8.355029E+01   9.328306E+00   1.851181E-01   2.110316E-02
   8.393620E+01   9.309130E+00   1.816847E-01   2.087770E-02
   8.432389E+01   9.290119E+00   1.783151E-01   2.065475E-02
   8.471337E+01   9.271271E+00   1.750081E-01   2.043430E-02
   8.510465E+01   9.263597E+00   1.717631E-01   2.021578E-02
   8.549774E+01   9.286327E+00   1.685798E-01   1.999830E-02
   8.589264E+01   9.309223E+00   1.654556E-01   1.978325E-02
   8.628937E+01   9.332283E+00   1.623896E-01   1.957059E-02
   8.668793E+01   9.355509E+00   1.593805E-01   1.936029E-02
   8.708833E+01   9.378898E+00   1.564274E-01   1.915234E-02
   8.749058E+01   9.402450E+00   1.535292E-01   1.894670E-02
   8.789469E+01   9.426164E+00   1.506849E-01   1.874333E-02
   8.830067E+01   9.450040E+00   1.478934E-01   1.854223E-02
   8.870852E+01   9.474077E+00   1.451538E-01   1.834335E-02
   8.911825E+01   9.498274E+00   1.424651E-01   1.814667E-02
   8.952988E+01   9.522631E+00   1.398264E-01   1.795217E-02
   8.994340E+01   9.547146E+00   1.372367E-01   1.775982E-02
   9.035884E+01   9.571820E+00   1.346951E-01   1.756959E-02
   9.077620E+01   9.596651E+00   1.322007E-01   1.738145E-02
   9.119548E+01   9.621639E+00   1.297527E-01   1.719540E-02
   9.161670E+01   9.646783E+00   1.273502E-01   1.701139E-02
   9.203987E+01   9.672083E+00   1.249923E-01   1.682940E-02
   9.246499E+01   9.697537E+00   1.226782E-01   1.664942E-02
   9.289207E+01   9.723146E+00   1.204071E-01   1.647141E-02
   9.332113E+01   9.748908E+00   1.181781E-01   1.629536E-02
   9.375217E+01   9.774823E+00   1.159906E-01   1.612124E-02
   9.418520E+01   9.800891E+00   1.138437E-01   1.594902E-02
   9.462023E+01   9.827110E+00   1.117366E-01   1.577869E-02
   9.505727E+01   9.853480E+00   1.096687E-01   1.561023E-02
   9.549632E+01   9.880001E+00   1.076392E-01   1.544361E-02
   9.593741E+01   9.906671E+00   1.056474E-01   1.527880E-02
   9.638053E+01   9.933491E+00   1.036925E-01   1.511580E-02
   9.682570E+01   9.960458E+00   1.017740E-01   1.495457E-02
   9.727293E+01   9.987574E+00   9.989107E-02   1.479510E-02
   9.772222E+01   1.001484E+01   9.804309E-02   1.463737E-02
   9.817359E+01   1.004225E+01   9.622942E-02   1.448136E-02
   9.862704E+01   1.006980E+01   9.444942E-02   1.432704E-02
   9.908259E+01   1.009750E+01   9.270246E-02   1.417440E-02
   9.954024E+01   1.012535E+01   9.098792E-02   1.402341E-02
   1.000000E+02   1.015334E+01   8.930521E-02   1.387407E-02
