#============================================================================
# Opacities computed by OpTool        <a^n>=  1.6377E-1  1.9248E-1  2.4300E-1
# Method:   DHS  fmax=  0.700
# Parameters:
#   amin [um]=      0.100 amax [um]=      1.500  na  =   18    apow=   3.5    
#   lmin [um]=      0.100 lmax [um]=    100.000  nlam=  300    nang=   180
#   porosity =      0.000 p_mantle =      0.000  fmax= 0.70    chop=   0.0
# Composition:
#  Where   mfrac  rho   Material
#  -----   -----  ----  -----------------------------------------------------
#  core    1.000  4.39  fay
#  - - -   - - -  -  -  - - - - - - - - - - - - - - - - - - - - - - - - - - -
#  grain   1.000  4.39  mixture of  1 materials
#----------------------------------------------------------------------------
# Command: optool fay -a 0.1 1.5 -l 0.1 100 -dhs 0.7
#============================================================================
# Standard output file, no scattering matrix
#    iformat
#    nlambda
#    lambda[um]  kabs [cm^2/g]  ksca [cm^2/g]    g_asymmetry
#============================================================================
           3
         300
   1.000000E-01   1.099221E+01   1.588267E+04   7.938412E-01
   1.023372E-01   1.004985E+01   1.598293E+04   7.902466E-01
   1.047290E-01   9.687023E+00   1.613663E+04   7.901036E-01
   1.071767E-01   1.000964E+01   1.624558E+04   7.883839E-01
   1.096816E-01   1.023813E+01   1.625477E+04   7.870014E-01
   1.122451E-01   9.324326E+00   1.646179E+04   7.834812E-01
   1.148684E-01   9.616397E+00   1.658552E+04   7.823166E-01
   1.175531E-01   1.096433E+01   1.661353E+04   7.848489E-01
   1.203005E-01   9.691547E+00   1.670621E+04   7.821759E-01
   1.231122E-01   9.524383E+00   1.698324E+04   7.790792E-01
   1.259895E-01   9.027884E+00   1.710837E+04   7.784512E-01
   1.289341E-01   8.263027E+00   1.712739E+04   7.768063E-01
   1.319476E-01   8.160474E+00   1.733375E+04   7.723128E-01
   1.350314E-01   8.687770E+00   1.742783E+04   7.744922E-01
   1.381873E-01   8.609193E+00   1.761582E+04   7.719699E-01
   1.414170E-01   8.149248E+00   1.768803E+04   7.705025E-01
   1.447222E-01   7.330781E+00   1.792929E+04   7.688655E-01
   1.481046E-01   8.349044E+00   1.812180E+04   7.643464E-01
   1.515661E-01   8.040503E+00   1.816649E+04   7.622535E-01
   1.551084E-01   8.389299E+00   1.833802E+04   7.590358E-01
   1.587336E-01   7.668644E+00   1.845248E+04   7.615107E-01
   1.624435E-01   7.319924E+00   1.861614E+04   7.592317E-01
   1.662401E-01   1.177008E+01   1.872072E+04   7.557107E-01
   1.701254E-01   7.567193E+00   1.891525E+04   7.545239E-01
   1.741016E-01   7.193263E+00   1.904790E+04   7.517767E-01
   1.781706E-01   6.803499E+00   1.908563E+04   7.490857E-01
   1.823348E-01   6.848688E+00   1.919717E+04   7.462505E-01
   1.865963E-01   6.694670E+00   1.933414E+04   7.455140E-01
   1.909574E-01   6.673399E+00   1.944849E+04   7.441974E-01
   1.954204E-01   6.314277E+00   1.950961E+04   7.415081E-01
   1.999877E-01   7.486902E+00   1.964728E+04   7.402106E-01
   2.046618E-01   5.808712E+00   1.970197E+04   7.384683E-01
   2.094451E-01   5.598840E+00   1.972151E+04   7.359717E-01
   2.143402E-01   6.701030E+00   1.980741E+04   7.329119E-01
   2.193497E-01   5.642775E+00   1.990705E+04   7.309289E-01
   2.244763E-01   6.398780E+00   1.999088E+04   7.282262E-01
   2.297228E-01   7.110291E+00   2.000290E+04   7.245721E-01
   2.350918E-01   5.517376E+00   1.999798E+04   7.244378E-01
   2.405863E-01   7.249421E+00   1.996965E+04   7.217577E-01
   2.462092E-01   5.271451E+00   1.991350E+04   7.196028E-01
   2.519636E-01   5.155134E+00   1.991869E+04   7.168848E-01
   2.578524E-01   5.490072E+00   2.000787E+04   7.132486E-01
   2.638789E-01   6.293613E+00   2.008547E+04   7.093784E-01
   2.700462E-01   5.048595E+00   2.002274E+04   7.083766E-01
   2.763577E-01   4.494486E+00   1.998788E+04   7.086619E-01
   2.828167E-01   4.774728E+00   1.993948E+04   7.053916E-01
   2.894266E-01   4.948310E+00   1.987599E+04   7.020823E-01
   2.961910E-01   5.935228E+00   1.979151E+04   6.995396E-01
   3.031136E-01   4.888139E+00   1.978156E+04   6.954824E-01
   3.101979E-01   4.343472E+00   1.967897E+04   6.941704E-01
   3.174477E-01   4.732093E+00   1.956224E+04   6.924131E-01
   3.248671E-01   4.769668E+00   1.946114E+04   6.917873E-01
   3.324598E-01   4.494566E+00   1.935252E+04   6.877351E-01
   3.402300E-01   4.289024E+00   1.926598E+04   6.839206E-01
   3.481818E-01   4.230743E+00   1.915012E+04   6.815057E-01
   3.563194E-01   4.266562E+00   1.904832E+04   6.795352E-01
   3.646472E-01   4.399011E+00   1.896843E+04   6.770895E-01
   3.731697E-01   5.012859E+00   1.884012E+04   6.762993E-01
   3.818913E-01   3.969115E+00   1.873078E+04   6.756670E-01
   3.908168E-01   3.524760E+00   1.854091E+04   6.740165E-01
   3.999509E-01   4.321174E+00   1.844206E+04   6.704956E-01
   4.092985E-01   3.675438E+00   1.827432E+04   6.694811E-01
   4.188645E-01   3.847485E+00   1.807708E+04   6.703158E-01
   4.286541E-01   3.891983E+00   1.796020E+04   6.676655E-01
   4.386726E-01   4.240105E+00   1.776920E+04   6.682014E-01
   4.489251E-01   3.679302E+00   1.760182E+04   6.679758E-01
   4.594173E-01   3.396605E+00   1.736829E+04   6.666224E-01
   4.701547E-01   3.159232E+00   1.718353E+04   6.647353E-01
   4.811431E-01   5.227971E+00   1.699582E+04   6.632888E-01
   4.923883E-01   3.229131E+00   1.677105E+04   6.645039E-01
   5.038963E-01   3.376608E+00   1.658593E+04   6.628580E-01
   5.156732E-01   3.312796E+00   1.640110E+04   6.625158E-01
   5.277254E-01   2.843263E+00   1.619808E+04   6.623782E-01
   5.400593E-01   3.926296E+00   1.595543E+04   6.609460E-01
   5.526815E-01   2.841434E+00   1.576814E+04   6.585080E-01
   5.655986E-01   2.889056E+00   1.554091E+04   6.581883E-01
   5.788177E-01   3.136464E+00   1.536195E+04   6.573712E-01
   5.923457E-01   3.114238E+00   1.514117E+04   6.569574E-01
   6.061899E-01   2.610963E+00   1.496053E+04   6.564144E-01
   6.203576E-01   2.846803E+00   1.476463E+04   6.552722E-01
   6.348565E-01   2.597987E+00   1.451903E+04   6.542980E-01
   6.496943E-01   2.378216E+00   1.433116E+04   6.519925E-01
   6.648788E-01   2.407525E+00   1.408444E+04   6.528792E-01
   6.804182E-01   2.443923E+00   1.392027E+04   6.513709E-01
   6.963208E-01   2.258040E+00   1.372492E+04   6.502580E-01
   7.125951E-01   2.318373E+00   1.354126E+04   6.499218E-01
   7.292497E-01   2.307441E+00   1.334570E+04   6.485919E-01
   7.462936E-01   2.150673E+00   1.310897E+04   6.475613E-01
   7.637358E-01   2.669729E+00   1.292837E+04   6.453763E-01
   7.815857E-01   2.153318E+00   1.270358E+04   6.459353E-01
   7.998527E-01   2.000313E+00   1.253902E+04   6.447266E-01
   8.185467E-01   2.134209E+00   1.234708E+04   6.431982E-01
   8.376776E-01   2.022604E+00   1.217349E+04   6.431248E-01
   8.572557E-01   1.950925E+00   1.195066E+04   6.426706E-01
   8.772913E-01   1.786550E+00   1.174711E+04   6.405960E-01
   8.977952E-01   1.739827E+00   1.154974E+04   6.393067E-01
   9.187782E-01   1.714433E+00   1.136208E+04   6.386324E-01
   9.402517E-01   1.742455E+00   1.118745E+04   6.372686E-01
   9.622271E-01   1.676513E+00   1.101173E+04   6.353203E-01
   9.847161E-01   1.607737E+00   1.083250E+04   6.348540E-01
   1.007731E+00   1.524507E+00   1.061675E+04   6.347061E-01
   1.031283E+00   1.645717E+00   1.042095E+04   6.315699E-01
   1.055386E+00   1.486294E+00   1.022519E+04   6.306179E-01
   1.080052E+00   1.446682E+00   1.005808E+04   6.290979E-01
   1.105295E+00   1.422991E+00   9.881848E+03   6.272022E-01
   1.131128E+00   1.406352E+00   9.710924E+03   6.253933E-01
   1.157564E+00   1.321321E+00   9.524561E+03   6.253872E-01
   1.184619E+00   1.288363E+00   9.325281E+03   6.244152E-01
   1.212305E+00   1.263981E+00   9.133666E+03   6.219983E-01
   1.240639E+00   1.241253E+00   8.966655E+03   6.196798E-01
   1.269635E+00   1.248653E+00   8.800289E+03   6.176901E-01
   1.299309E+00   1.210537E+00   8.634729E+03   6.160330E-01
   1.329676E+00   1.134869E+00   8.456849E+03   6.152541E-01
   1.360753E+00   1.079194E+00   8.272327E+03   6.151406E-01
   1.392556E+00   1.060453E+00   8.099178E+03   6.132820E-01
   1.425103E+00   1.039756E+00   7.918972E+03   6.110554E-01
   1.458410E+00   1.022022E+00   7.749577E+03   6.086826E-01
   1.492496E+00   9.796373E-01   7.580151E+03   6.068868E-01
   1.527378E+00   9.403449E-01   7.419431E+03   6.052908E-01
   1.563075E+00   9.098069E-01   7.249315E+03   6.042591E-01
   1.599607E+00   8.846096E-01   7.077726E+03   6.035821E-01
   1.636993E+00   8.700468E-01   6.907302E+03   6.014586E-01
   1.675252E+00   8.464107E-01   6.726019E+03   5.990804E-01
   1.714406E+00   8.165902E-01   6.552586E+03   5.969674E-01
   1.754475E+00   7.879949E-01   6.396064E+03   5.946804E-01
   1.795480E+00   7.614641E-01   6.236578E+03   5.924947E-01
   1.837444E+00   7.356314E-01   6.062525E+03   5.910863E-01
   1.880388E+00   7.178297E-01   5.889185E+03   5.896341E-01
   1.924336E+00   7.038728E-01   5.721445E+03   5.872474E-01
   1.969311E+00   6.839787E-01   5.552329E+03   5.847204E-01
   2.015338E+00   6.673479E-01   5.385672E+03   5.819575E-01
   2.062440E+00   6.663134E-01   5.218286E+03   5.791877E-01
   2.110643E+00   6.685284E-01   5.050749E+03   5.769191E-01
   2.159972E+00   6.770209E-01   4.883788E+03   5.753075E-01
   2.210455E+00   6.950183E-01   4.719172E+03   5.736254E-01
   2.262117E+00   7.233609E-01   4.554456E+03   5.710403E-01
   2.314987E+00   7.555972E-01   4.388621E+03   5.678363E-01
   2.369092E+00   7.875123E-01   4.226783E+03   5.642928E-01
   2.424462E+00   8.197676E-01   4.069679E+03   5.608832E-01
   2.481126E+00   8.511367E-01   3.915617E+03   5.580666E-01
   2.539114E+00   8.827427E-01   3.761670E+03   5.558129E-01
   2.598458E+00   9.155723E-01   3.607044E+03   5.537330E-01
   2.659189E+00   9.526321E-01   3.454632E+03   5.513309E-01
   2.721339E+00   9.938583E-01   3.307536E+03   5.481838E-01
   2.784941E+00   1.038740E+00   3.165309E+03   5.442768E-01
   2.850030E+00   1.085017E+00   3.027005E+03   5.401582E-01
   2.916641E+00   1.130563E+00   2.892231E+03   5.363278E-01
   2.984808E+00   1.177625E+00   2.759254E+03   5.328673E-01
   3.054568E+00   1.225070E+00   2.626085E+03   5.295554E-01
   3.125959E+00   1.272661E+00   2.492891E+03   5.261339E-01
   3.199018E+00   1.321828E+00   2.362631E+03   5.225337E-01
   3.273785E+00   1.374155E+00   2.239340E+03   5.189302E-01
   3.350299E+00   1.432424E+00   2.125599E+03   5.156323E-01
   3.428602E+00   1.498009E+00   2.020584E+03   5.128679E-01
   3.508734E+00   1.570302E+00   1.920190E+03   5.105752E-01
   3.590740E+00   1.646675E+00   1.819643E+03   5.083986E-01
   3.674662E+00   1.723060E+00   1.716535E+03   5.059387E-01
   3.760545E+00   1.798877E+00   1.612025E+03   5.029733E-01
   3.848436E+00   1.874637E+00   1.509110E+03   4.995231E-01
   3.938381E+00   1.952689E+00   1.410591E+03   4.957999E-01
   4.030428E+00   2.034698E+00   1.317994E+03   4.921066E-01
   4.124626E+00   2.123368E+00   1.231515E+03   4.887276E-01
   4.221026E+00   2.219169E+00   1.150593E+03   4.858479E-01
   4.319679E+00   2.322728E+00   1.074444E+03   4.835411E-01
   4.420638E+00   2.434848E+00   1.002423E+03   4.818138E-01
   4.523956E+00   2.555263E+00   9.339185E+02   4.806691E-01
   4.629689E+00   2.684815E+00   8.683014E+02   4.801145E-01
   4.737893E+00   2.823376E+00   8.049964E+02   4.801019E-01
   4.848626E+00   2.970524E+00   7.434537E+02   4.804609E-01
   4.961948E+00   3.126078E+00   6.834707E+02   4.808514E-01
   5.077917E+00   3.289706E+00   6.252732E+02   4.808016E-01
   5.196597E+00   3.461587E+00   5.694272E+02   4.798038E-01
   5.318051E+00   3.643515E+00   5.166271E+02   4.774176E-01
   5.442344E+00   3.837433E+00   4.674330E+02   4.733395E-01
   5.569541E+00   4.046612E+00   4.221953E+02   4.674233E-01
   5.699711E+00   4.274423E+00   3.809767E+02   4.596664E-01
   5.832924E+00   4.524605E+00   3.436700E+02   4.501814E-01
   5.969250E+00   4.801724E+00   3.099788E+02   4.391543E-01
   6.108762E+00   5.110235E+00   2.795817E+02   4.268210E-01
   6.251534E+00   5.455957E+00   2.521045E+02   4.134321E-01
   6.397644E+00   5.844856E+00   2.271984E+02   3.992385E-01
   6.547168E+00   6.284969E+00   2.045474E+02   3.844773E-01
   6.700188E+00   6.785256E+00   1.838742E+02   3.693622E-01
   6.856783E+00   7.357372E+00   1.649250E+02   3.540742E-01
   7.017038E+00   8.016344E+00   1.474955E+02   3.387671E-01
   7.181039E+00   8.780306E+00   1.314046E+02   3.235620E-01
   7.348873E+00   9.674078E+00   1.165064E+02   3.085549E-01
   7.520629E+00   1.072978E+01   1.026729E+02   2.938144E-01
   7.696400E+00   1.199149E+01   8.979246E+01   2.793862E-01
   7.876279E+00   1.351953E+01   7.776728E+01   2.652953E-01
   8.060361E+00   1.540062E+01   6.651324E+01   2.515499E-01
   8.248747E+00   1.776099E+01   5.595149E+01   2.381396E-01
   8.441535E+00   2.079345E+01   4.601110E+01   2.250362E-01
   8.638828E+00   2.480648E+01   3.662970E+01   2.121913E-01
   8.840733E+00   3.032398E+01   2.775900E+01   1.995288E-01
   9.047357E+00   3.831836E+01   1.938287E+01   1.869299E-01
   9.258810E+00   5.084038E+01   1.157478E+01   1.741989E-01
   9.475205E+00   7.324562E+01   4.692993E+00   1.609634E-01
   9.696658E+00   1.276662E+02   3.687960E-01   1.462791E-01
   9.923286E+00   6.631265E+02   1.451842E+01   1.272440E-01
   1.015521E+01   1.488234E+03   3.456702E+01   1.226500E-01
   1.039256E+01   1.813952E+03   5.310399E+01   1.133612E-01
   1.063545E+01   3.496060E+03   2.337177E+02   1.132392E-01
   1.088402E+01   4.547900E+03   2.925043E+02   7.735028E-02
   1.113840E+01   3.640744E+03   2.461731E+02   9.754977E-02
   1.139872E+01   3.768186E+03   3.250185E+02   8.419461E-02
   1.166513E+01   1.748749E+03   3.857145E+02   1.404124E-01
   1.193777E+01   6.022477E+02   1.343093E+02   2.013617E-01
   1.221677E+01   2.678080E+02   1.371717E+02   2.107417E-01
   1.250230E+01   1.113352E+02   8.505860E+01   1.629608E-01
   1.279450E+01   7.472189E+01   6.156404E+01   1.413138E-01
   1.309353E+01   5.770924E+01   4.692941E+01   1.268509E-01
   1.339955E+01   4.865140E+01   3.667607E+01   1.157187E-01
   1.371272E+01   4.392877E+01   2.899579E+01   1.064870E-01
   1.403322E+01   4.210013E+01   2.297726E+01   9.847016E-02
   1.436120E+01   4.264268E+01   1.809996E+01   9.128410E-02
   1.469684E+01   4.561924E+01   1.403880E+01   8.468388E-02
   1.504034E+01   5.172968E+01   1.057571E+01   7.849023E-02
   1.539186E+01   6.283849E+01   7.556962E+00   7.254661E-02
   1.575159E+01   8.387594E+01   4.872976E+00   6.667372E-02
   1.611973E+01   1.316791E+02   2.489987E+00   6.058559E-02
   1.649648E+01   3.047946E+02   1.008761E+00   5.380262E-02
   1.688203E+01   7.993880E+02   3.976255E+00   4.919768E-02
   1.727660E+01   1.136499E+03   8.086276E+00   4.713653E-02
   1.768038E+01   1.354316E+03   1.220911E+01   4.585618E-02
   1.809360E+01   1.347610E+03   1.563796E+01   4.776188E-02
   1.851648E+01   7.266145E+02   7.196479E+00   4.954953E-02
   1.894925E+01   1.112125E+03   6.856401E+00   3.959454E-02
   1.939213E+01   1.584158E+03   1.414658E+01   3.633311E-02
   1.984535E+01   1.651131E+03   1.922087E+01   3.692047E-02
   2.030918E+01   1.324707E+03   1.399182E+01   3.885920E-02
   2.078384E+01   1.610724E+03   1.755016E+01   3.376896E-02
   2.126959E+01   1.617914E+03   3.027087E+01   3.373928E-02
   2.176670E+01   5.738053E+02   1.816778E+01   6.030011E-02
   2.227543E+01   3.932818E+02   1.055534E+01   5.004085E-02
   2.279605E+01   2.328687E+02   7.532846E+00   4.517543E-02
   2.332883E+01   1.563396E+02   4.705171E+00   3.878161E-02
   2.387407E+01   1.419350E+02   2.859229E+00   3.376912E-02
   2.443205E+01   1.596061E+02   1.562697E+00   2.952190E-02
   2.500307E+01   2.277465E+02   6.842627E-01   2.555404E-02
   2.558744E+01   4.562272E+02   6.322050E-01   2.176421E-02
   2.618546E+01   8.416111E+02   1.932711E+00   1.931435E-02
   2.679746E+01   1.159005E+03   3.645964E+00   1.774571E-02
   2.742377E+01   1.232372E+03   4.303245E+00   1.736042E-02
   2.806471E+01   1.173993E+03   3.972791E+00   1.714898E-02
   2.872063E+01   1.060514E+03   2.740180E+00   1.582148E-02
   2.939188E+01   1.545045E+03   5.760555E+00   1.167084E-02
   3.007883E+01   2.407352E+03   1.544736E+01   8.114393E-03
   3.078182E+01   2.743550E+03   2.234696E+01   6.245912E-03
   3.150125E+01   3.170896E+03   4.660079E+01   2.459989E-03
   3.223749E+01   1.817690E+03   4.101812E+01  -2.645921E-03
   3.299094E+01   6.863013E+02   1.634241E+01  -1.268387E-02
   3.376199E+01   5.750708E+02   9.614027E+00   4.521455E-03
   3.455107E+01   4.966761E+02   7.384305E+00   1.719247E-02
   3.535859E+01   4.391704E+02   6.061798E+00   2.381318E-02
   3.618499E+01   3.441271E+02   5.287570E+00   3.126555E-02
   3.703070E+01   2.066257E+02   4.193221E+00   4.100450E-02
   3.789617E+01   1.651147E+02   3.146156E+00   3.304380E-02
   3.878187E+01   2.665620E+02   2.684003E+00   2.530885E-02
   3.968827E+01   1.813147E+02   2.772602E+00   3.094924E-02
   4.061586E+01   9.706383E+01   2.273235E+00   2.893960E-02
   4.156513E+01   6.289427E+01   1.867412E+00   2.512268E-02
   4.253658E+01   4.785896E+01   1.553418E+00   2.203731E-02
   4.353073E+01   4.113536E+01   1.302306E+00   1.958455E-02
   4.454813E+01   4.242550E+01   1.088777E+00   1.746412E-02
   4.558929E+01   5.981057E+01   9.633630E-01   1.622458E-02
   4.665480E+01   4.142797E+01   8.040319E-01   1.466843E-02
   4.774521E+01   5.132108E+01   6.509205E-01   1.300512E-02
   4.886110E+01   9.204967E+01   5.077550E-01   1.128873E-02
   5.000307E+01   2.293816E+02   4.751236E-01   9.820845E-03
   5.117173E+01   2.651931E+02   6.516677E-01   1.072026E-02
   5.236771E+01   1.423746E+02   5.668410E-01   1.166997E-02
   5.359163E+01   1.928557E+02   3.827411E-01   8.969925E-03
   5.484417E+01   3.689696E+02   6.652043E-01   8.197292E-03
   5.612597E+01   1.608255E+02   6.732068E-01   1.366290E-02
   5.743774E+01   8.464944E+01   5.168975E-01   1.272289E-02
   5.878016E+01   7.846577E+01   4.556310E-01   1.181834E-02
   6.015396E+01   3.480865E+01   3.994931E-01   1.125557E-02
   6.155987E+01   1.919953E+01   3.394410E-01   1.013633E-02
   6.299863E+01   1.331104E+01   2.940470E-01   9.280733E-03
   6.447102E+01   1.032118E+01   2.579791E-01   8.597569E-03
   6.597782E+01   8.510792E+00   2.281740E-01   8.022512E-03
   6.751985E+01   7.257185E+00   2.028407E-01   7.519208E-03
   6.909791E+01   6.336300E+00   1.810146E-01   7.070273E-03
   7.071285E+01   5.622251E+00   1.619983E-01   6.663671E-03
   7.236553E+01   5.045032E+00   1.452932E-01   6.291333E-03
   7.405685E+01   4.569675E+00   1.305512E-01   5.948311E-03
   7.578769E+01   4.166489E+00   1.174745E-01   5.630214E-03
   7.755898E+01   3.820740E+00   1.058410E-01   5.334143E-03
   7.937168E+01   3.518919E+00   9.545874E-02   5.057510E-03
   8.122674E+01   3.253362E+00   8.617464E-02   4.798422E-03
   8.312515E+01   3.017177E+00   7.785491E-02   4.555159E-03
   8.506793E+01   2.805675E+00   7.038778E-02   4.326350E-03
   8.705612E+01   2.614888E+00   6.367588E-02   4.110773E-03
   8.909078E+01   2.442127E+00   5.763678E-02   3.907443E-03
   9.117299E+01   2.284667E+00   5.219625E-02   3.715402E-03
   9.330387E+01   2.140820E+00   4.729119E-02   3.533879E-03
   9.548455E+01   2.008652E+00   4.286423E-02   3.362103E-03
   9.771620E+01   1.887210E+00   3.886680E-02   3.199477E-03
   1.000000E+02   1.774861E+00   3.525374E-02   3.045355E-03
