#============================================================================
# Opacities computed by OpTool        <a^n>=  1.6377E-1  1.9248E-1  2.4300E-1
# Method:   DHS  fmax=  0.700
# Parameters:
#   amin [um]=      0.100 amax [um]=      1.500  na  =   18    apow=   3.5    
#   lmin [um]=      0.100 lmax [um]=    100.000  nlam= 1500    nang=   180
#   porosity =      0.000 p_mantle =      0.000  fmax= 0.70    chop=   0.0
# Composition:
#  Where   mfrac  rho   Material
#  -----   -----  ----  -----------------------------------------------------
#  core    1.000  3.27  for
#  - - -   - - -  -  -  - - - - - - - - - - - - - - - - - - - - - - - - - - -
#  grain   1.000  3.27  mixture of  1 materials
#----------------------------------------------------------------------------
# Command: optool for -a 0.1 1.5 -l 0.1 100 1500 -dhs 0.7
#============================================================================
# Standard output file, no scattering matrix
#    iformat
#    nlambda
#    lambda[um]  kabs [cm^2/g]  ksca [cm^2/g]    g_asymmetry
#============================================================================
           3
        1500
   1.000000E-01   1.619323E+02   2.300331E+04   8.148050E-01
   1.004619E-01   1.635322E+02   2.302075E+04   8.149188E-01
   1.009259E-01   1.572814E+02   2.307898E+04   8.142784E-01
   1.013921E-01   1.630158E+02   2.315805E+04   8.123287E-01
   1.018604E-01   1.573020E+02   2.314411E+04   8.138040E-01
   1.023309E-01   1.585378E+02   2.316357E+04   8.141701E-01
   1.028035E-01   1.601645E+02   2.322867E+04   8.131818E-01
   1.032784E-01   1.642784E+02   2.331093E+04   8.115718E-01
   1.037554E-01   1.623060E+02   2.333009E+04   8.117542E-01
   1.042346E-01   1.564847E+02   2.333236E+04   8.131273E-01
   1.047161E-01   1.505899E+02   2.337197E+04   8.136283E-01
   1.051997E-01   1.577389E+02   2.344426E+04   8.123718E-01
   1.056856E-01   1.572891E+02   2.350246E+04   8.112781E-01
   1.061738E-01   1.572289E+02   2.354723E+04   8.111530E-01
   1.066642E-01   1.587802E+02   2.357316E+04   8.111373E-01
   1.071569E-01   1.462025E+02   2.356724E+04   8.127773E-01
   1.076518E-01   1.491032E+02   2.362681E+04   8.116317E-01
   1.081490E-01   1.551503E+02   2.367778E+04   8.109216E-01
   1.086486E-01   1.547696E+02   2.372827E+04   8.102303E-01
   1.091504E-01   1.509448E+02   2.374379E+04   8.105346E-01
   1.096546E-01   1.467853E+02   2.373520E+04   8.115731E-01
   1.101610E-01   1.469114E+02   2.377878E+04   8.114380E-01
   1.106699E-01   1.489081E+02   2.386320E+04   8.100854E-01
   1.111810E-01   1.535537E+02   2.389012E+04   8.102735E-01
   1.116946E-01   1.522207E+02   2.394106E+04   8.095302E-01
   1.122105E-01   1.503170E+02   2.397327E+04   8.092926E-01
   1.127287E-01   1.452474E+02   2.398933E+04   8.100549E-01
   1.132494E-01   1.456502E+02   2.404318E+04   8.097033E-01
   1.137725E-01   1.471099E+02   2.408350E+04   8.095476E-01
   1.142980E-01   1.469436E+02   2.415925E+04   8.084048E-01
   1.148259E-01   1.442482E+02   2.417772E+04   8.084742E-01
   1.153563E-01   1.425017E+02   2.420334E+04   8.089774E-01
   1.158891E-01   1.481420E+02   2.427921E+04   8.073293E-01
   1.164244E-01   1.448564E+02   2.430036E+04   8.069764E-01
   1.169622E-01   1.439612E+02   2.432725E+04   8.063500E-01
   1.175024E-01   1.405687E+02   2.431761E+04   8.072318E-01
   1.180451E-01   1.416133E+02   2.434175E+04   8.071014E-01
   1.185904E-01   1.459643E+02   2.444246E+04   8.045665E-01
   1.191381E-01   1.452244E+02   2.442795E+04   8.053401E-01
   1.196884E-01   1.392346E+02   2.442872E+04   8.060052E-01
   1.202412E-01   1.399431E+02   2.445579E+04   8.057958E-01
   1.207966E-01   1.398833E+02   2.452648E+04   8.043925E-01
   1.213545E-01   1.395259E+02   2.455930E+04   8.040920E-01
   1.219151E-01   1.408742E+02   2.457107E+04   8.044122E-01
   1.224782E-01   1.394571E+02   2.458401E+04   8.054572E-01
   1.230439E-01   1.357119E+02   2.463482E+04   8.051020E-01
   1.236122E-01   1.399105E+02   2.471055E+04   8.035740E-01
   1.241832E-01   1.371593E+02   2.472719E+04   8.041028E-01
   1.247567E-01   1.453641E+02   2.481061E+04   8.024508E-01
   1.253330E-01   1.355865E+02   2.477758E+04   8.044423E-01
   1.259119E-01   1.345933E+02   2.481393E+04   8.043451E-01
   1.264935E-01   1.338284E+02   2.486175E+04   8.034907E-01
   1.270777E-01   1.413656E+02   2.492025E+04   8.024804E-01
   1.276647E-01   1.413543E+02   2.494716E+04   8.023882E-01
   1.282543E-01   1.307327E+02   2.493045E+04   8.034169E-01
   1.288467E-01   1.315926E+02   2.494713E+04   8.035969E-01
   1.294419E-01   1.327502E+02   2.501235E+04   8.026862E-01
   1.300397E-01   1.345512E+02   2.506269E+04   8.019987E-01
   1.306404E-01   1.342599E+02   2.507721E+04   8.021293E-01
   1.312438E-01   1.304521E+02   2.509397E+04   8.019446E-01
   1.318500E-01   1.304130E+02   2.511886E+04   8.017267E-01
   1.324590E-01   1.270312E+02   2.513609E+04   8.019062E-01
   1.330708E-01   1.338469E+02   2.519521E+04   8.009240E-01
   1.336854E-01   1.301178E+02   2.520564E+04   8.013585E-01
   1.343029E-01   1.347140E+02   2.528643E+04   7.993801E-01
   1.349232E-01   1.293322E+02   2.526670E+04   8.004006E-01
   1.355464E-01   1.273879E+02   2.529977E+04   8.001723E-01
   1.361725E-01   1.257183E+02   2.532369E+04   7.993698E-01
   1.368015E-01   1.292481E+02   2.535385E+04   7.984279E-01
   1.374333E-01   1.270712E+02   2.534196E+04   7.987797E-01
   1.380681E-01   1.290641E+02   2.535338E+04   7.984238E-01
   1.387058E-01   1.238551E+02   2.537460E+04   7.982517E-01
   1.393465E-01   1.298690E+02   2.543814E+04   7.963173E-01
   1.399901E-01   1.262982E+02   2.540746E+04   7.974775E-01
   1.406367E-01   1.241537E+02   2.540226E+04   7.979297E-01
   1.412863E-01   1.251901E+02   2.543742E+04   7.971307E-01
   1.419389E-01   1.308373E+02   2.549500E+04   7.957691E-01
   1.425945E-01   1.226076E+02   2.548602E+04   7.962057E-01
   1.432531E-01   1.249896E+02   2.548104E+04   7.968911E-01
   1.439148E-01   1.201148E+02   2.549705E+04   7.974021E-01
   1.445795E-01   1.211611E+02   2.554101E+04   7.966744E-01
   1.452473E-01   1.240284E+02   2.559569E+04   7.953182E-01
   1.459182E-01   1.213544E+02   2.560834E+04   7.957411E-01
   1.465922E-01   1.249420E+02   2.564227E+04   7.950991E-01
   1.472692E-01   1.161130E+02   2.561542E+04   7.966544E-01
   1.479495E-01   1.170078E+02   2.565339E+04   7.959147E-01
   1.486328E-01   1.243067E+02   2.568674E+04   7.953157E-01
   1.493193E-01   1.224404E+02   2.572289E+04   7.946583E-01
   1.500090E-01   1.194994E+02   2.572902E+04   7.948058E-01
   1.507019E-01   1.164131E+02   2.570838E+04   7.956166E-01
   1.513980E-01   1.173375E+02   2.573308E+04   7.953775E-01
   1.520973E-01   1.184088E+02   2.579248E+04   7.943313E-01
   1.527998E-01   1.183049E+02   2.579931E+04   7.944362E-01
   1.535056E-01   1.205514E+02   2.582795E+04   7.937534E-01
   1.542146E-01   1.157224E+02   2.583217E+04   7.935758E-01
   1.549269E-01   1.127433E+02   2.582967E+04   7.938559E-01
   1.556425E-01   1.135628E+02   2.584999E+04   7.935567E-01
   1.563614E-01   1.146139E+02   2.587000E+04   7.931471E-01
   1.570836E-01   1.150141E+02   2.590289E+04   7.923663E-01
   1.578091E-01   1.142229E+02   2.591516E+04   7.917820E-01
   1.585380E-01   1.099956E+02   2.590018E+04   7.923670E-01
   1.592703E-01   1.164755E+02   2.594507E+04   7.909780E-01
   1.600059E-01   1.148718E+02   2.593605E+04   7.906218E-01
   1.607450E-01   1.158037E+02   2.594675E+04   7.896542E-01
   1.614874E-01   1.117651E+02   2.590721E+04   7.903973E-01
   1.622333E-01   1.082766E+02   2.588923E+04   7.905078E-01
   1.629827E-01   1.113161E+02   2.593951E+04   7.888322E-01
   1.637355E-01   1.113503E+02   2.592031E+04   7.887474E-01
   1.644917E-01   1.096036E+02   2.589709E+04   7.891144E-01
   1.652515E-01   1.069853E+02   2.588125E+04   7.893208E-01
   1.660148E-01   1.085568E+02   2.591339E+04   7.882060E-01
   1.667816E-01   1.124591E+02   2.592588E+04   7.875492E-01
   1.675519E-01   1.117928E+02   2.591232E+04   7.876186E-01
   1.683258E-01   1.092857E+02   2.589038E+04   7.885025E-01
   1.691033E-01   1.032168E+02   2.589805E+04   7.885054E-01
   1.698844E-01   1.083505E+02   2.593658E+04   7.873019E-01
   1.706690E-01   1.113790E+02   2.593830E+04   7.871612E-01
   1.714573E-01   1.134574E+02   2.597153E+04   7.863316E-01
   1.722493E-01   1.071465E+02   2.593163E+04   7.874964E-01
   1.730449E-01   1.057072E+02   2.593091E+04   7.877179E-01
   1.738442E-01   1.044330E+02   2.595332E+04   7.868984E-01
   1.746471E-01   1.084614E+02   2.597310E+04   7.862986E-01
   1.754538E-01   1.095074E+02   2.598636E+04   7.858327E-01
   1.762642E-01   1.010781E+02   2.595358E+04   7.865169E-01
   1.770783E-01   1.036363E+02   2.594090E+04   7.867782E-01
   1.778962E-01   1.021853E+02   2.596663E+04   7.862050E-01
   1.787179E-01   1.060065E+02   2.600035E+04   7.852465E-01
   1.795434E-01   1.053048E+02   2.598772E+04   7.854411E-01
   1.803727E-01   1.010380E+02   2.597995E+04   7.852718E-01
   1.812058E-01   1.036373E+02   2.598554E+04   7.847519E-01
   1.820428E-01   9.817033E+01   2.597441E+04   7.850726E-01
   1.828836E-01   1.075973E+02   2.600605E+04   7.840236E-01
   1.837283E-01   1.015407E+02   2.598613E+04   7.844472E-01
   1.845769E-01   1.058676E+02   2.603076E+04   7.829518E-01
   1.854295E-01   9.930236E+01   2.599224E+04   7.836288E-01
   1.862860E-01   1.002533E+02   2.599655E+04   7.833171E-01
   1.871464E-01   9.765480E+01   2.599628E+04   7.825754E-01
   1.880108E-01   9.925598E+01   2.599417E+04   7.817748E-01
   1.888792E-01   9.837622E+01   2.596072E+04   7.818898E-01
   1.897516E-01   9.989669E+01   2.593879E+04   7.816921E-01
   1.906280E-01   9.916909E+01   2.592951E+04   7.812678E-01
   1.915085E-01   1.030892E+02   2.596151E+04   7.794085E-01
   1.923931E-01   9.671370E+01   2.589737E+04   7.803895E-01
   1.932817E-01   9.733159E+01   2.585763E+04   7.806676E-01
   1.941745E-01   9.758024E+01   2.585221E+04   7.800757E-01
   1.950713E-01   9.958826E+01   2.586352E+04   7.788698E-01
   1.959723E-01   9.480399E+01   2.583200E+04   7.788800E-01
   1.968775E-01   9.563737E+01   2.578772E+04   7.794544E-01
   1.977869E-01   9.320711E+01   2.576653E+04   7.797714E-01
   1.987004E-01   9.431654E+01   2.576729E+04   7.792138E-01
   1.996182E-01   9.617679E+01   2.578866E+04   7.778956E-01
   2.005402E-01   9.491506E+01   2.576050E+04   7.782254E-01
   2.014665E-01   9.619479E+01   2.576501E+04   7.774621E-01
   2.023970E-01   9.040163E+01   2.570881E+04   7.787869E-01
   2.033319E-01   9.066011E+01   2.570651E+04   7.782640E-01
   2.042710E-01   9.539578E+01   2.570411E+04   7.776579E-01
   2.052145E-01   9.597499E+01   2.571162E+04   7.768591E-01
   2.061624E-01   9.149793E+01   2.568066E+04   7.770322E-01
   2.071146E-01   8.940091E+01   2.562848E+04   7.777295E-01
   2.080713E-01   9.044780E+01   2.561669E+04   7.775385E-01
   2.090323E-01   9.148203E+01   2.563278E+04   7.765463E-01
   2.099978E-01   9.349505E+01   2.561424E+04   7.762687E-01
   2.109678E-01   9.289171E+01   2.560421E+04   7.757905E-01
   2.119422E-01   8.890917E+01   2.557020E+04   7.757024E-01
   2.129212E-01   8.922399E+01   2.554340E+04   7.755956E-01
   2.139046E-01   8.920020E+01   2.553017E+04   7.752717E-01
   2.148926E-01   8.779953E+01   2.551941E+04   7.748321E-01
   2.158852E-01   9.118774E+01   2.551410E+04   7.742963E-01
   2.168823E-01   8.974864E+01   2.551094E+04   7.734415E-01
   2.178841E-01   8.565415E+01   2.546645E+04   7.739663E-01
   2.188905E-01   9.126222E+01   2.547450E+04   7.728762E-01
   2.199015E-01   8.983700E+01   2.544768E+04   7.724688E-01
   2.209172E-01   9.125679E+01   2.543945E+04   7.714740E-01
   2.219376E-01   8.678098E+01   2.538138E+04   7.719129E-01
   2.229627E-01   8.464298E+01   2.533833E+04   7.720422E-01
   2.239925E-01   8.509494E+01   2.534242E+04   7.709223E-01
   2.250271E-01   8.781972E+01   2.532271E+04   7.700842E-01
   2.260665E-01   8.468055E+01   2.526659E+04   7.704560E-01
   2.271106E-01   8.225863E+01   2.521851E+04   7.707546E-01
   2.281596E-01   8.389595E+01   2.521578E+04   7.697300E-01
   2.292135E-01   8.860000E+01   2.520126E+04   7.687128E-01
   2.302722E-01   8.675244E+01   2.516059E+04   7.686346E-01
   2.313358E-01   8.368589E+01   2.510713E+04   7.693716E-01
   2.324043E-01   8.025079E+01   2.508179E+04   7.692521E-01
   2.334777E-01   8.515079E+01   2.507956E+04   7.682150E-01
   2.345562E-01   8.604099E+01   2.505886E+04   7.678762E-01
   2.356395E-01   8.468288E+01   2.504998E+04   7.672441E-01
   2.367279E-01   8.257140E+01   2.499643E+04   7.678373E-01
   2.378213E-01   7.842043E+01   2.495970E+04   7.683014E-01
   2.389198E-01   7.896437E+01   2.495455E+04   7.674901E-01
   2.400234E-01   8.248932E+01   2.493842E+04   7.670153E-01
   2.411320E-01   8.264032E+01   2.492693E+04   7.664821E-01
   2.422458E-01   8.017357E+01   2.488411E+04   7.666146E-01
   2.433647E-01   7.926774E+01   2.483763E+04   7.671301E-01
   2.444887E-01   7.799947E+01   2.482199E+04   7.667837E-01
   2.456180E-01   8.079283E+01   2.482832E+04   7.655902E-01
   2.467525E-01   8.051633E+01   2.478787E+04   7.657247E-01
   2.478922E-01   8.172602E+01   2.476152E+04   7.652208E-01
   2.490372E-01   8.251947E+01   2.473177E+04   7.646744E-01
   2.501874E-01   7.537797E+01   2.467993E+04   7.650509E-01
   2.513430E-01   8.085172E+01   2.466895E+04   7.643243E-01
   2.525040E-01   7.832148E+01   2.462960E+04   7.642517E-01
   2.536702E-01   8.044995E+01   2.462425E+04   7.631834E-01
   2.548419E-01   7.464205E+01   2.457196E+04   7.633506E-01
   2.560190E-01   7.604262E+01   2.454078E+04   7.631133E-01
   2.572015E-01   7.627237E+01   2.451724E+04   7.622940E-01
   2.583895E-01   7.811053E+01   2.449104E+04   7.614775E-01
   2.595830E-01   7.670587E+01   2.443887E+04   7.613169E-01
   2.607819E-01   7.472285E+01   2.438252E+04   7.614352E-01
   2.619865E-01   7.628913E+01   2.435023E+04   7.609680E-01
   2.631965E-01   7.946382E+01   2.435836E+04   7.591826E-01
   2.644122E-01   7.466679E+01   2.427932E+04   7.598895E-01
   2.656335E-01   7.248704E+01   2.421693E+04   7.601969E-01
   2.668604E-01   7.542197E+01   2.418847E+04   7.595887E-01
   2.680930E-01   7.547727E+01   2.416981E+04   7.585191E-01
   2.693313E-01   7.276931E+01   2.412413E+04   7.582522E-01
   2.705753E-01   7.538418E+01   2.406515E+04   7.584995E-01
   2.718251E-01   7.160628E+01   2.401483E+04   7.588121E-01
   2.730806E-01   7.063099E+01   2.398423E+04   7.583194E-01
   2.743419E-01   7.266139E+01   2.397398E+04   7.571807E-01
   2.756091E-01   7.269658E+01   2.393033E+04   7.572594E-01
   2.768821E-01   7.491966E+01   2.391751E+04   7.562246E-01
   2.781610E-01   6.846086E+01   2.383658E+04   7.574873E-01
   2.794458E-01   6.942500E+01   2.381138E+04   7.571166E-01
   2.807365E-01   7.034581E+01   2.378842E+04   7.563891E-01
   2.820332E-01   7.657542E+01   2.377793E+04   7.553960E-01
   2.833359E-01   7.101746E+01   2.372893E+04   7.555691E-01
   2.846445E-01   7.120332E+01   2.366790E+04   7.560835E-01
   2.859593E-01   6.881558E+01   2.363212E+04   7.561118E-01
   2.872801E-01   6.988992E+01   2.362234E+04   7.552723E-01
   2.886070E-01   7.088698E+01   2.359532E+04   7.546581E-01
   2.899400E-01   7.216445E+01   2.355709E+04   7.545281E-01
   2.912792E-01   6.785717E+01   2.351195E+04   7.543335E-01
   2.926246E-01   6.823706E+01   2.347048E+04   7.540002E-01
   2.939762E-01   6.797410E+01   2.343237E+04   7.537317E-01
   2.953341E-01   7.036845E+01   2.340668E+04   7.531879E-01
   2.966982E-01   6.953443E+01   2.336895E+04   7.529981E-01
   2.980686E-01   6.993923E+01   2.335447E+04   7.517867E-01
   2.994453E-01   6.754468E+01   2.328998E+04   7.522257E-01
   3.008284E-01   6.929761E+01   2.326546E+04   7.515154E-01
   3.022179E-01   6.657415E+01   2.322024E+04   7.511012E-01
   3.036138E-01   6.878499E+01   2.318812E+04   7.501333E-01
   3.050162E-01   6.709654E+01   2.312373E+04   7.502659E-01
   3.064250E-01   6.906385E+01   2.307271E+04   7.500488E-01
   3.078404E-01   6.383648E+01   2.303808E+04   7.495168E-01
   3.092622E-01   6.811528E+01   2.301245E+04   7.483844E-01
   3.106907E-01   6.502069E+01   2.294159E+04   7.488696E-01
   3.121257E-01   6.471495E+01   2.288250E+04   7.490529E-01
   3.135674E-01   6.662295E+01   2.285364E+04   7.482647E-01
   3.150157E-01   6.798748E+01   2.282824E+04   7.472324E-01
   3.164707E-01   6.686728E+01   2.277679E+04   7.470866E-01
   3.179325E-01   6.406139E+01   2.270815E+04   7.477882E-01
   3.194010E-01   6.100357E+01   2.266241E+04   7.478545E-01
   3.208762E-01   6.476035E+01   2.263529E+04   7.471272E-01
   3.223583E-01   6.483654E+01   2.261100E+04   7.463599E-01
   3.238473E-01   6.485331E+01   2.257442E+04   7.461500E-01
   3.253431E-01   6.499135E+01   2.252159E+04   7.462655E-01
   3.268458E-01   5.921305E+01   2.245830E+04   7.470004E-01
   3.283555E-01   5.981922E+01   2.243328E+04   7.463892E-01
   3.298721E-01   6.415944E+01   2.240575E+04   7.457724E-01
   3.313957E-01   6.250720E+01   2.237230E+04   7.454742E-01
   3.329264E-01   6.203627E+01   2.232272E+04   7.455388E-01
   3.344641E-01   5.943641E+01   2.225846E+04   7.461969E-01
   3.360090E-01   5.866951E+01   2.222410E+04   7.460696E-01
   3.375610E-01   6.128301E+01   2.221549E+04   7.449161E-01
   3.391201E-01   6.341814E+01   2.216549E+04   7.450039E-01
   3.406865E-01   6.345209E+01   2.213086E+04   7.446047E-01
   3.422601E-01   6.052505E+01   2.208258E+04   7.445306E-01
   3.438409E-01   5.884041E+01   2.202985E+04   7.445960E-01
   3.454291E-01   5.966402E+01   2.199098E+04   7.443117E-01
   3.470246E-01   5.976730E+01   2.194941E+04   7.441090E-01
   3.486274E-01   6.008525E+01   2.192510E+04   7.433238E-01
   3.502377E-01   5.813822E+01   2.187152E+04   7.432867E-01
   3.518554E-01   5.830939E+01   2.181891E+04   7.434460E-01
   3.534806E-01   6.020051E+01   2.178846E+04   7.426130E-01
   3.551133E-01   5.797754E+01   2.174202E+04   7.422025E-01
   3.567535E-01   5.808508E+01   2.168602E+04   7.418592E-01
   3.584013E-01   5.662460E+01   2.161657E+04   7.421427E-01
   3.600567E-01   5.720471E+01   2.156585E+04   7.419602E-01
   3.617198E-01   5.935107E+01   2.155309E+04   7.404988E-01
   3.633905E-01   5.700953E+01   2.147647E+04   7.409712E-01
   3.650690E-01   5.589236E+01   2.140860E+04   7.412856E-01
   3.667552E-01   5.721281E+01   2.135894E+04   7.410467E-01
   3.684492E-01   5.657774E+01   2.132595E+04   7.402171E-01
   3.701510E-01   5.550121E+01   2.127408E+04   7.399729E-01
   3.718607E-01   5.574088E+01   2.120858E+04   7.402129E-01
   3.735783E-01   5.653595E+01   2.114921E+04   7.406716E-01
   3.753038E-01   5.434650E+01   2.110515E+04   7.404749E-01
   3.770372E-01   5.570974E+01   2.107629E+04   7.396678E-01
   3.787787E-01   5.533202E+01   2.102222E+04   7.397766E-01
   3.805283E-01   5.807433E+01   2.099500E+04   7.389895E-01
   3.822859E-01   5.370439E+01   2.091209E+04   7.401477E-01
   3.840516E-01   5.304478E+01   2.086705E+04   7.401890E-01
   3.858255E-01   5.299120E+01   2.083415E+04   7.396476E-01
   3.876076E-01   5.788038E+01   2.080687E+04   7.388776E-01
   3.893979E-01   5.640032E+01   2.075143E+04   7.390571E-01
   3.911965E-01   5.273948E+01   2.068129E+04   7.397210E-01
   3.930034E-01   5.202736E+01   2.062879E+04   7.400217E-01
   3.948186E-01   5.297909E+01   2.060324E+04   7.393302E-01
   3.966422E-01   5.378787E+01   2.056666E+04   7.387685E-01
   3.984743E-01   5.392771E+01   2.051186E+04   7.389587E-01
   4.003148E-01   5.117737E+01   2.045699E+04   7.390936E-01
   4.021638E-01   5.212481E+01   2.041282E+04   7.387956E-01
   4.040213E-01   5.062704E+01   2.035709E+04   7.388606E-01
   4.058874E-01   5.451523E+01   2.031879E+04   7.383668E-01
   4.077622E-01   5.097600E+01   2.026279E+04   7.385158E-01
   4.096456E-01   5.436781E+01   2.024220E+04   7.373423E-01
   4.115377E-01   5.080991E+01   2.017122E+04   7.378883E-01
   4.134385E-01   5.093008E+01   2.012442E+04   7.376789E-01
   4.153481E-01   4.944598E+01   2.007353E+04   7.373750E-01
   4.172666E-01   5.235378E+01   2.003275E+04   7.365321E-01
   4.191939E-01   5.094736E+01   1.995898E+04   7.367803E-01
   4.211301E-01   5.124259E+01   1.989865E+04   7.367075E-01
   4.230752E-01   4.864583E+01   1.985051E+04   7.364090E-01
   4.250294E-01   5.203874E+01   1.981939E+04   7.351932E-01
   4.269925E-01   4.905413E+01   1.973802E+04   7.358481E-01
   4.289648E-01   4.797668E+01   1.966618E+04   7.363512E-01
   4.309461E-01   4.955756E+01   1.962719E+04   7.356324E-01
   4.329366E-01   5.334590E+01   1.959309E+04   7.346464E-01
   4.349363E-01   4.836006E+01   1.952439E+04   7.349395E-01
   4.369452E-01   4.904838E+01   1.945354E+04   7.355339E-01
   4.389634E-01   4.731259E+01   1.939782E+04   7.357110E-01
   4.409909E-01   4.698269E+01   1.935273E+04   7.354362E-01
   4.430278E-01   4.900169E+01   1.932735E+04   7.343712E-01
   4.450741E-01   4.768213E+01   1.926624E+04   7.347248E-01
   4.471298E-01   4.958198E+01   1.922098E+04   7.342879E-01
   4.491950E-01   4.461890E+01   1.914054E+04   7.355370E-01
   4.512698E-01   4.508884E+01   1.910524E+04   7.350963E-01
   4.533542E-01   4.933387E+01   1.906817E+04   7.345303E-01
   4.554482E-01   4.729707E+01   1.902519E+04   7.341753E-01
   4.575518E-01   4.636631E+01   1.896168E+04   7.346279E-01
   4.596652E-01   4.487697E+01   1.889783E+04   7.351331E-01
   4.617883E-01   4.541905E+01   1.885420E+04   7.350120E-01
   4.639213E-01   4.671653E+01   1.882577E+04   7.341835E-01
   4.660641E-01   4.563598E+01   1.877093E+04   7.342696E-01
   4.682168E-01   4.690054E+01   1.872478E+04   7.340468E-01
   4.703794E-01   4.463270E+01   1.867320E+04   7.339565E-01
   4.725520E-01   4.288834E+01   1.861105E+04   7.342316E-01
   4.747347E-01   4.419504E+01   1.856689E+04   7.338540E-01
   4.769274E-01   4.521634E+01   1.851916E+04   7.335651E-01
   4.791303E-01   4.425949E+01   1.847903E+04   7.331634E-01
   4.813433E-01   4.399319E+01   1.842966E+04   7.328714E-01
   4.835666E-01   4.230893E+01   1.836796E+04   7.331165E-01
   4.858001E-01   4.595235E+01   1.832960E+04   7.323105E-01
   4.880440E-01   4.366236E+01   1.827820E+04   7.320056E-01
   4.902982E-01   4.439398E+01   1.822601E+04   7.314059E-01
   4.925628E-01   4.264292E+01   1.814893E+04   7.319705E-01
   4.948379E-01   4.214734E+01   1.809143E+04   7.319178E-01
   4.971235E-01   4.264010E+01   1.805934E+04   7.307660E-01
   4.994197E-01   4.368593E+01   1.799545E+04   7.307095E-01
   5.017264E-01   4.290554E+01   1.792702E+04   7.310200E-01
   5.040438E-01   4.099109E+01   1.786899E+04   7.311106E-01
   5.063720E-01   4.244881E+01   1.783200E+04   7.301555E-01
   5.087108E-01   4.287105E+01   1.777600E+04   7.300090E-01
   5.110605E-01   4.351092E+01   1.772034E+04   7.298680E-01
   5.134210E-01   4.308642E+01   1.765483E+04   7.303687E-01
   5.157925E-01   3.947647E+01   1.759463E+04   7.307107E-01
   5.181748E-01   4.030785E+01   1.756291E+04   7.299716E-01
   5.205682E-01   4.340533E+01   1.751747E+04   7.295818E-01
   5.229727E-01   4.393194E+01   1.747897E+04   7.289974E-01
   5.253882E-01   3.991098E+01   1.740124E+04   7.299993E-01
   5.278149E-01   4.078667E+01   1.735057E+04   7.302734E-01
   5.302528E-01   3.896814E+01   1.731489E+04   7.297340E-01
   5.327020E-01   4.240203E+01   1.728317E+04   7.289001E-01
   5.351625E-01   4.262770E+01   1.722592E+04   7.290115E-01
   5.376343E-01   3.871206E+01   1.715857E+04   7.297198E-01
   5.401176E-01   3.812244E+01   1.710423E+04   7.301183E-01
   5.426123E-01   3.872247E+01   1.707639E+04   7.293829E-01
   5.451186E-01   4.054517E+01   1.703877E+04   7.287084E-01
   5.476364E-01   4.073309E+01   1.698306E+04   7.289385E-01
   5.501659E-01   3.857905E+01   1.693085E+04   7.289818E-01
   5.527070E-01   3.924899E+01   1.688598E+04   7.285866E-01
   5.552599E-01   3.700044E+01   1.682570E+04   7.288491E-01
   5.578246E-01   3.978970E+01   1.678613E+04   7.283233E-01
   5.604011E-01   3.791732E+01   1.673282E+04   7.285549E-01
   5.629895E-01   4.096807E+01   1.671115E+04   7.272766E-01
   5.655899E-01   3.735343E+01   1.664350E+04   7.276411E-01
   5.682023E-01   3.852896E+01   1.659064E+04   7.275634E-01
   5.708268E-01   3.636712E+01   1.654035E+04   7.274042E-01
   5.734634E-01   3.809662E+01   1.650622E+04   7.262634E-01
   5.761121E-01   3.655283E+01   1.643444E+04   7.265383E-01
   5.787731E-01   3.747466E+01   1.637597E+04   7.264949E-01
   5.814464E-01   3.670868E+01   1.632955E+04   7.260706E-01
   5.841320E-01   3.887669E+01   1.629569E+04   7.248319E-01
   5.868300E-01   3.635925E+01   1.622169E+04   7.253726E-01
   5.895405E-01   3.470434E+01   1.615221E+04   7.259624E-01
   5.922636E-01   3.674016E+01   1.611465E+04   7.252054E-01
   5.949991E-01   3.724322E+01   1.607413E+04   7.244426E-01
   5.977474E-01   3.562820E+01   1.601607E+04   7.244248E-01
   6.005083E-01   3.499395E+01   1.595044E+04   7.247946E-01
   6.032820E-01   3.435847E+01   1.589233E+04   7.251179E-01
   6.060685E-01   3.381845E+01   1.584511E+04   7.250771E-01
   6.088678E-01   3.706144E+01   1.582744E+04   7.235524E-01
   6.116801E-01   3.544173E+01   1.576638E+04   7.239380E-01
   6.145054E-01   3.558658E+01   1.572278E+04   7.234215E-01
   6.173437E-01   3.277096E+01   1.564673E+04   7.247288E-01
   6.201951E-01   3.353688E+01   1.561052E+04   7.243814E-01
   6.230597E-01   3.404681E+01   1.557367E+04   7.237915E-01
   6.259376E-01   3.592060E+01   1.553895E+04   7.229500E-01
   6.288287E-01   3.370953E+01   1.547307E+04   7.236070E-01
   6.317332E-01   3.216386E+01   1.541231E+04   7.242319E-01
   6.346511E-01   3.320771E+01   1.537212E+04   7.240240E-01
   6.375825E-01   3.342303E+01   1.534259E+04   7.230546E-01
   6.405274E-01   3.351539E+01   1.528942E+04   7.230448E-01
   6.434859E-01   3.438930E+01   1.524160E+04   7.229814E-01
   6.464581E-01   3.287962E+01   1.519537E+04   7.227774E-01
   6.494440E-01   3.178279E+01   1.514291E+04   7.227290E-01
   6.524437E-01   3.205280E+01   1.509376E+04   7.225833E-01
   6.554572E-01   3.266398E+01   1.504905E+04   7.223018E-01
   6.584847E-01   3.258781E+01   1.501069E+04   7.218654E-01
   6.615262E-01   3.254862E+01   1.496950E+04   7.210899E-01
   6.645817E-01   3.105439E+01   1.490428E+04   7.214760E-01
   6.676513E-01   3.234826E+01   1.486221E+04   7.209036E-01
   6.707351E-01   3.169703E+01   1.482021E+04   7.202761E-01
   6.738331E-01   3.216527E+01   1.477229E+04   7.195516E-01
   6.769455E-01   3.200040E+01   1.470486E+04   7.198102E-01
   6.800722E-01   3.057841E+01   1.464212E+04   7.200963E-01
   6.832134E-01   3.107042E+01   1.460901E+04   7.189260E-01
   6.863691E-01   3.110288E+01   1.455708E+04   7.183929E-01
   6.895393E-01   2.999237E+01   1.448849E+04   7.188189E-01
   6.927242E-01   2.977639E+01   1.443290E+04   7.189156E-01
   6.959238E-01   3.109893E+01   1.439638E+04   7.179889E-01
   6.991382E-01   3.050409E+01   1.434722E+04   7.175904E-01
   7.023674E-01   3.126859E+01   1.429549E+04   7.172074E-01
   7.056116E-01   2.926960E+01   1.422860E+04   7.178855E-01
   7.088707E-01   2.898178E+01   1.417693E+04   7.179670E-01
   7.121449E-01   2.955798E+01   1.414213E+04   7.172468E-01
   7.154342E-01   2.969481E+01   1.409758E+04   7.167643E-01
   7.187387E-01   2.977607E+01   1.405255E+04   7.164484E-01
   7.220585E-01   2.873611E+01   1.399273E+04   7.168152E-01
   7.253936E-01   2.791214E+01   1.393903E+04   7.173035E-01
   7.287441E-01   2.846784E+01   1.390600E+04   7.166262E-01
   7.321101E-01   2.913332E+01   1.386752E+04   7.160807E-01
   7.354916E-01   2.925250E+01   1.382009E+04   7.157818E-01
   7.388887E-01   2.817956E+01   1.376275E+04   7.161170E-01
   7.423016E-01   2.728274E+01   1.370712E+04   7.166307E-01
   7.457302E-01   2.782006E+01   1.367410E+04   7.159058E-01
   7.491746E-01   2.782567E+01   1.363153E+04   7.153928E-01
   7.526350E-01   2.921072E+01   1.358840E+04   7.150376E-01
   7.561113E-01   2.785295E+01   1.353794E+04   7.150734E-01
   7.596037E-01   2.712074E+01   1.349099E+04   7.149485E-01
   7.631122E-01   2.692848E+01   1.344298E+04   7.147383E-01
   7.666369E-01   2.714903E+01   1.339570E+04   7.145534E-01
   7.701779E-01   2.671068E+01   1.334734E+04   7.145901E-01
   7.737353E-01   2.768755E+01   1.332084E+04   7.133152E-01
   7.773091E-01   2.661224E+01   1.326387E+04   7.132644E-01
   7.808994E-01   2.638632E+01   1.321061E+04   7.132960E-01
   7.845062E-01   2.625379E+01   1.316573E+04   7.128915E-01
   7.881298E-01   2.650672E+01   1.312967E+04   7.118360E-01
   7.917700E-01   2.622675E+01   1.307098E+04   7.117448E-01
   7.954271E-01   2.610705E+01   1.301469E+04   7.116766E-01
   7.991011E-01   2.559257E+01   1.296314E+04   7.114954E-01
   8.027921E-01   2.604779E+01   1.292540E+04   7.103791E-01
   8.065001E-01   2.560918E+01   1.286896E+04   7.101915E-01
   8.102252E-01   2.497542E+01   1.280459E+04   7.106274E-01
   8.139675E-01   2.524919E+01   1.275937E+04   7.102474E-01
   8.177271E-01   2.565222E+01   1.272159E+04   7.094109E-01
   8.215041E-01   2.536197E+01   1.267490E+04   7.089456E-01
   8.252985E-01   2.469902E+01   1.261369E+04   7.093018E-01
   8.291105E-01   2.439437E+01   1.256228E+04   7.095233E-01
   8.329400E-01   2.446762E+01   1.251996E+04   7.091873E-01
   8.367873E-01   2.448179E+01   1.247895E+04   7.087880E-01
   8.406523E-01   2.436615E+01   1.243843E+04   7.082770E-01
   8.445352E-01   2.443629E+01   1.239323E+04   7.078935E-01
   8.484360E-01   2.368139E+01   1.233289E+04   7.086566E-01
   8.523548E-01   2.342500E+01   1.228800E+04   7.088050E-01
   8.562917E-01   2.382890E+01   1.225672E+04   7.079968E-01
   8.602468E-01   2.379078E+01   1.221507E+04   7.075342E-01
   8.642202E-01   2.337468E+01   1.216156E+04   7.078304E-01
   8.682119E-01   2.316055E+01   1.211329E+04   7.080375E-01
   8.722221E-01   2.305713E+01   1.207313E+04   7.078601E-01
   8.762508E-01   2.344393E+01   1.204068E+04   7.070313E-01
   8.802981E-01   2.298723E+01   1.198949E+04   7.071640E-01
   8.843641E-01   2.268590E+01   1.194283E+04   7.072320E-01
   8.884488E-01   2.276500E+01   1.190311E+04   7.068175E-01
   8.925525E-01   2.263567E+01   1.185987E+04   7.065659E-01
   8.966751E-01   2.260736E+01   1.181689E+04   7.061853E-01
   9.008167E-01   2.236652E+01   1.176918E+04   7.061635E-01
   9.049775E-01   2.211107E+01   1.172559E+04   7.060171E-01
   9.091574E-01   2.224590E+01   1.169007E+04   7.051769E-01
   9.133567E-01   2.204502E+01   1.164144E+04   7.048972E-01
   9.175754E-01   2.189762E+01   1.159423E+04   7.046662E-01
   9.218136E-01   2.184171E+01   1.155082E+04   7.042349E-01
   9.260713E-01   2.169008E+01   1.150483E+04   7.037829E-01
   9.303487E-01   2.146506E+01   1.145490E+04   7.035144E-01
   9.346459E-01   2.128309E+01   1.140433E+04   7.032873E-01
   9.389629E-01   2.131588E+01   1.135894E+04   7.027723E-01
   9.432999E-01   2.127193E+01   1.131243E+04   7.023179E-01
   9.476568E-01   2.109555E+01   1.126206E+04   7.020180E-01
   9.520339E-01   2.077014E+01   1.120744E+04   7.021309E-01
   9.564313E-01   2.065153E+01   1.115992E+04   7.019782E-01
   9.608489E-01   2.074597E+01   1.111935E+04   7.014276E-01
   9.652870E-01   2.072421E+01   1.107503E+04   7.009597E-01
   9.697455E-01   2.040415E+01   1.102307E+04   7.011302E-01
   9.742246E-01   2.014753E+01   1.097506E+04   7.012428E-01
   9.787245E-01   2.002362E+01   1.093130E+04   7.011410E-01
   9.832451E-01   2.006924E+01   1.089311E+04   7.007015E-01
   9.877866E-01   2.011104E+01   1.085403E+04   7.001058E-01
   9.923490E-01   1.976824E+01   1.080157E+04   7.004059E-01
   9.969326E-01   1.951530E+01   1.075457E+04   7.006755E-01
   1.001537E+00   1.944432E+01   1.071404E+04   7.005193E-01
   1.006163E+00   1.945148E+01   1.067495E+04   7.001587E-01
   1.010811E+00   1.943283E+01   1.063403E+04   6.998014E-01
   1.015479E+00   1.921799E+01   1.058637E+04   6.999112E-01
   1.020170E+00   1.904487E+01   1.054192E+04   6.999956E-01
   1.024882E+00   1.895081E+01   1.049995E+04   6.998720E-01
   1.029616E+00   1.888500E+01   1.045913E+04   6.997116E-01
   1.034371E+00   1.888605E+01   1.042173E+04   6.992754E-01
   1.039149E+00   1.879405E+01   1.037965E+04   6.989680E-01
   1.043949E+00   1.864963E+01   1.033529E+04   6.988428E-01
   1.048770E+00   1.851465E+01   1.029087E+04   6.987165E-01
   1.053615E+00   1.840488E+01   1.024747E+04   6.985538E-01
   1.058481E+00   1.834861E+01   1.020634E+04   6.981932E-01
   1.063370E+00   1.828563E+01   1.016437E+04   6.977582E-01
   1.068282E+00   1.818301E+01   1.012013E+04   6.973991E-01
   1.073216E+00   1.805477E+01   1.007419E+04   6.971087E-01
   1.078173E+00   1.792640E+01   1.002793E+04   6.968532E-01
   1.083153E+00   1.783474E+01   9.983413E+03   6.964949E-01
   1.088156E+00   1.777087E+01   9.940061E+03   6.959836E-01
   1.093182E+00   1.769850E+01   9.895323E+03   6.954204E-01
   1.098231E+00   1.757347E+01   9.846555E+03   6.950232E-01
   1.103304E+00   1.740914E+01   9.795524E+03   6.948800E-01
   1.108400E+00   1.728247E+01   9.747186E+03   6.946973E-01
   1.113519E+00   1.719703E+01   9.701232E+03   6.943592E-01
   1.118663E+00   1.711355E+01   9.655053E+03   6.939862E-01
   1.123830E+00   1.699161E+01   9.606594E+03   6.937746E-01
   1.129020E+00   1.684940E+01   9.557895E+03   6.937362E-01
   1.134235E+00   1.674319E+01   9.512486E+03   6.936208E-01
   1.139474E+00   1.667367E+01   9.469734E+03   6.933372E-01
   1.144737E+00   1.660363E+01   9.426831E+03   6.929996E-01
   1.150025E+00   1.650273E+01   9.381797E+03   6.927730E-01
   1.155336E+00   1.638241E+01   9.335797E+03   6.926866E-01
   1.160673E+00   1.627790E+01   9.291506E+03   6.926005E-01
   1.166034E+00   1.619623E+01   9.249153E+03   6.924118E-01
   1.171420E+00   1.610905E+01   9.206264E+03   6.921987E-01
   1.176830E+00   1.599872E+01   9.161540E+03   6.920909E-01
   1.182266E+00   1.588405E+01   9.116797E+03   6.920685E-01
   1.187727E+00   1.578959E+01   9.074052E+03   6.919971E-01
   1.193213E+00   1.571086E+01   9.032557E+03   6.918263E-01
   1.198724E+00   1.562441E+01   8.990250E+03   6.916535E-01
   1.204261E+00   1.552721E+01   8.947141E+03   6.915441E-01
   1.209823E+00   1.543626E+01   8.904764E+03   6.914363E-01
   1.215411E+00   1.536077E+01   8.863681E+03   6.912504E-01
   1.221025E+00   1.529573E+01   8.823045E+03   6.909614E-01
   1.226665E+00   1.522726E+01   8.781399E+03   6.906248E-01
   1.232330E+00   1.514907E+01   8.738351E+03   6.903102E-01
   1.238022E+00   1.506826E+01   8.694765E+03   6.900116E-01
   1.243741E+00   1.499384E+01   8.651406E+03   6.896694E-01
   1.249485E+00   1.492603E+01   8.608043E+03   6.892464E-01
   1.255257E+00   1.485542E+01   8.563749E+03   6.887827E-01
   1.261054E+00   1.477544E+01   8.518223E+03   6.883440E-01
   1.266879E+00   1.469045E+01   8.472192E+03   6.879358E-01
   1.272731E+00   1.460857E+01   8.426400E+03   6.875054E-01
   1.278609E+00   1.453002E+01   8.380633E+03   6.870250E-01
   1.284515E+00   1.444712E+01   8.334104E+03   6.865358E-01
   1.290448E+00   1.435446E+01   8.286583E+03   6.861029E-01
   1.296408E+00   1.425594E+01   8.238790E+03   6.857397E-01
   1.302396E+00   1.415927E+01   8.191544E+03   6.854028E-01
   1.308412E+00   1.406671E+01   8.144898E+03   6.850583E-01
   1.314455E+00   1.397455E+01   8.098388E+03   6.847196E-01
   1.320527E+00   1.387968E+01   8.051803E+03   6.844204E-01
   1.326626E+00   1.378389E+01   8.005464E+03   6.841674E-01
   1.332754E+00   1.369119E+01   7.959771E+03   6.839351E-01
   1.338909E+00   1.360297E+01   7.914739E+03   6.836989E-01
   1.345094E+00   1.351719E+01   7.870046E+03   6.834597E-01
   1.351306E+00   1.343126E+01   7.825428E+03   6.832383E-01
   1.357548E+00   1.334561E+01   7.781025E+03   6.830445E-01
   1.363818E+00   1.326292E+01   7.737159E+03   6.828609E-01
   1.370118E+00   1.318424E+01   7.693850E+03   6.826654E-01
   1.376446E+00   1.310785E+01   7.650807E+03   6.824585E-01
   1.382804E+00   1.303221E+01   7.607885E+03   6.822544E-01
   1.389191E+00   1.295829E+01   7.565271E+03   6.820534E-01
   1.395607E+00   1.288775E+01   7.523145E+03   6.818382E-01
   1.402053E+00   1.282043E+01   7.481400E+03   6.815963E-01
   1.408529E+00   1.275504E+01   7.439816E+03   6.813300E-01
   1.415035E+00   1.269117E+01   7.398347E+03   6.810422E-01
   1.421571E+00   1.262945E+01   7.357045E+03   6.807251E-01
   1.428137E+00   1.256980E+01   7.315809E+03   6.803680E-01
   1.434733E+00   1.251081E+01   7.274369E+03   6.799714E-01
   1.441360E+00   1.245102E+01   7.232509E+03   6.795452E-01
   1.448018E+00   1.238986E+01   7.190177E+03   6.790975E-01
   1.454706E+00   1.232730E+01   7.147382E+03   6.786307E-01
   1.461425E+00   1.226294E+01   7.104080E+03   6.781478E-01
   1.468175E+00   1.219621E+01   7.060233E+03   6.776571E-01
   1.474956E+00   1.212703E+01   7.015904E+03   6.771669E-01
   1.481769E+00   1.205595E+01   6.971239E+03   6.766799E-01
   1.488613E+00   1.198358E+01   6.926355E+03   6.761945E-01
   1.495489E+00   1.191013E+01   6.881306E+03   6.757100E-01
   1.502396E+00   1.183567E+01   6.836132E+03   6.752294E-01
   1.509336E+00   1.176040E+01   6.790911E+03   6.747565E-01
   1.516307E+00   1.168474E+01   6.745744E+03   6.742925E-01
   1.523311E+00   1.160906E+01   6.700702E+03   6.738370E-01
   1.530347E+00   1.153352E+01   6.655828E+03   6.733910E-01
   1.537415E+00   1.145826E+01   6.611162E+03   6.729565E-01
   1.544516E+00   1.138349E+01   6.566761E+03   6.725350E-01
   1.551650E+00   1.130947E+01   6.522671E+03   6.721264E-01
   1.558817E+00   1.123638E+01   6.478917E+03   6.717303E-01
   1.566017E+00   1.116434E+01   6.435515E+03   6.713459E-01
   1.573250E+00   1.109349E+01   6.392480E+03   6.709720E-01
   1.580517E+00   1.102396E+01   6.349818E+03   6.706066E-01
   1.587817E+00   1.095583E+01   6.307526E+03   6.702477E-01
   1.595151E+00   1.088917E+01   6.265602E+03   6.698932E-01
   1.602519E+00   1.082406E+01   6.224044E+03   6.695401E-01
   1.609921E+00   1.076061E+01   6.182849E+03   6.691850E-01
   1.617357E+00   1.069884E+01   6.141997E+03   6.688237E-01
   1.624827E+00   1.063871E+01   6.101457E+03   6.684528E-01
   1.632332E+00   1.058016E+01   6.061194E+03   6.680688E-01
   1.639872E+00   1.052307E+01   6.021160E+03   6.676682E-01
   1.647446E+00   1.046726E+01   5.981292E+03   6.672477E-01
   1.655055E+00   1.041244E+01   5.941511E+03   6.668057E-01
   1.662700E+00   1.035827E+01   5.901741E+03   6.663419E-01
   1.670380E+00   1.030441E+01   5.861914E+03   6.658573E-01
   1.678095E+00   1.025057E+01   5.821982E+03   6.653539E-01
   1.685846E+00   1.019650E+01   5.781913E+03   6.648345E-01
   1.693633E+00   1.014204E+01   5.741695E+03   6.643019E-01
   1.701455E+00   1.008708E+01   5.701335E+03   6.637591E-01
   1.709314E+00   1.003159E+01   5.660854E+03   6.632089E-01
   1.717209E+00   9.975594E+00   5.620282E+03   6.626531E-01
   1.725141E+00   9.919144E+00   5.579648E+03   6.620932E-01
   1.733109E+00   9.862299E+00   5.538983E+03   6.615303E-01
   1.741114E+00   9.805123E+00   5.498311E+03   6.609650E-01
   1.749156E+00   9.747679E+00   5.457658E+03   6.603978E-01
   1.757235E+00   9.690024E+00   5.417043E+03   6.598288E-01
   1.765352E+00   9.632207E+00   5.376484E+03   6.592582E-01
   1.773506E+00   9.574270E+00   5.335996E+03   6.586864E-01
   1.781697E+00   9.516254E+00   5.295594E+03   6.581135E-01
   1.789927E+00   9.458197E+00   5.255293E+03   6.575401E-01
   1.798194E+00   9.400140E+00   5.215108E+03   6.569666E-01
   1.806500E+00   9.342129E+00   5.175057E+03   6.563936E-01
   1.814844E+00   9.284214E+00   5.135157E+03   6.558218E-01
   1.823226E+00   9.226453E+00   5.095428E+03   6.552518E-01
   1.831647E+00   9.168911E+00   5.055891E+03   6.546844E-01
   1.840108E+00   9.111660E+00   5.016565E+03   6.541200E-01
   1.848607E+00   9.054779E+00   4.977475E+03   6.535591E-01
   1.857145E+00   8.998353E+00   4.938641E+03   6.530021E-01
   1.865723E+00   8.942466E+00   4.900084E+03   6.524489E-01
   1.874341E+00   8.887207E+00   4.861822E+03   6.518996E-01
   1.882998E+00   8.832658E+00   4.823870E+03   6.513537E-01
   1.891696E+00   8.778897E+00   4.786241E+03   6.508106E-01
   1.900433E+00   8.725988E+00   4.748939E+03   6.502694E-01
   1.909211E+00   8.673980E+00   4.711964E+03   6.497289E-01
   1.918029E+00   8.622901E+00   4.675310E+03   6.491876E-01
   1.926888E+00   8.572754E+00   4.638960E+03   6.486440E-01
   1.935788E+00   8.523519E+00   4.602894E+03   6.480961E-01
   1.944730E+00   8.475148E+00   4.567085E+03   6.475424E-01
   1.953712E+00   8.427569E+00   4.531501E+03   6.469811E-01
   1.962736E+00   8.380693E+00   4.496108E+03   6.464109E-01
   1.971802E+00   8.334419E+00   4.460873E+03   6.458305E-01
   1.980909E+00   8.288638E+00   4.425765E+03   6.452391E-01
   1.990059E+00   8.243245E+00   4.390757E+03   6.446363E-01
   1.999251E+00   8.198141E+00   4.355826E+03   6.440216E-01
   2.008485E+00   8.153234E+00   4.320955E+03   6.433951E-01
   2.017762E+00   8.108449E+00   4.286131E+03   6.427567E-01
   2.027082E+00   8.063718E+00   4.251346E+03   6.421067E-01
   2.036445E+00   8.018988E+00   4.216597E+03   6.414453E-01
   2.045851E+00   7.974215E+00   4.181881E+03   6.407728E-01
   2.055300E+00   7.929364E+00   4.147202E+03   6.400896E-01
   2.064793E+00   7.884408E+00   4.112563E+03   6.393961E-01
   2.074330E+00   7.839328E+00   4.077971E+03   6.386930E-01
   2.083911E+00   7.794115E+00   4.043435E+03   6.379808E-01
   2.093537E+00   7.748765E+00   4.008964E+03   6.372605E-01
   2.103207E+00   7.703282E+00   3.974571E+03   6.365327E-01
   2.112921E+00   7.657678E+00   3.940270E+03   6.357987E-01
   2.122680E+00   7.611973E+00   3.906075E+03   6.350594E-01
   2.132485E+00   7.566191E+00   3.872003E+03   6.343160E-01
   2.142334E+00   7.520366E+00   3.838069E+03   6.335698E-01
   2.152230E+00   7.474534E+00   3.804291E+03   6.328220E-01
   2.162170E+00   7.428739E+00   3.770685E+03   6.320737E-01
   2.172157E+00   7.383024E+00   3.737268E+03   6.313263E-01
   2.182190E+00   7.337437E+00   3.704055E+03   6.305808E-01
   2.192269E+00   7.292029E+00   3.671060E+03   6.298383E-01
   2.202395E+00   7.246848E+00   3.638298E+03   6.290996E-01
   2.212568E+00   7.201942E+00   3.605779E+03   6.283655E-01
   2.222787E+00   7.157360E+00   3.573515E+03   6.276366E-01
   2.233054E+00   7.113145E+00   3.541515E+03   6.269132E-01
   2.243368E+00   7.069338E+00   3.509784E+03   6.261955E-01
   2.253730E+00   7.025977E+00   3.478329E+03   6.254836E-01
   2.264140E+00   6.983093E+00   3.447153E+03   6.247772E-01
   2.274598E+00   6.940714E+00   3.416257E+03   6.240758E-01
   2.285104E+00   6.898860E+00   3.385640E+03   6.233789E-01
   2.295658E+00   6.857546E+00   3.355299E+03   6.226855E-01
   2.306262E+00   6.816780E+00   3.325230E+03   6.219946E-01
   2.316914E+00   6.776563E+00   3.295425E+03   6.213052E-01
   2.327616E+00   6.736888E+00   3.265877E+03   6.206158E-01
   2.338367E+00   6.697741E+00   3.236574E+03   6.199251E-01
   2.349167E+00   6.659102E+00   3.207504E+03   6.192317E-01
   2.360018E+00   6.620943E+00   3.178654E+03   6.185341E-01
   2.370918E+00   6.583232E+00   3.150010E+03   6.178308E-01
   2.381869E+00   6.545931E+00   3.121557E+03   6.171207E-01
   2.392871E+00   6.508998E+00   3.093281E+03   6.164024E-01
   2.403923E+00   6.472390E+00   3.065167E+03   6.156749E-01
   2.415027E+00   6.436063E+00   3.037202E+03   6.149373E-01
   2.426181E+00   6.399974E+00   3.009376E+03   6.141891E-01
   2.437388E+00   6.364081E+00   2.981677E+03   6.134297E-01
   2.448646E+00   6.328347E+00   2.954099E+03   6.126591E-01
   2.459956E+00   6.292738E+00   2.926635E+03   6.118772E-01
   2.471318E+00   6.257224E+00   2.899281E+03   6.110843E-01
   2.482733E+00   6.221783E+00   2.872034E+03   6.102807E-01
   2.494200E+00   6.186396E+00   2.844895E+03   6.094671E-01
   2.505720E+00   6.151049E+00   2.817863E+03   6.086439E-01
   2.517294E+00   6.115732E+00   2.790940E+03   6.078120E-01
   2.528921E+00   6.080442E+00   2.764129E+03   6.069720E-01
   2.540602E+00   6.045176E+00   2.737434E+03   6.061247E-01
   2.552337E+00   6.009937E+00   2.710857E+03   6.052706E-01
   2.564126E+00   5.974727E+00   2.684403E+03   6.044106E-01
   2.575969E+00   5.939553E+00   2.658075E+03   6.035452E-01
   2.587867E+00   5.904422E+00   2.631879E+03   6.026748E-01
   2.599820E+00   5.869342E+00   2.605819E+03   6.018000E-01
   2.611828E+00   5.834322E+00   2.579899E+03   6.009210E-01
   2.623892E+00   5.799372E+00   2.554124E+03   6.000383E-01
   2.636011E+00   5.764502E+00   2.528499E+03   5.991520E-01
   2.648187E+00   5.729722E+00   2.503029E+03   5.982622E-01
   2.660419E+00   5.695042E+00   2.477719E+03   5.973693E-01
   2.672707E+00   5.660473E+00   2.452575E+03   5.964732E-01
   2.685052E+00   5.626027E+00   2.427603E+03   5.955742E-01
   2.697454E+00   5.591715E+00   2.402809E+03   5.946723E-01
   2.709913E+00   5.557548E+00   2.378199E+03   5.937677E-01
   2.722429E+00   5.523539E+00   2.353781E+03   5.928606E-01
   2.735004E+00   5.489701E+00   2.329559E+03   5.919512E-01
   2.747637E+00   5.456045E+00   2.305542E+03   5.910399E-01
   2.760328E+00   5.422586E+00   2.281735E+03   5.901269E-01
   2.773077E+00   5.389336E+00   2.258145E+03   5.892128E-01
   2.785886E+00   5.356308E+00   2.234778E+03   5.882979E-01
   2.798753E+00   5.323517E+00   2.211640E+03   5.873830E-01
   2.811681E+00   5.290973E+00   2.188734E+03   5.864685E-01
   2.824667E+00   5.258691E+00   2.166065E+03   5.855551E-01
   2.837714E+00   5.226681E+00   2.143636E+03   5.846436E-01
   2.850821E+00   5.194954E+00   2.121450E+03   5.837347E-01
   2.863989E+00   5.163520E+00   2.099507E+03   5.828291E-01
   2.877217E+00   5.132387E+00   2.077806E+03   5.819274E-01
   2.890507E+00   5.101561E+00   2.056348E+03   5.810306E-01
   2.903858E+00   5.071048E+00   2.035129E+03   5.801391E-01
   2.917270E+00   5.040850E+00   2.014145E+03   5.792536E-01
   2.930745E+00   5.010969E+00   1.993391E+03   5.783745E-01
   2.944281E+00   4.981404E+00   1.972862E+03   5.775024E-01
   2.957881E+00   4.952150E+00   1.952549E+03   5.766375E-01
   2.971543E+00   4.923203E+00   1.932445E+03   5.757800E-01
   2.985268E+00   4.894556E+00   1.912540E+03   5.749299E-01
   2.999057E+00   4.866198E+00   1.892825E+03   5.740871E-01
   3.012909E+00   4.838117E+00   1.873290E+03   5.732514E-01
   3.026825E+00   4.810302E+00   1.853923E+03   5.724223E-01
   3.040806E+00   4.782735E+00   1.834714E+03   5.715993E-01
   3.054851E+00   4.755403E+00   1.815653E+03   5.707818E-01
   3.068961E+00   4.728287E+00   1.796728E+03   5.699689E-01
   3.083136E+00   4.701369E+00   1.777931E+03   5.691598E-01
   3.097376E+00   4.674633E+00   1.759252E+03   5.683534E-01
   3.111683E+00   4.648059E+00   1.740682E+03   5.675487E-01
   3.126055E+00   4.621631E+00   1.722215E+03   5.667447E-01
   3.140494E+00   4.595331E+00   1.703843E+03   5.659401E-01
   3.155000E+00   4.569143E+00   1.685563E+03   5.651339E-01
   3.169572E+00   4.543054E+00   1.667368E+03   5.643251E-01
   3.184212E+00   4.517049E+00   1.649258E+03   5.635125E-01
   3.198920E+00   4.491118E+00   1.631230E+03   5.626953E-01
   3.213695E+00   4.465251E+00   1.613285E+03   5.618725E-01
   3.228539E+00   4.439440E+00   1.595422E+03   5.610434E-01
   3.243451E+00   4.413678E+00   1.577643E+03   5.602073E-01
   3.258432E+00   4.387963E+00   1.559952E+03   5.593636E-01
   3.273482E+00   4.362291E+00   1.542351E+03   5.585119E-01
   3.288602E+00   4.336662E+00   1.524845E+03   5.576521E-01
   3.303792E+00   4.311076E+00   1.507438E+03   5.567838E-01
   3.319052E+00   4.285538E+00   1.490136E+03   5.559071E-01
   3.334382E+00   4.260049E+00   1.472943E+03   5.550221E-01
   3.349783E+00   4.234615E+00   1.455865E+03   5.541290E-01
   3.365255E+00   4.209241E+00   1.438908E+03   5.532282E-01
   3.380799E+00   4.183935E+00   1.422077E+03   5.523201E-01
   3.396414E+00   4.158702E+00   1.405376E+03   5.514052E-01
   3.412102E+00   4.133551E+00   1.388812E+03   5.504843E-01
   3.427862E+00   4.108489E+00   1.372389E+03   5.495580E-01
   3.443695E+00   4.083524E+00   1.356111E+03   5.486271E-01
   3.459601E+00   4.058663E+00   1.339982E+03   5.476925E-01
   3.475580E+00   4.033914E+00   1.324005E+03   5.467550E-01
   3.491634E+00   4.009285E+00   1.308183E+03   5.458156E-01
   3.507761E+00   3.984781E+00   1.292520E+03   5.448752E-01
   3.523963E+00   3.960411E+00   1.277016E+03   5.439348E-01
   3.540240E+00   3.936179E+00   1.261674E+03   5.429953E-01
   3.556592E+00   3.912092E+00   1.246494E+03   5.420577E-01
   3.573019E+00   3.888154E+00   1.231478E+03   5.411229E-01
   3.589523E+00   3.864370E+00   1.216625E+03   5.401919E-01
   3.606102E+00   3.840744E+00   1.201935E+03   5.392656E-01
   3.622758E+00   3.817280E+00   1.187408E+03   5.383448E-01
   3.639491E+00   3.793979E+00   1.173044E+03   5.374304E-01
   3.656302E+00   3.770845E+00   1.158840E+03   5.365231E-01
   3.673190E+00   3.747880E+00   1.144796E+03   5.356238E-01
   3.690156E+00   3.725084E+00   1.130910E+03   5.347331E-01
   3.707200E+00   3.702459E+00   1.117181E+03   5.338517E-01
   3.724323E+00   3.680005E+00   1.103605E+03   5.329802E-01
   3.741525E+00   3.657722E+00   1.090182E+03   5.321191E-01
   3.758807E+00   3.635610E+00   1.076908E+03   5.312691E-01
   3.776169E+00   3.613668E+00   1.063782E+03   5.304305E-01
   3.793610E+00   3.591896E+00   1.050802E+03   5.296038E-01
   3.811132E+00   3.570293E+00   1.037963E+03   5.287894E-01
   3.828736E+00   3.548856E+00   1.025264E+03   5.279877E-01
   3.846420E+00   3.527584E+00   1.012703E+03   5.271989E-01
   3.864186E+00   3.506476E+00   1.000276E+03   5.264233E-01
   3.882034E+00   3.485529E+00   9.879807E+02   5.256612E-01
   3.899965E+00   3.464742E+00   9.758144E+02   5.249128E-01
   3.917978E+00   3.444111E+00   9.637744E+02   5.241781E-01
   3.936075E+00   3.423634E+00   9.518578E+02   5.234574E-01
   3.954255E+00   3.403309E+00   9.400619E+02   5.227507E-01
   3.972520E+00   3.383132E+00   9.283839E+02   5.220580E-01
   3.990868E+00   3.363102E+00   9.168211E+02   5.213793E-01
   4.009301E+00   3.343214E+00   9.053707E+02   5.207147E-01
   4.027820E+00   3.323465E+00   8.940300E+02   5.200639E-01
   4.046424E+00   3.303854E+00   8.827964E+02   5.194269E-01
   4.065114E+00   3.284375E+00   8.716673E+02   5.188034E-01
   4.083890E+00   3.265025E+00   8.606400E+02   5.181932E-01
   4.102753E+00   3.245802E+00   8.497122E+02   5.175959E-01
   4.121703E+00   3.226701E+00   8.388814E+02   5.170112E-01
   4.140741E+00   3.207719E+00   8.281452E+02   5.164387E-01
   4.159866E+00   3.188853E+00   8.175015E+02   5.158778E-01
   4.179080E+00   3.170098E+00   8.069482E+02   5.153278E-01
   4.198383E+00   3.151450E+00   7.964833E+02   5.147883E-01
   4.217775E+00   3.132907E+00   7.861049E+02   5.142583E-01
   4.237256E+00   3.114465E+00   7.758114E+02   5.137370E-01
   4.256828E+00   3.096120E+00   7.656012E+02   5.132236E-01
   4.276489E+00   3.077868E+00   7.554729E+02   5.127170E-01
   4.296242E+00   3.059706E+00   7.454254E+02   5.122162E-01
   4.316086E+00   3.041631E+00   7.354577E+02   5.117200E-01
   4.336021E+00   3.023639E+00   7.255688E+02   5.112272E-01
   4.356049E+00   3.005729E+00   7.157583E+02   5.107365E-01
   4.376169E+00   2.987896E+00   7.060255E+02   5.102464E-01
   4.396382E+00   2.970138E+00   6.963703E+02   5.097557E-01
   4.416688E+00   2.952453E+00   6.867924E+02   5.092627E-01
   4.437088E+00   2.934839E+00   6.772921E+02   5.087660E-01
   4.457583E+00   2.917293E+00   6.678696E+02   5.082639E-01
   4.478172E+00   2.899814E+00   6.585252E+02   5.077549E-01
   4.498856E+00   2.882401E+00   6.492596E+02   5.072371E-01
   4.519635E+00   2.865051E+00   6.400734E+02   5.067091E-01
   4.540511E+00   2.847765E+00   6.309674E+02   5.061690E-01
   4.561483E+00   2.830542E+00   6.219425E+02   5.056152E-01
   4.582552E+00   2.813380E+00   6.129999E+02   5.050459E-01
   4.603718E+00   2.796280E+00   6.041405E+02   5.044595E-01
   4.624982E+00   2.779243E+00   5.953656E+02   5.038542E-01
   4.646345E+00   2.762267E+00   5.866764E+02   5.032284E-01
   4.667805E+00   2.745353E+00   5.780740E+02   5.025805E-01
   4.689365E+00   2.728503E+00   5.695598E+02   5.019089E-01
   4.711025E+00   2.711717E+00   5.611351E+02   5.012120E-01
   4.732785E+00   2.694996E+00   5.528009E+02   5.004884E-01
   4.754645E+00   2.678341E+00   5.445587E+02   4.997365E-01
   4.776606E+00   2.661754E+00   5.364094E+02   4.989550E-01
   4.798668E+00   2.645236E+00   5.283543E+02   4.981426E-01
   4.820833E+00   2.628788E+00   5.203945E+02   4.972981E-01
   4.843100E+00   2.612412E+00   5.125308E+02   4.964202E-01
   4.865469E+00   2.596111E+00   5.047642E+02   4.955078E-01
   4.887942E+00   2.579884E+00   4.970955E+02   4.945600E-01
   4.910519E+00   2.563735E+00   4.895255E+02   4.935758E-01
   4.933200E+00   2.547665E+00   4.820547E+02   4.925542E-01
   4.955986E+00   2.531677E+00   4.746837E+02   4.914947E-01
   4.978877E+00   2.515770E+00   4.674128E+02   4.903963E-01
   5.001874E+00   2.503404E+00   4.600838E+02   4.892564E-01
   5.024977E+00   2.530328E+00   4.511462E+02   4.880467E-01
   5.048187E+00   2.557825E+00   4.425331E+02   4.867880E-01
   5.071504E+00   2.585692E+00   4.339721E+02   4.854753E-01
   5.094928E+00   2.613981E+00   4.255945E+02   4.841110E-01
   5.118461E+00   2.642671E+00   4.172869E+02   4.826917E-01
   5.142103E+00   2.671909E+00   4.092589E+02   4.812243E-01
   5.165854E+00   2.701534E+00   4.012170E+02   4.796986E-01
   5.189714E+00   2.731706E+00   3.933297E+02   4.781204E-01
   5.213685E+00   2.762391E+00   3.855953E+02   4.764903E-01
   5.237766E+00   2.793566E+00   3.780119E+02   4.748087E-01
   5.261959E+00   2.825253E+00   3.705768E+02   4.730762E-01
   5.286263E+00   2.857554E+00   3.632879E+02   4.712936E-01
   5.310680E+00   2.890417E+00   3.561437E+02   4.694616E-01
   5.335209E+00   2.923856E+00   3.491418E+02   4.675810E-01
   5.359852E+00   2.957831E+00   3.421426E+02   4.656423E-01
   5.384608E+00   2.992519E+00   3.353877E+02   4.636643E-01
   5.409479E+00   3.027811E+00   3.286988E+02   4.616345E-01
   5.434465E+00   3.063747E+00   3.221526E+02   4.595601E-01
   5.459566E+00   3.100351E+00   3.157975E+02   4.574474E-01
   5.484783E+00   3.137666E+00   3.094500E+02   4.552800E-01
   5.510116E+00   3.175702E+00   3.032305E+02   4.530705E-01
   5.535567E+00   3.214493E+00   2.971391E+02   4.508204E-01
   5.561135E+00   3.254009E+00   2.911729E+02   4.485312E-01
   5.586821E+00   3.294318E+00   2.853284E+02   4.462039E-01
   5.612626E+00   3.335419E+00   2.795329E+02   4.438313E-01
   5.638550E+00   3.377359E+00   2.738869E+02   4.414271E-01
   5.664594E+00   3.420129E+00   2.683714E+02   4.389910E-01
   5.690758E+00   3.463762E+00   2.628546E+02   4.365064E-01
   5.717043E+00   3.508307E+00   2.575411E+02   4.340034E-01
   5.743449E+00   3.553833E+00   2.522637E+02   4.314599E-01
   5.769977E+00   3.600255E+00   2.470799E+02   4.288857E-01
   5.796628E+00   3.647669E+00   2.420031E+02   4.262845E-01
   5.823402E+00   3.696134E+00   2.370302E+02   4.236578E-01
   5.850300E+00   3.745583E+00   2.321586E+02   4.210069E-01
   5.877322E+00   3.796104E+00   2.273071E+02   4.183197E-01
   5.904468E+00   3.847793E+00   2.226010E+02   4.156192E-01
   5.931740E+00   3.900599E+00   2.179537E+02   4.128921E-01
   5.959138E+00   3.954572E+00   2.133863E+02   4.101436E-01
   5.986663E+00   4.009759E+00   2.088760E+02   4.073711E-01
   6.014314E+00   4.066199E+00   2.044580E+02   4.045828E-01
   6.042094E+00   4.123920E+00   2.001299E+02   4.017800E-01
   6.070001E+00   4.183016E+00   1.958889E+02   3.989640E-01
   6.098038E+00   4.243432E+00   1.916636E+02   3.961215E-01
   6.126204E+00   4.305316E+00   1.875619E+02   3.932764E-01
   6.154500E+00   4.368656E+00   1.834675E+02   3.904056E-01
   6.182927E+00   4.433514E+00   1.795304E+02   3.875432E-01
   6.211485E+00   4.499907E+00   1.755991E+02   3.846573E-01
   6.240175E+00   4.567946E+00   1.717474E+02   3.817657E-01
   6.268998E+00   4.637645E+00   1.679043E+02   3.788534E-01
   6.297954E+00   4.709122E+00   1.642080E+02   3.759541E-01
   6.327043E+00   4.782331E+00   1.604951E+02   3.730304E-01
   6.356267E+00   4.857407E+00   1.569047E+02   3.701172E-01
   6.385626E+00   4.934429E+00   1.533459E+02   3.671935E-01
   6.415120E+00   5.013451E+00   1.498476E+02   3.642678E-01
   6.444751E+00   5.094494E+00   1.463585E+02   3.613281E-01
   6.474518E+00   5.177713E+00   1.429577E+02   3.583956E-01
   6.504423E+00   5.263138E+00   1.396402E+02   3.554707E-01
   6.534467E+00   5.350902E+00   1.363317E+02   3.525347E-01
   6.564648E+00   5.441028E+00   1.330912E+02   3.496043E-01
   6.594970E+00   5.533639E+00   1.299171E+02   3.466804E-01
   6.625431E+00   5.628756E+00   1.267536E+02   3.437484E-01
   6.656033E+00   5.726541E+00   1.236666E+02   3.408277E-01
   6.686777E+00   5.827164E+00   1.206050E+02   3.379048E-01
   6.717662E+00   5.931087E+00   1.176077E+02   3.349916E-01
   6.748690E+00   6.037769E+00   1.146507E+02   3.320821E-01
   6.779861E+00   6.147224E+00   1.117012E+02   3.291675E-01
   6.811177E+00   6.260512E+00   1.088620E+02   3.262790E-01
   6.842637E+00   6.376726E+00   1.060296E+02   3.233865E-01
   6.874242E+00   6.496901E+00   1.032235E+02   3.204965E-01
   6.905993E+00   6.620775E+00   1.004724E+02   3.176184E-01
   6.937891E+00   6.748273E+00   9.778595E+01   3.147561E-01
   6.969936E+00   6.880142E+00   9.510538E+01   3.118917E-01
   7.002130E+00   7.016164E+00   9.247978E+01   3.090413E-01
   7.034472E+00   7.156792E+00   8.990025E+01   3.062028E-01
   7.066963E+00   7.301822E+00   8.734585E+01   3.033698E-01
   7.099605E+00   7.452206E+00   8.482648E+01   3.005461E-01
   7.132397E+00   7.607444E+00   8.235042E+01   2.977349E-01
   7.165340E+00   7.768186E+00   7.991144E+01   2.949347E-01
   7.198436E+00   7.934573E+00   7.749779E+01   2.921417E-01
   7.231685E+00   8.107080E+00   7.510963E+01   2.893564E-01
   7.265087E+00   8.285823E+00   7.277593E+01   2.865893E-01
   7.298644E+00   8.470938E+00   7.046601E+01   2.838300E-01
   7.332355E+00   8.663307E+00   6.822023E+01   2.810932E-01
   7.366222E+00   8.862934E+00   6.596348E+01   2.783523E-01
   7.400246E+00   9.070301E+00   6.376326E+01   2.756318E-01
   7.434427E+00   9.286208E+00   6.159616E+01   2.729236E-01
   7.468766E+00   9.510909E+00   5.944063E+01   2.702198E-01
   7.503263E+00   9.744436E+00   5.733325E+01   2.675342E-01
   7.537920E+00   9.988184E+00   5.525524E+01   2.648601E-01
   7.572736E+00   1.024210E+01   5.319080E+01   2.621913E-01
   7.607714E+00   1.050726E+01   5.118012E+01   2.595437E-01
   7.642853E+00   1.078402E+01   4.919443E+01   2.569060E-01
   7.678154E+00   1.107374E+01   4.722234E+01   2.542737E-01
   7.713619E+00   1.137676E+01   4.528968E+01   2.516572E-01
   7.749247E+00   1.169445E+01   4.338691E+01   2.490526E-01
   7.785040E+00   1.202706E+01   4.151134E+01   2.464588E-01
   7.820998E+00   1.237636E+01   3.965648E+01   2.438729E-01
   7.857122E+00   1.274345E+01   3.784264E+01   2.413034E-01
   7.893413E+00   1.312977E+01   3.605040E+01   2.387418E-01
   7.929872E+00   1.353667E+01   3.428264E+01   2.361890E-01
   7.966499E+00   1.396577E+01   3.254094E+01   2.336455E-01
   8.003295E+00   1.441861E+01   3.084659E+01   2.311209E-01
   8.040262E+00   1.489748E+01   2.916110E+01   2.285968E-01
   8.077399E+00   1.540553E+01   2.750600E+01   2.260828E-01
   8.114707E+00   1.594411E+01   2.588329E+01   2.235795E-01
   8.152188E+00   1.651689E+01   2.427766E+01   2.210785E-01
   8.189842E+00   1.712607E+01   2.271729E+01   2.185934E-01
   8.227670E+00   1.777632E+01   2.117296E+01   2.161084E-01
   8.265672E+00   1.847113E+01   1.966987E+01   2.136358E-01
   8.303850E+00   1.921580E+01   1.819257E+01   2.111663E-01
   8.342205E+00   2.001551E+01   1.673784E+01   2.086964E-01
   8.380737E+00   2.087606E+01   1.533241E+01   2.062403E-01
   8.419446E+00   2.180597E+01   1.394317E+01   2.037764E-01
   8.458335E+00   2.281292E+01   1.259934E+01   2.013204E-01
   8.497403E+00   2.390708E+01   1.129474E+01   1.988664E-01
   8.536651E+00   2.510035E+01   1.002406E+01   1.964076E-01
   8.576081E+00   2.640694E+01   8.796502E+00   1.939468E-01
   8.615693E+00   2.784373E+01   7.609004E+00   1.914769E-01
   8.655487E+00   2.943159E+01   6.478972E+00   1.890063E-01
   8.695466E+00   3.119646E+01   5.399362E+00   1.865226E-01
   8.735629E+00   3.316955E+01   4.383700E+00   1.840289E-01
   8.775978E+00   3.539139E+01   3.436786E+00   1.815190E-01
   8.816513E+00   3.791289E+01   2.573687E+00   1.789949E-01
   8.857236E+00   4.080335E+01   1.798943E+00   1.764419E-01
   8.898146E+00   4.415132E+01   1.133888E+00   1.738599E-01
   8.939246E+00   4.808392E+01   5.999727E-01   1.712418E-01
   8.980535E+00   5.277409E+01   2.241334E-01   1.685712E-01
   9.022015E+00   5.849302E+01   4.972892E-02   1.658447E-01
   9.063686E+00   6.563337E+01   1.330493E-01   1.630371E-01
   9.105550E+00   7.485457E+01   5.604912E-01   1.601275E-01
   9.147608E+00   8.731894E+01   1.466699E+00   1.570787E-01
   9.189860E+00   1.053222E+02   3.081185E+00   1.538302E-01
   9.232306E+00   1.341707E+02   5.839649E+00   1.502758E-01
   9.274949E+00   1.897235E+02   1.071552E+01   1.462046E-01
   9.317789E+00   3.446457E+02   2.029916E+01   1.412312E-01
   9.360827E+00   8.067948E+02   3.358999E+01   1.372320E-01
   9.404063E+00   1.199161E+03   3.931124E+01   1.365088E-01
   9.447500E+00   1.442092E+03   4.244071E+01   1.363421E-01
   9.491136E+00   1.613048E+03   4.492005E+01   1.361278E-01
   9.534975E+00   1.745717E+03   4.718700E+01   1.357765E-01
   9.579016E+00   1.855419E+03   4.936931E+01   1.352839E-01
   9.623260E+00   1.949386E+03   5.149205E+01   1.346590E-01
   9.667709E+00   2.032455E+03   5.358342E+01   1.339174E-01
   9.712362E+00   2.107040E+03   5.564345E+01   1.330688E-01
   9.757223E+00   2.174170E+03   5.765533E+01   1.321181E-01
   9.802290E+00   2.233731E+03   5.958502E+01   1.310616E-01
   9.847566E+00   2.284875E+03   6.139888E+01   1.298843E-01
   9.893050E+00   2.325670E+03   6.305977E+01   1.285534E-01
   9.938745E+00   2.351855E+03   6.454893E+01   1.269854E-01
   9.984651E+00   2.354874E+03   6.611822E+01   1.249099E-01
   1.003077E+01   2.334551E+03   7.020010E+01   1.214557E-01
   1.007710E+01   2.327739E+03   8.737239E+01   1.177749E-01
   1.012364E+01   3.858280E+03   2.511896E+02   1.089028E-01
   1.017040E+01   5.410444E+03   2.996747E+02   1.056510E-01
   1.021738E+01   3.914500E+03   1.585139E+02   1.232792E-01
   1.026457E+01   3.059040E+03   9.249096E+01   1.256087E-01
   1.031198E+01   2.972367E+03   8.693794E+01   1.199300E-01
   1.035961E+01   2.960352E+03   9.564973E+01   1.142578E-01
   1.040746E+01   4.934380E+03   3.140024E+02   9.429702E-02
   1.045553E+01   5.549095E+03   3.262626E+02   1.006355E-01
   1.050383E+01   4.437241E+03   2.023762E+02   1.120168E-01
   1.055234E+01   4.252861E+03   1.814353E+02   1.119265E-01
   1.060108E+01   4.230477E+03   1.773869E+02   1.106526E-01
   1.065005E+01   4.270042E+03   1.796091E+02   1.090552E-01
   1.069924E+01   4.340027E+03   1.849752E+02   1.073080E-01
   1.074866E+01   4.431723E+03   1.927575E+02   1.054428E-01
   1.079830E+01   4.540823E+03   2.026643E+02   1.034558E-01
   1.084818E+01   4.666454E+03   2.148127E+02   1.013286E-01
   1.089829E+01   4.809081E+03   2.295266E+02   9.903190E-02
   1.094862E+01   4.970785E+03   2.474111E+02   9.651726E-02
   1.099920E+01   5.154054E+03   2.693399E+02   9.372832E-02
   1.105000E+01   5.364851E+03   2.969149E+02   9.055307E-02
   1.110104E+01   5.608205E+03   3.322829E+02   8.686291E-02
   1.115231E+01   5.896988E+03   3.799675E+02   8.238169E-02
   1.120382E+01   6.243719E+03   4.474122E+02   7.670934E-02
   1.125557E+01   6.672285E+03   5.521900E+02   6.896003E-02
   1.130756E+01   7.201103E+03   7.421435E+02   5.700918E-02
   1.135979E+01   7.479576E+03   1.174964E+03   3.440477E-02
   1.141226E+01   3.706004E+03   1.317133E+03  -1.379683E-02
   1.146497E+01   2.361829E+03   8.799046E+02  -5.600022E-02
   1.151793E+01   1.820716E+03   7.985751E+02   1.227792E-01
   1.157112E+01   9.195568E+02   5.527661E+02   3.667420E-01
   1.162457E+01   4.868543E+02   3.485767E+02   3.205435E-01
   1.167826E+01   3.815268E+02   2.580799E+02   2.601227E-01
   1.173220E+01   3.958162E+02   1.993853E+02   2.200346E-01
   1.178639E+01   5.577633E+02   1.546492E+02   1.907047E-01
   1.184083E+01   1.043125E+03   1.326586E+02   1.702131E-01
   1.189552E+01   1.512529E+03   1.697336E+02   1.737695E-01
   1.195047E+01   1.115322E+03   2.014154E+02   2.043226E-01
   1.200567E+01   5.883351E+02   1.843474E+02   2.080747E-01
   1.206112E+01   3.425794E+02   1.589454E+02   1.935422E-01
   1.211683E+01   2.322325E+02   1.389749E+02   1.807399E-01
   1.217279E+01   1.739869E+02   1.235185E+02   1.708229E-01
   1.222902E+01   1.390658E+02   1.111337E+02   1.629224E-01
   1.228550E+01   1.161531E+02   1.008755E+02   1.563814E-01
   1.234225E+01   1.000914E+02   9.219975E+01   1.508164E-01
   1.239926E+01   8.828056E+01   8.470778E+01   1.459589E-01
   1.245653E+01   7.927596E+01   7.816745E+01   1.416539E-01
   1.251406E+01   7.220217E+01   7.237658E+01   1.377736E-01
   1.257186E+01   6.652478E+01   6.720374E+01   1.342366E-01
   1.262993E+01   6.189452E+01   6.254691E+01   1.309813E-01
   1.268827E+01   5.807089E+01   5.833182E+01   1.279638E-01
   1.274687E+01   5.488241E+01   5.448699E+01   1.251429E-01
   1.280575E+01   5.220472E+01   5.097131E+01   1.224956E-01
   1.286490E+01   4.995152E+01   4.772882E+01   1.199905E-01
   1.292432E+01   4.804655E+01   4.474113E+01   1.176180E-01
   1.298401E+01   4.644258E+01   4.197304E+01   1.153588E-01
   1.304398E+01   4.509156E+01   3.940127E+01   1.132005E-01
   1.310423E+01   4.396705E+01   3.700423E+01   1.111319E-01
   1.316476E+01   4.304134E+01   3.476374E+01   1.091432E-01
   1.322557E+01   4.229294E+01   3.266263E+01   1.072255E-01
   1.328665E+01   4.170805E+01   3.069331E+01   1.053753E-01
   1.334802E+01   4.127152E+01   2.883545E+01   1.035812E-01
   1.340968E+01   4.097545E+01   2.708777E+01   1.018436E-01
   1.347161E+01   4.081075E+01   2.543635E+01   1.001548E-01
   1.353384E+01   4.077315E+01   2.387078E+01   9.850899E-02
   1.359635E+01   4.086058E+01   2.239368E+01   9.690889E-02
   1.365915E+01   4.106832E+01   2.098396E+01   9.534145E-02
   1.372224E+01   4.140156E+01   1.964995E+01   9.381298E-02
   1.378562E+01   4.185954E+01   1.838245E+01   9.231808E-02
   1.384929E+01   4.244579E+01   1.717065E+01   9.084991E-02
   1.391326E+01   4.316563E+01   1.601603E+01   8.941003E-02
   1.397753E+01   4.402796E+01   1.491333E+01   8.799522E-02
   1.404209E+01   4.504329E+01   1.386064E+01   8.660454E-02
   1.410694E+01   4.622366E+01   1.285223E+01   8.523407E-02
   1.417210E+01   4.758389E+01   1.188791E+01   8.388394E-02
   1.423756E+01   4.914360E+01   1.096321E+01   8.255083E-02
   1.430332E+01   5.093182E+01   1.007583E+01   8.123293E-02
   1.436939E+01   5.297525E+01   9.224365E+00   7.992897E-02
   1.443576E+01   5.531210E+01   8.409176E+00   7.863905E-02
   1.450244E+01   5.799014E+01   7.623464E+00   7.735684E-02
   1.456942E+01   6.107118E+01   6.871319E+00   7.608524E-02
   1.463672E+01   6.462969E+01   6.146335E+00   7.481732E-02
   1.470432E+01   6.876795E+01   5.450951E+00   7.355383E-02
   1.477224E+01   7.361733E+01   4.783490E+00   7.229109E-02
   1.484047E+01   7.934585E+01   4.144652E+00   7.102701E-02
   1.490902E+01   8.621113E+01   3.533915E+00   6.975708E-02
   1.497788E+01   9.453114E+01   2.953645E+00   6.847848E-02
   1.504706E+01   1.048146E+02   2.403659E+00   6.718267E-02
   1.511656E+01   1.177729E+02   1.890341E+00   6.586551E-02
   1.518638E+01   1.345741E+02   1.421692E+00   6.451914E-02
   1.525653E+01   1.570676E+02   1.010810E+00   6.313201E-02
   1.532699E+01   1.885814E+02   6.837387E-01   6.169253E-02
   1.539779E+01   2.350741E+02   4.893680E-01   6.019008E-02
   1.546891E+01   3.081800E+02   5.241360E-01   5.862726E-02
   1.554036E+01   4.252186E+02   9.543262E-01   5.708812E-02
   1.561214E+01   5.909017E+02   1.895296E+00   5.580775E-02
   1.568425E+01   7.697796E+02   3.155880E+00   5.494041E-02
   1.575669E+01   9.288137E+02   4.462924E+00   5.438021E-02
   1.582947E+01   1.063551E+03   5.722051E+00   5.398064E-02
   1.590258E+01   1.179772E+03   6.940159E+00   5.366628E-02
   1.597603E+01   1.282002E+03   8.134313E+00   5.341662E-02
   1.604983E+01   1.373545E+03   9.330906E+00   5.323576E-02
   1.612396E+01   1.455361E+03   1.055039E+01   5.315214E-02
   1.619843E+01   1.525341E+03   1.179799E+01   5.321940E-02
   1.627325E+01   1.576176E+03   1.304347E+01   5.354040E-02
   1.634841E+01   1.591009E+03   1.417036E+01   5.429187E-02
   1.642393E+01   1.535333E+03   1.482477E+01   5.572080E-02
   1.649979E+01   1.360978E+03   1.426723E+01   5.786937E-02
   1.657600E+01   1.070116E+03   1.184549E+01   5.961247E-02
   1.665256E+01   7.827438E+02   8.518893E+00   5.936607E-02
   1.672948E+01   5.828154E+02   5.651709E+00   5.762663E-02
   1.680675E+01   4.615945E+02   3.593798E+00   5.549207E-02
   1.688438E+01   3.907975E+02   2.194056E+00   5.340660E-02
   1.696236E+01   3.515278E+02   1.276924E+00   5.145677E-02
   1.704071E+01   3.339808E+02   7.301420E-01   4.962022E-02
   1.711942E+01   3.342172E+02   5.053957E-01   4.785635E-02
   1.719849E+01   3.528946E+02   6.081688E-01   4.612037E-02
   1.727793E+01   3.966111E+02   1.106486E+00   4.436687E-02
   1.735773E+01   4.828475E+02   2.155025E+00   4.255916E-02
   1.743791E+01   6.440260E+02   3.937939E+00   4.075452E-02
   1.751845E+01   8.740088E+02   6.102125E+00   3.931510E-02
   1.759936E+01   1.069917E+03   7.728693E+00   3.851740E-02
   1.768065E+01   1.196587E+03   8.781028E+00   3.806421E-02
   1.776232E+01   1.281096E+03   9.583403E+00   3.767771E-02
   1.784436E+01   1.342166E+03   1.030227E+01   3.726610E-02
   1.792678E+01   1.386755E+03   1.100785E+01   3.682311E-02
   1.800958E+01   1.414538E+03   1.174219E+01   3.638947E-02
   1.809277E+01   1.419435E+03   1.259699E+01   3.605401E-02
   1.817634E+01   1.403035E+03   1.407101E+01   3.581027E-02
   1.826029E+01   1.426607E+03   1.784896E+01   3.510752E-02
   1.834463E+01   1.605589E+03   2.623241E+01   3.337935E-02
   1.842936E+01   2.026926E+03   4.129677E+01   3.012396E-02
   1.851449E+01   2.756685E+03   6.558615E+01   2.510340E-02
   1.860000E+01   3.733801E+03   9.893347E+01   2.043369E-02
   1.868591E+01   4.647225E+03   1.312403E+02   1.792865E-02
   1.877222E+01   5.218594E+03   1.480350E+02   1.742674E-02
   1.885893E+01   5.352535E+03   1.434496E+02   1.833481E-02
   1.894604E+01   5.075802E+03   1.225203E+02   2.025074E-02
   1.903354E+01   4.617524E+03   9.867062E+01   2.259264E-02
   1.912146E+01   4.254696E+03   8.203269E+01   2.440019E-02
   1.920978E+01   4.081110E+03   7.405482E+01   2.510299E-02
   1.929851E+01   4.081440E+03   7.330507E+01   2.475246E-02
   1.938764E+01   4.252703E+03   8.036886E+01   2.343138E-02
   1.947719E+01   4.575080E+03   9.784539E+01   2.124544E-02
   1.956715E+01   4.814660E+03   1.226754E+02   1.879279E-02
   1.965753E+01   4.442959E+03   1.316341E+02   1.739269E-02
   1.974833E+01   3.419676E+03   1.074805E+02   2.009537E-02
   1.983954E+01   2.556540E+03   7.747603E+01   3.033636E-02
   1.993118E+01   1.972619E+03   5.638401E+01   4.414251E-02
   2.002324E+01   1.542526E+03   4.066705E+01   5.413733E-02
   2.011573E+01   1.250463E+03   2.906838E+01   5.580153E-02
   2.020864E+01   1.068577E+03   2.063287E+01   5.272739E-02
   2.030198E+01   9.699315E+02   1.447837E+01   4.835769E-02
   2.039575E+01   9.439922E+02   1.006064E+01   4.397119E-02
   2.048996E+01   9.986191E+02   7.209660E+00   3.989574E-02
   2.058460E+01   1.160984E+03   6.203165E+00   3.626439E-02
   2.067967E+01   1.436382E+03   7.430322E+00   3.335728E-02
   2.077519E+01   1.741797E+03   1.025025E+01   3.138461E-02
   2.087115E+01   1.977823E+03   1.324286E+01   3.027593E-02
   2.096755E+01   2.070604E+03   1.489438E+01   3.003302E-02
   2.106440E+01   2.032500E+03   1.452805E+01   3.015639E-02
   2.116169E+01   1.999162E+03   1.373820E+01   2.980585E-02
   2.125943E+01   2.015765E+03   1.348273E+01   2.905616E-02
   2.135763E+01   2.065025E+03   1.369864E+01   2.815988E-02
   2.145628E+01   2.135190E+03   1.426580E+01   2.720161E-02
   2.155538E+01   2.225844E+03   1.519949E+01   2.617877E-02
   2.165494E+01   2.346735E+03   1.669030E+01   2.505167E-02
   2.175496E+01   2.517721E+03   1.916333E+01   2.378073E-02
   2.185545E+01   2.736622E+03   2.279618E+01   2.252092E-02
   2.195640E+01   2.870640E+03   2.524519E+01   2.189248E-02
   2.205781E+01   2.855576E+03   2.483208E+01   2.179818E-02
   2.215969E+01   2.839988E+03   2.422591E+01   2.140351E-02
   2.226204E+01   2.895593E+03   2.507008E+01   2.048304E-02
   2.236487E+01   3.053803E+03   2.855728E+01   1.897488E-02
   2.246817E+01   3.404020E+03   3.827608E+01   1.656695E-02
   2.257195E+01   4.128466E+03   6.448455E+01   1.289984E-02
   2.267621E+01   5.141721E+03   1.182768E+02   9.089793E-03
   2.278094E+01   5.972225E+03   1.889663E+02   6.509829E-03
   2.288617E+01   6.500888E+03   2.600678E+02   4.835085E-03
   2.299187E+01   6.806236E+03   3.244322E+02   3.515526E-03
   2.309807E+01   6.934797E+03   3.783281E+02   2.237451E-03
   2.320476E+01   6.882619E+03   4.177979E+02   1.111797E-03
   2.331194E+01   6.582283E+03   4.367145E+02   3.360685E-04
   2.341961E+01   5.823248E+03   4.226780E+02  -6.406429E-04
   2.352779E+01   4.341464E+03   3.565844E+02  -2.735475E-03
   2.363646E+01   2.734127E+03   2.510818E+02  -7.209490E-03
   2.374563E+01   1.768950E+03   1.636025E+02  -1.441109E-02
   2.385531E+01   1.319283E+03   1.102991E+02  -2.291878E-02
   2.396549E+01   1.185098E+03   7.914484E+01  -2.629200E-02
   2.407619E+01   1.234364E+03   6.180287E+01  -1.356852E-02
   2.418739E+01   1.346701E+03   5.337468E+01   1.536796E-03
   2.429911E+01   1.466725E+03   5.184478E+01   4.824128E-03
   2.441135E+01   1.404788E+03   5.395371E+01  -6.126694E-04
   2.452410E+01   1.188397E+03   5.011736E+01  -1.341913E-03
   2.463737E+01   1.067934E+03   4.494325E+01   7.144033E-03
   2.475117E+01   9.697077E+02   4.076125E+01   1.933609E-02
   2.486549E+01   8.757996E+02   3.631243E+01   3.818407E-02
   2.498034E+01   8.401804E+02   3.265361E+01   4.906852E-02
   2.509572E+01   8.259783E+02   3.102218E+01   5.135610E-02
   2.521164E+01   7.468619E+02   2.990930E+01   5.914443E-02
   2.532809E+01   5.891009E+02   2.746365E+01   7.660267E-02
   2.544508E+01   4.490128E+02   2.369945E+01   8.038127E-02
   2.556260E+01   3.976842E+02   2.007516E+01   7.031549E-02
   2.568067E+01   4.256874E+02   1.698942E+01   5.923038E-02
   2.579929E+01   5.489090E+02   1.473033E+01   4.964373E-02
   2.591845E+01   7.683345E+02   1.441302E+01   4.261047E-02
   2.603817E+01   9.369520E+02   1.622456E+01   3.938941E-02
   2.615843E+01   9.464218E+02   1.831872E+01   4.016494E-02
   2.627926E+01   8.075641E+02   1.922080E+01   4.632075E-02
   2.640064E+01   5.905300E+02   1.805721E+01   5.600248E-02
   2.652258E+01   4.295829E+02   1.559787E+01   5.687062E-02
   2.664508E+01   3.651491E+02   1.317451E+01   5.141492E-02
   2.676815E+01   3.723462E+02   1.109163E+01   4.537865E-02
   2.689179E+01   4.509368E+02   9.450161E+00   3.997285E-02
   2.701600E+01   6.019116E+02   8.639799E+00   3.573861E-02
   2.714079E+01   7.670403E+02   8.769051E+00   3.299119E-02
   2.726615E+01   8.986618E+02   9.375729E+00   3.126438E-02
   2.739208E+01   9.939171E+02   1.013974E+01   3.010088E-02
   2.751861E+01   1.059804E+03   1.094178E+01   2.928118E-02
   2.764571E+01   1.101684E+03   1.174168E+01   2.871465E-02
   2.777340E+01   1.122903E+03   1.252966E+01   2.836729E-02
   2.790168E+01   1.124299E+03   1.330203E+01   2.825718E-02
   2.803056E+01   1.104656E+03   1.405260E+01   2.846079E-02
   2.816003E+01   1.060792E+03   1.476489E+01   2.915288E-02
   2.829010E+01   9.862192E+02   1.538984E+01   3.076152E-02
   2.842076E+01   8.722359E+02   1.580902E+01   3.429206E-02
   2.855204E+01   7.100605E+02   1.575217E+01   4.196987E-02
   2.868391E+01   5.146410E+02   1.487351E+01   5.393804E-02
   2.881640E+01   3.486631E+02   1.336625E+01   5.933388E-02
   2.894950E+01   2.479608E+02   1.188929E+01   5.646521E-02
   2.908322E+01   1.909475E+02   1.066590E+01   5.199576E-02
   2.921755E+01   1.567520E+02   9.661987E+00   4.802244E-02
   2.935250E+01   1.348886E+02   8.817216E+00   4.472203E-02
   2.948808E+01   1.202813E+02   8.086589E+00   4.195752E-02
   2.962428E+01   1.103414E+02   7.440294E+00   3.959177E-02
   2.976111E+01   1.036725E+02   6.856286E+00   3.751562E-02
   2.989857E+01   9.949584E+01   6.319297E+00   3.565315E-02
   3.003667E+01   9.740300E+01   5.818243E+00   3.395045E-02
   3.017540E+01   9.726908E+01   5.343046E+00   3.236221E-02
   3.031478E+01   9.921093E+01   4.885559E+00   3.085365E-02
   3.045480E+01   1.037032E+02   4.438124E+00   2.939395E-02
   3.059547E+01   1.119069E+02   3.991431E+00   2.794781E-02
   3.073678E+01   1.266119E+02   3.534982E+00   2.647379E-02
   3.087875E+01   1.558101E+02   3.056635E+00   2.490881E-02
   3.102138E+01   2.280587E+02   2.577175E+00   2.318486E-02
   3.116466E+01   4.151949E+02   2.544010E+00   2.191368E-02
   3.130861E+01   4.183601E+02   3.197646E+00   2.349432E-02
   3.145322E+01   2.810461E+02   2.634763E+00   2.283665E-02
   3.159850E+01   2.765337E+02   1.964284E+00   2.087841E-02
   3.174445E+01   3.530615E+02   1.438887E+00   1.892090E-02
   3.189107E+01   5.318755E+02   1.208780E+00   1.708131E-02
   3.203837E+01   7.891468E+02   1.498294E+00   1.569561E-02
   3.218635E+01   1.040258E+03   2.145826E+00   1.468896E-02
   3.233502E+01   1.264077E+03   3.001090E+00   1.385916E-02
   3.248437E+01   1.450512E+03   3.964357E+00   1.315201E-02
   3.263441E+01   1.593459E+03   4.919577E+00   1.254456E-02
   3.278515E+01   1.699005E+03   5.732776E+00   1.198539E-02
   3.293658E+01   1.840228E+03   6.634541E+00   1.113784E-02
   3.308871E+01   2.091276E+03   8.466267E+00   9.766166E-03
   3.324154E+01   2.464716E+03   1.225796E+01   7.861189E-03
   3.339508E+01   2.927464E+03   2.117533E+01   5.076761E-03
   3.354933E+01   2.781498E+03   3.250434E+01   1.422636E-03
   3.370429E+01   1.723213E+03   3.001138E+01  -3.955650E-03
   3.385996E+01   9.695269E+02   2.113963E+01  -1.114000E-02
   3.401636E+01   7.077991E+02   1.587733E+01  -1.348418E-02
   3.417347E+01   6.002748E+02   1.361326E+01  -1.013065E-02
   3.433132E+01   4.857242E+02   1.208356E+01  -2.333594E-03
   3.448989E+01   3.989438E+02   1.064798E+01   3.087981E-02
   3.464919E+01   3.015340E+02   9.508817E+00   6.573138E-02
   3.480923E+01   2.120610E+02   8.504990E+00   7.334922E-02
   3.497001E+01   1.571583E+02   7.672853E+00   6.600356E-02
   3.513154E+01   1.252685E+02   6.994354E+00   5.789683E-02
   3.529380E+01   1.059880E+02   6.426834E+00   5.142272E-02
   3.545682E+01   9.497732E+01   5.935341E+00   4.632585E-02
   3.562059E+01   9.183163E+01   5.491872E+00   4.211674E-02
   3.578512E+01   1.016393E+02   5.073902E+00   3.837272E-02
   3.595041E+01   1.456214E+02   4.709422E+00   3.491703E-02
   3.611646E+01   2.290833E+02   4.791042E+00   3.403893E-02
   3.628327E+01   1.961355E+02   5.049176E+00   3.746481E-02
   3.645086E+01   1.274371E+02   4.979716E+00   3.914170E-02
   3.661922E+01   7.418116E+01   4.687562E+00   3.754114E-02
   3.678836E+01   5.255290E+01   4.405049E+00   3.540420E-02
   3.695828E+01   4.224825E+01   4.171818E+00   3.368401E-02
   3.712899E+01   3.620770E+01   3.973241E+00   3.228770E-02
   3.730048E+01   3.212417E+01   3.798644E+00   3.111051E-02
   3.747277E+01   2.910032E+01   3.641801E+00   3.008872E-02
   3.764585E+01   2.672276E+01   3.498837E+00   2.918289E-02
   3.781973E+01   2.477433E+01   3.367189E+00   2.836737E-02
   3.799442E+01   2.313169E+01   3.245058E+00   2.762460E-02
   3.816991E+01   2.171726E+01   3.131035E+00   2.694131E-02
   3.834621E+01   2.047926E+01   3.024167E+00   2.630863E-02
   3.852333E+01   1.938314E+01   2.923523E+00   2.571840E-02
   3.870126E+01   1.840286E+01   2.828443E+00   2.516493E-02
   3.888002E+01   1.751896E+01   2.738469E+00   2.464427E-02
   3.905960E+01   1.671632E+01   2.653162E+00   2.415287E-02
   3.924001E+01   1.598478E+01   2.571828E+00   2.368538E-02
   3.942126E+01   1.531319E+01   2.494492E+00   2.324188E-02
   3.960334E+01   1.469471E+01   2.420603E+00   2.281831E-02
   3.978626E+01   1.412311E+01   2.349937E+00   2.241303E-02
   3.997003E+01   1.359270E+01   2.282361E+00   2.202513E-02
   4.015465E+01   1.309944E+01   2.217518E+00   2.165209E-02
   4.034012E+01   1.263881E+01   2.155392E+00   2.129390E-02
   4.052644E+01   1.220790E+01   2.095679E+00   2.094845E-02
   4.071363E+01   1.180465E+01   2.038186E+00   2.061447E-02
   4.090168E+01   1.142521E+01   1.982961E+00   2.029244E-02
   4.109060E+01   1.106817E+01   1.929742E+00   1.998059E-02
   4.128039E+01   1.073137E+01   1.878481E+00   1.967871E-02
   4.147106E+01   1.041344E+01   1.828981E+00   1.938551E-02
   4.166261E+01   1.011242E+01   1.781249E+00   1.910117E-02
   4.185505E+01   9.827524E+00   1.735148E+00   1.882483E-02
   4.204837E+01   9.557028E+00   1.690600E+00   1.855607E-02
   4.224259E+01   9.300245E+00   1.647493E+00   1.829418E-02
   4.243770E+01   9.056324E+00   1.605827E+00   1.803932E-02
   4.263371E+01   8.824305E+00   1.565479E+00   1.779070E-02
   4.283063E+01   8.602857E+00   1.526452E+00   1.754847E-02
   4.302846E+01   8.392449E+00   1.488562E+00   1.731139E-02
   4.322721E+01   8.191424E+00   1.451868E+00   1.708001E-02
   4.342687E+01   7.999684E+00   1.416324E+00   1.685413E-02
   4.362745E+01   7.816620E+00   1.381842E+00   1.663320E-02
   4.382896E+01   7.642378E+00   1.348342E+00   1.641671E-02
   4.403140E+01   7.475757E+00   1.315840E+00   1.620491E-02
   4.423478E+01   7.317169E+00   1.284253E+00   1.599727E-02
   4.443909E+01   7.165953E+00   1.253606E+00   1.579408E-02
   4.464435E+01   7.022354E+00   1.223782E+00   1.559454E-02
   4.485056E+01   6.885844E+00   1.194811E+00   1.539901E-02
   4.505772E+01   6.756202E+00   1.166663E+00   1.520731E-02
   4.526583E+01   6.634343E+00   1.139217E+00   1.501862E-02
   4.547491E+01   6.519819E+00   1.112563E+00   1.483372E-02
   4.568495E+01   6.413050E+00   1.086608E+00   1.465198E-02
   4.589597E+01   6.314914E+00   1.061269E+00   1.447281E-02
   4.610795E+01   6.225618E+00   1.036622E+00   1.429690E-02
   4.632092E+01   6.146669E+00   1.012574E+00   1.412359E-02
   4.653487E+01   6.079562E+00   9.891614E-01   1.395324E-02
   4.674981E+01   6.026932E+00   9.662432E-01   1.378478E-02
   4.696574E+01   5.991449E+00   9.438702E-01   1.361869E-02
   4.718267E+01   5.978024E+00   9.220298E-01   1.345493E-02
   4.740060E+01   5.994167E+00   9.005913E-01   1.329248E-02
   4.761954E+01   6.051138E+00   8.796068E-01   1.313183E-02
   4.783949E+01   6.166107E+00   8.589538E-01   1.297198E-02
   4.806045E+01   6.370107E+00   8.385726E-01   1.281248E-02
   4.828244E+01   6.715887E+00   8.183517E-01   1.265237E-02
   4.850545E+01   7.305339E+00   7.981782E-01   1.249069E-02
   4.872949E+01   8.348333E+00   7.778257E-01   1.232541E-02
   4.895456E+01   1.033111E+01   7.569092E-01   1.215296E-02
   4.918068E+01   1.451758E+01   7.352666E-01   1.197114E-02
   4.940784E+01   2.439555E+01   7.145564E-01   1.179083E-02
   4.963605E+01   4.363822E+01   7.105680E-01   1.173977E-02
   4.986531E+01   4.237256E+01   7.339634E-01   1.196238E-02
   5.009563E+01   2.317194E+01   7.265295E-01   1.193107E-02
   5.032702E+01   1.365475E+01   7.059026E-01   1.175813E-02
   5.055947E+01   9.533595E+00   6.860780E-01   1.158593E-02
   5.079300E+01   7.501511E+00   6.680687E-01   1.142784E-02
   5.102761E+01   6.360652E+00   6.514609E-01   1.128088E-02
   5.126330E+01   5.651947E+00   6.358846E-01   1.114193E-02
   5.150008E+01   5.174769E+00   6.210992E-01   1.100888E-02
   5.173795E+01   4.832964E+00   6.069210E-01   1.088012E-02
   5.197692E+01   4.574655E+00   5.933206E-01   1.075547E-02
   5.221699E+01   4.371389E+00   5.801284E-01   1.063336E-02
   5.245818E+01   4.205375E+00   5.674032E-01   1.051446E-02
   5.270048E+01   4.065843E+00   5.550230E-01   1.039762E-02
   5.294389E+01   3.946204E+00   5.429753E-01   1.028279E-02
   5.318843E+01   3.840892E+00   5.312854E-01   1.017027E-02
   5.343411E+01   3.747120E+00   5.198699E-01   1.005927E-02
   5.368091E+01   3.662324E+00   5.087597E-01   9.950157E-03
   5.392886E+01   3.584266E+00   4.979571E-01   9.843011E-03
   5.417795E+01   3.512743E+00   4.873770E-01   9.736998E-03
   5.442819E+01   3.446142E+00   4.770727E-01   9.632712E-03
   5.467959E+01   3.383555E+00   4.670134E-01   9.529876E-03
   5.493214E+01   3.324766E+00   4.571897E-01   9.428431E-03
   5.518587E+01   3.269229E+00   4.475958E-01   9.328355E-03
   5.544077E+01   3.216516E+00   4.382272E-01   9.229642E-03
   5.569684E+01   3.166340E+00   4.290749E-01   9.132230E-03
   5.595410E+01   3.118516E+00   4.201371E-01   9.036138E-03
   5.621254E+01   3.072870E+00   4.113962E-01   8.941210E-03
   5.647218E+01   3.029203E+00   4.028512E-01   8.847469E-03
   5.673302E+01   2.987454E+00   3.944942E-01   8.754860E-03
   5.699506E+01   2.947482E+00   3.863245E-01   8.663407E-03
   5.725831E+01   2.909204E+00   3.783303E-01   8.573012E-03
   5.752278E+01   2.872567E+00   3.705188E-01   8.483786E-03
   5.778847E+01   2.837610E+00   3.628656E-01   8.395480E-03
   5.805539E+01   2.804146E+00   3.553915E-01   8.308367E-03
   5.832354E+01   2.772215E+00   3.480876E-01   8.222374E-03
   5.859293E+01   2.742018E+00   3.409125E-01   8.137041E-03
   5.886357E+01   2.713328E+00   3.339009E-01   8.052804E-03
   5.913545E+01   2.686200E+00   3.270533E-01   7.969701E-03
   5.940859E+01   2.660765E+00   3.203414E-01   7.887421E-03
   5.968299E+01   2.637120E+00   3.137628E-01   7.805956E-03
   5.995866E+01   2.615183E+00   3.073379E-01   7.725585E-03
   6.023560E+01   2.595178E+00   3.010402E-01   7.646007E-03
   6.051382E+01   2.577259E+00   2.948673E-01   7.567214E-03
   6.079333E+01   2.561552E+00   2.888167E-01   7.489199E-03
   6.107412E+01   2.548127E+00   2.829076E-01   7.412230E-03
   6.135622E+01   2.537462E+00   2.770942E-01   7.335744E-03
   6.163961E+01   2.529561E+00   2.714169E-01   7.260285E-03
   6.192432E+01   2.525059E+00   2.658315E-01   7.185300E-03
   6.221034E+01   2.524117E+00   2.603771E-01   7.111321E-03
   6.249768E+01   2.527438E+00   2.550110E-01   7.037807E-03
   6.278635E+01   2.535577E+00   2.497516E-01   6.965020E-03
   6.307635E+01   2.549321E+00   2.445969E-01   6.892953E-03
   6.336770E+01   2.569770E+00   2.395260E-01   6.821343E-03
   6.366038E+01   2.598185E+00   2.345381E-01   6.750192E-03
   6.395442E+01   2.636020E+00   2.296501E-01   6.679750E-03
   6.424982E+01   2.685526E+00   2.248425E-01   6.609763E-03
   6.454658E+01   2.749520E+00   2.200971E-01   6.539988E-03
   6.484471E+01   2.831546E+00   2.154267E-01   6.470618E-03
   6.514422E+01   2.936577E+00   2.108224E-01   6.401535E-03
   6.544512E+01   3.071593E+00   2.062620E-01   6.332430E-03
   6.574740E+01   3.246176E+00   2.017405E-01   6.263232E-03
   6.605108E+01   3.474354E+00   1.972522E-01   6.193857E-03
   6.635616E+01   3.776887E+00   1.927761E-01   6.123995E-03
   6.666265E+01   4.185786E+00   1.882783E-01   6.053129E-03
   6.697056E+01   4.751523E+00   1.837471E-01   5.981059E-03
   6.727989E+01   5.559188E+00   1.791416E-01   5.907132E-03
   6.759065E+01   6.760182E+00   1.743743E-01   5.829949E-03
   6.790284E+01   8.636924E+00   1.693811E-01   5.748388E-03
   6.821647E+01   1.176908E+01   1.640415E-01   5.660272E-03
   6.853156E+01   1.744701E+01   1.582652E-01   5.563261E-03
   6.884809E+01   2.873368E+01   1.523291E-01   5.458205E-03
   6.916610E+01   5.180223E+01   1.489718E-01   5.374077E-03
   6.948557E+01   8.233848E+01   1.581749E-01   5.451181E-03
   6.980651E+01   7.434070E+01   1.758676E-01   5.748747E-03
   7.012894E+01   4.277551E+01   1.776749E-01   5.843826E-03
   7.045286E+01   2.403725E+01   1.716540E-01   5.763038E-03
   7.077827E+01   1.497345E+01   1.653277E-01   5.659670E-03
   7.110518E+01   1.028004E+01   1.598378E-01   5.565869E-03
   7.143361E+01   7.608438E+00   1.550738E-01   5.482729E-03
   7.176355E+01   5.961288E+00   1.508295E-01   5.407512E-03
   7.209502E+01   4.878488E+00   1.469710E-01   5.338210E-03
   7.242802E+01   4.129410E+00   1.433958E-01   5.273183E-03
   7.276255E+01   3.588961E+00   1.400411E-01   5.211425E-03
   7.309864E+01   3.185787E+00   1.368665E-01   5.152291E-03
   7.343627E+01   2.876122E+00   1.338416E-01   5.095294E-03
   7.377546E+01   2.632381E+00   1.309378E-01   5.039962E-03
   7.411622E+01   2.436460E+00   1.281376E-01   4.986012E-03
   7.445856E+01   2.275914E+00   1.254397E-01   4.933457E-03
   7.480247E+01   2.142283E+00   1.228267E-01   4.882005E-03
   7.514797E+01   2.029471E+00   1.202847E-01   4.831421E-03
   7.549507E+01   1.932863E+00   1.178209E-01   4.781865E-03
   7.584378E+01   1.849213E+00   1.154237E-01   4.733142E-03
   7.619409E+01   1.775987E+00   1.130885E-01   4.685183E-03
   7.654602E+01   1.711284E+00   1.108126E-01   4.637958E-03
   7.689958E+01   1.653571E+00   1.085952E-01   4.591468E-03
   7.725477E+01   1.601739E+00   1.064271E-01   4.545549E-03
   7.761160E+01   1.554830E+00   1.043096E-01   4.500242E-03
   7.797007E+01   1.512066E+00   1.022414E-01   4.455539E-03
   7.833021E+01   1.472830E+00   1.002212E-01   4.411431E-03
   7.869201E+01   1.436624E+00   9.824798E-02   4.367909E-03
   7.905548E+01   1.403117E+00   9.631276E-02   4.324802E-03
   7.942062E+01   1.371885E+00   9.442262E-02   4.282272E-03
   7.978746E+01   1.342664E+00   9.257573E-02   4.240295E-03
   8.015599E+01   1.315160E+00   9.077170E-02   4.198877E-03
   8.052622E+01   1.289272E+00   8.900209E-02   4.157851E-03
   8.089816E+01   1.264831E+00   8.726627E-02   4.117212E-03
   8.127182E+01   1.241593E+00   8.557046E-02   4.077109E-03
   8.164720E+01   1.219481E+00   8.390935E-02   4.037438E-03
   8.202432E+01   1.198394E+00   8.228309E-02   3.998213E-03
   8.240318E+01   1.178188E+00   8.069374E-02   3.959494E-03
   8.278379E+01   1.158878E+00   7.913065E-02   3.921050E-03
   8.316616E+01   1.140308E+00   7.760303E-02   3.883100E-03
   8.355029E+01   1.122415E+00   7.610781E-02   3.845588E-03
   8.393620E+01   1.105182E+00   7.464151E-02   3.808441E-03
   8.432389E+01   1.088532E+00   7.320513E-02   3.771694E-03
   8.471337E+01   1.072469E+00   7.179469E-02   3.735263E-03
   8.510465E+01   1.056865E+00   7.041657E-02   3.699309E-03
   8.549774E+01   1.041771E+00   6.906434E-02   3.663688E-03
   8.589264E+01   1.027087E+00   6.774101E-02   3.628484E-03
   8.628937E+01   1.012847E+00   6.644107E-02   3.593569E-03
   8.668793E+01   9.989704E-01   6.517100E-02   3.559115E-03
   8.708833E+01   9.854639E-01   6.392273E-02   3.524930E-03
   8.749058E+01   9.723095E-01   6.270073E-02   3.491133E-03
   8.789469E+01   9.594550E-01   6.150369E-02   3.457703E-03
   8.830067E+01   9.469260E-01   6.032900E-02   3.424580E-03
   8.870852E+01   9.346849E-01   5.917832E-02   3.391816E-03
   8.911825E+01   9.227166E-01   5.804939E-02   3.359361E-03
   8.952988E+01   9.110060E-01   5.694434E-02   3.327280E-03
   8.994340E+01   8.995545E-01   5.585945E-02   3.295482E-03
   9.035884E+01   8.883628E-01   5.479478E-02   3.263976E-03
   9.077620E+01   8.773620E-01   5.375352E-02   3.232857E-03
   9.119548E+01   8.665771E-01   5.273228E-02   3.202041E-03
   9.161670E+01   8.560263E-01   5.173042E-02   3.171519E-03
   9.203987E+01   8.456742E-01   5.074756E-02   3.141287E-03
   9.246499E+01   8.355140E-01   4.978336E-02   3.111343E-03
   9.289207E+01   8.255196E-01   4.883906E-02   3.081730E-03
   9.332113E+01   8.157235E-01   4.791346E-02   3.052422E-03
   9.375217E+01   8.060709E-01   4.700693E-02   3.023437E-03
   9.418520E+01   7.966154E-01   4.611654E-02   2.994698E-03
   9.462023E+01   7.873220E-01   4.524121E-02   2.966179E-03
   9.505727E+01   7.781777E-01   4.438569E-02   2.938027E-03
   9.549632E+01   7.691798E-01   4.354601E-02   2.910132E-03
   9.593741E+01   7.603481E-01   4.272185E-02   2.882491E-03
   9.638053E+01   7.516047E-01   4.191638E-02   2.855208E-03
   9.682570E+01   7.430542E-01   4.112331E-02   2.828096E-03
   9.727293E+01   7.345963E-01   4.034849E-02   2.801343E-03
   9.772222E+01   7.263165E-01   3.958496E-02   2.774739E-03
   9.817359E+01   7.181263E-01   3.883910E-02   2.748490E-03
   9.862704E+01   7.100701E-01   3.810617E-02   2.722453E-03
   9.908259E+01   7.021175E-01   3.738885E-02   2.696721E-03
   9.954024E+01   6.943350E-01   3.668168E-02   2.671122E-03
   1.000000E+02   6.866180E-01   3.599048E-02   2.645851E-03
