#============================================================================
# Opacities computed by OpTool        <a^n>=  1.6377E-1  1.9248E-1  2.4300E-1
# Method:   DHS  fmax=  0.700
# Parameters:
#   amin [um]=      0.100 amax [um]=      1.500  na  =   18    apow=   3.5    
#   lmin [um]=      0.100 lmax [um]=    100.000  nlam= 1500    nang=   180
#   porosity =      0.000 p_mantle =      0.000  fmax= 0.70    chop=   0.0
# Composition:
#  Where   mfrac  rho   Material
#  -----   -----  ----  -----------------------------------------------------
#  core    1.000  2.80  ens
#  - - -   - - -  -  -  - - - - - - - - - - - - - - - - - - - - - - - - - - -
#  grain   1.000  2.80  mixture of  1 materials
#----------------------------------------------------------------------------
# Command: optool ens -a 0.1 1.5 -l 0.1 100 1500 -dhs 0.7
#============================================================================
# Standard output file, no scattering matrix
#    iformat
#    nlambda
#    lambda[um]  kabs [cm^2/g]  ksca [cm^2/g]    g_asymmetry
#============================================================================
           3
        1500
   1.000000E-01   4.390565E+03   2.277893E+04   8.614894E-01
   1.004619E-01   4.382611E+03   2.283069E+04   8.610328E-01
   1.009259E-01   4.370214E+03   2.287985E+04   8.606774E-01
   1.013921E-01   4.360308E+03   2.292810E+04   8.603686E-01
   1.018604E-01   4.354342E+03   2.297949E+04   8.599774E-01
   1.023309E-01   4.348078E+03   2.302982E+04   8.595745E-01
   1.028035E-01   4.337025E+03   2.307778E+04   8.593015E-01
   1.032784E-01   4.323093E+03   2.312561E+04   8.591088E-01
   1.037554E-01   4.310914E+03   2.317740E+04   8.588468E-01
   1.042346E-01   4.304788E+03   2.323301E+04   8.584684E-01
   1.047161E-01   4.299761E+03   2.328849E+04   8.580371E-01
   1.051997E-01   4.290421E+03   2.334006E+04   8.576700E-01
   1.056856E-01   4.275741E+03   2.338905E+04   8.574192E-01
   1.061738E-01   4.262047E+03   2.343806E+04   8.571833E-01
   1.066642E-01   4.256242E+03   2.348923E+04   8.568997E-01
   1.071569E-01   4.253898E+03   2.353870E+04   8.566202E-01
   1.076518E-01   4.245154E+03   2.358470E+04   8.563299E-01
   1.081490E-01   4.230051E+03   2.362896E+04   8.561240E-01
   1.086486E-01   4.217228E+03   2.367531E+04   8.559188E-01
   1.091504E-01   4.210542E+03   2.372696E+04   8.556302E-01
   1.096546E-01   4.207900E+03   2.378104E+04   8.553079E-01
   1.101610E-01   4.201217E+03   2.383231E+04   8.550835E-01
   1.106699E-01   4.190157E+03   2.388064E+04   8.548870E-01
   1.111810E-01   4.178148E+03   2.392923E+04   8.545723E-01
   1.116946E-01   4.167388E+03   2.397856E+04   8.542269E-01
   1.122105E-01   4.159493E+03   2.403014E+04   8.538624E-01
   1.127287E-01   4.151642E+03   2.408395E+04   8.534848E-01
   1.132494E-01   4.143904E+03   2.413713E+04   8.530747E-01
   1.137725E-01   4.133257E+03   2.418703E+04   8.526569E-01
   1.142980E-01   4.123539E+03   2.423484E+04   8.522327E-01
   1.148259E-01   4.116275E+03   2.428155E+04   8.517946E-01
   1.153563E-01   4.108607E+03   2.432690E+04   8.513154E-01
   1.158891E-01   4.099150E+03   2.436755E+04   8.508299E-01
   1.164244E-01   4.087700E+03   2.440595E+04   8.504345E-01
   1.169622E-01   4.078941E+03   2.444681E+04   8.500621E-01
   1.175024E-01   4.072292E+03   2.448921E+04   8.496102E-01
   1.180451E-01   4.061272E+03   2.453039E+04   8.491818E-01
   1.185904E-01   4.048853E+03   2.456924E+04   8.488428E-01
   1.191381E-01   4.040162E+03   2.460982E+04   8.484998E-01
   1.196884E-01   4.033962E+03   2.465253E+04   8.480949E-01
   1.202412E-01   4.025156E+03   2.469368E+04   8.477478E-01
   1.207966E-01   4.012247E+03   2.473342E+04   8.475239E-01
   1.213545E-01   3.998371E+03   2.477544E+04   8.473249E-01
   1.219151E-01   3.988457E+03   2.482184E+04   8.470306E-01
   1.224782E-01   3.983335E+03   2.487063E+04   8.466661E-01
   1.230439E-01   3.976499E+03   2.491747E+04   8.463039E-01
   1.236122E-01   3.965091E+03   2.496092E+04   8.460240E-01
   1.241832E-01   3.950075E+03   2.500278E+04   8.458176E-01
   1.247567E-01   3.940043E+03   2.504596E+04   8.455952E-01
   1.253330E-01   3.936737E+03   2.508994E+04   8.453395E-01
   1.259119E-01   3.932585E+03   2.513059E+04   8.450713E-01
   1.264935E-01   3.920947E+03   2.516824E+04   8.448307E-01
   1.270777E-01   3.906785E+03   2.520509E+04   8.446385E-01
   1.276647E-01   3.897100E+03   2.524476E+04   8.443967E-01
   1.282543E-01   3.892998E+03   2.528847E+04   8.440805E-01
   1.288467E-01   3.889427E+03   2.533122E+04   8.437808E-01
   1.294419E-01   3.880762E+03   2.536985E+04   8.435601E-01
   1.300397E-01   3.869498E+03   2.540661E+04   8.432941E-01
   1.306404E-01   3.858168E+03   2.544296E+04   8.429353E-01
   1.312438E-01   3.848840E+03   2.548024E+04   8.425609E-01
   1.318500E-01   3.841228E+03   2.551898E+04   8.421853E-01
   1.324590E-01   3.833320E+03   2.555850E+04   8.417837E-01
   1.330708E-01   3.824484E+03   2.559572E+04   8.413642E-01
   1.336854E-01   3.813402E+03   2.562935E+04   8.409460E-01
   1.343029E-01   3.804911E+03   2.566186E+04   8.405213E-01
   1.349232E-01   3.797250E+03   2.569327E+04   8.400865E-01
   1.355464E-01   3.788820E+03   2.572184E+04   8.396097E-01
   1.361725E-01   3.777947E+03   2.574667E+04   8.391789E-01
   1.368015E-01   3.767100E+03   2.577119E+04   8.388237E-01
   1.374333E-01   3.759458E+03   2.579843E+04   8.384400E-01
   1.380681E-01   3.751191E+03   2.582605E+04   8.380102E-01
   1.387058E-01   3.738594E+03   2.585120E+04   8.376370E-01
   1.393465E-01   3.727462E+03   2.587568E+04   8.373241E-01
   1.399901E-01   3.720018E+03   2.590255E+04   8.369732E-01
   1.406367E-01   3.712961E+03   2.592984E+04   8.365946E-01
   1.412863E-01   3.702009E+03   2.595548E+04   8.363010E-01
   1.419389E-01   3.688457E+03   2.598108E+04   8.361044E-01
   1.425945E-01   3.675870E+03   2.601019E+04   8.358818E-01
   1.432531E-01   3.668249E+03   2.604333E+04   8.355549E-01
   1.439148E-01   3.662755E+03   2.607731E+04   8.351987E-01
   1.445795E-01   3.654158E+03   2.610829E+04   8.348934E-01
   1.452473E-01   3.640876E+03   2.613687E+04   8.346498E-01
   1.459182E-01   3.627432E+03   2.616557E+04   8.344475E-01
   1.465922E-01   3.620899E+03   2.619560E+04   8.342227E-01
   1.472692E-01   3.618051E+03   2.622498E+04   8.339600E-01
   1.479495E-01   3.610998E+03   2.625127E+04   8.337043E-01
   1.486328E-01   3.597957E+03   2.627476E+04   8.335065E-01
   1.493193E-01   3.585909E+03   2.629929E+04   8.332984E-01
   1.500090E-01   3.578981E+03   2.632738E+04   8.330214E-01
   1.507019E-01   3.576201E+03   2.635709E+04   8.327151E-01
   1.513980E-01   3.570801E+03   2.638369E+04   8.324588E-01
   1.520973E-01   3.561107E+03   2.640652E+04   8.322215E-01
   1.527998E-01   3.550316E+03   2.642789E+04   8.319056E-01
   1.535056E-01   3.540150E+03   2.644907E+04   8.315374E-01
   1.542146E-01   3.532345E+03   2.647078E+04   8.311549E-01
   1.549269E-01   3.524826E+03   2.649330E+04   8.307700E-01
   1.556425E-01   3.517286E+03   2.651507E+04   8.303534E-01
   1.563614E-01   3.507362E+03   2.653308E+04   8.299245E-01
   1.570836E-01   3.497531E+03   2.654840E+04   8.294983E-01
   1.578091E-01   3.489951E+03   2.656225E+04   8.290670E-01
   1.585380E-01   3.482056E+03   2.657416E+04   8.285971E-01
   1.592703E-01   3.472947E+03   2.658258E+04   8.281231E-01
   1.600059E-01   3.461728E+03   2.658768E+04   8.277177E-01
   1.607450E-01   3.452281E+03   2.659409E+04   8.273453E-01
   1.614874E-01   3.445187E+03   2.660277E+04   8.269301E-01
   1.622333E-01   3.434838E+03   2.660998E+04   8.265113E-01
   1.629827E-01   3.422461E+03   2.661487E+04   8.261596E-01
   1.637355E-01   3.412965E+03   2.662090E+04   8.258265E-01
   1.644917E-01   3.406067E+03   2.662880E+04   8.254539E-01
   1.652515E-01   3.397551E+03   2.663578E+04   8.251093E-01
   1.660148E-01   3.385230E+03   2.664165E+04   8.248501E-01
   1.667816E-01   3.371763E+03   2.664910E+04   8.246363E-01
   1.675519E-01   3.361169E+03   2.666034E+04   8.243660E-01
   1.683258E-01   3.354910E+03   2.667475E+04   8.240221E-01
   1.691033E-01   3.348095E+03   2.668856E+04   8.236809E-01
   1.698844E-01   3.337630E+03   2.669912E+04   8.233999E-01
   1.706690E-01   3.323447E+03   2.670872E+04   8.231726E-01
   1.714573E-01   3.312723E+03   2.672003E+04   8.229483E-01
   1.722493E-01   3.308249E+03   2.673183E+04   8.227006E-01
   1.730449E-01   3.304186E+03   2.674160E+04   8.224410E-01
   1.738442E-01   3.294099E+03   2.674929E+04   8.221934E-01
   1.746471E-01   3.280887E+03   2.675580E+04   8.219764E-01
   1.754538E-01   3.271184E+03   2.676448E+04   8.217453E-01
   1.762642E-01   3.266516E+03   2.677695E+04   8.214698E-01
   1.770783E-01   3.263124E+03   2.678978E+04   8.211783E-01
   1.778962E-01   3.255668E+03   2.679874E+04   8.209425E-01
   1.787179E-01   3.245778E+03   2.680532E+04   8.206944E-01
   1.795434E-01   3.235520E+03   2.681186E+04   8.203649E-01
   1.803727E-01   3.226695E+03   2.681868E+04   8.200104E-01
   1.812058E-01   3.219890E+03   2.682609E+04   8.196706E-01
   1.820428E-01   3.212797E+03   2.683390E+04   8.193080E-01
   1.828836E-01   3.204835E+03   2.683974E+04   8.188900E-01
   1.837283E-01   3.194968E+03   2.684184E+04   8.184930E-01
   1.845769E-01   3.187175E+03   2.684178E+04   8.181106E-01
   1.854295E-01   3.179941E+03   2.683989E+04   8.176868E-01
   1.862860E-01   3.172256E+03   2.683522E+04   8.172145E-01
   1.871464E-01   3.162808E+03   2.682628E+04   8.167856E-01
   1.880108E-01   3.152607E+03   2.681545E+04   8.164176E-01
   1.888792E-01   3.145037E+03   2.680616E+04   8.160356E-01
   1.897516E-01   3.137752E+03   2.679678E+04   8.156104E-01
   1.906280E-01   3.126544E+03   2.678492E+04   8.152076E-01
   1.915085E-01   3.115627E+03   2.677197E+04   8.148554E-01
   1.923931E-01   3.108081E+03   2.676022E+04   8.145068E-01
   1.932817E-01   3.101662E+03   2.674849E+04   8.141487E-01
   1.941745E-01   3.091815E+03   2.673570E+04   8.138281E-01
   1.950713E-01   3.079221E+03   2.672295E+04   8.135649E-01
   1.959723E-01   3.067165E+03   2.671245E+04   8.133216E-01
   1.968775E-01   3.059127E+03   2.670505E+04   8.130256E-01
   1.977869E-01   3.053482E+03   2.669948E+04   8.126765E-01
   1.987004E-01   3.045440E+03   2.669204E+04   8.123431E-01
   1.996182E-01   3.033459E+03   2.668180E+04   8.120717E-01
   2.005402E-01   3.020466E+03   2.667120E+04   8.118495E-01
   2.014665E-01   3.012943E+03   2.666215E+04   8.116049E-01
   2.023970E-01   3.009304E+03   2.665282E+04   8.113254E-01
   2.033319E-01   3.002925E+03   2.664086E+04   8.110377E-01
   2.042710E-01   2.991036E+03   2.662631E+04   8.107772E-01
   2.052145E-01   2.979157E+03   2.661195E+04   8.105286E-01
   2.061624E-01   2.971656E+03   2.660107E+04   8.102499E-01
   2.071146E-01   2.968135E+03   2.659277E+04   8.099335E-01
   2.080713E-01   2.963015E+03   2.658231E+04   8.096272E-01
   2.090323E-01   2.954123E+03   2.656862E+04   8.093485E-01
   2.099978E-01   2.944028E+03   2.655459E+04   8.090256E-01
   2.109678E-01   2.934417E+03   2.654139E+04   8.086537E-01
   2.119422E-01   2.926786E+03   2.652866E+04   8.082763E-01
   2.129212E-01   2.919760E+03   2.651688E+04   8.078950E-01
   2.139046E-01   2.912627E+03   2.650599E+04   8.074790E-01
   2.148926E-01   2.903803E+03   2.649308E+04   8.070524E-01
   2.158852E-01   2.894778E+03   2.647729E+04   8.066482E-01
   2.168823E-01   2.887641E+03   2.645991E+04   8.062194E-01
   2.178841E-01   2.880234E+03   2.644141E+04   8.057418E-01
   2.188905E-01   2.872344E+03   2.642038E+04   8.052594E-01
   2.199015E-01   2.862478E+03   2.639581E+04   8.048389E-01
   2.209172E-01   2.853513E+03   2.637108E+04   8.044477E-01
   2.219376E-01   2.846995E+03   2.634791E+04   8.040145E-01
   2.229627E-01   2.838435E+03   2.632357E+04   8.035573E-01
   2.239925E-01   2.827119E+03   2.629701E+04   8.031391E-01
   2.250271E-01   2.818002E+03   2.627060E+04   8.027552E-01
   2.260665E-01   2.811968E+03   2.624532E+04   8.023631E-01
   2.271106E-01   2.804626E+03   2.621976E+04   8.019800E-01
   2.281596E-01   2.793812E+03   2.619361E+04   8.016441E-01
   2.292135E-01   2.781872E+03   2.616826E+04   8.013551E-01
   2.302722E-01   2.771981E+03   2.614553E+04   8.010620E-01
   2.313358E-01   2.765900E+03   2.612623E+04   8.007178E-01
   2.324043E-01   2.759998E+03   2.610779E+04   8.003446E-01
   2.334777E-01   2.750968E+03   2.608698E+04   8.000080E-01
   2.345562E-01   2.738486E+03   2.606446E+04   7.997420E-01
   2.356395E-01   2.728349E+03   2.604292E+04   7.995081E-01
   2.367279E-01   2.723519E+03   2.602239E+04   7.992461E-01
   2.378213E-01   2.719797E+03   2.600044E+04   7.989524E-01
   2.389198E-01   2.711466E+03   2.597604E+04   7.986604E-01
   2.400234E-01   2.699588E+03   2.594997E+04   7.983986E-01
   2.411320E-01   2.690077E+03   2.592529E+04   7.981425E-01
   2.422458E-01   2.685107E+03   2.590364E+04   7.978517E-01
   2.433647E-01   2.682022E+03   2.588218E+04   7.975322E-01
   2.444887E-01   2.675375E+03   2.585716E+04   7.972349E-01
   2.456180E-01   2.666215E+03   2.582979E+04   7.969359E-01
   2.467525E-01   2.657012E+03   2.580273E+04   7.965880E-01
   2.478922E-01   2.648780E+03   2.577607E+04   7.962164E-01
   2.490372E-01   2.642196E+03   2.574964E+04   7.958420E-01
   2.501874E-01   2.635334E+03   2.572405E+04   7.954451E-01
   2.513430E-01   2.628234E+03   2.569837E+04   7.950140E-01
   2.525040E-01   2.619408E+03   2.567000E+04   7.946009E-01
   2.536702E-01   2.611842E+03   2.563941E+04   7.941986E-01
   2.548419E-01   2.605017E+03   2.560779E+04   7.937612E-01
   2.560190E-01   2.598011E+03   2.557512E+04   7.932917E-01
   2.572015E-01   2.589848E+03   2.553958E+04   7.928439E-01
   2.583895E-01   2.580404E+03   2.550181E+04   7.924450E-01
   2.595830E-01   2.572845E+03   2.546523E+04   7.920378E-01
   2.607819E-01   2.566364E+03   2.542935E+04   7.915859E-01
   2.619865E-01   2.556840E+03   2.539153E+04   7.911511E-01
   2.631965E-01   2.546789E+03   2.535238E+04   7.907687E-01
   2.644122E-01   2.539428E+03   2.531406E+04   7.903867E-01
   2.656335E-01   2.533403E+03   2.527643E+04   7.899869E-01
   2.668604E-01   2.525013E+03   2.523833E+04   7.896139E-01
   2.680930E-01   2.514173E+03   2.519986E+04   7.892972E-01
   2.693313E-01   2.503094E+03   2.516277E+04   7.890061E-01
   2.705753E-01   2.495256E+03   2.512869E+04   7.886773E-01
   2.718251E-01   2.490056E+03   2.509725E+04   7.882909E-01
   2.730806E-01   2.483235E+03   2.506539E+04   7.879076E-01
   2.743419E-01   2.473004E+03   2.503155E+04   7.875942E-01
   2.756091E-01   2.461324E+03   2.499736E+04   7.873547E-01
   2.768821E-01   2.454045E+03   2.496469E+04   7.871101E-01
   2.781610E-01   2.450480E+03   2.493221E+04   7.868126E-01
   2.794458E-01   2.445305E+03   2.489825E+04   7.864884E-01
   2.807365E-01   2.435286E+03   2.486275E+04   7.861843E-01
   2.820332E-01   2.424429E+03   2.482718E+04   7.859183E-01
   2.833359E-01   2.417133E+03   2.479391E+04   7.856494E-01
   2.846445E-01   2.413907E+03   2.476298E+04   7.853453E-01
   2.859593E-01   2.409948E+03   2.473085E+04   7.850364E-01
   2.872801E-01   2.402044E+03   2.469574E+04   7.847421E-01
   2.886070E-01   2.392968E+03   2.465982E+04   7.844109E-01
   2.899400E-01   2.384696E+03   2.462424E+04   7.840344E-01
   2.912792E-01   2.377855E+03   2.458880E+04   7.836570E-01
   2.926246E-01   2.371483E+03   2.455410E+04   7.832802E-01
   2.939762E-01   2.364972E+03   2.452051E+04   7.828696E-01
   2.953341E-01   2.357539E+03   2.448582E+04   7.824393E-01
   2.966982E-01   2.349485E+03   2.444850E+04   7.820330E-01
   2.980686E-01   2.342962E+03   2.440955E+04   7.816241E-01
   2.994453E-01   2.336378E+03   2.436961E+04   7.811865E-01
   3.008284E-01   2.329631E+03   2.432824E+04   7.807363E-01
   3.022179E-01   2.321398E+03   2.428458E+04   7.803209E-01
   3.036138E-01   2.313150E+03   2.424072E+04   7.799296E-01
   3.050162E-01   2.306734E+03   2.419854E+04   7.795099E-01
   3.064250E-01   2.299600E+03   2.415585E+04   7.790809E-01
   3.078404E-01   2.290164E+03   2.411109E+04   7.787032E-01
   3.092622E-01   2.281896E+03   2.406612E+04   7.783618E-01
   3.106907E-01   2.275977E+03   2.402244E+04   7.780089E-01
   3.121257E-01   2.269858E+03   2.397925E+04   7.776601E-01
   3.135674E-01   2.260916E+03   2.393550E+04   7.773576E-01
   3.150157E-01   2.250421E+03   2.389182E+04   7.771051E-01
   3.164707E-01   2.241158E+03   2.385012E+04   7.768509E-01
   3.179325E-01   2.235431E+03   2.381159E+04   7.765467E-01
   3.194010E-01   2.230519E+03   2.377449E+04   7.762141E-01
   3.208762E-01   2.222986E+03   2.373581E+04   7.759288E-01
   3.223583E-01   2.212366E+03   2.369528E+04   7.757283E-01
   3.238473E-01   2.202870E+03   2.365495E+04   7.755690E-01
   3.253431E-01   2.198125E+03   2.361578E+04   7.753693E-01
   3.268458E-01   2.195074E+03   2.357631E+04   7.751301E-01
   3.283555E-01   2.188358E+03   2.353561E+04   7.749010E-01
   3.298721E-01   2.178103E+03   2.349397E+04   7.747153E-01
   3.313957E-01   2.169213E+03   2.345303E+04   7.745538E-01
   3.329264E-01   2.164445E+03   2.341405E+04   7.743669E-01
   3.344641E-01   2.162110E+03   2.337563E+04   7.741438E-01
   3.360090E-01   2.156721E+03   2.333506E+04   7.739307E-01
   3.375610E-01   2.148430E+03   2.329295E+04   7.737322E-01
   3.391201E-01   2.140311E+03   2.325100E+04   7.735101E-01
   3.406865E-01   2.133491E+03   2.320900E+04   7.732682E-01
   3.422601E-01   2.127836E+03   2.316675E+04   7.730212E-01
   3.438409E-01   2.121746E+03   2.312506E+04   7.727499E-01
   3.454291E-01   2.115502E+03   2.308375E+04   7.724302E-01
   3.470246E-01   2.107921E+03   2.304054E+04   7.721137E-01
   3.486274E-01   2.101137E+03   2.299520E+04   7.718313E-01
   3.502377E-01   2.095321E+03   2.294859E+04   7.715498E-01
   3.518554E-01   2.089385E+03   2.290096E+04   7.712417E-01
   3.534806E-01   2.082789E+03   2.285131E+04   7.709300E-01
   3.551133E-01   2.074692E+03   2.279977E+04   7.706498E-01
   3.567535E-01   2.067561E+03   2.274919E+04   7.703675E-01
   3.584013E-01   2.061836E+03   2.269973E+04   7.700584E-01
   3.600567E-01   2.054105E+03   2.264846E+04   7.697784E-01
   3.617198E-01   2.045634E+03   2.259537E+04   7.695528E-01
   3.633905E-01   2.039050E+03   2.254299E+04   7.693292E-01
   3.650690E-01   2.033728E+03   2.249201E+04   7.690829E-01
   3.667552E-01   2.026800E+03   2.244118E+04   7.688535E-01
   3.684492E-01   2.017568E+03   2.238991E+04   7.686813E-01
   3.701510E-01   2.007985E+03   2.233948E+04   7.685508E-01
   3.718607E-01   2.000809E+03   2.229127E+04   7.684045E-01
   3.735783E-01   1.996286E+03   2.224525E+04   7.682105E-01
   3.753038E-01   1.990756E+03   2.219908E+04   7.680111E-01
   3.770372E-01   1.982336E+03   2.215126E+04   7.678665E-01
   3.787787E-01   1.972172E+03   2.210284E+04   7.677853E-01
   3.805283E-01   1.965026E+03   2.205570E+04   7.677033E-01
   3.822859E-01   1.961714E+03   2.200928E+04   7.675786E-01
   3.840516E-01   1.957774E+03   2.196184E+04   7.674472E-01
   3.858255E-01   1.949571E+03   2.191296E+04   7.673501E-01
   3.876076E-01   1.939992E+03   2.186358E+04   7.672881E-01
   3.893979E-01   1.933378E+03   2.181557E+04   7.672131E-01
   3.911965E-01   1.930271E+03   2.176933E+04   7.670843E-01
   3.930034E-01   1.926854E+03   2.172279E+04   7.669256E-01
   3.948186E-01   1.920148E+03   2.167466E+04   7.667828E-01
   3.966422E-01   1.912154E+03   2.162629E+04   7.666438E-01
   3.984743E-01   1.905037E+03   2.157804E+04   7.664896E-01
   4.003148E-01   1.899222E+03   2.152902E+04   7.663330E-01
   4.021638E-01   1.893671E+03   2.147986E+04   7.661669E-01
   4.040213E-01   1.887717E+03   2.143166E+04   7.659521E-01
   4.058874E-01   1.881264E+03   2.138330E+04   7.656895E-01
   4.077622E-01   1.874124E+03   2.133312E+04   7.654396E-01
   4.096456E-01   1.868137E+03   2.128158E+04   7.652052E-01
   4.115377E-01   1.862370E+03   2.122940E+04   7.649565E-01
   4.134385E-01   1.856778E+03   2.117613E+04   7.646868E-01
   4.153481E-01   1.849721E+03   2.112045E+04   7.644402E-01
   4.172666E-01   1.842072E+03   2.106394E+04   7.642223E-01
   4.191939E-01   1.836188E+03   2.100897E+04   7.639776E-01
   4.211301E-01   1.830191E+03   2.095406E+04   7.637144E-01
   4.230752E-01   1.821982E+03   2.089723E+04   7.634922E-01
   4.250294E-01   1.814386E+03   2.083997E+04   7.633010E-01
   4.269925E-01   1.809084E+03   2.078435E+04   7.630860E-01
   4.289648E-01   1.803690E+03   2.072971E+04   7.628588E-01
   4.309461E-01   1.795863E+03   2.067477E+04   7.626754E-01
   4.329366E-01   1.786805E+03   2.061984E+04   7.625540E-01
   4.349363E-01   1.778344E+03   2.056628E+04   7.624543E-01
   4.369452E-01   1.772709E+03   2.051507E+04   7.623206E-01
   4.389634E-01   1.768624E+03   2.046521E+04   7.621401E-01
   4.409909E-01   1.762290E+03   2.041426E+04   7.619752E-01
   4.430278E-01   1.753201E+03   2.036223E+04   7.618692E-01
   4.450741E-01   1.744144E+03   2.031081E+04   7.618004E-01
   4.471298E-01   1.739167E+03   2.026093E+04   7.617009E-01
   4.491950E-01   1.736379E+03   2.021105E+04   7.615702E-01
   4.512698E-01   1.730817E+03   2.015983E+04   7.614579E-01
   4.533542E-01   1.721950E+03   2.010752E+04   7.613893E-01
   4.554482E-01   1.714035E+03   2.005565E+04   7.613372E-01
   4.575518E-01   1.709388E+03   2.000557E+04   7.612487E-01
   4.596652E-01   1.706693E+03   1.995652E+04   7.611075E-01
   4.617883E-01   1.702099E+03   1.990648E+04   7.609561E-01
   4.639213E-01   1.695079E+03   1.985554E+04   7.608172E-01
   4.660641E-01   1.687693E+03   1.980484E+04   7.606684E-01
   4.682168E-01   1.681289E+03   1.975404E+04   7.605066E-01
   4.703794E-01   1.676279E+03   1.970283E+04   7.603372E-01
   4.725520E-01   1.670800E+03   1.965200E+04   7.601441E-01
   4.747347E-01   1.665057E+03   1.960203E+04   7.599003E-01
   4.769274E-01   1.658637E+03   1.955117E+04   7.596348E-01
   4.791303E-01   1.652560E+03   1.949860E+04   7.593856E-01
   4.813433E-01   1.647008E+03   1.944518E+04   7.591395E-01
   4.835666E-01   1.641675E+03   1.939153E+04   7.588710E-01
   4.858001E-01   1.635984E+03   1.933638E+04   7.585953E-01
   4.880440E-01   1.628837E+03   1.927925E+04   7.583529E-01
   4.902982E-01   1.622454E+03   1.922248E+04   7.581119E-01
   4.925628E-01   1.617288E+03   1.916685E+04   7.578375E-01
   4.948379E-01   1.610696E+03   1.911044E+04   7.575777E-01
   4.971235E-01   1.603141E+03   1.905298E+04   7.573661E-01
   4.994197E-01   1.597151E+03   1.899632E+04   7.571577E-01
   5.017264E-01   1.592365E+03   1.894099E+04   7.569236E-01
   5.040438E-01   1.586334E+03   1.888609E+04   7.567051E-01
   5.063720E-01   1.578605E+03   1.883108E+04   7.565389E-01
   5.087108E-01   1.570189E+03   1.877657E+04   7.564193E-01
   5.110605E-01   1.563182E+03   1.872377E+04   7.562998E-01
   5.134210E-01   1.559174E+03   1.867320E+04   7.561297E-01
   5.157925E-01   1.554918E+03   1.862287E+04   7.559340E-01
   5.181748E-01   1.547950E+03   1.857128E+04   7.557834E-01
   5.205682E-01   1.538958E+03   1.851931E+04   7.556968E-01
   5.229727E-01   1.532120E+03   1.846873E+04   7.556163E-01
   5.253882E-01   1.529026E+03   1.841931E+04   7.554881E-01
   5.278149E-01   1.525887E+03   1.836914E+04   7.553440E-01
   5.302528E-01   1.518893E+03   1.831757E+04   7.552375E-01
   5.327020E-01   1.510509E+03   1.826574E+04   7.551747E-01
   5.351625E-01   1.504695E+03   1.821537E+04   7.551015E-01
   5.376343E-01   1.501852E+03   1.816650E+04   7.549727E-01
   5.401176E-01   1.499055E+03   1.811741E+04   7.548112E-01
   5.426123E-01   1.493640E+03   1.806713E+04   7.546651E-01
   5.451186E-01   1.486985E+03   1.801686E+04   7.545188E-01
   5.476364E-01   1.480597E+03   1.796689E+04   7.543478E-01
   5.501659E-01   1.475142E+03   1.791649E+04   7.541686E-01
   5.527070E-01   1.470415E+03   1.786607E+04   7.539849E-01
   5.552599E-01   1.465468E+03   1.781657E+04   7.537655E-01
   5.578246E-01   1.460296E+03   1.776714E+04   7.534946E-01
   5.604011E-01   1.454286E+03   1.771602E+04   7.532248E-01
   5.629895E-01   1.449013E+03   1.766374E+04   7.529669E-01
   5.655899E-01   1.444189E+03   1.761138E+04   7.526895E-01
   5.682023E-01   1.439700E+03   1.755847E+04   7.523807E-01
   5.708268E-01   1.433779E+03   1.750345E+04   7.520928E-01
   5.734634E-01   1.427057E+03   1.744737E+04   7.518434E-01
   5.761121E-01   1.421921E+03   1.739248E+04   7.515705E-01
   5.787731E-01   1.417062E+03   1.733794E+04   7.512690E-01
   5.814464E-01   1.410308E+03   1.728207E+04   7.510046E-01
   5.841320E-01   1.403809E+03   1.722594E+04   7.507833E-01
   5.868300E-01   1.399324E+03   1.717122E+04   7.505479E-01
   5.895405E-01   1.394981E+03   1.711739E+04   7.502949E-01
   5.922636E-01   1.388789E+03   1.706335E+04   7.500696E-01
   5.949991E-01   1.381245E+03   1.700916E+04   7.498999E-01
   5.977474E-01   1.373727E+03   1.695601E+04   7.497634E-01
   6.005083E-01   1.368700E+03   1.690504E+04   7.496012E-01
   6.032820E-01   1.365698E+03   1.685558E+04   7.493833E-01
   6.060685E-01   1.360696E+03   1.680530E+04   7.491724E-01
   6.088678E-01   1.353080E+03   1.675396E+04   7.490240E-01
   6.116801E-01   1.345386E+03   1.670306E+04   7.489227E-01
   6.145054E-01   1.340942E+03   1.665376E+04   7.487932E-01
   6.173437E-01   1.338687E+03   1.660478E+04   7.486201E-01
   6.201951E-01   1.334633E+03   1.655462E+04   7.484564E-01
   6.230597E-01   1.327343E+03   1.650340E+04   7.483412E-01
   6.259376E-01   1.320410E+03   1.645258E+04   7.482486E-01
   6.288287E-01   1.316485E+03   1.640319E+04   7.481152E-01
   6.317332E-01   1.314324E+03   1.635451E+04   7.479260E-01
   6.346511E-01   1.310680E+03   1.630504E+04   7.477324E-01
   6.375825E-01   1.304997E+03   1.625502E+04   7.475589E-01
   6.405274E-01   1.299155E+03   1.620551E+04   7.473694E-01
   6.434859E-01   1.293697E+03   1.615594E+04   7.471576E-01
   6.464581E-01   1.288934E+03   1.610586E+04   7.469431E-01
   6.494440E-01   1.284591E+03   1.605609E+04   7.467104E-01
   6.524437E-01   1.280555E+03   1.600707E+04   7.464210E-01
   6.554572E-01   1.275562E+03   1.595722E+04   7.460960E-01
   6.584847E-01   1.270011E+03   1.590582E+04   7.457849E-01
   6.615262E-01   1.265337E+03   1.585395E+04   7.454731E-01
   6.645817E-01   1.261351E+03   1.580216E+04   7.451288E-01
   6.676513E-01   1.256779E+03   1.574916E+04   7.447722E-01
   6.707351E-01   1.250590E+03   1.569426E+04   7.444556E-01
   6.738331E-01   1.244693E+03   1.563938E+04   7.441541E-01
   6.769455E-01   1.240450E+03   1.558568E+04   7.438105E-01
   6.800722E-01   1.235455E+03   1.553147E+04   7.434636E-01
   6.832134E-01   1.229232E+03   1.547615E+04   7.431718E-01
   6.863691E-01   1.224338E+03   1.542152E+04   7.429014E-01
   6.895393E-01   1.220516E+03   1.536819E+04   7.426061E-01
   6.927242E-01   1.215505E+03   1.531514E+04   7.423128E-01
   6.959238E-01   1.209077E+03   1.526173E+04   7.420613E-01
   6.991382E-01   1.202215E+03   1.520861E+04   7.418639E-01
   7.023674E-01   1.196689E+03   1.515706E+04   7.416726E-01
   7.056116E-01   1.192913E+03   1.510747E+04   7.414381E-01
   7.088707E-01   1.188665E+03   1.505834E+04   7.411774E-01
   7.121449E-01   1.182767E+03   1.500837E+04   7.409551E-01
   7.154342E-01   1.176070E+03   1.495809E+04   7.407944E-01
   7.187387E-01   1.170480E+03   1.490887E+04   7.406472E-01
   7.220585E-01   1.167042E+03   1.486065E+04   7.404563E-01
   7.253936E-01   1.164033E+03   1.481200E+04   7.402438E-01
   7.287441E-01   1.159505E+03   1.476240E+04   7.400499E-01
   7.321101E-01   1.153414E+03   1.471227E+04   7.398976E-01
   7.354916E-01   1.148001E+03   1.466290E+04   7.397530E-01
   7.388887E-01   1.144599E+03   1.461478E+04   7.395572E-01
   7.423016E-01   1.141629E+03   1.456679E+04   7.393240E-01
   7.457302E-01   1.137568E+03   1.451828E+04   7.390951E-01
   7.491746E-01   1.132155E+03   1.446974E+04   7.388725E-01
   7.526350E-01   1.126838E+03   1.442152E+04   7.386343E-01
   7.561113E-01   1.122157E+03   1.437309E+04   7.383816E-01
   7.596037E-01   1.117753E+03   1.432431E+04   7.381299E-01
   7.631122E-01   1.113933E+03   1.427611E+04   7.378504E-01
   7.666369E-01   1.110311E+03   1.422823E+04   7.375138E-01
   7.701779E-01   1.105395E+03   1.417898E+04   7.371712E-01
   7.737353E-01   1.100225E+03   1.412871E+04   7.368486E-01
   7.773091E-01   1.095955E+03   1.407870E+04   7.365010E-01
   7.808994E-01   1.092238E+03   1.402854E+04   7.361093E-01
   7.845062E-01   1.087581E+03   1.397681E+04   7.357241E-01
   7.881298E-01   1.081945E+03   1.392395E+04   7.353734E-01
   7.917700E-01   1.076837E+03   1.387148E+04   7.350179E-01
   7.954271E-01   1.072363E+03   1.381944E+04   7.346374E-01
   7.991011E-01   1.067273E+03   1.376672E+04   7.342771E-01
   8.027921E-01   1.061855E+03   1.371358E+04   7.339673E-01
   8.065001E-01   1.057367E+03   1.366153E+04   7.336677E-01
   8.102252E-01   1.053364E+03   1.361073E+04   7.333470E-01
   8.139675E-01   1.048519E+03   1.356007E+04   7.330364E-01
   8.177271E-01   1.042503E+03   1.350910E+04   7.327874E-01
   8.215041E-01   1.036790E+03   1.345899E+04   7.325787E-01
   8.252985E-01   1.032116E+03   1.341038E+04   7.323540E-01
   8.291105E-01   1.027953E+03   1.336276E+04   7.320989E-01
   8.329400E-01   1.023592E+03   1.331514E+04   7.318388E-01
   8.367873E-01   1.018295E+03   1.326675E+04   7.316285E-01
   8.406523E-01   1.012423E+03   1.321830E+04   7.314812E-01
   8.445352E-01   1.007671E+03   1.317110E+04   7.313275E-01
   8.484360E-01   1.004229E+03   1.312480E+04   7.311231E-01
   8.523548E-01   1.000478E+03   1.307795E+04   7.309109E-01
   8.562917E-01   9.958023E+02   1.303033E+04   7.307407E-01
   8.602468E-01   9.911026E+02   1.298301E+04   7.305950E-01
   8.642202E-01   9.873029E+02   1.293669E+04   7.304179E-01
   8.682119E-01   9.838788E+02   1.289067E+04   7.302000E-01
   8.722221E-01   9.795972E+02   1.284411E+04   7.299862E-01
   8.762508E-01   9.750453E+02   1.279743E+04   7.297785E-01
   8.802981E-01   9.709548E+02   1.275103E+04   7.295486E-01
   8.843641E-01   9.670020E+02   1.270468E+04   7.292952E-01
   8.884488E-01   9.628054E+02   1.265807E+04   7.290307E-01
   8.925525E-01   9.582881E+02   1.261131E+04   7.287615E-01
   8.966751E-01   9.541129E+02   1.256484E+04   7.284604E-01
   9.008167E-01   9.504114E+02   1.251828E+04   7.281111E-01
   9.049775E-01   9.463693E+02   1.247077E+04   7.277510E-01
   9.091574E-01   9.419997E+02   1.242253E+04   7.273989E-01
   9.133567E-01   9.376933E+02   1.237397E+04   7.270345E-01
   9.175754E-01   9.332589E+02   1.232487E+04   7.266565E-01
   9.218136E-01   9.286413E+02   1.227503E+04   7.262792E-01
   9.260713E-01   9.241407E+02   1.222470E+04   7.259068E-01
   9.303487E-01   9.199059E+02   1.217425E+04   7.255363E-01
   9.346459E-01   9.156020E+02   1.212369E+04   7.251725E-01
   9.389629E-01   9.108509E+02   1.207291E+04   7.248318E-01
   9.432999E-01   9.058505E+02   1.202219E+04   7.245245E-01
   9.476568E-01   9.013099E+02   1.197223E+04   7.242298E-01
   9.520339E-01   8.972724E+02   1.192313E+04   7.239283E-01
   9.564313E-01   8.928985E+02   1.187423E+04   7.236423E-01
   9.608489E-01   8.878249E+02   1.182539E+04   7.234014E-01
   9.652870E-01   8.827381E+02   1.177723E+04   7.231892E-01
   9.697455E-01   8.782923E+02   1.173007E+04   7.229695E-01
   9.742246E-01   8.744005E+02   1.168354E+04   7.227278E-01
   9.787245E-01   8.702494E+02   1.163683E+04   7.224930E-01
   9.832451E-01   8.653571E+02   1.158969E+04   7.223083E-01
   9.877866E-01   8.604746E+02   1.154294E+04   7.221568E-01
   9.923490E-01   8.563228E+02   1.149701E+04   7.219887E-01
   9.969326E-01   8.527122E+02   1.145140E+04   7.217906E-01
   1.001537E+00   8.489827E+02   1.140546E+04   7.215878E-01
   1.006163E+00   8.447929E+02   1.135914E+04   7.214099E-01
   1.010811E+00   8.405583E+02   1.131300E+04   7.212468E-01
   1.015479E+00   8.367069E+02   1.126737E+04   7.210674E-01
   1.020170E+00   8.332475E+02   1.122211E+04   7.208568E-01
   1.024882E+00   8.299311E+02   1.117693E+04   7.206133E-01
   1.029616E+00   8.263520E+02   1.113133E+04   7.203563E-01
   1.034371E+00   8.224309E+02   1.108523E+04   7.201050E-01
   1.039149E+00   8.184454E+02   1.103893E+04   7.198537E-01
   1.043949E+00   8.146470E+02   1.099266E+04   7.195837E-01
   1.048770E+00   8.110603E+02   1.094636E+04   7.192800E-01
   1.053615E+00   8.074594E+02   1.089969E+04   7.189473E-01
   1.058481E+00   8.036576E+02   1.085243E+04   7.186021E-01
   1.063370E+00   7.996960E+02   1.080465E+04   7.182521E-01
   1.068282E+00   7.957423E+02   1.075658E+04   7.178918E-01
   1.073216E+00   7.919216E+02   1.070835E+04   7.175098E-01
   1.078173E+00   7.881763E+02   1.065984E+04   7.171018E-01
   1.083153E+00   7.842877E+02   1.061071E+04   7.166819E-01
   1.088156E+00   7.800899E+02   1.056083E+04   7.162775E-01
   1.093182E+00   7.756868E+02   1.051054E+04   7.159030E-01
   1.098231E+00   7.713491E+02   1.046037E+04   7.155463E-01
   1.103304E+00   7.671722E+02   1.041047E+04   7.151920E-01
   1.108400E+00   7.630191E+02   1.036068E+04   7.148460E-01
   1.113519E+00   7.587670E+02   1.031095E+04   7.145256E-01
   1.118663E+00   7.545037E+02   1.026159E+04   7.142343E-01
   1.123830E+00   7.504249E+02   1.021292E+04   7.139543E-01
   1.129020E+00   7.465711E+02   1.016490E+04   7.136686E-01
   1.134235E+00   7.427926E+02   1.011718E+04   7.133795E-01
   1.139474E+00   7.389376E+02   1.006951E+04   7.131018E-01
   1.144737E+00   7.350042E+02   1.002194E+04   7.128444E-01
   1.150025E+00   7.311013E+02   9.974679E+03   7.126021E-01
   1.155336E+00   7.272838E+02   9.927759E+03   7.123642E-01
   1.160673E+00   7.234908E+02   9.880993E+03   7.121294E-01
   1.166034E+00   7.196578E+02   9.834242E+03   7.119050E-01
   1.171420E+00   7.158253E+02   9.787608E+03   7.116930E-01
   1.176830E+00   7.120877E+02   9.741266E+03   7.114852E-01
   1.182266E+00   7.084701E+02   9.695202E+03   7.112717E-01
   1.187727E+00   7.049181E+02   9.649249E+03   7.110516E-01
   1.193213E+00   7.014022E+02   9.603334E+03   7.108280E-01
   1.198724E+00   6.979670E+02   9.557531E+03   7.105975E-01
   1.204261E+00   6.946647E+02   9.511872E+03   7.103496E-01
   1.209823E+00   6.914812E+02   9.466209E+03   7.100749E-01
   1.215411E+00   6.883414E+02   9.420286E+03   7.097726E-01
   1.221025E+00   6.851832E+02   9.373950E+03   7.094486E-01
   1.226665E+00   6.820075E+02   9.327221E+03   7.091061E-01
   1.232330E+00   6.788460E+02   9.280168E+03   7.087409E-01
   1.238022E+00   6.756959E+02   9.232759E+03   7.083481E-01
   1.243741E+00   6.725069E+02   9.184888E+03   7.079299E-01
   1.249485E+00   6.692327E+02   9.136521E+03   7.074944E-01
   1.255257E+00   6.658753E+02   9.087755E+03   7.070477E-01
   1.261054E+00   6.624640E+02   9.038708E+03   7.065895E-01
   1.266879E+00   6.590030E+02   8.989405E+03   7.061190E-01
   1.272731E+00   6.554606E+02   8.939814E+03   7.056419E-01
   1.278609E+00   6.518116E+02   8.889968E+03   7.051693E-01
   1.284515E+00   6.480756E+02   8.840023E+03   7.047097E-01
   1.290448E+00   6.443031E+02   8.790169E+03   7.042647E-01
   1.296408E+00   6.405319E+02   8.740511E+03   7.038324E-01
   1.302396E+00   6.367690E+02   8.691067E+03   7.034131E-01
   1.308412E+00   6.330123E+02   8.641851E+03   7.030106E-01
   1.314455E+00   6.292762E+02   8.592921E+03   7.026275E-01
   1.320527E+00   6.255881E+02   8.544344E+03   7.022626E-01
   1.326626E+00   6.219669E+02   8.496139E+03   7.019124E-01
   1.332754E+00   6.184119E+02   8.448269E+03   7.015744E-01
   1.338909E+00   6.149145E+02   8.400695E+03   7.012486E-01
   1.345094E+00   6.114748E+02   8.353416E+03   7.009352E-01
   1.351306E+00   6.081042E+02   8.306451E+03   7.006319E-01
   1.357548E+00   6.048113E+02   8.259796E+03   7.003342E-01
   1.363818E+00   6.015930E+02   8.213414E+03   7.000388E-01
   1.370118E+00   5.984422E+02   8.167265E+03   6.997434E-01
   1.376446E+00   5.953579E+02   8.121338E+03   6.994463E-01
   1.382804E+00   5.923442E+02   8.075627E+03   6.991441E-01
   1.389191E+00   5.894011E+02   8.030101E+03   6.988327E-01
   1.395607E+00   5.865212E+02   7.984703E+03   6.985084E-01
   1.402053E+00   5.836951E+02   7.939376E+03   6.981685E-01
   1.408529E+00   5.809143E+02   7.894063E+03   6.978103E-01
   1.415035E+00   5.781674E+02   7.848697E+03   6.974310E-01
   1.421571E+00   5.754371E+02   7.803190E+03   6.970290E-01
   1.428137E+00   5.727027E+02   7.757460E+03   6.966044E-01
   1.434733E+00   5.699466E+02   7.711448E+03   6.961584E-01
   1.441360E+00   5.671555E+02   7.665123E+03   6.956930E-01
   1.448018E+00   5.643196E+02   7.618471E+03   6.952105E-01
   1.454706E+00   5.614316E+02   7.571498E+03   6.947136E-01
   1.461425E+00   5.584891E+02   7.524234E+03   6.942055E-01
   1.468175E+00   5.554952E+02   7.476732E+03   6.936888E-01
   1.474956E+00   5.524567E+02   7.429051E+03   6.931656E-01
   1.481769E+00   5.493808E+02   7.381250E+03   6.926377E-01
   1.488613E+00   5.462742E+02   7.333384E+03   6.921070E-01
   1.495489E+00   5.431441E+02   7.285511E+03   6.915754E-01
   1.502396E+00   5.399990E+02   7.237689E+03   6.910450E-01
   1.509336E+00   5.368475E+02   7.189974E+03   6.905177E-01
   1.516307E+00   5.336974E+02   7.142414E+03   6.899950E-01
   1.523311E+00   5.305561E+02   7.095053E+03   6.894787E-01
   1.530347E+00   5.274306E+02   7.047930E+03   6.889700E-01
   1.537415E+00   5.243277E+02   7.001079E+03   6.884702E-01
   1.544516E+00   5.212539E+02   6.954526E+03   6.879798E-01
   1.551650E+00   5.182149E+02   6.908290E+03   6.874988E-01
   1.558817E+00   5.152156E+02   6.862382E+03   6.870269E-01
   1.566017E+00   5.122601E+02   6.816809E+03   6.865634E-01
   1.573250E+00   5.093516E+02   6.771568E+03   6.861070E-01
   1.580517E+00   5.064927E+02   6.726653E+03   6.856563E-01
   1.587817E+00   5.036852E+02   6.682054E+03   6.852094E-01
   1.595151E+00   5.009302E+02   6.637753E+03   6.847642E-01
   1.602519E+00   4.982273E+02   6.593729E+03   6.843183E-01
   1.609921E+00   4.955751E+02   6.549953E+03   6.838692E-01
   1.617357E+00   4.929709E+02   6.506390E+03   6.834142E-01
   1.624827E+00   4.904102E+02   6.463000E+03   6.829511E-01
   1.632332E+00   4.878875E+02   6.419740E+03   6.824777E-01
   1.639872E+00   4.853956E+02   6.376564E+03   6.819920E-01
   1.647446E+00   4.829267E+02   6.333425E+03   6.814930E-01
   1.655055E+00   4.804724E+02   6.290285E+03   6.809800E-01
   1.662700E+00   4.780252E+02   6.247111E+03   6.804532E-01
   1.670380E+00   4.755784E+02   6.203884E+03   6.799129E-01
   1.678095E+00   4.731266E+02   6.160592E+03   6.793602E-01
   1.685846E+00   4.706660E+02   6.117236E+03   6.787963E-01
   1.693633E+00   4.681944E+02   6.073826E+03   6.782225E-01
   1.701455E+00   4.657110E+02   6.030375E+03   6.776400E-01
   1.709314E+00   4.632160E+02   5.986905E+03   6.770500E-01
   1.717209E+00   4.607102E+02   5.943435E+03   6.764534E-01
   1.725141E+00   4.581951E+02   5.899987E+03   6.758512E-01
   1.733109E+00   4.556724E+02   5.856582E+03   6.752439E-01
   1.741114E+00   4.531436E+02   5.813238E+03   6.746320E-01
   1.749156E+00   4.506105E+02   5.769975E+03   6.740161E-01
   1.757235E+00   4.480747E+02   5.726808E+03   6.733964E-01
   1.765352E+00   4.455380E+02   5.683754E+03   6.727735E-01
   1.773506E+00   4.430019E+02   5.640829E+03   6.721478E-01
   1.781697E+00   4.404680E+02   5.598049E+03   6.715197E-01
   1.789927E+00   4.379382E+02   5.555429E+03   6.708899E-01
   1.798194E+00   4.354142E+02   5.512984E+03   6.702589E-01
   1.806500E+00   4.328980E+02   5.470732E+03   6.696275E-01
   1.814844E+00   4.303918E+02   5.428688E+03   6.689962E-01
   1.823226E+00   4.278978E+02   5.386867E+03   6.683656E-01
   1.831647E+00   4.254185E+02   5.345286E+03   6.677363E-01
   1.840108E+00   4.229561E+02   5.303958E+03   6.671088E-01
   1.848607E+00   4.205134E+02   5.262898E+03   6.664834E-01
   1.857145E+00   4.180926E+02   5.222115E+03   6.658604E-01
   1.865723E+00   4.156961E+02   5.181618E+03   6.652397E-01
   1.874341E+00   4.133259E+02   5.141413E+03   6.646213E-01
   1.882998E+00   4.109838E+02   5.101501E+03   6.640048E-01
   1.891696E+00   4.086711E+02   5.061879E+03   6.633897E-01
   1.900433E+00   4.063883E+02   5.022541E+03   6.627753E-01
   1.909211E+00   4.041358E+02   4.983474E+03   6.621607E-01
   1.918029E+00   4.019131E+02   4.944663E+03   6.615450E-01
   1.926888E+00   3.997188E+02   4.906089E+03   6.609270E-01
   1.935788E+00   3.975514E+02   4.867732E+03   6.603056E-01
   1.944730E+00   3.954085E+02   4.829567E+03   6.596796E-01
   1.953712E+00   3.932876E+02   4.791573E+03   6.590481E-01
   1.962736E+00   3.911858E+02   4.753728E+03   6.584100E-01
   1.971802E+00   3.891001E+02   4.716011E+03   6.577645E-01
   1.980909E+00   3.870276E+02   4.678406E+03   6.571108E-01
   1.990059E+00   3.849655E+02   4.640897E+03   6.564485E-01
   1.999251E+00   3.829114E+02   4.603475E+03   6.557771E-01
   2.008485E+00   3.821766E+02   4.562521E+03   6.551668E-01
   2.017762E+00   3.815522E+02   4.521363E+03   6.545523E-01
   2.027082E+00   3.809196E+02   4.480323E+03   6.539273E-01
   2.036445E+00   3.802775E+02   4.439402E+03   6.532918E-01
   2.045851E+00   3.796248E+02   4.398603E+03   6.526460E-01
   2.055300E+00   3.789605E+02   4.357935E+03   6.519900E-01
   2.064793E+00   3.782843E+02   4.317406E+03   6.513242E-01
   2.074330E+00   3.775959E+02   4.277025E+03   6.506491E-01
   2.083911E+00   3.768953E+02   4.236805E+03   6.499653E-01
   2.093537E+00   3.761830E+02   4.196759E+03   6.492734E-01
   2.103207E+00   3.754595E+02   4.156901E+03   6.485742E-01
   2.112921E+00   3.747257E+02   4.117245E+03   6.478686E-01
   2.122680E+00   3.739827E+02   4.077807E+03   6.471575E-01
   2.132485E+00   3.732318E+02   4.038601E+03   6.464420E-01
   2.142334E+00   3.724746E+02   3.999643E+03   6.457229E-01
   2.152230E+00   3.717126E+02   3.960945E+03   6.450014E-01
   2.162170E+00   3.709476E+02   3.922522E+03   6.442785E-01
   2.172157E+00   3.701813E+02   3.884384E+03   6.435552E-01
   2.182190E+00   3.694155E+02   3.846543E+03   6.428323E-01
   2.192269E+00   3.686521E+02   3.809008E+03   6.421108E-01
   2.202395E+00   3.678928E+02   3.771786E+03   6.413912E-01
   2.212568E+00   3.671392E+02   3.734882E+03   6.406743E-01
   2.222787E+00   3.663929E+02   3.698300E+03   6.399604E-01
   2.233054E+00   3.656552E+02   3.662042E+03   6.392500E-01
   2.243368E+00   3.649273E+02   3.626109E+03   6.385429E-01
   2.253730E+00   3.642102E+02   3.590497E+03   6.378394E-01
   2.264140E+00   3.635046E+02   3.555203E+03   6.371389E-01
   2.274598E+00   3.628111E+02   3.520223E+03   6.364413E-01
   2.285104E+00   3.621299E+02   3.485548E+03   6.357459E-01
   2.295658E+00   3.614609E+02   3.451171E+03   6.350519E-01
   2.306262E+00   3.608040E+02   3.417082E+03   6.343586E-01
   2.316914E+00   3.601585E+02   3.383270E+03   6.336649E-01
   2.327616E+00   3.595238E+02   3.349724E+03   6.329698E-01
   2.338367E+00   3.588988E+02   3.316434E+03   6.322722E-01
   2.349167E+00   3.582825E+02   3.283386E+03   6.315710E-01
   2.360018E+00   3.576735E+02   3.250570E+03   6.308652E-01
   2.370918E+00   3.570704E+02   3.217975E+03   6.301536E-01
   2.381869E+00   3.564719E+02   3.185592E+03   6.294354E-01
   2.392871E+00   3.558764E+02   3.153410E+03   6.287097E-01
   2.403923E+00   3.552826E+02   3.121424E+03   6.279758E-01
   2.415027E+00   3.546892E+02   3.089626E+03   6.272331E-01
   2.426181E+00   3.540948E+02   3.058013E+03   6.264812E-01
   2.437388E+00   3.534983E+02   3.026580E+03   6.257198E-01
   2.448646E+00   3.528989E+02   2.995326E+03   6.249487E-01
   2.459956E+00   3.522957E+02   2.964250E+03   6.241679E-01
   2.471318E+00   3.516881E+02   2.933353E+03   6.233775E-01
   2.482733E+00   3.510755E+02   2.902636E+03   6.225776E-01
   2.494200E+00   3.504577E+02   2.872100E+03   6.217686E-01
   2.505720E+00   3.498234E+02   2.841473E+03   6.209553E-01
   2.517294E+00   3.491723E+02   2.810761E+03   6.201380E-01
   2.528921E+00   3.485157E+02   2.780249E+03   6.193124E-01
   2.540602E+00   3.478539E+02   2.749941E+03   6.184790E-01
   2.552337E+00   3.471870E+02   2.719841E+03   6.176380E-01
   2.564126E+00   3.465153E+02   2.689953E+03   6.167899E-01
   2.575969E+00   3.458391E+02   2.660282E+03   6.159350E-01
   2.587867E+00   3.451590E+02   2.630833E+03   6.150738E-01
   2.599820E+00   3.444752E+02   2.601610E+03   6.142066E-01
   2.611828E+00   3.437883E+02   2.572617E+03   6.133338E-01
   2.623892E+00   3.430988E+02   2.543859E+03   6.124556E-01
   2.636011E+00   3.424072E+02   2.515341E+03   6.115725E-01
   2.648187E+00   3.417141E+02   2.487067E+03   6.106849E-01
   2.660419E+00   3.410200E+02   2.459042E+03   6.097930E-01
   2.672707E+00   3.403255E+02   2.431269E+03   6.088974E-01
   2.685052E+00   3.396312E+02   2.403753E+03   6.079984E-01
   2.697454E+00   3.389378E+02   2.376499E+03   6.070965E-01
   2.709913E+00   3.382458E+02   2.349508E+03   6.061922E-01
   2.722429E+00   3.375559E+02   2.322785E+03   6.052860E-01
   2.735004E+00   3.368686E+02   2.296332E+03   6.043783E-01
   2.747637E+00   3.361846E+02   2.270152E+03   6.034699E-01
   2.760328E+00   3.355045E+02   2.244245E+03   6.025612E-01
   2.773077E+00   3.348288E+02   2.218613E+03   6.016529E-01
   2.785886E+00   3.341579E+02   2.193257E+03   6.007455E-01
   2.798753E+00   3.334925E+02   2.168174E+03   5.998397E-01
   2.811681E+00   3.328329E+02   2.143365E+03   5.989359E-01
   2.824667E+00   3.321795E+02   2.118827E+03   5.980348E-01
   2.837714E+00   3.315326E+02   2.094557E+03   5.971369E-01
   2.850821E+00   3.308924E+02   2.070552E+03   5.962426E-01
   2.863989E+00   3.302591E+02   2.046806E+03   5.953522E-01
   2.877217E+00   3.296328E+02   2.023316E+03   5.944661E-01
   2.890507E+00   3.290135E+02   2.000075E+03   5.935845E-01
   2.903858E+00   3.284010E+02   1.977077E+03   5.927075E-01
   2.917270E+00   3.277952E+02   1.954316E+03   5.918352E-01
   2.930745E+00   3.271958E+02   1.931784E+03   5.909674E-01
   2.944281E+00   3.266026E+02   1.909474E+03   5.901041E-01
   2.957881E+00   3.260151E+02   1.887378E+03   5.892448E-01
   2.971543E+00   3.254329E+02   1.865490E+03   5.883893E-01
   2.985268E+00   3.248554E+02   1.843802E+03   5.875370E-01
   2.999057E+00   3.242821E+02   1.822308E+03   5.866875E-01
   3.012909E+00   3.237025E+02   1.801087E+03   5.858379E-01
   3.026825E+00   3.231251E+02   1.780052E+03   5.849896E-01
   3.040806E+00   3.225501E+02   1.759189E+03   5.841420E-01
   3.054851E+00   3.219768E+02   1.738494E+03   5.832942E-01
   3.068961E+00   3.214046E+02   1.717962E+03   5.824454E-01
   3.083136E+00   3.208329E+02   1.697590E+03   5.815950E-01
   3.097376E+00   3.202612E+02   1.677374E+03   5.807420E-01
   3.111683E+00   3.196889E+02   1.657312E+03   5.798858E-01
   3.126055E+00   3.191156E+02   1.637402E+03   5.790257E-01
   3.140494E+00   3.185409E+02   1.617644E+03   5.781610E-01
   3.155000E+00   3.179644E+02   1.598037E+03   5.772912E-01
   3.169572E+00   3.173858E+02   1.578582E+03   5.764157E-01
   3.184212E+00   3.168048E+02   1.559278E+03   5.755342E-01
   3.198920E+00   3.162214E+02   1.540128E+03   5.746463E-01
   3.213695E+00   3.156354E+02   1.521133E+03   5.737518E-01
   3.228539E+00   3.150469E+02   1.502295E+03   5.728506E-01
   3.243451E+00   3.144557E+02   1.483616E+03   5.719427E-01
   3.258432E+00   3.138621E+02   1.465098E+03   5.710281E-01
   3.273482E+00   3.132661E+02   1.446745E+03   5.701070E-01
   3.288602E+00   3.126678E+02   1.428557E+03   5.691797E-01
   3.303792E+00   3.120676E+02   1.410538E+03   5.682464E-01
   3.319052E+00   3.114656E+02   1.392689E+03   5.673077E-01
   3.334382E+00   3.108621E+02   1.375014E+03   5.663639E-01
   3.349783E+00   3.102574E+02   1.357514E+03   5.654156E-01
   3.365255E+00   3.096518E+02   1.340191E+03   5.644634E-01
   3.380799E+00   3.090456E+02   1.323046E+03   5.635080E-01
   3.396414E+00   3.084392E+02   1.306080E+03   5.625500E-01
   3.412102E+00   3.078327E+02   1.289295E+03   5.615901E-01
   3.427862E+00   3.072266E+02   1.272692E+03   5.606291E-01
   3.443695E+00   3.066211E+02   1.256270E+03   5.596677E-01
   3.459601E+00   3.060166E+02   1.240030E+03   5.587066E-01
   3.475580E+00   3.054133E+02   1.223972E+03   5.577467E-01
   3.491634E+00   3.048115E+02   1.208096E+03   5.567885E-01
   3.507761E+00   3.042154E+02   1.192156E+03   5.558381E-01
   3.523963E+00   3.036258E+02   1.176141E+03   5.548965E-01
   3.540240E+00   3.030385E+02   1.160317E+03   5.539587E-01
   3.556592E+00   3.024538E+02   1.144684E+03   5.530256E-01
   3.573019E+00   3.018718E+02   1.129239E+03   5.520976E-01
   3.589523E+00   3.012927E+02   1.113981E+03   5.511755E-01
   3.606102E+00   3.007167E+02   1.098907E+03   5.502599E-01
   3.622758E+00   3.001437E+02   1.084016E+03   5.493512E-01
   3.639491E+00   2.995739E+02   1.069305E+03   5.484500E-01
   3.656302E+00   2.990074E+02   1.054773E+03   5.475567E-01
   3.673190E+00   2.984442E+02   1.040415E+03   5.466717E-01
   3.690156E+00   2.978844E+02   1.026231E+03   5.457954E-01
   3.707200E+00   2.973279E+02   1.012217E+03   5.449282E-01
   3.724323E+00   2.967748E+02   9.983713E+02   5.440703E-01
   3.741525E+00   2.962251E+02   9.846905E+02   5.432220E-01
   3.758807E+00   2.956786E+02   9.711722E+02   5.423834E-01
   3.776169E+00   2.951354E+02   9.578138E+02   5.415547E-01
   3.793610E+00   2.945954E+02   9.446126E+02   5.407360E-01
   3.811132E+00   2.940585E+02   9.315660E+02   5.399273E-01
   3.828736E+00   2.935247E+02   9.186712E+02   5.391287E-01
   3.846420E+00   2.929938E+02   9.059258E+02   5.383401E-01
   3.864186E+00   2.924658E+02   8.933270E+02   5.375614E-01
   3.882034E+00   2.919405E+02   8.808725E+02   5.367924E-01
   3.899965E+00   2.914177E+02   8.685596E+02   5.360331E-01
   3.917978E+00   2.908975E+02   8.563860E+02   5.352830E-01
   3.936075E+00   2.903796E+02   8.443493E+02   5.345420E-01
   3.954255E+00   2.898639E+02   8.324473E+02   5.338097E-01
   3.972520E+00   2.893503E+02   8.206777E+02   5.330856E-01
   3.990868E+00   2.888385E+02   8.090384E+02   5.323693E-01
   4.009301E+00   2.884746E+02   7.969553E+02   5.316776E-01
   4.027820E+00   2.882561E+02   7.844583E+02   5.310091E-01
   4.046424E+00   2.880387E+02   7.721158E+02   5.303458E-01
   4.065114E+00   2.878224E+02   7.599256E+02   5.296868E-01
   4.083890E+00   2.876069E+02   7.478856E+02   5.290313E-01
   4.102753E+00   2.873921E+02   7.359940E+02   5.283782E-01
   4.121703E+00   2.871779E+02   7.242491E+02   5.277267E-01
   4.140741E+00   2.869639E+02   7.126491E+02   5.270755E-01
   4.159866E+00   2.867502E+02   7.011928E+02   5.264237E-01
   4.179080E+00   2.865364E+02   6.898787E+02   5.257699E-01
   4.198383E+00   2.863226E+02   6.787057E+02   5.251131E-01
   4.217775E+00   2.861084E+02   6.676726E+02   5.244518E-01
   4.237256E+00   2.858939E+02   6.567786E+02   5.237848E-01
   4.256828E+00   2.856789E+02   6.460227E+02   5.231108E-01
   4.276489E+00   2.854633E+02   6.354042E+02   5.224283E-01
   4.296242E+00   2.852471E+02   6.249225E+02   5.217360E-01
   4.316086E+00   2.850301E+02   6.145770E+02   5.210324E-01
   4.336021E+00   2.848122E+02   6.043672E+02   5.203162E-01
   4.356049E+00   2.845935E+02   5.942927E+02   5.195858E-01
   4.376169E+00   2.843740E+02   5.843531E+02   5.188399E-01
   4.396382E+00   2.841535E+02   5.745480E+02   5.180770E-01
   4.416688E+00   2.839321E+02   5.648771E+02   5.172957E-01
   4.437088E+00   2.837098E+02   5.553402E+02   5.164947E-01
   4.457583E+00   2.834866E+02   5.459370E+02   5.156725E-01
   4.478172E+00   2.832626E+02   5.366671E+02   5.148279E-01
   4.498856E+00   2.830378E+02   5.275303E+02   5.139595E-01
   4.519635E+00   2.829070E+02   5.182557E+02   5.130692E-01
   4.540511E+00   2.827811E+02   5.091071E+02   5.121519E-01
   4.561483E+00   2.826547E+02   5.001001E+02   5.112059E-01
   4.582552E+00   2.825280E+02   4.912342E+02   5.102303E-01
   4.603718E+00   2.824010E+02   4.825087E+02   5.092240E-01
   4.624982E+00   2.822738E+02   4.739229E+02   5.081859E-01
   4.646345E+00   2.821467E+02   4.654762E+02   5.071151E-01
   4.667805E+00   2.820196E+02   4.571678E+02   5.060107E-01
   4.689365E+00   2.818928E+02   4.489967E+02   5.048719E-01
   4.711025E+00   2.817663E+02   4.409621E+02   5.036981E-01
   4.732785E+00   2.816404E+02   4.330630E+02   5.024885E-01
   4.754645E+00   2.815150E+02   4.252983E+02   5.012425E-01
   4.776606E+00   2.813905E+02   4.176669E+02   4.999597E-01
   4.798668E+00   2.812670E+02   4.101675E+02   4.986395E-01
   4.820833E+00   2.811445E+02   4.027990E+02   4.972817E-01
   4.843100E+00   2.810232E+02   3.955600E+02   4.958859E-01
   4.865469E+00   2.809033E+02   3.884491E+02   4.944519E-01
   4.887942E+00   2.807849E+02   3.814650E+02   4.929795E-01
   4.910519E+00   2.806681E+02   3.746060E+02   4.914686E-01
   4.933200E+00   2.805531E+02   3.678706E+02   4.899193E-01
   4.955986E+00   2.804400E+02   3.612574E+02   4.883315E-01
   4.978877E+00   2.803289E+02   3.547646E+02   4.867053E-01
   5.001874E+00   2.802192E+02   3.483518E+02   4.850391E-01
   5.024977E+00   2.801034E+02   3.416276E+02   4.833124E-01
   5.048187E+00   2.799907E+02   3.350367E+02   4.815456E-01
   5.071504E+00   2.798812E+02   3.285766E+02   4.797392E-01
   5.094928E+00   2.797751E+02   3.222452E+02   4.778937E-01
   5.118461E+00   2.796725E+02   3.160402E+02   4.760095E-01
   5.142103E+00   2.795733E+02   3.099592E+02   4.740873E-01
   5.165854E+00   2.794778E+02   3.040000E+02   4.721278E-01
   5.189714E+00   2.793860E+02   2.981602E+02   4.701315E-01
   5.213685E+00   2.792979E+02   2.924377E+02   4.680993E-01
   5.237766E+00   2.792137E+02   2.868300E+02   4.660319E-01
   5.261959E+00   2.791334E+02   2.813350E+02   4.639300E-01
   5.286263E+00   2.790571E+02   2.759503E+02   4.617945E-01
   5.310680E+00   2.789847E+02   2.706738E+02   4.596263E-01
   5.335209E+00   2.789164E+02   2.655031E+02   4.574262E-01
   5.359852E+00   2.788521E+02   2.604362E+02   4.551952E-01
   5.384608E+00   2.787920E+02   2.554708E+02   4.529342E-01
   5.409479E+00   2.787360E+02   2.506048E+02   4.506441E-01
   5.434465E+00   2.786842E+02   2.458361E+02   4.483258E-01
   5.459566E+00   2.786365E+02   2.411626E+02   4.459805E-01
   5.484783E+00   2.785931E+02   2.365822E+02   4.436090E-01
   5.510116E+00   2.786878E+02   2.318420E+02   4.411801E-01
   5.535567E+00   2.789902E+02   2.268306E+02   4.386771E-01
   5.561135E+00   2.792986E+02   2.219309E+02   4.361495E-01
   5.586821E+00   2.796130E+02   2.171403E+02   4.335984E-01
   5.612626E+00   2.799334E+02   2.124561E+02   4.310251E-01
   5.638550E+00   2.802597E+02   2.078757E+02   4.284308E-01
   5.664594E+00   2.805921E+02   2.033965E+02   4.258167E-01
   5.690758E+00   2.809303E+02   1.990160E+02   4.231840E-01
   5.717043E+00   2.812745E+02   1.947318E+02   4.205338E-01
   5.743449E+00   2.816245E+02   1.905415E+02   4.178675E-01
   5.769977E+00   2.819804E+02   1.864429E+02   4.151860E-01
   5.796628E+00   2.823420E+02   1.824336E+02   4.124906E-01
   5.823402E+00   2.827094E+02   1.785116E+02   4.097823E-01
   5.850300E+00   2.830826E+02   1.746746E+02   4.070623E-01
   5.877322E+00   2.834613E+02   1.709206E+02   4.043317E-01
   5.904468E+00   2.838458E+02   1.672476E+02   4.015915E-01
   5.931740E+00   2.842357E+02   1.636537E+02   3.988427E-01
   5.959138E+00   2.846313E+02   1.601369E+02   3.960864E-01
   5.986663E+00   2.850323E+02   1.566955E+02   3.933235E-01
   6.014314E+00   2.852665E+02   1.532214E+02   3.905322E-01
   6.042094E+00   2.853453E+02   1.497262E+02   3.877151E-01
   6.070001E+00   2.854294E+02   1.463090E+02   3.848945E-01
   6.098038E+00   2.855186E+02   1.429680E+02   3.820714E-01
   6.126204E+00   2.856129E+02   1.397014E+02   3.792466E-01
   6.154500E+00   2.857123E+02   1.365074E+02   3.764212E-01
   6.182927E+00   2.858165E+02   1.333842E+02   3.735958E-01
   6.211485E+00   2.857076E+02   1.303298E+02   3.707705E-01
   6.240175E+00   2.852792E+02   1.273423E+02   3.679452E-01
   6.268998E+00   2.848559E+02   1.244205E+02   3.651225E-01
   6.297954E+00   2.844378E+02   1.215629E+02   3.623031E-01
   6.327043E+00   2.840246E+02   1.187680E+02   3.594877E-01
   6.356267E+00   2.836163E+02   1.160343E+02   3.566770E-01
   6.385626E+00   2.832128E+02   1.133604E+02   3.538718E-01
   6.415120E+00   2.829628E+02   1.105112E+02   3.510129E-01
   6.444751E+00   2.828598E+02   1.075114E+02   3.481053E-01
   6.474518E+00   2.827621E+02   1.045870E+02   3.452070E-01
   6.504423E+00   2.826695E+02   1.017361E+02   3.423188E-01
   6.534467E+00   2.825820E+02   9.895676E+01   3.394411E-01
   6.564648E+00   2.824993E+02   9.624730E+01   3.365746E-01
   6.594970E+00   2.824215E+02   9.360594E+01   3.337199E-01
   6.625431E+00   2.822796E+02   9.099552E+01   3.308669E-01
   6.656033E+00   2.821289E+02   8.844466E+01   3.280248E-01
   6.686777E+00   2.819828E+02   8.595890E+01   3.251962E-01
   6.717662E+00   2.818412E+02   8.353662E+01   3.223814E-01
   6.748690E+00   2.817040E+02   8.117627E+01   3.195809E-01
   6.779861E+00   2.815711E+02   7.887634E+01   3.167951E-01
   6.811177E+00   2.814061E+02   7.655462E+01   3.139993E-01
   6.842637E+00   2.811799E+02   7.415217E+01   3.111750E-01
   6.874242E+00   2.809585E+02   7.181664E+01   3.083680E-01
   6.905993E+00   2.807417E+02   6.954632E+01   3.055787E-01
   6.937891E+00   2.805294E+02   6.733950E+01   3.028074E-01
   6.969936E+00   2.803214E+02   6.519457E+01   3.000542E-01
   7.002130E+00   2.801217E+02   6.307407E+01   2.973074E-01
   7.034472E+00   2.799833E+02   6.052141E+01   2.944138E-01
   7.066963E+00   2.798504E+02   5.805625E+01   2.915441E-01
   7.099605E+00   2.797227E+02   5.567599E+01   2.886986E-01
   7.132397E+00   2.807674E+02   5.370343E+01   2.859964E-01
   7.165340E+00   2.818345E+02   5.179576E+01   2.833163E-01
   7.198436E+00   2.829098E+02   4.994723E+01   2.806570E-01
   7.231685E+00   2.838876E+02   4.757699E+01   2.778044E-01
   7.265087E+00   2.848691E+02   4.527239E+01   2.749693E-01
   7.298644E+00   2.858595E+02   4.305992E+01   2.721624E-01
   7.332355E+00   2.875652E+02   4.117867E+01   2.694801E-01
   7.366222E+00   2.893155E+02   3.937683E+01   2.668264E-01
   7.400246E+00   2.910896E+02   3.763855E+01   2.641957E-01
   7.434427E+00   2.940932E+02   3.554221E+01   2.614179E-01
   7.468766E+00   2.971335E+02   3.354177E+01   2.586709E-01
   7.503263E+00   3.004034E+02   3.162383E+01   2.559503E-01
   7.537920E+00   3.055898E+02   2.970544E+01   2.532231E-01
   7.572736E+00   3.108713E+02   2.788413E+01   2.505277E-01
   7.607714E+00   3.156319E+02   2.615603E+01   2.478628E-01
   7.642853E+00   3.182590E+02   2.451514E+01   2.452255E-01
   7.678154E+00   3.209137E+02   2.295783E+01   2.426186E-01
   7.713619E+00   3.233982E+02   2.145594E+01   2.400288E-01
   7.749247E+00   3.255873E+02   1.999523E+01   2.374490E-01
   7.785040E+00   3.277969E+02   1.861444E+01   2.348996E-01
   7.820998E+00   3.281391E+02   1.715254E+01   2.322927E-01
   7.857122E+00   3.271449E+02   1.567319E+01   2.296579E-01
   7.893413E+00   3.261603E+02   1.429058E+01   2.270585E-01
   7.929872E+00   3.275863E+02   1.283982E+01   2.243908E-01
   7.966499E+00   3.295619E+02   1.147012E+01   2.217403E-01
   8.003295E+00   3.328925E+02   1.009053E+01   2.190401E-01
   8.040262E+00   3.401785E+02   8.956807E+00   2.164618E-01
   8.077399E+00   3.851274E+02   7.885406E+00   2.137557E-01
   8.114707E+00   3.507568E+02   5.975471E+00   2.104982E-01
   8.152188E+00   3.756917E+02   5.999991E+00   2.087112E-01
   8.189842E+00   4.075255E+02   5.068475E+00   2.058706E-01
   8.227670E+00   3.830722E+02   3.644797E+00   2.026365E-01
   8.265672E+00   4.210094E+02   3.668771E+00   2.006286E-01
   8.303850E+00   4.333155E+02   2.894374E+00   1.974329E-01
   8.342205E+00   4.511410E+02   2.724710E+00   1.950019E-01
   8.380737E+00   4.437985E+02   2.270606E+00   1.917901E-01
   8.419446E+00   4.311707E+02   2.137497E+00   1.884539E-01
   8.458335E+00   4.682657E+02   3.068266E+00   1.849434E-01
   8.497403E+00   4.752143E+02   3.610599E+00   1.824468E-01
   8.536651E+00   5.210905E+02   5.521438E+00   1.790905E-01
   8.576081E+00   5.370755E+02   8.027104E+00   1.754552E-01
   8.615693E+00   5.762130E+02   1.171979E+01   1.718122E-01
   8.655487E+00   6.586453E+02   1.939938E+01   1.670881E-01
   8.695466E+00   9.238738E+02   3.165386E+01   1.626364E-01
   8.735629E+00   1.023496E+03   3.996024E+01   1.589895E-01
   8.775978E+00   1.469541E+03   6.877082E+01   1.518817E-01
   8.816513E+00   2.191072E+03   9.049782E+01   1.500441E-01
   8.857236E+00   2.401273E+03   8.871419E+01   1.522033E-01
   8.898146E+00   2.545041E+03   9.489593E+01   1.508310E-01
   8.939246E+00   2.777601E+03   1.049752E+02   1.502069E-01
   8.980535E+00   2.989797E+03   1.151583E+02   1.497372E-01
   9.022015E+00   3.178176E+03   1.243932E+02   1.491915E-01
   9.063686E+00   3.451379E+03   1.431825E+02   1.477519E-01
   9.105550E+00   3.814159E+03   1.672077E+02   1.460422E-01
   9.147608E+00   4.321964E+03   2.036433E+02   1.431765E-01
   9.189860E+00   4.982670E+03   2.546208E+02   1.391478E-01
   9.232306E+00   5.653890E+03   3.100979E+02   1.356351E-01
   9.274949E+00   5.915811E+03   3.368415E+02   1.356934E-01
   9.317789E+00   5.981828E+03   3.584040E+02   1.372097E-01
   9.360827E+00   5.546696E+03   3.470533E+02   1.457673E-01
   9.404063E+00   4.627389E+03   2.756527E+02   1.598195E-01
   9.447500E+00   3.922627E+03   2.131911E+02   1.676643E-01
   9.491136E+00   3.447799E+03   1.572963E+02   1.668250E-01
   9.534975E+00   3.500670E+03   1.506833E+02   1.622793E-01
   9.579016E+00   3.352695E+03   1.443487E+02   1.633855E-01
   9.623260E+00   2.963115E+03   1.169133E+02   1.642417E-01
   9.667709E+00   2.658977E+03   8.420998E+01   1.588061E-01
   9.712362E+00   2.821337E+03   7.710249E+01   1.486891E-01
   9.757223E+00   3.495823E+03   1.107614E+02   1.403215E-01
   9.802290E+00   4.252626E+03   1.644522E+02   1.354053E-01
   9.847566E+00   4.798646E+03   2.259537E+02   1.347976E-01
   9.893050E+00   4.339594E+03   2.284295E+02   1.464705E-01
   9.938745E+00   3.328469E+03   1.631698E+02   1.592221E-01
   9.984651E+00   2.770588E+03   1.022433E+02   1.546636E-01
   1.003077E+01   2.857778E+03   8.487395E+01   1.444258E-01
   1.007710E+01   3.235315E+03   9.622921E+01   1.366332E-01
   1.012364E+01   3.752332E+03   1.245748E+02   1.307222E-01
   1.017040E+01   4.221128E+03   1.583778E+02   1.271093E-01
   1.021738E+01   4.461243E+03   1.811696E+02   1.257548E-01
   1.026457E+01   4.573160E+03   1.916904E+02   1.242245E-01
   1.031198E+01   4.865957E+03   2.164376E+02   1.205413E-01
   1.035961E+01   5.263478E+03   2.585117E+02   1.165577E-01
   1.040746E+01   5.612853E+03   3.099763E+02   1.134121E-01
   1.045553E+01   5.733563E+03   3.565603E+02   1.127680E-01
   1.050383E+01   5.534935E+03   3.770287E+02   1.158459E-01
   1.055234E+01   5.255363E+03   3.808663E+02   1.200159E-01
   1.060108E+01   4.999350E+03   3.880438E+02   1.241175E-01
   1.065005E+01   4.678999E+03   4.016299E+02   1.302344E-01
   1.069924E+01   4.115738E+03   3.987139E+02   1.445078E-01
   1.074866E+01   3.402557E+03   3.669182E+02   1.675352E-01
   1.079830E+01   2.672119E+03   3.006929E+02   1.877113E-01
   1.084818E+01   2.416552E+03   2.498210E+02   1.847624E-01
   1.089829E+01   2.131005E+03   2.199952E+02   1.849297E-01
   1.094862E+01   1.855240E+03   1.712382E+02   1.759424E-01
   1.099920E+01   2.133856E+03   1.446236E+02   1.598188E-01
   1.105000E+01   2.547512E+03   1.598557E+02   1.531234E-01
   1.110104E+01   2.670539E+03   1.854060E+02   1.554232E-01
   1.115231E+01   2.440332E+03   1.977074E+02   1.643441E-01
   1.120382E+01   2.054914E+03   1.886070E+02   1.720033E-01
   1.125557E+01   1.658131E+03   1.613472E+02   1.717600E-01
   1.130756E+01   1.524961E+03   1.301977E+02   1.619805E-01
   1.135979E+01   1.696685E+03   1.125174E+02   1.514418E-01
   1.141226E+01   2.012646E+03   1.126427E+02   1.444599E-01
   1.146497E+01   2.284638E+03   1.284951E+02   1.427975E-01
   1.151793E+01   2.438796E+03   1.468973E+02   1.436539E-01
   1.157112E+01   2.455956E+03   1.666293E+02   1.478398E-01
   1.162457E+01   2.348155E+03   1.872371E+02   1.558152E-01
   1.167826E+01   2.045504E+03   2.015393E+02   1.688551E-01
   1.173220E+01   1.520277E+03   2.051109E+02   1.858569E-01
   1.178639E+01   9.123790E+02   1.850641E+02   1.898457E-01
   1.184083E+01   5.873940E+02   1.545848E+02   1.778322E-01
   1.189552E+01   4.305461E+02   1.342565E+02   1.681190E-01
   1.195047E+01   3.689777E+02   1.172474E+02   1.595861E-01
   1.200567E+01   3.115944E+02   1.055898E+02   1.535564E-01
   1.206112E+01   2.959649E+02   9.479980E+01   1.479148E-01
   1.211683E+01   2.559007E+02   8.722143E+01   1.437393E-01
   1.217279E+01   2.528792E+02   7.954177E+01   1.395180E-01
   1.222902E+01   2.248339E+02   7.330552E+01   1.359278E-01
   1.228550E+01   2.455278E+02   6.773246E+01   1.326588E-01
   1.234225E+01   2.320404E+02   6.372505E+01   1.300810E-01
   1.239926E+01   2.234995E+02   5.856202E+01   1.269445E-01
   1.245653E+01   2.191374E+02   5.529510E+01   1.246883E-01
   1.251406E+01   1.929224E+02   5.175912E+01   1.222762E-01
   1.257186E+01   2.201252E+02   4.790376E+01   1.197226E-01
   1.262993E+01   2.025653E+02   4.483544E+01   1.175105E-01
   1.268827E+01   2.025405E+02   4.238992E+01   1.155983E-01
   1.274687E+01   2.030961E+02   3.959613E+01   1.134996E-01
   1.280575E+01   2.189509E+02   3.665758E+01   1.113109E-01
   1.286490E+01   1.905867E+02   3.479340E+01   1.096498E-01
   1.292432E+01   1.898015E+02   3.183003E+01   1.074091E-01
   1.298401E+01   2.185882E+02   2.990088E+01   1.056914E-01
   1.304398E+01   2.216881E+02   2.778304E+01   1.038568E-01
   1.310423E+01   2.164259E+02   2.559471E+01   1.019674E-01
   1.316476E+01   2.282156E+02   2.354444E+01   1.001266E-01
   1.322557E+01   2.577453E+02   2.194180E+01   9.850386E-02
   1.328665E+01   2.488389E+02   1.993997E+01   9.665944E-02
   1.334802E+01   3.296145E+02   1.750236E+01   9.439534E-02
   1.340968E+01   4.499822E+02   1.749099E+01   9.339784E-02
   1.347161E+01   4.444574E+02   1.873366E+01   9.351103E-02
   1.353384E+01   3.983111E+02   1.661712E+01   9.166492E-02
   1.359635E+01   4.082487E+02   1.435172E+01   8.950915E-02
   1.365915E+01   5.325139E+02   1.253856E+01   8.714826E-02
   1.372224E+01   7.765680E+02   1.402123E+01   8.608866E-02
   1.378562E+01   9.070368E+02   1.972749E+01   8.820824E-02
   1.384929E+01   7.057007E+02   2.256717E+01   9.076368E-02
   1.391326E+01   4.924872E+02   1.979381E+01   8.949556E-02
   1.397753E+01   3.705680E+02   1.607273E+01   8.689665E-02
   1.404209E+01   3.581553E+02   1.351801E+01   8.460446E-02
   1.410694E+01   3.599488E+02   1.139500E+01   8.249176E-02
   1.417210E+01   4.151150E+02   9.491867E+00   8.028787E-02
   1.423756E+01   5.211382E+02   8.235177E+00   7.822388E-02
   1.430332E+01   7.125537E+02   8.945794E+00   7.704495E-02
   1.436939E+01   8.586006E+02   1.124399E+01   7.717531E-02
   1.443576E+01   8.148330E+02   1.321075E+01   7.843846E-02
   1.450244E+01   6.827863E+02   1.240290E+01   7.818366E-02
   1.456942E+01   6.160135E+02   1.094448E+01   7.690658E-02
   1.463672E+01   6.213119E+02   9.594723E+00   7.523941E-02
   1.470432E+01   6.488470E+02   9.424365E+00   7.436246E-02
   1.477224E+01   6.468664E+02   9.207238E+00   7.363017E-02
   1.484047E+01   6.227055E+02   8.454213E+00   7.258500E-02
   1.490902E+01   5.976344E+02   7.969342E+00   7.175965E-02
   1.497788E+01   5.720395E+02   6.923825E+00   7.042011E-02
   1.504706E+01   5.277638E+02   5.244294E+00   6.849281E-02
   1.511656E+01   6.370013E+02   4.689279E+00   6.660753E-02
   1.518638E+01   7.840619E+02   4.958303E+00   6.506038E-02
   1.525653E+01   9.594079E+02   6.302605E+00   6.421229E-02
   1.532699E+01   1.081684E+03   7.931261E+00   6.407853E-02
   1.539779E+01   1.186753E+03   9.789063E+00   6.419192E-02
   1.546891E+01   1.211605E+03   1.159397E+01   6.509423E-02
   1.554036E+01   1.086339E+03   1.205757E+01   6.643080E-02
   1.561214E+01   8.992837E+02   1.087381E+01   6.676663E-02
   1.568425E+01   6.878753E+02   8.466409E+00   6.584767E-02
   1.575669E+01   6.144043E+02   6.353562E+00   6.386777E-02
   1.582947E+01   5.428301E+02   4.951248E+00   6.236796E-02
   1.590258E+01   5.468675E+02   4.037769E+00   6.081566E-02
   1.597603E+01   5.062600E+02   3.185450E+00   5.950847E-02
   1.604983E+01   4.957391E+02   2.311020E+00   5.780919E-02
   1.612396E+01   5.284518E+02   1.832232E+00   5.615726E-02
   1.619843E+01   6.145944E+02   1.808340E+00   5.449033E-02
   1.627325E+01   6.906685E+02   2.063188E+00   5.336828E-02
   1.634841E+01   7.821846E+02   2.493743E+00   5.189433E-02
   1.642393E+01   9.175945E+02   3.403186E+00   5.096744E-02
   1.649979E+01   1.022924E+03   4.216178E+00   5.003644E-02
   1.657600E+01   1.139549E+03   5.187679E+00   4.936658E-02
   1.665256E+01   1.167124E+03   5.410755E+00   4.875131E-02
   1.672948E+01   1.250177E+03   6.210418E+00   4.784064E-02
   1.680675E+01   1.361033E+03   7.323239E+00   4.704748E-02
   1.688438E+01   1.415019E+03   7.839302E+00   4.651886E-02
   1.696236E+01   1.466554E+03   8.429740E+00   4.570827E-02
   1.704071E+01   1.535336E+03   9.238718E+00   4.491366E-02
   1.711942E+01   1.597805E+03   1.005557E+01   4.405777E-02
   1.719849E+01   1.681380E+03   1.123102E+01   4.312077E-02
   1.727793E+01   1.798419E+03   1.304099E+01   4.204875E-02
   1.735773E+01   1.953205E+03   1.549247E+01   4.103534E-02
   1.743791E+01   2.160587E+03   1.902910E+01   3.991835E-02
   1.751845E+01   2.448379E+03   2.411269E+01   3.866326E-02
   1.759936E+01   2.798363E+03   3.041844E+01   3.741696E-02
   1.768065E+01   3.051772E+03   3.468656E+01   3.695734E-02
   1.776232E+01   3.037148E+03   3.365369E+01   3.724731E-02
   1.784436E+01   3.091950E+03   3.464470E+01   3.673368E-02
   1.792678E+01   3.306808E+03   3.961226E+01   3.565167E-02
   1.800958E+01   3.503258E+03   4.473781E+01   3.514843E-02
   1.809277E+01   3.481710E+03   4.503188E+01   3.582140E-02
   1.817634E+01   3.334987E+03   4.219609E+01   3.685270E-02
   1.826029E+01   3.174674E+03   3.894748E+01   3.776209E-02
   1.834463E+01   2.976491E+03   3.466189E+01   3.869764E-02
   1.842936E+01   2.849412E+03   3.122941E+01   3.876859E-02
   1.851449E+01   2.791694E+03   2.954029E+01   3.852403E-02
   1.860000E+01   2.695878E+03   2.733232E+01   3.855788E-02
   1.868591E+01   2.555492E+03   2.361933E+01   3.824658E-02
   1.877222E+01   2.556245E+03   2.209505E+01   3.664500E-02
   1.885893E+01   2.786440E+03   2.542817E+01   3.424489E-02
   1.894604E+01   3.202753E+03   3.380042E+01   3.163264E-02
   1.903354E+01   3.740319E+03   4.703025E+01   2.906662E-02
   1.912146E+01   4.223288E+03   6.191658E+01   2.729240E-02
   1.920978E+01   4.309190E+03   6.702802E+01   2.725138E-02
   1.929851E+01   4.241399E+03   6.709688E+01   2.760479E-02
   1.938764E+01   4.194053E+03   6.758333E+01   2.770036E-02
   1.947719E+01   4.173730E+03   6.884380E+01   2.756227E-02
   1.956715E+01   4.159758E+03   7.114705E+01   2.733080E-02
   1.965753E+01   4.127647E+03   7.370793E+01   2.711108E-02
   1.974833E+01   4.019096E+03   7.552916E+01   2.723579E-02
   1.983954E+01   3.801599E+03   7.394727E+01   2.811918E-02
   1.993118E+01   3.503977E+03   6.882664E+01   2.995160E-02
   2.002324E+01   3.237429E+03   6.263307E+01   3.200858E-02
   2.011573E+01   3.038571E+03   5.703678E+01   3.367925E-02
   2.020864E+01   2.898531E+03   5.339259E+01   3.477699E-02
   2.030198E+01   2.787671E+03   5.044766E+01   3.558753E-02
   2.039575E+01   2.708610E+03   4.822630E+01   3.604604E-02
   2.048996E+01   2.616213E+03   4.629527E+01   3.669258E-02
   2.058460E+01   2.548875E+03   4.488614E+01   3.705870E-02
   2.067967E+01   2.478198E+03   4.408135E+01   3.751996E-02
   2.077519E+01   2.360536E+03   4.231927E+01   3.863506E-02
   2.087115E+01   2.227825E+03   3.979431E+01   3.997188E-02
   2.096755E+01   2.126258E+03   3.673803E+01   4.071275E-02
   2.106440E+01   2.103074E+03   3.467561E+01   4.027457E-02
   2.116169E+01   2.076465E+03   3.443592E+01   4.026020E-02
   2.125943E+01   1.990967E+03   3.219887E+01   4.074276E-02
   2.135763E+01   2.016848E+03   3.051435E+01   3.949965E-02
   2.145628E+01   2.147709E+03   3.199466E+01   3.749166E-02
   2.155538E+01   2.194245E+03   3.521870E+01   3.694370E-02
   2.165494E+01   2.083416E+03   3.649938E+01   3.840604E-02
   2.175496E+01   1.871112E+03   3.505236E+01   4.154073E-02
   2.185545E+01   1.711790E+03   3.193895E+01   4.349652E-02
   2.195640E+01   1.659596E+03   3.005779E+01   4.352781E-02
   2.205781E+01   1.612105E+03   2.944981E+01   4.389868E-02
   2.215969E+01   1.541481E+03   2.856365E+01   4.463476E-02
   2.226204E+01   1.463175E+03   2.820857E+01   4.580771E-02
   2.236487E+01   1.322418E+03   2.708322E+01   4.799173E-02
   2.246817E+01   1.152221E+03   2.480717E+01   4.986240E-02
   2.257195E+01   1.023452E+03   2.162212E+01   4.938248E-02
   2.267621E+01   1.007067E+03   1.884699E+01   4.672316E-02
   2.278094E+01   1.093360E+03   1.795939E+01   4.426818E-02
   2.288617E+01   1.160076E+03   1.863606E+01   4.358547E-02
   2.299187E+01   1.096564E+03   1.910937E+01   4.491429E-02
   2.309807E+01   9.277894E+02   1.793223E+01   4.643467E-02
   2.320476E+01   7.906211E+02   1.559012E+01   4.562703E-02
   2.331194E+01   7.568945E+02   1.315290E+01   4.292031E-02
   2.341961E+01   8.319450E+02   1.166699E+01   4.013191E-02
   2.352779E+01   9.478546E+02   1.133516E+01   3.826418E-02
   2.363646E+01   1.029769E+03   1.168406E+01   3.747876E-02
   2.374563E+01   1.042671E+03   1.198648E+01   3.744783E-02
   2.385531E+01   1.002976E+03   1.161574E+01   3.737060E-02
   2.396549E+01   9.748296E+02   1.068881E+01   3.652237E-02
   2.407619E+01   1.033361E+03   9.846530E+00   3.475288E-02
   2.418739E+01   1.190793E+03   1.009300E+01   3.299497E-02
   2.429911E+01   1.347883E+03   1.174723E+01   3.235150E-02
   2.441135E+01   1.355500E+03   1.329991E+01   3.327757E-02
   2.452410E+01   1.266729E+03   1.392758E+01   3.483630E-02
   2.463737E+01   1.137261E+03   1.386218E+01   3.653778E-02
   2.475117E+01   9.822386E+02   1.305729E+01   3.788902E-02
   2.486549E+01   8.460541E+02   1.184469E+01   3.822003E-02
   2.498034E+01   7.438095E+02   1.046173E+01   3.752934E-02
   2.509572E+01   6.947389E+02   9.175744E+00   3.613948E-02
   2.521164E+01   6.907586E+02   8.220345E+00   3.469591E-02
   2.532809E+01   6.952408E+02   7.528989E+00   3.353646E-02
   2.544508E+01   6.949950E+02   6.886744E+00   3.248047E-02
   2.556260E+01   6.962154E+02   6.202678E+00   3.134106E-02
   2.568067E+01   7.233177E+02   5.542287E+00   3.001897E-02
   2.579929E+01   7.810497E+02   5.000525E+00   2.862140E-02
   2.591845E+01   8.790339E+02   4.741803E+00   2.728634E-02
   2.603817E+01   1.004092E+03   4.778259E+00   2.608309E-02
   2.615843E+01   1.152397E+03   5.173178E+00   2.505363E-02
   2.627926E+01   1.316391E+03   5.980385E+00   2.422350E-02
   2.640064E+01   1.449605E+03   7.175019E+00   2.389795E-02
   2.652258E+01   1.464888E+03   8.022895E+00   2.430654E-02
   2.664508E+01   1.402958E+03   7.987640E+00   2.476780E-02
   2.676815E+01   1.384150E+03   7.848543E+00   2.467769E-02
   2.689179E+01   1.387929E+03   7.818419E+00   2.443879E-02
   2.701600E+01   1.393610E+03   7.909912E+00   2.428488E-02
   2.714079E+01   1.363697E+03   7.755135E+00   2.430609E-02
   2.726615E+01   1.326318E+03   7.255267E+00   2.408972E-02
   2.739208E+01   1.349769E+03   6.686224E+00   2.314165E-02
   2.751861E+01   1.493903E+03   6.854358E+00   2.167224E-02
   2.764571E+01   1.694994E+03   8.020046E+00   2.041943E-02
   2.777340E+01   1.835310E+03   9.468901E+00   1.973996E-02
   2.790168E+01   1.910885E+03   1.068081E+01   1.935496E-02
   2.803056E+01   1.949484E+03   1.174621E+01   1.911192E-02
   2.816003E+01   1.962191E+03   1.269343E+01   1.895532E-02
   2.829010E+01   1.960787E+03   1.363840E+01   1.881530E-02
   2.842076E+01   1.920705E+03   1.459514E+01   1.890227E-02
   2.855204E+01   1.838695E+03   1.526222E+01   1.930918E-02
   2.868391E+01   1.681815E+03   1.560939E+01   2.057352E-02
   2.881640E+01   1.459921E+03   1.481206E+01   2.330734E-02
   2.894950E+01   1.251419E+03   1.333840E+01   2.648114E-02
   2.908322E+01   1.114490E+03   1.167963E+01   2.815324E-02
   2.921755E+01   1.075502E+03   1.035882E+01   2.769677E-02
   2.935250E+01   1.118507E+03   9.801750E+00   2.631594E-02
   2.948808E+01   1.171311E+03   9.813565E+00   2.528179E-02
   2.962428E+01   1.206166E+03   1.007671E+01   2.469525E-02
   2.976111E+01   1.218754E+03   1.041440E+01   2.445829E-02
   2.989857E+01   1.205117E+03   1.077113E+01   2.461410E-02
   3.003667E+01   1.172675E+03   1.110720E+01   2.506870E-02
   3.017540E+01   1.096999E+03   1.135160E+01   2.636814E-02
   3.031478E+01   9.989316E+02   1.125879E+01   2.821983E-02
   3.045480E+01   8.895996E+02   1.095960E+01   3.047112E-02
   3.059547E+01   8.043843E+02   1.056293E+01   3.212912E-02
   3.073678E+01   7.068378E+02   1.028800E+01   3.433430E-02
   3.087875E+01   5.937855E+02   9.783563E+00   3.646700E-02
   3.102138E+01   4.764853E+02   9.072217E+00   3.760991E-02
   3.116466E+01   3.968453E+02   8.191589E+00   3.654580E-02
   3.130861E+01   3.587031E+02   7.391830E+00   3.461017E-02
   3.145322E+01   3.650200E+02   6.803619E+00   3.270611E-02
   3.159850E+01   3.781274E+02   6.467092E+00   3.155100E-02
   3.174445E+01   3.877716E+02   6.327851E+00   3.105012E-02
   3.189107E+01   3.473272E+02   6.179778E+00   3.112121E-02
   3.203837E+01   3.116077E+02   5.828665E+00   3.042379E-02
   3.218635E+01   2.848295E+02   5.500990E+00   2.965203E-02
   3.233502E+01   2.666574E+02   5.161659E+00   2.873427E-02
   3.248437E+01   2.546359E+02   4.817587E+00   2.773938E-02
   3.263441E+01   2.593629E+02   4.532895E+00   2.681934E-02
   3.278515E+01   2.564549E+02   4.242505E+00   2.593293E-02
   3.293658E+01   2.850321E+02   3.969136E+00   2.491328E-02
   3.308871E+01   3.194566E+02   3.856796E+00   2.433350E-02
   3.324154E+01   3.399943E+02   3.811087E+00   2.402922E-02
   3.339508E+01   3.342630E+02   3.735498E+00   2.381826E-02
   3.354933E+01   3.306859E+02   3.561566E+00   2.329715E-02
   3.370429E+01   3.493627E+02   3.391080E+00   2.263462E-02
   3.385996E+01   3.859422E+02   3.313752E+00   2.211390E-02
   3.401636E+01   4.222041E+02   3.337234E+00   2.186127E-02
   3.417347E+01   4.402215E+02   3.426036E+00   2.191872E-02
   3.433132E+01   4.343777E+02   3.508733E+00   2.216391E-02
   3.448989E+01   3.955886E+02   3.582660E+00   2.269107E-02
   3.464919E+01   3.194615E+02   3.440787E+00   2.283014E-02
   3.480923E+01   2.774242E+02   3.177000E+00   2.222181E-02
   3.497001E+01   2.546795E+02   2.915799E+00   2.145979E-02
   3.513154E+01   2.516104E+02   2.656545E+00   2.059173E-02
   3.529380E+01   2.693264E+02   2.411827E+00   1.967857E-02
   3.545682E+01   3.151712E+02   2.216752E+00   1.879408E-02
   3.562059E+01   3.850854E+02   2.126210E+00   1.808509E-02
   3.578512E+01   4.636288E+02   2.145687E+00   1.759227E-02
   3.595041E+01   5.388439E+02   2.242195E+00   1.726013E-02
   3.611646E+01   6.020045E+02   2.451763E+00   1.723164E-02
   3.628327E+01   6.168740E+02   2.587704E+00   1.737265E-02
   3.645086E+01   6.447441E+02   2.749518E+00   1.743854E-02
   3.661922E+01   6.489111E+02   2.938726E+00   1.778144E-02
   3.678836E+01   6.317985E+02   3.107627E+00   1.831258E-02
   3.695828E+01   5.935523E+02   3.241471E+00   1.904426E-02
   3.712899E+01   5.296151E+02   3.327169E+00   2.003470E-02
   3.730048E+01   4.437420E+02   3.311377E+00   2.103879E-02
   3.747277E+01   3.575014E+02   3.158488E+00   2.146262E-02
   3.764585E+01   2.909716E+02   2.956079E+00   2.128950E-02
   3.781973E+01   2.481563E+02   2.759074E+00   2.080245E-02
   3.799442E+01   2.195515E+02   2.579609E+00   2.022771E-02
   3.816991E+01   2.001125E+02   2.423543E+00   1.966960E-02
   3.834621E+01   1.912266E+02   2.288310E+00   1.913419E-02
   3.852333E+01   1.778446E+02   2.184759E+00   1.874628E-02
   3.870126E+01   1.675138E+02   2.077009E+00   1.831842E-02
   3.888002E+01   1.521226E+02   1.976460E+00   1.793091E-02
   3.905960E+01   1.365454E+02   1.863185E+00   1.747798E-02
   3.924001E+01   1.290117E+02   1.718076E+00   1.685871E-02
   3.942126E+01   1.413327E+02   1.628195E+00   1.642129E-02
   3.960334E+01   1.403294E+02   1.540680E+00   1.602647E-02
   3.978626E+01   1.395322E+02   1.450189E+00   1.561601E-02
   3.997003E+01   1.411705E+02   1.349011E+00   1.515259E-02
   4.015465E+01   1.446091E+02   1.231839E+00   1.461672E-02
   4.034012E+01   1.762388E+02   1.130652E+00   1.407729E-02
   4.052644E+01   2.109640E+02   1.052068E+00   1.361113E-02
   4.071363E+01   2.562426E+02   9.888990E-01   1.315948E-02
   4.090168E+01   3.194688E+02   9.525196E-01   1.272264E-02
   4.109060E+01   4.053702E+02   9.819029E-01   1.238637E-02
   4.128039E+01   4.703317E+02   1.098694E+00   1.239778E-02
   4.147106E+01   4.967493E+02   1.211150E+00   1.256891E-02
   4.166261E+01   4.861584E+02   1.279010E+00   1.281858E-02
   4.185505E+01   4.567186E+02   1.279839E+00   1.296728E-02
   4.204837E+01   4.462731E+02   1.248346E+00   1.287252E-02
   4.224259E+01   4.367785E+02   1.223007E+00   1.279229E-02
   4.243770E+01   4.253105E+02   1.187152E+00   1.268266E-02
   4.263371E+01   4.091322E+02   1.100164E+00   1.239797E-02
   4.283063E+01   4.457860E+02   1.032926E+00   1.187628E-02
   4.302846E+01   5.002641E+02   1.011086E+00   1.141615E-02
   4.322721E+01   5.690000E+02   1.044003E+00   1.103853E-02
   4.342687E+01   6.500853E+02   1.150552E+00   1.076066E-02
   4.362745E+01   6.980498E+02   1.280260E+00   1.071075E-02
   4.382896E+01   7.308839E+02   1.416851E+00   1.073402E-02
   4.403140E+01   7.567489E+02   1.556307E+00   1.076569E-02
   4.423478E+01   7.328423E+02   1.674165E+00   1.116085E-02
   4.443909E+01   7.076204E+02   1.760157E+00   1.151930E-02
   4.464435E+01   6.756937E+02   1.823496E+00   1.192600E-02
   4.485056E+01   6.140125E+02   1.891344E+00   1.274938E-02
   4.505772E+01   5.450194E+02   1.870302E+00   1.353160E-02
   4.526583E+01   4.750281E+02   1.820697E+00   1.426940E-02
   4.547491E+01   4.048958E+02   1.759804E+00   1.493841E-02
   4.568495E+01   3.652371E+02   1.659450E+00   1.493222E-02
   4.589597E+01   3.318236E+02   1.586442E+00   1.492731E-02
   4.610795E+01   3.015095E+02   1.551159E+00   1.506732E-02
   4.632092E+01   2.659228E+02   1.473000E+00   1.495349E-02
   4.653487E+01   2.350486E+02   1.406715E+00   1.481321E-02
   4.674981E+01   2.085403E+02   1.350236E+00   1.465992E-02
   4.696574E+01   1.853228E+02   1.261928E+00   1.422426E-02
   4.718267E+01   1.749961E+02   1.191287E+00   1.381293E-02
   4.740060E+01   1.745345E+02   1.133662E+00   1.343399E-02
   4.761954E+01   1.649207E+02   1.089159E+00   1.318827E-02
   4.783949E+01   1.572671E+02   1.035320E+00   1.286200E-02
   4.806045E+01   1.512399E+02   9.732968E-01   1.246778E-02
   4.828244E+01   1.660379E+02   9.217190E-01   1.206167E-02
   4.850545E+01   1.845344E+02   8.816009E-01   1.171545E-02
   4.872949E+01   2.077672E+02   8.546589E-01   1.142927E-02
   4.895456E+01   2.381108E+02   8.575604E-01   1.128682E-02
   4.918068E+01   2.614656E+02   8.767342E-01   1.126575E-02
   4.940784E+01   2.646911E+02   9.128479E-01   1.146682E-02
   4.963605E+01   2.454844E+02   9.216285E-01   1.164483E-02
   4.986531E+01   2.211326E+02   9.192686E-01   1.178244E-02
   5.009563E+01   1.953718E+02   8.986099E-01   1.178844E-02
   5.032702E+01   1.759094E+02   8.616768E-01   1.162223E-02
   5.055947E+01   1.605860E+02   8.161349E-01   1.135594E-02
   5.079300E+01   1.685850E+02   7.857857E-01   1.109740E-02
   5.102761E+01   1.767392E+02   7.637693E-01   1.089876E-02
   5.126330E+01   1.849503E+02   7.529472E-01   1.078090E-02
   5.150008E+01   1.861638E+02   7.462033E-01   1.072466E-02
   5.173795E+01   1.856602E+02   7.398365E-01   1.067949E-02
   5.197692E+01   1.872980E+02   7.293886E-01   1.059280E-02
   5.221699E+01   1.858569E+02   7.259995E-01   1.057541E-02
   5.245818E+01   1.812549E+02   7.296605E-01   1.063101E-02
   5.270048E+01   1.678164E+02   7.198838E-01   1.062258E-02
   5.294389E+01   1.539030E+02   7.081479E-01   1.059580E-02
   5.318843E+01   1.423105E+02   6.963624E-01   1.055389E-02
   5.343411E+01   1.293287E+02   6.800525E-01   1.047320E-02
   5.368091E+01   1.151785E+02   6.590084E-01   1.034736E-02
   5.392886E+01   1.073993E+02   6.379475E-01   1.019376E-02
   5.417795E+01   1.017491E+02   6.173241E-01   1.003381E-02
   5.442819E+01   9.941378E+01   5.984707E-01   9.877847E-03
   5.467959E+01   9.707774E+01   5.821325E-01   9.742643E-03
   5.493214E+01   9.469149E+01   5.704246E-01   9.648073E-03
   5.518587E+01   8.984694E+01   5.559229E-01   9.532290E-03
   5.544077E+01   8.350947E+01   5.396850E-01   9.401333E-03
   5.569684E+01   8.291814E+01   5.236322E-01   9.257244E-03
   5.595410E+01   8.353336E+01   5.082202E-01   9.115035E-03
   5.621254E+01   8.350379E+01   4.990445E-01   9.031437E-03
   5.647218E+01   8.194700E+01   4.891265E-01   8.943144E-03
   5.673302E+01   7.626434E+01   4.769209E-01   8.839960E-03
   5.699506E+01   7.374597E+01   4.640445E-01   8.722345E-03
   5.725831E+01   7.462166E+01   4.502905E-01   8.588556E-03
   5.752278E+01   7.514531E+01   4.397160E-01   8.485022E-03
   5.778847E+01   7.547101E+01   4.309203E-01   8.398235E-03
   5.805539E+01   7.597931E+01   4.223509E-01   8.312497E-03
   5.832354E+01   7.653376E+01   4.139654E-01   8.227672E-03
   5.859293E+01   7.206299E+01   4.064659E-01   8.159990E-03
   5.886357E+01   6.795352E+01   3.987300E-01   8.088137E-03
   5.913545E+01   6.642032E+01   3.871803E-01   7.971845E-03
   5.940859E+01   6.499587E+01   3.765043E-01   7.863035E-03
   5.968299E+01   6.386399E+01   3.680273E-01   7.775347E-03
   5.995866E+01   6.405974E+01   3.592147E-01   7.681227E-03
   6.023560E+01   6.704309E+01   3.495702E-01   7.573189E-03
   6.051382E+01   6.901664E+01   3.427837E-01   7.495738E-03
   6.079333E+01   6.941543E+01   3.397228E-01   7.459864E-03
   6.107412E+01   6.731262E+01   3.342833E-01   7.402379E-03
   6.135622E+01   6.280043E+01   3.264975E-01   7.322298E-03
   6.163961E+01   5.974382E+01   3.191782E-01   7.243942E-03
   6.192432E+01   5.778916E+01   3.122371E-01   7.167252E-03
   6.221034E+01   5.636144E+01   3.040770E-01   7.075354E-03
   6.249768E+01   5.530208E+01   2.951336E-01   6.973156E-03
   6.278635E+01   5.617666E+01   2.880157E-01   6.888088E-03
   6.307635E+01   5.843368E+01   2.821387E-01   6.814526E-03
   6.336770E+01   5.971051E+01   2.763677E-01   6.742757E-03
   6.366038E+01   6.027935E+01   2.706982E-01   6.672455E-03
   6.395442E+01   6.040831E+01   2.659221E-01   6.612527E-03
   6.424982E+01   6.021059E+01   2.617929E-01   6.560195E-03
   6.454658E+01   5.924145E+01   2.571170E-01   6.502055E-03
   6.484471E+01   5.764301E+01   2.520146E-01   6.439119E-03
   6.514422E+01   5.442248E+01   2.468913E-01   6.377284E-03
   6.544512E+01   4.973682E+01   2.417802E-01   6.316402E-03
   6.574740E+01   4.763163E+01   2.350826E-01   6.232190E-03
   6.605108E+01   4.886655E+01   2.260793E-01   6.115092E-03
   6.635616E+01   5.111390E+01   2.193358E-01   6.023839E-03
   6.666265E+01   5.585666E+01   2.171568E-01   5.985635E-03
   6.697056E+01   5.884157E+01   2.142408E-01   5.939888E-03
   6.727989E+01   5.304763E+01   2.080314E-01   5.862646E-03
   6.759065E+01   4.847852E+01   2.019889E-01   5.784639E-03
   6.790284E+01   5.667303E+01   1.950341E-01   5.680351E-03
   6.821647E+01   6.624153E+01   1.884783E-01   5.577472E-03
   6.853156E+01   7.538641E+01   1.880846E-01   5.551944E-03
   6.884809E+01   8.550606E+01   1.885785E-01   5.534711E-03
   6.916610E+01   8.533579E+01   1.894962E-01   5.540862E-03
   6.948557E+01   8.086867E+01   1.905060E-01   5.557230E-03
   6.980651E+01   7.485279E+01   1.887642E-01   5.539584E-03
   7.012894E+01   6.773750E+01   1.845475E-01   5.488650E-03
   7.045286E+01   6.272560E+01   1.803642E-01   5.433542E-03
   7.077827E+01   6.156552E+01   1.759222E-01   5.368508E-03
   7.110518E+01   6.053823E+01   1.715775E-01   5.303988E-03
   7.143361E+01   6.267096E+01   1.670738E-01   5.232340E-03
   7.176355E+01   6.487701E+01   1.626946E-01   5.161681E-03
   7.209502E+01   6.960595E+01   1.614667E-01   5.132317E-03
   7.242802E+01   7.550794E+01   1.612457E-01   5.115395E-03
   7.276255E+01   7.457639E+01   1.609554E-01   5.108842E-03
   7.309864E+01   6.615365E+01   1.606179E-01   5.114184E-03
   7.343627E+01   5.880708E+01   1.596724E-01   5.108127E-03
   7.377546E+01   5.298539E+01   1.547477E-01   5.036795E-03
   7.411622E+01   4.773603E+01   1.500210E-01   4.966194E-03
   7.445856E+01   4.739244E+01   1.465999E-01   4.909827E-03
   7.480247E+01   4.821304E+01   1.435391E-01   4.857422E-03
   7.514797E+01   4.753605E+01   1.409203E-01   4.813301E-03
   7.549507E+01   4.494557E+01   1.388533E-01   4.779811E-03
   7.584378E+01   4.241366E+01   1.367784E-01   4.745803E-03
   7.619409E+01   3.759620E+01   1.332550E-01   4.689224E-03
   7.654602E+01   3.332452E+01   1.298559E-01   4.633117E-03
   7.689958E+01   3.265437E+01   1.261519E-01   4.568316E-03
   7.725477E+01   3.416008E+01   1.222893E-01   4.498571E-03
   7.761160E+01   3.580957E+01   1.188643E-01   4.435486E-03
   7.797007E+01   3.798227E+01   1.173009E-01   4.403303E-03
   7.833021E+01   4.028617E+01   1.157671E-01   4.371298E-03
   7.869201E+01   3.925377E+01   1.138709E-01   4.335680E-03
   7.905548E+01   3.670363E+01   1.118294E-01   4.298464E-03
   7.942062E+01   3.469071E+01   1.097867E-01   4.260380E-03
   7.978746E+01   3.463483E+01   1.075495E-01   4.216934E-03
   8.015599E+01   3.457902E+01   1.053577E-01   4.173935E-03
   8.052622E+01   3.312831E+01   1.032075E-01   4.132352E-03
   8.089816E+01   3.096709E+01   1.011052E-01   4.091720E-03
   8.127182E+01   2.916779E+01   9.902752E-02   4.050850E-03
   8.164720E+01   3.106897E+01   9.661282E-02   4.000843E-03
   8.202432E+01   3.309345E+01   9.426210E-02   3.951439E-03
   8.240318E+01   3.379423E+01   9.265360E-02   3.916665E-03
   8.278379E+01   3.283915E+01   9.186281E-02   3.898675E-03
   8.316616E+01   3.191004E+01   9.107455E-02   3.880828E-03
   8.355029E+01   2.812410E+01   8.865200E-02   3.832471E-03
   8.393620E+01   2.429212E+01   8.598500E-02   3.778413E-03
   8.432389E+01   2.213680E+01   8.347434E-02   3.725815E-03
   8.471337E+01   2.639409E+01   8.136787E-02   3.677600E-03
   8.510465E+01   3.146851E+01   7.934666E-02   3.629807E-03
   8.549774E+01   3.509975E+01   7.824485E-02   3.600907E-03
   8.589264E+01   3.632289E+01   7.808965E-02   3.593062E-03
   8.628937E+01   3.758554E+01   7.792606E-02   3.585353E-03
   8.668793E+01   3.267052E+01   7.685325E-02   3.563443E-03
   8.708833E+01   2.671891E+01   7.553774E-02   3.536324E-03
   8.749058E+01   2.185039E+01   7.428561E-02   3.509100E-03
   8.789469E+01   2.210655E+01   7.213230E-02   3.459164E-03
   8.830067E+01   2.247898E+01   7.001500E-02   3.409477E-03
   8.870852E+01   2.314863E+01   6.808936E-02   3.363406E-03
   8.911825E+01   2.529150E+01   6.683129E-02   3.331005E-03
   8.952988E+01   2.763247E+01   6.560412E-02   3.298856E-03
   8.994340E+01   2.853060E+01   6.416541E-02   3.262458E-03
   9.035884E+01   2.639546E+01   6.230336E-02   3.217845E-03
   9.077620E+01   2.441915E+01   6.049631E-02   3.173853E-03
   9.119548E+01   2.415335E+01   5.930770E-02   3.142805E-03
   9.161670E+01   2.579642E+01   5.878611E-02   3.126134E-03
   9.203987E+01   2.755039E+01   5.827049E-02   3.109552E-03
   9.246499E+01   2.733591E+01   5.729869E-02   3.083218E-03
   9.289207E+01   2.555622E+01   5.598068E-02   3.049222E-03
   9.332113E+01   2.389215E+01   5.469555E-02   3.015581E-03
   9.375217E+01   2.411331E+01   5.382281E-02   2.990781E-03
   9.418520E+01   2.560777E+01   5.321645E-02   2.971789E-03
   9.462023E+01   2.719432E+01   5.261889E-02   2.952906E-03
   9.505727E+01   2.502322E+01   5.160363E-02   2.925499E-03
   9.549632E+01   2.098531E+01   5.035577E-02   2.892675E-03
   9.593741E+01   1.759838E+01   4.915275E-02   2.860085E-03
   9.638053E+01   1.747354E+01   4.804661E-02   2.828375E-03
   9.682570E+01   1.968642E+01   4.701388E-02   2.797410E-03
   9.727293E+01   2.217922E+01   4.600991E-02   2.766729E-03
   9.772222E+01   2.345066E+01   4.509975E-02   2.738778E-03
   9.817359E+01   2.323446E+01   4.427434E-02   2.713592E-03
   9.862704E+01   2.302026E+01   4.346404E-02   2.688636E-03
   9.908259E+01   2.280805E+01   4.266860E-02   2.663910E-03
   9.954024E+01   2.259779E+01   4.188772E-02   2.639411E-03
   1.000000E+02   2.238948E+01   4.112115E-02   2.615136E-03
