# Opacities computed by OpTool        <a^n>=  1.6377E-1  1.9248E-1  2.4300E-1
# Method:   DHS  fmax=  0.700
# Parameters:
#   amin [um]=      0.100 amax [um]=      1.500  na  =   18    apow=   3.5    
#   lmin [um]=      0.100 lmax [um]=    100.000  nlam= 1500    nang=   180
#   porosity =      0.000 p_mantle =      0.000  fmax= 0.70    chop=   0.0
# Composition:
#  Where   mfrac  rho   Material
#  -----   -----  ----  -----------------------------------------------------
#  core    1.000  8.91  lnk_data/ni-Ordal1987.lnk
#  - - -   - - -  -  -  - - - - - - - - - - - - - - - - - - - - - - - - - - -
#  grain   1.000  8.91  mixture of  1 materials
#----------------------------------------------------------------------------
# Command: optool -c lnk_data/ni-Ordal1987.lnk 52 8.908 -a 0.1 1.5 -l 0.1 \
#   100 1500 -dhs 0.7
#============================================================================
# Standard output file, no scattering matrix
#    iformat
#    nlambda
#    lambda[um]  kabs [cm^2/g]  ksca [cm^2/g]    g_asymmetry
#============================================================================
           3
        1500
   1.000000E-01   1.647592E+03   6.298698E+03   6.211654E-01
   1.004619E-01   1.648672E+03   6.300388E+03   6.211281E-01
   1.009259E-01   1.649754E+03   6.302080E+03   6.210901E-01
   1.013921E-01   1.650837E+03   6.303773E+03   6.210512E-01
   1.018604E-01   1.651922E+03   6.305468E+03   6.210115E-01
   1.023309E-01   1.653007E+03   6.307164E+03   6.209710E-01
   1.028035E-01   1.654094E+03   6.308863E+03   6.209296E-01
   1.032784E-01   1.655181E+03   6.310564E+03   6.208873E-01
   1.037554E-01   1.656270E+03   6.312268E+03   6.208443E-01
   1.042346E-01   1.657359E+03   6.313975E+03   6.208004E-01
   1.047161E-01   1.658450E+03   6.315686E+03   6.207558E-01
   1.051997E-01   1.659542E+03   6.317400E+03   6.207104E-01
   1.056856E-01   1.660635E+03   6.319118E+03   6.206643E-01
   1.061738E-01   1.661729E+03   6.320841E+03   6.206175E-01
   1.066642E-01   1.662825E+03   6.322569E+03   6.205700E-01
   1.071569E-01   1.663922E+03   6.324302E+03   6.205220E-01
   1.076518E-01   1.665022E+03   6.326041E+03   6.204735E-01
   1.081490E-01   1.666125E+03   6.327785E+03   6.204244E-01
   1.086486E-01   1.667231E+03   6.329535E+03   6.203749E-01
   1.091504E-01   1.668340E+03   6.331291E+03   6.203249E-01
   1.096546E-01   1.669452E+03   6.333051E+03   6.202744E-01
   1.101610E-01   1.670567E+03   6.334817E+03   6.202234E-01
   1.106699E-01   1.671686E+03   6.336588E+03   6.201721E-01
   1.111810E-01   1.672808E+03   6.338364E+03   6.201203E-01
   1.116946E-01   1.673935E+03   6.340144E+03   6.200682E-01
   1.122105E-01   1.675066E+03   6.341929E+03   6.200156E-01
   1.127287E-01   1.676200E+03   6.343717E+03   6.199625E-01
   1.132494E-01   1.677338E+03   6.345509E+03   6.199088E-01
   1.137725E-01   1.678480E+03   6.347304E+03   6.198545E-01
   1.142980E-01   1.679626E+03   6.349101E+03   6.197997E-01
   1.148259E-01   1.680776E+03   6.350901E+03   6.197442E-01
   1.153563E-01   1.681929E+03   6.352701E+03   6.196879E-01
   1.158891E-01   1.683086E+03   6.354502E+03   6.196309E-01
   1.164244E-01   1.684245E+03   6.356302E+03   6.195729E-01
   1.169622E-01   1.685406E+03   6.358103E+03   6.195138E-01
   1.175024E-01   1.686569E+03   6.359904E+03   6.194536E-01
   1.180451E-01   1.687733E+03   6.361704E+03   6.193924E-01
   1.185904E-01   1.688898E+03   6.363505E+03   6.193300E-01
   1.191381E-01   1.690064E+03   6.365305E+03   6.192664E-01
   1.196884E-01   1.691231E+03   6.367105E+03   6.192015E-01
   1.202412E-01   1.692397E+03   6.368906E+03   6.191352E-01
   1.207966E-01   1.693563E+03   6.370708E+03   6.190676E-01
   1.213545E-01   1.694729E+03   6.372512E+03   6.189988E-01
   1.219151E-01   1.695894E+03   6.374318E+03   6.189288E-01
   1.224782E-01   1.697060E+03   6.376127E+03   6.188575E-01
   1.230439E-01   1.698225E+03   6.377940E+03   6.187852E-01
   1.236122E-01   1.699391E+03   6.379757E+03   6.187118E-01
   1.241832E-01   1.700557E+03   6.381579E+03   6.186373E-01
   1.247567E-01   1.701724E+03   6.383408E+03   6.185619E-01
   1.253330E-01   1.702892E+03   6.385243E+03   6.184857E-01
   1.259119E-01   1.704061E+03   6.387087E+03   6.184088E-01
   1.264935E-01   1.705233E+03   6.388938E+03   6.183314E-01
   1.270777E-01   1.706409E+03   6.390798E+03   6.182534E-01
   1.276647E-01   1.707588E+03   6.392666E+03   6.181750E-01
   1.282543E-01   1.708772E+03   6.394543E+03   6.180962E-01
   1.288467E-01   1.709959E+03   6.396427E+03   6.180169E-01
   1.294419E-01   1.711151E+03   6.398320E+03   6.179374E-01
   1.300397E-01   1.712349E+03   6.400221E+03   6.178575E-01
   1.306404E-01   1.713552E+03   6.402130E+03   6.177774E-01
   1.312438E-01   1.714761E+03   6.404046E+03   6.176970E-01
   1.318500E-01   1.715977E+03   6.405967E+03   6.176163E-01
   1.324590E-01   1.717199E+03   6.407894E+03   6.175353E-01
   1.330708E-01   1.718426E+03   6.409825E+03   6.174537E-01
   1.336854E-01   1.719660E+03   6.411759E+03   6.173717E-01
   1.343029E-01   1.720900E+03   6.413696E+03   6.172890E-01
   1.349232E-01   1.722145E+03   6.415633E+03   6.172056E-01
   1.355464E-01   1.723395E+03   6.417569E+03   6.171214E-01
   1.361725E-01   1.724650E+03   6.419504E+03   6.170362E-01
   1.368015E-01   1.725908E+03   6.421437E+03   6.169496E-01
   1.374333E-01   1.727167E+03   6.423368E+03   6.168616E-01
   1.380681E-01   1.728429E+03   6.425295E+03   6.167721E-01
   1.387058E-01   1.729691E+03   6.427220E+03   6.166811E-01
   1.393465E-01   1.730956E+03   6.429142E+03   6.165887E-01
   1.399901E-01   1.732221E+03   6.431059E+03   6.164945E-01
   1.406367E-01   1.733485E+03   6.432972E+03   6.163985E-01
   1.412863E-01   1.734747E+03   6.434883E+03   6.163006E-01
   1.419389E-01   1.736008E+03   6.436792E+03   6.162006E-01
   1.425945E-01   1.737266E+03   6.438700E+03   6.160987E-01
   1.432531E-01   1.738522E+03   6.440608E+03   6.159949E-01
   1.439148E-01   1.739777E+03   6.442516E+03   6.158895E-01
   1.445795E-01   1.741031E+03   6.444427E+03   6.157823E-01
   1.452473E-01   1.742282E+03   6.446340E+03   6.156734E-01
   1.459182E-01   1.743533E+03   6.448257E+03   6.155629E-01
   1.465922E-01   1.744782E+03   6.450181E+03   6.154508E-01
   1.472692E-01   1.746031E+03   6.452111E+03   6.153374E-01
   1.479495E-01   1.747282E+03   6.454050E+03   6.152231E-01
   1.486328E-01   1.748535E+03   6.455998E+03   6.151079E-01
   1.493193E-01   1.749791E+03   6.457955E+03   6.149919E-01
   1.500090E-01   1.751052E+03   6.459921E+03   6.148752E-01
   1.507019E-01   1.752316E+03   6.461897E+03   6.147579E-01
   1.513980E-01   1.753585E+03   6.463883E+03   6.146400E-01
   1.520973E-01   1.754858E+03   6.465880E+03   6.145215E-01
   1.527998E-01   1.756137E+03   6.467888E+03   6.144024E-01
   1.535056E-01   1.757423E+03   6.469905E+03   6.142830E-01
   1.542146E-01   1.758715E+03   6.471932E+03   6.141631E-01
   1.549269E-01   1.760014E+03   6.473968E+03   6.140427E-01
   1.556425E-01   1.761320E+03   6.476011E+03   6.139218E-01
   1.563614E-01   1.762633E+03   6.478061E+03   6.138004E-01
   1.570836E-01   1.763953E+03   6.480117E+03   6.136784E-01
   1.578091E-01   1.765279E+03   6.482177E+03   6.135557E-01
   1.585380E-01   1.766613E+03   6.484240E+03   6.134321E-01
   1.592703E-01   1.767953E+03   6.486305E+03   6.133076E-01
   1.600059E-01   1.769297E+03   6.488370E+03   6.131820E-01
   1.607450E-01   1.770646E+03   6.490435E+03   6.130549E-01
   1.614874E-01   1.771997E+03   6.492500E+03   6.129263E-01
   1.622333E-01   1.773352E+03   6.494565E+03   6.127962E-01
   1.629827E-01   1.774711E+03   6.496628E+03   6.126648E-01
   1.637355E-01   1.776072E+03   6.498688E+03   6.125319E-01
   1.644917E-01   1.777435E+03   6.500745E+03   6.123973E-01
   1.652515E-01   1.778799E+03   6.502800E+03   6.122609E-01
   1.660148E-01   1.780162E+03   6.504852E+03   6.121224E-01
   1.667816E-01   1.781525E+03   6.506901E+03   6.119820E-01
   1.675519E-01   1.782887E+03   6.508950E+03   6.118395E-01
   1.683258E-01   1.784249E+03   6.510998E+03   6.116950E-01
   1.691033E-01   1.785609E+03   6.513046E+03   6.115485E-01
   1.698844E-01   1.786970E+03   6.515095E+03   6.114001E-01
   1.706690E-01   1.788330E+03   6.517145E+03   6.112499E-01
   1.714573E-01   1.789690E+03   6.519198E+03   6.110979E-01
   1.722493E-01   1.791051E+03   6.521255E+03   6.109445E-01
   1.730449E-01   1.792415E+03   6.523314E+03   6.107898E-01
   1.738442E-01   1.793781E+03   6.525378E+03   6.106338E-01
   1.746471E-01   1.795150E+03   6.527446E+03   6.104764E-01
   1.754538E-01   1.796523E+03   6.529518E+03   6.103178E-01
   1.762642E-01   1.797900E+03   6.531596E+03   6.101578E-01
   1.770783E-01   1.799281E+03   6.533678E+03   6.099965E-01
   1.778962E-01   1.800667E+03   6.535766E+03   6.098341E-01
   1.787179E-01   1.802060E+03   6.537859E+03   6.096707E-01
   1.795434E-01   1.803460E+03   6.539956E+03   6.095066E-01
   1.803727E-01   1.804867E+03   6.542057E+03   6.093417E-01
   1.812058E-01   1.806281E+03   6.544160E+03   6.091757E-01
   1.820428E-01   1.807701E+03   6.546266E+03   6.090082E-01
   1.828836E-01   1.809126E+03   6.548374E+03   6.088391E-01
   1.837283E-01   1.810556E+03   6.550483E+03   6.086683E-01
   1.845769E-01   1.811991E+03   6.552594E+03   6.084959E-01
   1.854295E-01   1.813432E+03   6.554704E+03   6.083220E-01
   1.862860E-01   1.814878E+03   6.556813E+03   6.081464E-01
   1.871464E-01   1.816329E+03   6.558919E+03   6.079689E-01
   1.880108E-01   1.817781E+03   6.561022E+03   6.077890E-01
   1.888792E-01   1.819233E+03   6.563123E+03   6.076064E-01
   1.897516E-01   1.820687E+03   6.565222E+03   6.074214E-01
   1.906280E-01   1.822142E+03   6.567320E+03   6.072342E-01
   1.915085E-01   1.823600E+03   6.569415E+03   6.070449E-01
   1.923931E-01   1.825058E+03   6.571506E+03   6.068535E-01
   1.932817E-01   1.826517E+03   6.573595E+03   6.066596E-01
   1.941745E-01   1.827974E+03   6.575683E+03   6.064631E-01
   1.950713E-01   1.829430E+03   6.577770E+03   6.062640E-01
   1.959723E-01   1.830882E+03   6.579858E+03   6.060619E-01
   1.968775E-01   1.832332E+03   6.581949E+03   6.058571E-01
   1.977869E-01   1.833779E+03   6.584043E+03   6.056495E-01
   1.987004E-01   1.835225E+03   6.586143E+03   6.054392E-01
   1.996182E-01   1.836669E+03   6.588248E+03   6.052265E-01
   2.005402E-01   1.838112E+03   6.590361E+03   6.050114E-01
   2.014665E-01   1.839556E+03   6.592484E+03   6.047942E-01
   2.023970E-01   1.841001E+03   6.594615E+03   6.045752E-01
   2.033319E-01   1.842449E+03   6.596758E+03   6.043547E-01
   2.042710E-01   1.843901E+03   6.598911E+03   6.041326E-01
   2.052145E-01   1.845358E+03   6.601075E+03   6.039091E-01
   2.061624E-01   1.846821E+03   6.603250E+03   6.036843E-01
   2.071146E-01   1.848290E+03   6.605437E+03   6.034583E-01
   2.080713E-01   1.849766E+03   6.607636E+03   6.032312E-01
   2.090323E-01   1.851251E+03   6.609846E+03   6.030034E-01
   2.099978E-01   1.852747E+03   6.612066E+03   6.027750E-01
   2.109678E-01   1.854254E+03   6.614296E+03   6.025462E-01
   2.119422E-01   1.855772E+03   6.616533E+03   6.023168E-01
   2.129212E-01   1.857301E+03   6.618776E+03   6.020866E-01
   2.139046E-01   1.858840E+03   6.621025E+03   6.018553E-01
   2.148926E-01   1.860388E+03   6.623278E+03   6.016228E-01
   2.158852E-01   1.861948E+03   6.625534E+03   6.013892E-01
   2.168823E-01   1.863518E+03   6.627790E+03   6.011546E-01
   2.178841E-01   1.865101E+03   6.630046E+03   6.009192E-01
   2.188905E-01   1.866694E+03   6.632297E+03   6.006826E-01
   2.199015E-01   1.868296E+03   6.634543E+03   6.004445E-01
   2.209172E-01   1.869906E+03   6.636783E+03   6.002044E-01
   2.219376E-01   1.871523E+03   6.639016E+03   5.999624E-01
   2.229627E-01   1.873147E+03   6.641242E+03   5.997187E-01
   2.239925E-01   1.874781E+03   6.643458E+03   5.994734E-01
   2.250271E-01   1.876423E+03   6.645663E+03   5.992266E-01
   2.260665E-01   1.878073E+03   6.647857E+03   5.989781E-01
   2.271106E-01   1.879728E+03   6.650038E+03   5.987277E-01
   2.281596E-01   1.881389E+03   6.652208E+03   5.984751E-01
   2.292135E-01   1.883054E+03   6.654367E+03   5.982202E-01
   2.302722E-01   1.884723E+03   6.656516E+03   5.979629E-01
   2.313358E-01   1.886394E+03   6.658655E+03   5.977031E-01
   2.324043E-01   1.888068E+03   6.660786E+03   5.974407E-01
   2.334777E-01   1.889745E+03   6.662909E+03   5.971758E-01
   2.345562E-01   1.891423E+03   6.665026E+03   5.969081E-01
   2.356395E-01   1.893102E+03   6.667138E+03   5.966377E-01
   2.367279E-01   1.894782E+03   6.669246E+03   5.963646E-01
   2.378213E-01   1.896463E+03   6.671351E+03   5.960887E-01
   2.389198E-01   1.898145E+03   6.673454E+03   5.958100E-01
   2.400234E-01   1.899827E+03   6.675554E+03   5.955283E-01
   2.411320E-01   1.901511E+03   6.677653E+03   5.952435E-01
   2.422458E-01   1.903195E+03   6.679752E+03   5.949555E-01
   2.433647E-01   1.904881E+03   6.681851E+03   5.946644E-01
   2.444887E-01   1.906568E+03   6.683950E+03   5.943701E-01
   2.456180E-01   1.908259E+03   6.686049E+03   5.940730E-01
   2.467525E-01   1.909954E+03   6.688150E+03   5.937732E-01
   2.478922E-01   1.911653E+03   6.690249E+03   5.934706E-01
   2.490372E-01   1.913358E+03   6.692348E+03   5.931651E-01
   2.501874E-01   1.915066E+03   6.694446E+03   5.928563E-01
   2.513430E-01   1.916778E+03   6.696542E+03   5.925442E-01
   2.525040E-01   1.918493E+03   6.698636E+03   5.922287E-01
   2.536702E-01   1.920214E+03   6.700729E+03   5.919100E-01
   2.548419E-01   1.921940E+03   6.702818E+03   5.915880E-01
   2.560190E-01   1.923671E+03   6.704902E+03   5.912627E-01
   2.572015E-01   1.925407E+03   6.706981E+03   5.909339E-01
   2.583895E-01   1.927146E+03   6.709054E+03   5.906011E-01
   2.595830E-01   1.928887E+03   6.711122E+03   5.902643E-01
   2.607819E-01   1.930631E+03   6.713184E+03   5.899235E-01
   2.619865E-01   1.932379E+03   6.715241E+03   5.895791E-01
   2.631965E-01   1.934134E+03   6.717290E+03   5.892314E-01
   2.644122E-01   1.935893E+03   6.719333E+03   5.888803E-01
   2.656335E-01   1.937658E+03   6.721368E+03   5.885257E-01
   2.668604E-01   1.939427E+03   6.723397E+03   5.881676E-01
   2.680930E-01   1.941199E+03   6.725420E+03   5.878057E-01
   2.693313E-01   1.942975E+03   6.727439E+03   5.874400E-01
   2.705753E-01   1.944752E+03   6.729454E+03   5.870703E-01
   2.718251E-01   1.946533E+03   6.731468E+03   5.866967E-01
   2.730806E-01   1.948316E+03   6.733480E+03   5.863191E-01
   2.743419E-01   1.950102E+03   6.735492E+03   5.859375E-01
   2.756091E-01   1.951891E+03   6.737506E+03   5.855521E-01
   2.768821E-01   1.953683E+03   6.739523E+03   5.851629E-01
   2.781610E-01   1.955479E+03   6.741543E+03   5.847702E-01
   2.794458E-01   1.957280E+03   6.743568E+03   5.843739E-01
   2.807365E-01   1.959086E+03   6.745598E+03   5.839742E-01
   2.820332E-01   1.960898E+03   6.747633E+03   5.835709E-01
   2.833359E-01   1.962715E+03   6.749673E+03   5.831641E-01
   2.846445E-01   1.964538E+03   6.751720E+03   5.827536E-01
   2.859593E-01   1.966367E+03   6.753774E+03   5.823395E-01
   2.872801E-01   1.968204E+03   6.755834E+03   5.819220E-01
   2.886070E-01   1.970051E+03   6.757901E+03   5.815013E-01
   2.899400E-01   1.971908E+03   6.759973E+03   5.810777E-01
   2.912792E-01   1.973778E+03   6.762050E+03   5.806513E-01
   2.926246E-01   1.975659E+03   6.764130E+03   5.802220E-01
   2.939762E-01   1.977553E+03   6.766214E+03   5.797898E-01
   2.953341E-01   1.979460E+03   6.768300E+03   5.793547E-01
   2.966982E-01   1.981380E+03   6.770389E+03   5.789168E-01
   2.980686E-01   1.983315E+03   6.772477E+03   5.784763E-01
   2.994453E-01   1.985265E+03   6.774566E+03   5.780333E-01
   3.008284E-01   1.987230E+03   6.776651E+03   5.775877E-01
   3.022179E-01   1.989209E+03   6.778733E+03   5.771394E-01
   3.036138E-01   1.991203E+03   6.780810E+03   5.766882E-01
   3.050162E-01   1.993210E+03   6.782883E+03   5.762342E-01
   3.064250E-01   1.995235E+03   6.784951E+03   5.757780E-01
   3.078404E-01   1.997278E+03   6.787012E+03   5.753201E-01
   3.092622E-01   1.999340E+03   6.789066E+03   5.748607E-01
   3.106907E-01   2.001422E+03   6.791111E+03   5.744000E-01
   3.121257E-01   2.003523E+03   6.793148E+03   5.739379E-01
   3.135674E-01   2.005644E+03   6.795175E+03   5.734745E-01
   3.150157E-01   2.007783E+03   6.797195E+03   5.730099E-01
   3.164707E-01   2.009941E+03   6.799206E+03   5.725441E-01
   3.179325E-01   2.012117E+03   6.801211E+03   5.720772E-01
   3.194010E-01   2.014313E+03   6.803208E+03   5.716093E-01
   3.208762E-01   2.016528E+03   6.805200E+03   5.711405E-01
   3.223583E-01   2.018761E+03   6.807186E+03   5.706708E-01
   3.238473E-01   2.021013E+03   6.809167E+03   5.702004E-01
   3.253431E-01   2.023283E+03   6.811144E+03   5.697293E-01
   3.268458E-01   2.025570E+03   6.813117E+03   5.692574E-01
   3.283555E-01   2.027874E+03   6.815086E+03   5.687846E-01
   3.298721E-01   2.030194E+03   6.817052E+03   5.683106E-01
   3.313957E-01   2.032528E+03   6.819013E+03   5.678351E-01
   3.329264E-01   2.034874E+03   6.820971E+03   5.673576E-01
   3.344641E-01   2.037231E+03   6.822924E+03   5.668777E-01
   3.360090E-01   2.039598E+03   6.824872E+03   5.663953E-01
   3.375610E-01   2.041976E+03   6.826815E+03   5.659102E-01
   3.391201E-01   2.044365E+03   6.828751E+03   5.654224E-01
   3.406865E-01   2.046765E+03   6.830678E+03   5.649317E-01
   3.422601E-01   2.049176E+03   6.832594E+03   5.644381E-01
   3.438409E-01   2.051598E+03   6.834498E+03   5.639412E-01
   3.454291E-01   2.054030E+03   6.836389E+03   5.634410E-01
   3.470246E-01   2.056473E+03   6.838265E+03   5.629373E-01
   3.486274E-01   2.058928E+03   6.840124E+03   5.624303E-01
   3.502377E-01   2.061396E+03   6.841965E+03   5.619200E-01
   3.518554E-01   2.063876E+03   6.843784E+03   5.614064E-01
   3.534806E-01   2.066369E+03   6.845580E+03   5.608893E-01
   3.551133E-01   2.068873E+03   6.847352E+03   5.603684E-01
   3.567535E-01   2.071389E+03   6.849097E+03   5.598438E-01
   3.584013E-01   2.073917E+03   6.850816E+03   5.593155E-01
   3.600567E-01   2.076461E+03   6.852507E+03   5.587841E-01
   3.617198E-01   2.079020E+03   6.854169E+03   5.582498E-01
   3.633905E-01   2.081596E+03   6.855799E+03   5.577128E-01
   3.650690E-01   2.084189E+03   6.857396E+03   5.571729E-01
   3.667552E-01   2.086798E+03   6.858962E+03   5.566303E-01
   3.684492E-01   2.089422E+03   6.860495E+03   5.560847E-01
   3.701510E-01   2.092062E+03   6.861996E+03   5.555362E-01
   3.718607E-01   2.094718E+03   6.863464E+03   5.549846E-01
   3.735783E-01   2.097388E+03   6.864901E+03   5.544300E-01
   3.753038E-01   2.100074E+03   6.866308E+03   5.538724E-01
   3.770372E-01   2.102776E+03   6.867684E+03   5.533118E-01
   3.787787E-01   2.105491E+03   6.869031E+03   5.527480E-01
   3.805283E-01   2.108221E+03   6.870350E+03   5.521810E-01
   3.822859E-01   2.110965E+03   6.871641E+03   5.516107E-01
   3.840516E-01   2.113721E+03   6.872906E+03   5.510370E-01
   3.858255E-01   2.116490E+03   6.874143E+03   5.504594E-01
   3.876076E-01   2.119269E+03   6.875355E+03   5.498777E-01
   3.893979E-01   2.122057E+03   6.876541E+03   5.492912E-01
   3.911965E-01   2.124853E+03   6.877703E+03   5.486996E-01
   3.930034E-01   2.127655E+03   6.878839E+03   5.481023E-01
   3.948186E-01   2.130463E+03   6.879952E+03   5.474992E-01
   3.966422E-01   2.133277E+03   6.881041E+03   5.468901E-01
   3.984743E-01   2.136097E+03   6.882104E+03   5.462747E-01
   4.003148E-01   2.138924E+03   6.883142E+03   5.456529E-01
   4.021638E-01   2.141758E+03   6.884154E+03   5.450243E-01
   4.040213E-01   2.144597E+03   6.885140E+03   5.443888E-01
   4.058874E-01   2.147443E+03   6.886100E+03   5.437460E-01
   4.077622E-01   2.150295E+03   6.887033E+03   5.430960E-01
   4.096456E-01   2.153155E+03   6.887939E+03   5.424386E-01
   4.115377E-01   2.156022E+03   6.888817E+03   5.417738E-01
   4.134385E-01   2.158897E+03   6.889666E+03   5.411015E-01
   4.153481E-01   2.161780E+03   6.890487E+03   5.404215E-01
   4.172666E-01   2.164671E+03   6.891278E+03   5.397334E-01
   4.191939E-01   2.167569E+03   6.892041E+03   5.390372E-01
   4.211301E-01   2.170476E+03   6.892776E+03   5.383333E-01
   4.230752E-01   2.173395E+03   6.893482E+03   5.376219E-01
   4.250294E-01   2.176326E+03   6.894160E+03   5.369031E-01
   4.269925E-01   2.179269E+03   6.894810E+03   5.361771E-01
   4.289648E-01   2.182225E+03   6.895433E+03   5.354438E-01
   4.309461E-01   2.185194E+03   6.896030E+03   5.347030E-01
   4.329366E-01   2.188175E+03   6.896603E+03   5.339547E-01
   4.349363E-01   2.191168E+03   6.897152E+03   5.331989E-01
   4.369452E-01   2.194174E+03   6.897680E+03   5.324355E-01
   4.389634E-01   2.197192E+03   6.898188E+03   5.316646E-01
   4.409909E-01   2.200224E+03   6.898679E+03   5.308861E-01
   4.430278E-01   2.203268E+03   6.899154E+03   5.301002E-01
   4.450741E-01   2.206325E+03   6.899616E+03   5.293066E-01
   4.471298E-01   2.209395E+03   6.900066E+03   5.285055E-01
   4.491950E-01   2.212478E+03   6.900506E+03   5.276967E-01
   4.512698E-01   2.215573E+03   6.900938E+03   5.268801E-01
   4.533542E-01   2.218679E+03   6.901363E+03   5.260554E-01
   4.554482E-01   2.221795E+03   6.901784E+03   5.252222E-01
   4.575518E-01   2.224921E+03   6.902200E+03   5.243802E-01
   4.596652E-01   2.228055E+03   6.902614E+03   5.235291E-01
   4.617883E-01   2.231196E+03   6.903027E+03   5.226686E-01
   4.639213E-01   2.234347E+03   6.903440E+03   5.217985E-01
   4.660641E-01   2.237506E+03   6.903853E+03   5.209189E-01
   4.682168E-01   2.240675E+03   6.904267E+03   5.200297E-01
   4.703794E-01   2.243853E+03   6.904681E+03   5.191306E-01
   4.725520E-01   2.247042E+03   6.905096E+03   5.182216E-01
   4.747347E-01   2.250241E+03   6.905512E+03   5.173026E-01
   4.769274E-01   2.253451E+03   6.905929E+03   5.163736E-01
   4.791303E-01   2.256673E+03   6.906348E+03   5.154345E-01
   4.813433E-01   2.259908E+03   6.906768E+03   5.144856E-01
   4.835666E-01   2.263158E+03   6.907189E+03   5.135268E-01
   4.858001E-01   2.266421E+03   6.907610E+03   5.125582E-01
   4.880440E-01   2.269699E+03   6.908031E+03   5.115795E-01
   4.902982E-01   2.272991E+03   6.908453E+03   5.105909E-01
   4.925628E-01   2.276300E+03   6.908875E+03   5.095925E-01
   4.948379E-01   2.279627E+03   6.909299E+03   5.085848E-01
   4.971235E-01   2.282974E+03   6.909723E+03   5.075683E-01
   4.994197E-01   2.286343E+03   6.910148E+03   5.065431E-01
   5.017264E-01   2.289733E+03   6.910574E+03   5.055094E-01
   5.040438E-01   2.293145E+03   6.911000E+03   5.044673E-01
   5.063720E-01   2.296581E+03   6.911429E+03   5.034169E-01
   5.087108E-01   2.300039E+03   6.911860E+03   5.023583E-01
   5.110605E-01   2.303520E+03   6.912296E+03   5.012917E-01
   5.134210E-01   2.307026E+03   6.912736E+03   5.002173E-01
   5.157925E-01   2.310557E+03   6.913181E+03   4.991353E-01
   5.181748E-01   2.314112E+03   6.913634E+03   4.980458E-01
   5.205682E-01   2.317694E+03   6.914095E+03   4.969491E-01
   5.229727E-01   2.321302E+03   6.914564E+03   4.958453E-01
   5.253882E-01   2.324935E+03   6.915043E+03   4.947345E-01
   5.278149E-01   2.328596E+03   6.915532E+03   4.936170E-01
   5.302528E-01   2.332283E+03   6.916031E+03   4.924925E-01
   5.327020E-01   2.335995E+03   6.916541E+03   4.913612E-01
   5.351625E-01   2.339732E+03   6.917061E+03   4.902228E-01
   5.376343E-01   2.343494E+03   6.917593E+03   4.890771E-01
   5.401176E-01   2.347280E+03   6.918136E+03   4.879242E-01
   5.426123E-01   2.351091E+03   6.918689E+03   4.867641E-01
   5.451186E-01   2.354927E+03   6.919251E+03   4.855967E-01
   5.476364E-01   2.358789E+03   6.919822E+03   4.844224E-01
   5.501659E-01   2.362678E+03   6.920400E+03   4.832411E-01
   5.527070E-01   2.366594E+03   6.920984E+03   4.820530E-01
   5.552599E-01   2.370537E+03   6.921571E+03   4.808580E-01
   5.578246E-01   2.374510E+03   6.922162E+03   4.796563E-01
   5.604011E-01   2.378511E+03   6.922754E+03   4.784482E-01
   5.629895E-01   2.382543E+03   6.923345E+03   4.772338E-01
   5.655899E-01   2.386606E+03   6.923934E+03   4.760135E-01
   5.682023E-01   2.390701E+03   6.924518E+03   4.747874E-01
   5.708268E-01   2.394829E+03   6.925094E+03   4.735556E-01
   5.734634E-01   2.398989E+03   6.925662E+03   4.723183E-01
   5.761121E-01   2.403182E+03   6.926219E+03   4.710756E-01
   5.787731E-01   2.407410E+03   6.926765E+03   4.698280E-01
   5.814464E-01   2.411676E+03   6.927296E+03   4.685762E-01
   5.841320E-01   2.415979E+03   6.927811E+03   4.673207E-01
   5.868300E-01   2.420322E+03   6.928308E+03   4.660617E-01
   5.895405E-01   2.424704E+03   6.928785E+03   4.647995E-01
   5.922636E-01   2.429125E+03   6.929240E+03   4.635344E-01
   5.949991E-01   2.433586E+03   6.929673E+03   4.622666E-01
   5.977474E-01   2.438086E+03   6.930081E+03   4.609964E-01
   6.005083E-01   2.442627E+03   6.930465E+03   4.597240E-01
   6.032820E-01   2.447209E+03   6.930823E+03   4.584500E-01
   6.060685E-01   2.451831E+03   6.931154E+03   4.571744E-01
   6.088678E-01   2.456494E+03   6.931457E+03   4.558977E-01
   6.116801E-01   2.461198E+03   6.931731E+03   4.546202E-01
   6.145054E-01   2.465944E+03   6.931975E+03   4.533421E-01
   6.173437E-01   2.470730E+03   6.932187E+03   4.520636E-01
   6.201951E-01   2.475556E+03   6.932366E+03   4.507849E-01
   6.230597E-01   2.480422E+03   6.932510E+03   4.495062E-01
   6.259376E-01   2.485326E+03   6.932618E+03   4.482272E-01
   6.288287E-01   2.490268E+03   6.932687E+03   4.469482E-01
   6.317332E-01   2.495246E+03   6.932718E+03   4.456690E-01
   6.346511E-01   2.500261E+03   6.932706E+03   4.443896E-01
   6.375825E-01   2.505311E+03   6.932651E+03   4.431102E-01
   6.405274E-01   2.510397E+03   6.932549E+03   4.418311E-01
   6.434859E-01   2.515519E+03   6.932398E+03   4.405523E-01
   6.464581E-01   2.520678E+03   6.932195E+03   4.392741E-01
   6.494440E-01   2.525872E+03   6.931936E+03   4.379964E-01
   6.524437E-01   2.531102E+03   6.931621E+03   4.367195E-01
   6.554572E-01   2.536368E+03   6.931244E+03   4.354434E-01
   6.584847E-01   2.541669E+03   6.930804E+03   4.341685E-01
   6.615262E-01   2.547007E+03   6.930298E+03   4.328950E-01
   6.645817E-01   2.552381E+03   6.929723E+03   4.316232E-01
   6.676513E-01   2.557791E+03   6.929074E+03   4.303531E-01
   6.707351E-01   2.563237E+03   6.928349E+03   4.290850E-01
   6.738331E-01   2.568717E+03   6.927547E+03   4.278188E-01
   6.769455E-01   2.574232E+03   6.926663E+03   4.265550E-01
   6.800722E-01   2.579783E+03   6.925697E+03   4.252941E-01
   6.832134E-01   2.585372E+03   6.924644E+03   4.240365E-01
   6.863691E-01   2.590998E+03   6.923503E+03   4.227827E-01
   6.895393E-01   2.596660E+03   6.922271E+03   4.215328E-01
   6.927242E-01   2.602358E+03   6.920945E+03   4.202870E-01
   6.959238E-01   2.608092E+03   6.919525E+03   4.190457E-01
   6.991382E-01   2.613861E+03   6.918008E+03   4.178089E-01
   7.023674E-01   2.619663E+03   6.916394E+03   4.165769E-01
   7.056116E-01   2.625499E+03   6.914681E+03   4.153500E-01
   7.088707E-01   2.631369E+03   6.912867E+03   4.141284E-01
   7.121449E-01   2.637270E+03   6.910953E+03   4.129122E-01
   7.154342E-01   2.639291E+03   6.910185E+03   4.114624E-01
   7.187387E-01   2.636248E+03   6.910935E+03   4.097072E-01
   7.220585E-01   2.633208E+03   6.911585E+03   4.079571E-01
   7.253936E-01   2.630168E+03   6.912131E+03   4.062123E-01
   7.287441E-01   2.627127E+03   6.912572E+03   4.044728E-01
   7.321101E-01   2.624082E+03   6.912906E+03   4.027387E-01
   7.354916E-01   2.621033E+03   6.913132E+03   4.010097E-01
   7.388887E-01   2.617976E+03   6.913248E+03   3.992860E-01
   7.423016E-01   2.614910E+03   6.913251E+03   3.975674E-01
   7.457302E-01   2.611835E+03   6.913139E+03   3.958539E-01
   7.491746E-01   2.608748E+03   6.912911E+03   3.941457E-01
   7.526350E-01   2.605650E+03   6.912562E+03   3.924429E-01
   7.561113E-01   2.602540E+03   6.912091E+03   3.907456E-01
   7.596037E-01   2.599416E+03   6.911495E+03   3.890538E-01
   7.631122E-01   2.596278E+03   6.910771E+03   3.873677E-01
   7.666369E-01   2.593125E+03   6.909917E+03   3.856872E-01
   7.701779E-01   2.590342E+03   6.908737E+03   3.840353E-01
   7.737353E-01   2.588321E+03   6.907036E+03   3.824352E-01
   7.773091E-01   2.586282E+03   6.905202E+03   3.808410E-01
   7.808994E-01   2.584225E+03   6.903233E+03   3.792529E-01
   7.845062E-01   2.582148E+03   6.901126E+03   3.776708E-01
   7.881298E-01   2.580051E+03   6.898879E+03   3.760948E-01
   7.917700E-01   2.577933E+03   6.896492E+03   3.745252E-01
   7.954271E-01   2.575794E+03   6.893963E+03   3.729622E-01
   7.991011E-01   2.573633E+03   6.891289E+03   3.714062E-01
   8.027921E-01   2.571451E+03   6.888469E+03   3.698573E-01
   8.065001E-01   2.569246E+03   6.885502E+03   3.683157E-01
   8.102252E-01   2.567018E+03   6.882388E+03   3.667814E-01
   8.139675E-01   2.564764E+03   6.879124E+03   3.652546E-01
   8.177271E-01   2.562485E+03   6.875711E+03   3.637354E-01
   8.215041E-01   2.560179E+03   6.872148E+03   3.622240E-01
   8.252985E-01   2.557846E+03   6.868436E+03   3.607204E-01
   8.291105E-01   2.555485E+03   6.864573E+03   3.592249E-01
   8.329400E-01   2.553095E+03   6.860561E+03   3.577377E-01
   8.367873E-01   2.551410E+03   6.857014E+03   3.563068E-01
   8.406523E-01   2.549708E+03   6.853328E+03   3.548851E-01
   8.445352E-01   2.547976E+03   6.849495E+03   3.534717E-01
   8.484360E-01   2.546214E+03   6.845514E+03   3.520669E-01
   8.523548E-01   2.544419E+03   6.841385E+03   3.506703E-01
   8.562917E-01   2.542589E+03   6.837109E+03   3.492820E-01
   8.602468E-01   2.540724E+03   6.832685E+03   3.479018E-01
   8.642202E-01   2.538821E+03   6.828113E+03   3.465293E-01
   8.682119E-01   2.536879E+03   6.823394E+03   3.451645E-01
   8.722221E-01   2.534898E+03   6.818526E+03   3.438073E-01
   8.762508E-01   2.532876E+03   6.813510E+03   3.424576E-01
   8.802981E-01   2.530813E+03   6.808345E+03   3.411154E-01
   8.843641E-01   2.528709E+03   6.803031E+03   3.397808E-01
   8.884488E-01   2.526563E+03   6.797566E+03   3.384537E-01
   8.925525E-01   2.524375E+03   6.791950E+03   3.371340E-01
   8.966751E-01   2.522143E+03   6.786184E+03   3.358217E-01
   9.008167E-01   2.519867E+03   6.780267E+03   3.345166E-01
   9.049775E-01   2.517546E+03   6.774198E+03   3.332187E-01
   9.091574E-01   2.515122E+03   6.768031E+03   3.319249E-01
   9.133567E-01   2.511182E+03   6.763050E+03   3.305591E-01
   9.175754E-01   2.507196E+03   6.757908E+03   3.292007E-01
   9.218136E-01   2.503162E+03   6.752606E+03   3.278497E-01
   9.260713E-01   2.499080E+03   6.747144E+03   3.265060E-01
   9.303487E-01   2.494952E+03   6.741521E+03   3.251699E-01
   9.346459E-01   2.490777E+03   6.735738E+03   3.238413E-01
   9.389629E-01   2.486554E+03   6.729795E+03   3.225204E-01
   9.432999E-01   2.482283E+03   6.723693E+03   3.212072E-01
   9.476568E-01   2.477964E+03   6.717432E+03   3.199015E-01
   9.520339E-01   2.473597E+03   6.711013E+03   3.186035E-01
   9.564313E-01   2.469182E+03   6.704437E+03   3.173133E-01
   9.608489E-01   2.464718E+03   6.697704E+03   3.160309E-01
   9.652870E-01   2.460206E+03   6.690817E+03   3.147563E-01
   9.697455E-01   2.455646E+03   6.683776E+03   3.134897E-01
   9.742246E-01   2.451037E+03   6.676583E+03   3.122311E-01
   9.787245E-01   2.446379E+03   6.669239E+03   3.109806E-01
   9.832451E-01   2.441672E+03   6.661746E+03   3.097383E-01
   9.877866E-01   2.436917E+03   6.654105E+03   3.085041E-01
   9.923490E-01   2.432111E+03   6.646317E+03   3.072779E-01
   9.969326E-01   2.427255E+03   6.638385E+03   3.060598E-01
   1.001537E+00   2.422183E+03   6.630625E+03   3.048415E-01
   1.006163E+00   2.416727E+03   6.623350E+03   3.036151E-01
   1.010811E+00   2.411217E+03   6.615931E+03   3.023960E-01
   1.015479E+00   2.405651E+03   6.608366E+03   3.011840E-01
   1.020170E+00   2.400031E+03   6.600659E+03   2.999790E-01
   1.024882E+00   2.394356E+03   6.592808E+03   2.987810E-01
   1.029616E+00   2.388627E+03   6.584816E+03   2.975899E-01
   1.034371E+00   2.382845E+03   6.576682E+03   2.964057E-01
   1.039149E+00   2.377009E+03   6.568407E+03   2.952284E-01
   1.043949E+00   2.371121E+03   6.559991E+03   2.940578E-01
   1.048770E+00   2.365179E+03   6.551436E+03   2.928938E-01
   1.053615E+00   2.359418E+03   6.542136E+03   2.917463E-01
   1.058481E+00   2.353687E+03   6.532495E+03   2.906086E-01
   1.063370E+00   2.347904E+03   6.522720E+03   2.894771E-01
   1.068282E+00   2.342072E+03   6.512813E+03   2.883517E-01
   1.073216E+00   2.336189E+03   6.502774E+03   2.872324E-01
   1.078173E+00   2.330258E+03   6.492605E+03   2.861192E-01
   1.083153E+00   2.324278E+03   6.482306E+03   2.850121E-01
   1.088156E+00   2.318250E+03   6.471880E+03   2.839110E-01
   1.093182E+00   2.312175E+03   6.461328E+03   2.828159E-01
   1.098231E+00   2.306051E+03   6.450650E+03   2.817266E-01
   1.103304E+00   2.299881E+03   6.439849E+03   2.806431E-01
   1.108400E+00   2.293665E+03   6.428927E+03   2.795654E-01
   1.113519E+00   2.287242E+03   6.418828E+03   2.784894E-01
   1.118663E+00   2.280697E+03   6.409037E+03   2.774171E-01
   1.123830E+00   2.274102E+03   6.399124E+03   2.763507E-01
   1.129020E+00   2.267458E+03   6.389090E+03   2.752901E-01
   1.134235E+00   2.260766E+03   6.378939E+03   2.742354E-01
   1.139474E+00   2.254027E+03   6.368671E+03   2.731866E-01
   1.144737E+00   2.247241E+03   6.358288E+03   2.721437E-01
   1.150025E+00   2.240410E+03   6.347793E+03   2.711069E-01
   1.155336E+00   2.233533E+03   6.337186E+03   2.700762E-01
   1.160673E+00   2.226610E+03   6.326471E+03   2.690514E-01
   1.166034E+00   2.219643E+03   6.315648E+03   2.680324E-01
   1.171420E+00   2.212630E+03   6.304720E+03   2.670190E-01
   1.176830E+00   2.205573E+03   6.293687E+03   2.660109E-01
   1.182266E+00   2.197440E+03   6.282814E+03   2.649567E-01
   1.187727E+00   2.187827E+03   6.272191E+03   2.638363E-01
   1.193213E+00   2.178178E+03   6.261449E+03   2.627216E-01
   1.198724E+00   2.168496E+03   6.250588E+03   2.616127E-01
   1.204261E+00   2.158783E+03   6.239610E+03   2.605095E-01
   1.209823E+00   2.149038E+03   6.228516E+03   2.594120E-01
   1.215411E+00   2.139264E+03   6.217307E+03   2.583201E-01
   1.221025E+00   2.129461E+03   6.205984E+03   2.572336E-01
   1.226665E+00   2.119631E+03   6.194548E+03   2.561524E-01
   1.232330E+00   2.109774E+03   6.183001E+03   2.550762E-01
   1.238022E+00   2.099891E+03   6.171343E+03   2.540050E-01
   1.243741E+00   2.089983E+03   6.159577E+03   2.529386E-01
   1.249485E+00   2.080052E+03   6.147703E+03   2.518771E-01
   1.255257E+00   2.070285E+03   6.135179E+03   2.508259E-01
   1.261054E+00   2.060520E+03   6.122502E+03   2.497800E-01
   1.266879E+00   2.050738E+03   6.109727E+03   2.487388E-01
   1.272731E+00   2.040943E+03   6.096856E+03   2.477023E-01
   1.278609E+00   2.031133E+03   6.083891E+03   2.466702E-01
   1.284515E+00   2.021311E+03   6.070834E+03   2.456424E-01
   1.290448E+00   2.011477E+03   6.057686E+03   2.446190E-01
   1.296408E+00   2.001632E+03   6.044449E+03   2.435998E-01
   1.302396E+00   1.991779E+03   6.031126E+03   2.425851E-01
   1.308412E+00   1.981919E+03   6.017718E+03   2.415749E-01
   1.314455E+00   1.972053E+03   6.004228E+03   2.405690E-01
   1.320527E+00   1.962181E+03   5.990657E+03   2.395675E-01
   1.326626E+00   1.952306E+03   5.977008E+03   2.385704E-01
   1.332754E+00   1.942921E+03   5.963234E+03   2.376019E-01
   1.338909E+00   1.934136E+03   5.949332E+03   2.366673E-01
   1.345094E+00   1.925343E+03   5.935365E+03   2.357369E-01
   1.351306E+00   1.916541E+03   5.921334E+03   2.348105E-01
   1.357548E+00   1.907732E+03   5.907241E+03   2.338881E-01
   1.363818E+00   1.898916E+03   5.893088E+03   2.329696E-01
   1.370118E+00   1.890093E+03   5.878876E+03   2.320547E-01
   1.376446E+00   1.881264E+03   5.864607E+03   2.311432E-01
   1.382804E+00   1.872429E+03   5.850282E+03   2.302350E-01
   1.389191E+00   1.863590E+03   5.835904E+03   2.293301E-01
   1.395607E+00   1.854747E+03   5.821472E+03   2.284283E-01
   1.402053E+00   1.845901E+03   5.806989E+03   2.275297E-01
   1.408529E+00   1.837055E+03   5.792455E+03   2.266344E-01
   1.415035E+00   1.828208E+03   5.777872E+03   2.257422E-01
   1.421571E+00   1.819362E+03   5.763240E+03   2.248530E-01
   1.428137E+00   1.810517E+03   5.748560E+03   2.239668E-01
   1.434733E+00   1.801562E+03   5.733514E+03   2.230737E-01
   1.441360E+00   1.792570E+03   5.718300E+03   2.221794E-01
   1.448018E+00   1.783587E+03   5.703045E+03   2.212878E-01
   1.454706E+00   1.774613E+03   5.687751E+03   2.203987E-01
   1.461425E+00   1.765650E+03   5.672418E+03   2.195122E-01
   1.468175E+00   1.756699E+03   5.657047E+03   2.186282E-01
   1.474956E+00   1.747760E+03   5.641640E+03   2.177467E-01
   1.481769E+00   1.738835E+03   5.626197E+03   2.168676E-01
   1.488613E+00   1.729922E+03   5.610719E+03   2.159907E-01
   1.495489E+00   1.721023E+03   5.595209E+03   2.151157E-01
   1.502396E+00   1.712138E+03   5.579666E+03   2.142427E-01
   1.509336E+00   1.703268E+03   5.564093E+03   2.133716E-01
   1.516307E+00   1.694414E+03   5.548490E+03   2.125026E-01
   1.523311E+00   1.685578E+03   5.532859E+03   2.116356E-01
   1.530347E+00   1.676759E+03   5.517201E+03   2.107706E-01
   1.537415E+00   1.667958E+03   5.501518E+03   2.099075E-01
   1.544516E+00   1.659515E+03   5.485703E+03   2.090616E-01
   1.551650E+00   1.651283E+03   5.469806E+03   2.082262E-01
   1.558817E+00   1.643066E+03   5.453892E+03   2.073926E-01
   1.566017E+00   1.634867E+03   5.437962E+03   2.065611E-01
   1.573250E+00   1.626686E+03   5.422017E+03   2.057314E-01
   1.580517E+00   1.618522E+03   5.406059E+03   2.049037E-01
   1.587817E+00   1.610377E+03   5.390088E+03   2.040779E-01
   1.595151E+00   1.602249E+03   5.374105E+03   2.032537E-01
   1.602519E+00   1.594140E+03   5.358112E+03   2.024312E-01
   1.609921E+00   1.586050E+03   5.342109E+03   2.016102E-01
   1.617357E+00   1.577978E+03   5.326098E+03   2.007906E-01
   1.624827E+00   1.569926E+03   5.310079E+03   1.999724E-01
   1.632332E+00   1.561895E+03   5.294054E+03   1.991556E-01
   1.639872E+00   1.553884E+03   5.278022E+03   1.983403E-01
   1.647446E+00   1.545895E+03   5.261985E+03   1.975265E-01
   1.655055E+00   1.537928E+03   5.245943E+03   1.967140E-01
   1.662700E+00   1.529983E+03   5.229896E+03   1.959029E-01
   1.670380E+00   1.522024E+03   5.213870E+03   1.950917E-01
   1.678095E+00   1.513398E+03   5.198310E+03   1.942568E-01
   1.685846E+00   1.504798E+03   5.182738E+03   1.934231E-01
   1.693633E+00   1.496225E+03   5.167155E+03   1.925907E-01
   1.701455E+00   1.487679E+03   5.151563E+03   1.917593E-01
   1.709314E+00   1.479162E+03   5.135960E+03   1.909291E-01
   1.717209E+00   1.470673E+03   5.120349E+03   1.901001E-01
   1.725141E+00   1.462212E+03   5.104729E+03   1.892721E-01
   1.733109E+00   1.453780E+03   5.089101E+03   1.884450E-01
   1.741114E+00   1.445377E+03   5.073466E+03   1.876186E-01
   1.749156E+00   1.437003E+03   5.057824E+03   1.867929E-01
   1.757235E+00   1.428659E+03   5.042176E+03   1.859679E-01
   1.765352E+00   1.420344E+03   5.026523E+03   1.851434E-01
   1.773506E+00   1.412060E+03   5.010865E+03   1.843197E-01
   1.781697E+00   1.403807E+03   4.995204E+03   1.834967E-01
   1.789927E+00   1.395585E+03   4.979540E+03   1.826743E-01
   1.798194E+00   1.387393E+03   4.963874E+03   1.818525E-01
   1.806500E+00   1.379234E+03   4.948206E+03   1.810311E-01
   1.814844E+00   1.371106E+03   4.932537E+03   1.802103E-01
   1.823226E+00   1.363100E+03   4.916743E+03   1.793912E-01
   1.831647E+00   1.355271E+03   4.900752E+03   1.785744E-01
   1.840108E+00   1.347476E+03   4.884767E+03   1.777582E-01
   1.848607E+00   1.339714E+03   4.868789E+03   1.769426E-01
   1.857145E+00   1.331985E+03   4.852819E+03   1.761274E-01
   1.865723E+00   1.324290E+03   4.836858E+03   1.753127E-01
   1.874341E+00   1.316628E+03   4.820906E+03   1.744984E-01
   1.882998E+00   1.308999E+03   4.804963E+03   1.736843E-01
   1.891696E+00   1.301404E+03   4.789031E+03   1.728705E-01
   1.900433E+00   1.293842E+03   4.773110E+03   1.720569E-01
   1.909211E+00   1.286314E+03   4.757199E+03   1.712436E-01
   1.918029E+00   1.278820E+03   4.741301E+03   1.704306E-01
   1.926888E+00   1.271361E+03   4.725415E+03   1.696179E-01
   1.935788E+00   1.263936E+03   4.709541E+03   1.688055E-01
   1.944730E+00   1.256545E+03   4.693680E+03   1.679932E-01
   1.953712E+00   1.249189E+03   4.677832E+03   1.671811E-01
   1.962736E+00   1.241867E+03   4.661998E+03   1.663691E-01
   1.971802E+00   1.234579E+03   4.646178E+03   1.655572E-01
   1.980909E+00   1.227326E+03   4.630372E+03   1.647452E-01
   1.990059E+00   1.220108E+03   4.614580E+03   1.639334E-01
   1.999251E+00   1.212925E+03   4.598804E+03   1.631216E-01
   2.008485E+00   1.206836E+03   4.582795E+03   1.623582E-01
   2.017762E+00   1.200864E+03   4.566785E+03   1.615987E-01
   2.027082E+00   1.194915E+03   4.550797E+03   1.608388E-01
   2.036445E+00   1.188990E+03   4.534831E+03   1.600782E-01
   2.045851E+00   1.183088E+03   4.518887E+03   1.593170E-01
   2.055300E+00   1.177209E+03   4.502966E+03   1.585552E-01
   2.064793E+00   1.171354E+03   4.487067E+03   1.577928E-01
   2.074330E+00   1.165523E+03   4.471191E+03   1.570299E-01
   2.083911E+00   1.159715E+03   4.455338E+03   1.562663E-01
   2.093537E+00   1.153931E+03   4.439508E+03   1.555021E-01
   2.103207E+00   1.148171E+03   4.423702E+03   1.547371E-01
   2.112921E+00   1.142081E+03   4.408077E+03   1.539585E-01
   2.122680E+00   1.135199E+03   4.392836E+03   1.531495E-01
   2.132485E+00   1.128349E+03   4.377610E+03   1.523401E-01
   2.142334E+00   1.121533E+03   4.362398E+03   1.515304E-01
   2.152230E+00   1.114751E+03   4.347202E+03   1.507203E-01
   2.162170E+00   1.108001E+03   4.332020E+03   1.499098E-01
   2.172157E+00   1.101284E+03   4.316854E+03   1.490988E-01
   2.182190E+00   1.094601E+03   4.301704E+03   1.482871E-01
   2.192269E+00   1.087950E+03   4.286570E+03   1.474749E-01
   2.202395E+00   1.081332E+03   4.271452E+03   1.466619E-01
   2.212568E+00   1.074747E+03   4.256351E+03   1.458483E-01
   2.222787E+00   1.067909E+03   4.241431E+03   1.450257E-01
   2.233054E+00   1.060344E+03   4.226959E+03   1.441804E-01
   2.243368E+00   1.052818E+03   4.212492E+03   1.433346E-01
   2.253730E+00   1.045332E+03   4.198033E+03   1.424883E-01
   2.264140E+00   1.037886E+03   4.183580E+03   1.416413E-01
   2.274598E+00   1.030480E+03   4.169133E+03   1.407937E-01
   2.285104E+00   1.023113E+03   4.154694E+03   1.399453E-01
   2.295658E+00   1.015787E+03   4.140263E+03   1.390963E-01
   2.306262E+00   1.008500E+03   4.125840E+03   1.382464E-01
   2.316914E+00   1.001253E+03   4.111425E+03   1.373958E-01
   2.327616E+00   9.940455E+02   4.097019E+03   1.365443E-01
   2.338367E+00   9.868786E+02   4.082622E+03   1.356921E-01
   2.349167E+00   9.797517E+02   4.068235E+03   1.348390E-01
   2.360018E+00   9.735354E+02   4.053377E+03   1.340090E-01
   2.370918E+00   9.674251E+02   4.038500E+03   1.331798E-01
   2.381869E+00   9.613478E+02   4.023642E+03   1.323495E-01
   2.392871E+00   9.553036E+02   4.008806E+03   1.315180E-01
   2.403923E+00   9.492923E+02   3.993990E+03   1.306853E-01
   2.415027E+00   9.433142E+02   3.979195E+03   1.298514E-01
   2.426181E+00   9.373691E+02   3.964421E+03   1.290165E-01
   2.437388E+00   9.314569E+02   3.949669E+03   1.281803E-01
   2.448646E+00   9.255773E+02   3.934939E+03   1.273430E-01
   2.459956E+00   9.197303E+02   3.920230E+03   1.265043E-01
   2.471318E+00   9.139160E+02   3.905544E+03   1.256645E-01
   2.482733E+00   9.081344E+02   3.890880E+03   1.248235E-01
   2.494200E+00   9.023853E+02   3.876238E+03   1.239813E-01
   2.505720E+00   8.963389E+02   3.861624E+03   1.231185E-01
   2.517294E+00   8.899966E+02   3.847034E+03   1.222350E-01
   2.528921E+00   8.836959E+02   3.832467E+03   1.213506E-01
   2.540602E+00   8.774366E+02   3.817920E+03   1.204653E-01
   2.552337E+00   8.712183E+02   3.803396E+03   1.195790E-01
   2.564126E+00   8.650409E+02   3.788893E+03   1.186918E-01
   2.575969E+00   8.589043E+02   3.774413E+03   1.178037E-01
   2.587867E+00   8.528082E+02   3.759955E+03   1.169146E-01
   2.599820E+00   8.467526E+02   3.745519E+03   1.160246E-01
   2.611828E+00   8.407373E+02   3.731106E+03   1.151336E-01
   2.623892E+00   8.347622E+02   3.716716E+03   1.142418E-01
   2.636011E+00   8.288269E+02   3.702349E+03   1.133489E-01
   2.648187E+00   8.229314E+02   3.688005E+03   1.124551E-01
   2.660419E+00   8.170755E+02   3.673684E+03   1.115603E-01
   2.672707E+00   8.113610E+02   3.659386E+03   1.106708E-01
   2.685052E+00   8.060432E+02   3.645115E+03   1.098026E-01
   2.697454E+00   8.007578E+02   3.630868E+03   1.089330E-01
   2.709913E+00   7.955046E+02   3.616646E+03   1.080622E-01
   2.722429E+00   7.902834E+02   3.602448E+03   1.071900E-01
   2.735004E+00   7.850943E+02   3.588274E+03   1.063165E-01
   2.747637E+00   7.799369E+02   3.574124E+03   1.054415E-01
   2.760328E+00   7.748111E+02   3.559999E+03   1.045651E-01
   2.773077E+00   7.697168E+02   3.545897E+03   1.036872E-01
   2.785886E+00   7.646538E+02   3.531820E+03   1.028077E-01
   2.798753E+00   7.596218E+02   3.517766E+03   1.019265E-01
   2.811681E+00   7.546209E+02   3.503737E+03   1.010436E-01
   2.824667E+00   7.496509E+02   3.489731E+03   1.001591E-01
   2.837714E+00   7.447116E+02   3.475749E+03   9.927270E-02
   2.850821E+00   7.398029E+02   3.461791E+03   9.838446E-02
   2.863989E+00   7.348866E+02   3.447863E+03   9.749232E-02
   2.877217E+00   7.299141E+02   3.433970E+03   9.659367E-02
   2.890507E+00   7.249733E+02   3.420100E+03   9.569302E-02
   2.903858E+00   7.200640E+02   3.406254E+03   9.479033E-02
   2.917270E+00   7.151861E+02   3.392431E+03   9.388554E-02
   2.930745E+00   7.103392E+02   3.378632E+03   9.297857E-02
   2.944281E+00   7.055234E+02   3.364856E+03   9.206940E-02
   2.957881E+00   7.007384E+02   3.351104E+03   9.115796E-02
   2.971543E+00   6.959840E+02   3.337375E+03   9.024419E-02
   2.985268E+00   6.912599E+02   3.323671E+03   8.932805E-02
   2.999057E+00   6.865662E+02   3.309990E+03   8.840949E-02
   3.012909E+00   6.819026E+02   3.296334E+03   8.748848E-02
   3.026825E+00   6.772689E+02   3.282702E+03   8.656500E-02
   3.040806E+00   6.726650E+02   3.269094E+03   8.563903E-02
   3.054851E+00   6.680907E+02   3.255512E+03   8.471056E-02
   3.068961E+00   6.635460E+02   3.241954E+03   8.377958E-02
   3.083136E+00   6.590103E+02   3.228423E+03   8.284488E-02
   3.097376E+00   6.544330E+02   3.214921E+03   8.190346E-02
   3.111683E+00   6.498860E+02   3.201445E+03   8.095956E-02
   3.126055E+00   6.453692E+02   3.187995E+03   8.001318E-02
   3.140494E+00   6.408823E+02   3.174570E+03   7.906434E-02
   3.155000E+00   6.364253E+02   3.161171E+03   7.811303E-02
   3.169572E+00   6.319979E+02   3.147797E+03   7.715930E-02
   3.184212E+00   6.276001E+02   3.134450E+03   7.620316E-02
   3.198920E+00   6.232317E+02   3.121130E+03   7.524465E-02
   3.213695E+00   6.188925E+02   3.107836E+03   7.428377E-02
   3.228539E+00   6.145824E+02   3.094568E+03   7.332055E-02
   3.243451E+00   6.103013E+02   3.081328E+03   7.235502E-02
   3.258432E+00   6.060489E+02   3.068114E+03   7.138718E-02
   3.273482E+00   6.018251E+02   3.054927E+03   7.041708E-02
   3.288602E+00   5.976298E+02   3.041768E+03   6.944474E-02
   3.303792E+00   5.934628E+02   3.028636E+03   6.847020E-02
   3.319052E+00   5.893241E+02   3.015530E+03   6.749348E-02
   3.334382E+00   5.851299E+02   3.002480E+03   6.651194E-02
   3.349783E+00   5.807564E+02   2.989525E+03   6.552166E-02
   3.365255E+00   5.764140E+02   2.976594E+03   6.452931E-02
   3.380799E+00   5.721024E+02   2.963689E+03   6.353491E-02
   3.396414E+00   5.678214E+02   2.950809E+03   6.253849E-02
   3.412102E+00   5.635710E+02   2.937954E+03   6.154004E-02
   3.427862E+00   5.593509E+02   2.925125E+03   6.053957E-02
   3.443695E+00   5.551610E+02   2.912320E+03   5.953708E-02
   3.459601E+00   5.510010E+02   2.899541E+03   5.853258E-02
   3.475580E+00   5.468708E+02   2.886787E+03   5.752604E-02
   3.491634E+00   5.427703E+02   2.874059E+03   5.651746E-02
   3.507761E+00   5.386991E+02   2.861355E+03   5.550683E-02
   3.523963E+00   5.346572E+02   2.848676E+03   5.449414E-02
   3.540240E+00   5.306444E+02   2.836022E+03   5.347936E-02
   3.556592E+00   5.266604E+02   2.823394E+03   5.246249E-02
   3.573019E+00   5.227052E+02   2.810790E+03   5.144349E-02
   3.589523E+00   5.187785E+02   2.798210E+03   5.042235E-02
   3.606102E+00   5.148801E+02   2.785656E+03   4.939904E-02
   3.622758E+00   5.110099E+02   2.773125E+03   4.837353E-02
   3.639491E+00   5.071677E+02   2.760620E+03   4.734578E-02
   3.656302E+00   5.033090E+02   2.748093E+03   4.630672E-02
   3.673190E+00   4.994777E+02   2.735589E+03   4.526512E-02
   3.690156E+00   4.956750E+02   2.723111E+03   4.422124E-02
   3.707200E+00   4.919007E+02   2.710657E+03   4.317504E-02
   3.724323E+00   4.881546E+02   2.698228E+03   4.212647E-02
   3.741525E+00   4.844365E+02   2.685823E+03   4.107551E-02
   3.758807E+00   4.807463E+02   2.673443E+03   4.002209E-02
   3.776169E+00   4.770836E+02   2.661088E+03   3.896617E-02
   3.793610E+00   4.734484E+02   2.648757E+03   3.790771E-02
   3.811132E+00   4.698404E+02   2.636450E+03   3.684665E-02
   3.828736E+00   4.662593E+02   2.624167E+03   3.578295E-02
   3.846420E+00   4.627052E+02   2.611909E+03   3.471657E-02
   3.864186E+00   4.591776E+02   2.599674E+03   3.364745E-02
   3.882034E+00   4.556765E+02   2.587464E+03   3.257555E-02
   3.899965E+00   4.522017E+02   2.575278E+03   3.150081E-02
   3.917978E+00   4.487528E+02   2.563116E+03   3.042318E-02
   3.936075E+00   4.453299E+02   2.550977E+03   2.934260E-02
   3.954255E+00   4.419326E+02   2.538863E+03   2.825905E-02
   3.972520E+00   4.385608E+02   2.526772E+03   2.717246E-02
   3.990868E+00   4.352144E+02   2.514705E+03   2.608278E-02
   4.009301E+00   4.318073E+02   2.502673E+03   2.498536E-02
   4.027820E+00   4.283426E+02   2.490676E+03   2.388028E-02
   4.046424E+00   4.249051E+02   2.478701E+03   2.277203E-02
   4.065114E+00   4.214946E+02   2.466750E+03   2.166057E-02
   4.083890E+00   4.181108E+02   2.454821E+03   2.054584E-02
   4.102753E+00   4.147537E+02   2.442916E+03   1.942781E-02
   4.121703E+00   4.114230E+02   2.431034E+03   1.830642E-02
   4.140741E+00   4.081184E+02   2.419175E+03   1.718164E-02
   4.159866E+00   4.048399E+02   2.407339E+03   1.605341E-02
   4.179080E+00   4.015872E+02   2.395527E+03   1.492169E-02
   4.198383E+00   3.983601E+02   2.383737E+03   1.378644E-02
   4.217775E+00   3.951584E+02   2.371972E+03   1.264761E-02
   4.237256E+00   3.919820E+02   2.360229E+03   1.150516E-02
   4.256828E+00   3.888306E+02   2.348510E+03   1.035906E-02
   4.276489E+00   3.857041E+02   2.336815E+03   9.209249E-03
   4.296242E+00   3.826023E+02   2.325143E+03   8.055699E-03
   4.316086E+00   3.795250E+02   2.313495E+03   6.898367E-03
   4.336021E+00   3.764720E+02   2.301871E+03   5.737212E-03
   4.356049E+00   3.734431E+02   2.290270E+03   4.572195E-03
   4.376169E+00   3.704382E+02   2.278693E+03   3.403279E-03
   4.396382E+00   3.674570E+02   2.267140E+03   2.230423E-03
   4.416688E+00   3.644995E+02   2.255611E+03   1.053593E-03
   4.437088E+00   3.615653E+02   2.244107E+03  -1.272511E-04
   4.457583E+00   3.586457E+02   2.232624E+03  -1.313114E-03
   4.478172E+00   3.557478E+02   2.221166E+03  -2.503215E-03
   4.498856E+00   3.528730E+02   2.209732E+03  -3.697427E-03
   4.519635E+00   3.500211E+02   2.198323E+03  -4.895784E-03
   4.540511E+00   3.471920E+02   2.186938E+03  -6.098318E-03
   4.561483E+00   3.443854E+02   2.175577E+03  -7.305060E-03
   4.582552E+00   3.416012E+02   2.164241E+03  -8.516041E-03
   4.603718E+00   3.388392E+02   2.152930E+03  -9.731288E-03
   4.624982E+00   3.360992E+02   2.141644E+03  -1.095083E-02
   4.646345E+00   3.333812E+02   2.130383E+03  -1.217469E-02
   4.667805E+00   3.306848E+02   2.119147E+03  -1.340289E-02
   4.689365E+00   3.280101E+02   2.107936E+03  -1.463545E-02
   4.711025E+00   3.253567E+02   2.096750E+03  -1.587239E-02
   4.732785E+00   3.227245E+02   2.085589E+03  -1.711373E-02
   4.754645E+00   3.201135E+02   2.074454E+03  -1.835948E-02
   4.776606E+00   3.175233E+02   2.063345E+03  -1.960965E-02
   4.798668E+00   3.149539E+02   2.052261E+03  -2.086425E-02
   4.820833E+00   3.124051E+02   2.041203E+03  -2.212329E-02
   4.843100E+00   3.098767E+02   2.030170E+03  -2.338675E-02
   4.865469E+00   3.073686E+02   2.019164E+03  -2.465465E-02
   4.887942E+00   3.048806E+02   2.008184E+03  -2.592697E-02
   4.910519E+00   3.024127E+02   1.997229E+03  -2.720371E-02
   4.933200E+00   2.999645E+02   1.986301E+03  -2.848485E-02
   4.955986E+00   2.975360E+02   1.975400E+03  -2.977038E-02
   4.978877E+00   2.951271E+02   1.964525E+03  -3.106026E-02
   5.001874E+00   2.927205E+02   1.953678E+03  -3.235544E-02
   5.024977E+00   2.901427E+02   1.942878E+03  -3.366570E-02
   5.048187E+00   2.875872E+02   1.932104E+03  -3.498014E-02
   5.071504E+00   2.850538E+02   1.921356E+03  -3.629873E-02
   5.094928E+00   2.825425E+02   1.910634E+03  -3.762142E-02
   5.118461E+00   2.800530E+02   1.899938E+03  -3.894815E-02
   5.142103E+00   2.775851E+02   1.889268E+03  -4.027889E-02
   5.165854E+00   2.751388E+02   1.878625E+03  -4.161355E-02
   5.189714E+00   2.727137E+02   1.868009E+03  -4.295209E-02
   5.213685E+00   2.703097E+02   1.857418E+03  -4.429444E-02
   5.237766E+00   2.679268E+02   1.846855E+03  -4.564052E-02
   5.261959E+00   2.655646E+02   1.836318E+03  -4.699025E-02
   5.286263E+00   2.632230E+02   1.825808E+03  -4.834355E-02
   5.310680E+00   2.609019E+02   1.815325E+03  -4.970033E-02
   5.335209E+00   2.586011E+02   1.804868E+03  -5.106050E-02
   5.359852E+00   2.563204E+02   1.794439E+03  -5.242397E-02
   5.384608E+00   2.540597E+02   1.784036E+03  -5.379063E-02
   5.409479E+00   2.518188E+02   1.773661E+03  -5.516037E-02
   5.434465E+00   2.495976E+02   1.763312E+03  -5.653309E-02
   5.459566E+00   2.473958E+02   1.752991E+03  -5.790867E-02
   5.484783E+00   2.452133E+02   1.742696E+03  -5.928699E-02
   5.510116E+00   2.430500E+02   1.732429E+03  -6.066793E-02
   5.535567E+00   2.409057E+02   1.722189E+03  -6.205135E-02
   5.561135E+00   2.387802E+02   1.711975E+03  -6.343714E-02
   5.586821E+00   2.366735E+02   1.701789E+03  -6.482515E-02
   5.612626E+00   2.345853E+02   1.691630E+03  -6.621525E-02
   5.638550E+00   2.325154E+02   1.681497E+03  -6.760729E-02
   5.664594E+00   2.304638E+02   1.671392E+03  -6.900113E-02
   5.690758E+00   2.284302E+02   1.661313E+03  -7.039662E-02
   5.717043E+00   2.265236E+02   1.651235E+03  -7.179196E-02
   5.743449E+00   2.249296E+02   1.641112E+03  -7.318420E-02
   5.769977E+00   2.233474E+02   1.631019E+03  -7.457772E-02
   5.796628E+00   2.217772E+02   1.620955E+03  -7.597237E-02
   5.823402E+00   2.202187E+02   1.610920E+03  -7.736799E-02
   5.850300E+00   2.186718E+02   1.600913E+03  -7.876441E-02
   5.877322E+00   2.171365E+02   1.590935E+03  -8.016146E-02
   5.904468E+00   2.156127E+02   1.580986E+03  -8.155898E-02
   5.931740E+00   2.141003E+02   1.571064E+03  -8.295680E-02
   5.959138E+00   2.125991E+02   1.561171E+03  -8.435475E-02
   5.986663E+00   2.111092E+02   1.551305E+03  -8.575266E-02
   6.014314E+00   2.096303E+02   1.541467E+03  -8.715035E-02
   6.042094E+00   2.081625E+02   1.531657E+03  -8.854766E-02
   6.070001E+00   2.067056E+02   1.521873E+03  -8.994439E-02
   6.098038E+00   2.052595E+02   1.512117E+03  -9.134040E-02
   6.126204E+00   2.038241E+02   1.502387E+03  -9.273549E-02
   6.154500E+00   2.023995E+02   1.492683E+03  -9.412949E-02
   6.182927E+00   2.009853E+02   1.483006E+03  -9.552224E-02
   6.211485E+00   1.995817E+02   1.473354E+03  -9.691356E-02
   6.240175E+00   1.981884E+02   1.463729E+03  -9.830327E-02
   6.268998E+00   1.968055E+02   1.454128E+03  -9.969121E-02
   6.297954E+00   1.954328E+02   1.444553E+03  -1.010772E-01
   6.327043E+00   1.940702E+02   1.435002E+03  -1.024611E-01
   6.356267E+00   1.927176E+02   1.425476E+03  -1.038427E-01
   6.385626E+00   1.913750E+02   1.415975E+03  -1.052219E-01
   6.415120E+00   1.900423E+02   1.406497E+03  -1.065985E-01
   6.444751E+00   1.887194E+02   1.397043E+03  -1.079723E-01
   6.474518E+00   1.874062E+02   1.387612E+03  -1.093432E-01
   6.504423E+00   1.861026E+02   1.378204E+03  -1.107110E-01
   6.534467E+00   1.848085E+02   1.368819E+03  -1.120757E-01
   6.564648E+00   1.835239E+02   1.359457E+03  -1.134369E-01
   6.594970E+00   1.822487E+02   1.350116E+03  -1.147947E-01
   6.625431E+00   1.809828E+02   1.340797E+03  -1.161488E-01
   6.656033E+00   1.797261E+02   1.331500E+03  -1.174992E-01
   6.686777E+00   1.785808E+02   1.322209E+03  -1.188424E-01
   6.717662E+00   1.775280E+02   1.312928E+03  -1.201790E-01
   6.748690E+00   1.764820E+02   1.303667E+03  -1.215115E-01
   6.779861E+00   1.754426E+02   1.294428E+03  -1.228398E-01
   6.811177E+00   1.744097E+02   1.285209E+03  -1.241638E-01
   6.842637E+00   1.733834E+02   1.276010E+03  -1.254835E-01
   6.874242E+00   1.723636E+02   1.266832E+03  -1.267986E-01
   6.905993E+00   1.713502E+02   1.257674E+03  -1.281092E-01
   6.937891E+00   1.703431E+02   1.248535E+03  -1.294151E-01
   6.969936E+00   1.693423E+02   1.239415E+03  -1.307163E-01
   7.002130E+00   1.683477E+02   1.230314E+03  -1.320126E-01
   7.034472E+00   1.673594E+02   1.221232E+03  -1.333041E-01
   7.066963E+00   1.663772E+02   1.212168E+03  -1.345905E-01
   7.099605E+00   1.654010E+02   1.203123E+03  -1.358719E-01
   7.132397E+00   1.644309E+02   1.194096E+03  -1.371483E-01
   7.165340E+00   1.634668E+02   1.185086E+03  -1.384195E-01
   7.198436E+00   1.625086E+02   1.176094E+03  -1.396855E-01
   7.231685E+00   1.615563E+02   1.167119E+03  -1.409462E-01
   7.265087E+00   1.606098E+02   1.158162E+03  -1.422017E-01
   7.298644E+00   1.596691E+02   1.149221E+03  -1.434519E-01
   7.332355E+00   1.587341E+02   1.140297E+03  -1.446967E-01
   7.366222E+00   1.578047E+02   1.131390E+03  -1.459362E-01
   7.400246E+00   1.568810E+02   1.122500E+03  -1.471703E-01
   7.434427E+00   1.559629E+02   1.113626E+03  -1.483990E-01
   7.468766E+00   1.550503E+02   1.104769E+03  -1.496223E-01
   7.503263E+00   1.541432E+02   1.095927E+03  -1.508402E-01
   7.537920E+00   1.532416E+02   1.087102E+03  -1.520527E-01
   7.572736E+00   1.523453E+02   1.078294E+03  -1.532598E-01
   7.607714E+00   1.514544E+02   1.069501E+03  -1.544615E-01
   7.642853E+00   1.505688E+02   1.060725E+03  -1.556577E-01
   7.678154E+00   1.496885E+02   1.051965E+03  -1.568486E-01
   7.713619E+00   1.488134E+02   1.043221E+03  -1.580341E-01
   7.749247E+00   1.479434E+02   1.034493E+03  -1.592143E-01
   7.785040E+00   1.470787E+02   1.025782E+03  -1.603891E-01
   7.820998E+00   1.462190E+02   1.017087E+03  -1.615587E-01
   7.857122E+00   1.453643E+02   1.008408E+03  -1.627229E-01
   7.893413E+00   1.445147E+02   9.997466E+02  -1.638819E-01
   7.929872E+00   1.436701E+02   9.911016E+02  -1.650357E-01
   7.966499E+00   1.428304E+02   9.824736E+02  -1.661842E-01
   8.003295E+00   1.419897E+02   9.738640E+02  -1.673275E-01
   8.040262E+00   1.410938E+02   9.652837E+02  -1.684638E-01
   8.077399E+00   1.402035E+02   9.567205E+02  -1.695950E-01
   8.114707E+00   1.393187E+02   9.481748E+02  -1.707212E-01
   8.152188E+00   1.384394E+02   9.396467E+02  -1.718423E-01
   8.189842E+00   1.375656E+02   9.311366E+02  -1.729584E-01
   8.227670E+00   1.366972E+02   9.226448E+02  -1.740697E-01
   8.265672E+00   1.358341E+02   9.141715E+02  -1.751760E-01
   8.303850E+00   1.349764E+02   9.057172E+02  -1.762774E-01
   8.342205E+00   1.341240E+02   8.972820E+02  -1.773741E-01
   8.380737E+00   1.332769E+02   8.888666E+02  -1.784660E-01
   8.419446E+00   1.324349E+02   8.804711E+02  -1.795532E-01
   8.458335E+00   1.315982E+02   8.720960E+02  -1.806357E-01
   8.497403E+00   1.307667E+02   8.637418E+02  -1.817137E-01
   8.536651E+00   1.299403E+02   8.554088E+02  -1.827870E-01
   8.576081E+00   1.291189E+02   8.470975E+02  -1.838559E-01
   8.615693E+00   1.283027E+02   8.388084E+02  -1.849203E-01
   8.655487E+00   1.274915E+02   8.305420E+02  -1.859803E-01
   8.695466E+00   1.266853E+02   8.222987E+02  -1.870359E-01
   8.735629E+00   1.258840E+02   8.140790E+02  -1.880872E-01
   8.775978E+00   1.250878E+02   8.058836E+02  -1.891342E-01
   8.816513E+00   1.242964E+02   7.977128E+02  -1.901770E-01
   8.857236E+00   1.235099E+02   7.895672E+02  -1.912157E-01
   8.898146E+00   1.227283E+02   7.814475E+02  -1.922502E-01
   8.939246E+00   1.219516E+02   7.733541E+02  -1.932807E-01
   8.980535E+00   1.211796E+02   7.652876E+02  -1.943071E-01
   9.022015E+00   1.204125E+02   7.572487E+02  -1.953295E-01
   9.063686E+00   1.196501E+02   7.492378E+02  -1.963480E-01
   9.105550E+00   1.188924E+02   7.412557E+02  -1.973626E-01
   9.147608E+00   1.181394E+02   7.333029E+02  -1.983734E-01
   9.189860E+00   1.173912E+02   7.253800E+02  -1.993804E-01
   9.232306E+00   1.166476E+02   7.174877E+02  -2.003836E-01
   9.274949E+00   1.159086E+02   7.096265E+02  -2.013830E-01
   9.317789E+00   1.151743E+02   7.017972E+02  -2.023789E-01
   9.360827E+00   1.144446E+02   6.940003E+02  -2.033710E-01
   9.404063E+00   1.137194E+02   6.862365E+02  -2.043596E-01
   9.447500E+00   1.129988E+02   6.785064E+02  -2.053446E-01
   9.491136E+00   1.122827E+02   6.708107E+02  -2.063261E-01
   9.534975E+00   1.115711E+02   6.631500E+02  -2.073041E-01
   9.579016E+00   1.108641E+02   6.555249E+02  -2.082787E-01
   9.623260E+00   1.101615E+02   6.479362E+02  -2.092499E-01
   9.667709E+00   1.094633E+02   6.403845E+02  -2.102176E-01
   9.712362E+00   1.087696E+02   6.328703E+02  -2.111821E-01
   9.757223E+00   1.080803E+02   6.253944E+02  -2.121432E-01
   9.802290E+00   1.073954E+02   6.179574E+02  -2.131010E-01
   9.847566E+00   1.067148E+02   6.105599E+02  -2.140556E-01
   9.893050E+00   1.060386E+02   6.032026E+02  -2.150069E-01
   9.938745E+00   1.053668E+02   5.958860E+02  -2.159550E-01
   9.984651E+00   1.046993E+02   5.886109E+02  -2.169000E-01
   1.003077E+01   1.041515E+02   5.813671E+02  -2.178451E-01
   1.007710E+01   1.036642E+02   5.741610E+02  -2.187888E-01
   1.012364E+01   1.031794E+02   5.669990E+02  -2.197295E-01
   1.017040E+01   1.026970E+02   5.598814E+02  -2.206672E-01
   1.021738E+01   1.022171E+02   5.528090E+02  -2.216020E-01
   1.026457E+01   1.017396E+02   5.457822E+02  -2.225337E-01
   1.031198E+01   1.012645E+02   5.388016E+02  -2.234626E-01
   1.035961E+01   1.007919E+02   5.318679E+02  -2.243885E-01
   1.040746E+01   1.003217E+02   5.249814E+02  -2.253115E-01
   1.045553E+01   9.985388E+01   5.181428E+02  -2.262316E-01
   1.050383E+01   9.938852E+01   5.113526E+02  -2.271488E-01
   1.055234E+01   9.892558E+01   5.046112E+02  -2.280631E-01
   1.060108E+01   9.846505E+01   4.979192E+02  -2.289746E-01
   1.065005E+01   9.800694E+01   4.912771E+02  -2.298833E-01
   1.069924E+01   9.755123E+01   4.846853E+02  -2.307891E-01
   1.074866E+01   9.709793E+01   4.781442E+02  -2.316920E-01
   1.079830E+01   9.664703E+01   4.716544E+02  -2.325922E-01
   1.084818E+01   9.619853E+01   4.652163E+02  -2.334895E-01
   1.089829E+01   9.575242E+01   4.588302E+02  -2.343840E-01
   1.094862E+01   9.530870E+01   4.524965E+02  -2.352757E-01
   1.099920E+01   9.486737E+01   4.462158E+02  -2.361646E-01
   1.105000E+01   9.442842E+01   4.399882E+02  -2.370506E-01
   1.110104E+01   9.399308E+01   4.338143E+02  -2.379336E-01
   1.115231E+01   9.361923E+01   4.276986E+02  -2.387997E-01
   1.120382E+01   9.324714E+01   4.216370E+02  -2.396631E-01
   1.125557E+01   9.287682E+01   4.156297E+02  -2.405237E-01
   1.130756E+01   9.250826E+01   4.096770E+02  -2.413815E-01
   1.135979E+01   9.214148E+01   4.037793E+02  -2.422366E-01
   1.141226E+01   9.177647E+01   3.979367E+02  -2.430889E-01
   1.146497E+01   9.141322E+01   3.921495E+02  -2.439383E-01
   1.151793E+01   9.105175E+01   3.864180E+02  -2.447850E-01
   1.157112E+01   9.069204E+01   3.807423E+02  -2.456289E-01
   1.162457E+01   9.033411E+01   3.751227E+02  -2.464699E-01
   1.167826E+01   8.997794E+01   3.695592E+02  -2.473081E-01
   1.173220E+01   8.962355E+01   3.640522E+02  -2.481435E-01
   1.178639E+01   8.927092E+01   3.586016E+02  -2.489760E-01
   1.184083E+01   8.892005E+01   3.532077E+02  -2.498056E-01
   1.189552E+01   8.857096E+01   3.478705E+02  -2.506324E-01
   1.195047E+01   8.822362E+01   3.425901E+02  -2.514563E-01
   1.200567E+01   8.787805E+01   3.373666E+02  -2.522772E-01
   1.206112E+01   8.753424E+01   3.322000E+02  -2.530953E-01
   1.211683E+01   8.719219E+01   3.270904E+02  -2.539104E-01
   1.217279E+01   8.685190E+01   3.220378E+02  -2.547225E-01
   1.222902E+01   8.651336E+01   3.170422E+02  -2.555317E-01
   1.228550E+01   8.617657E+01   3.121036E+02  -2.563379E-01
   1.234225E+01   8.584152E+01   3.072218E+02  -2.571410E-01
   1.239926E+01   8.550823E+01   3.023970E+02  -2.579412E-01
   1.245653E+01   8.517667E+01   2.976290E+02  -2.587382E-01
   1.251406E+01   8.485668E+01   2.929177E+02  -2.595311E-01
   1.257186E+01   8.456869E+01   2.882633E+02  -2.603173E-01
   1.262993E+01   8.428211E+01   2.836654E+02  -2.611005E-01
   1.268827E+01   8.399692E+01   2.791239E+02  -2.618805E-01
   1.274687E+01   8.371314E+01   2.746385E+02  -2.626575E-01
   1.280575E+01   8.343075E+01   2.702092E+02  -2.634313E-01
   1.286490E+01   8.314976E+01   2.658357E+02  -2.642019E-01
   1.292432E+01   8.287017E+01   2.615179E+02  -2.649694E-01
   1.298401E+01   8.259196E+01   2.572556E+02  -2.657336E-01
   1.304398E+01   8.231514E+01   2.530485E+02  -2.664947E-01
   1.310423E+01   8.203971E+01   2.488963E+02  -2.672525E-01
   1.316476E+01   8.176565E+01   2.447989E+02  -2.680070E-01
   1.322557E+01   8.149298E+01   2.407560E+02  -2.687583E-01
   1.328665E+01   8.122168E+01   2.367673E+02  -2.695063E-01
   1.334802E+01   8.095174E+01   2.328325E+02  -2.702509E-01
   1.340968E+01   8.068318E+01   2.289513E+02  -2.709922E-01
   1.347161E+01   8.041597E+01   2.251234E+02  -2.717302E-01
   1.353384E+01   8.015012E+01   2.213484E+02  -2.724647E-01
   1.359635E+01   7.988562E+01   2.176261E+02  -2.731959E-01
   1.365915E+01   7.962247E+01   2.139560E+02  -2.739236E-01
   1.372224E+01   7.936066E+01   2.103379E+02  -2.746479E-01
   1.378562E+01   7.910019E+01   2.067713E+02  -2.753688E-01
   1.384929E+01   7.884105E+01   2.032559E+02  -2.760861E-01
   1.391326E+01   7.858323E+01   1.997912E+02  -2.768000E-01
   1.397753E+01   7.832673E+01   1.963769E+02  -2.775103E-01
   1.404209E+01   7.807154E+01   1.930127E+02  -2.782172E-01
   1.410694E+01   7.781766E+01   1.896979E+02  -2.789204E-01
   1.417210E+01   7.756509E+01   1.864323E+02  -2.796202E-01
   1.423756E+01   7.731380E+01   1.832155E+02  -2.803163E-01
   1.430332E+01   7.706080E+01   1.800469E+02  -2.810085E-01
   1.436939E+01   7.675271E+01   1.769271E+02  -2.816914E-01
   1.443576E+01   7.644633E+01   1.738546E+02  -2.823706E-01
   1.450244E+01   7.614163E+01   1.708290E+02  -2.830461E-01
   1.456942E+01   7.583861E+01   1.678498E+02  -2.837179E-01
   1.463672E+01   7.553726E+01   1.649165E+02  -2.843860E-01
   1.470432E+01   7.523756E+01   1.620287E+02  -2.850504E-01
   1.477224E+01   7.493951E+01   1.591859E+02  -2.857110E-01
   1.484047E+01   7.464310E+01   1.563876E+02  -2.863679E-01
   1.490902E+01   7.434831E+01   1.536333E+02  -2.870211E-01
   1.497788E+01   7.405514E+01   1.509227E+02  -2.876705E-01
   1.504706E+01   7.376358E+01   1.482551E+02  -2.883161E-01
   1.511656E+01   7.347361E+01   1.456302E+02  -2.889579E-01
   1.518638E+01   7.318522E+01   1.430473E+02  -2.895960E-01
   1.525653E+01   7.289840E+01   1.405061E+02  -2.902302E-01
   1.532699E+01   7.261314E+01   1.380060E+02  -2.908607E-01
   1.539779E+01   7.232944E+01   1.355465E+02  -2.914873E-01
   1.546891E+01   7.204727E+01   1.331272E+02  -2.921101E-01
   1.554036E+01   7.176664E+01   1.307475E+02  -2.927291E-01
   1.561214E+01   7.148752E+01   1.284070E+02  -2.933443E-01
   1.568425E+01   7.120990E+01   1.261051E+02  -2.939556E-01
   1.575669E+01   7.093378E+01   1.238414E+02  -2.945631E-01
   1.582947E+01   7.065915E+01   1.216153E+02  -2.951668E-01
   1.590258E+01   7.038599E+01   1.194264E+02  -2.957666E-01
   1.597603E+01   7.011429E+01   1.172743E+02  -2.963626E-01
   1.604983E+01   6.984405E+01   1.151582E+02  -2.969548E-01
   1.612396E+01   6.957524E+01   1.130779E+02  -2.975431E-01
   1.619843E+01   6.930787E+01   1.110328E+02  -2.981276E-01
   1.627325E+01   6.904191E+01   1.090224E+02  -2.987082E-01
   1.634841E+01   6.877736E+01   1.070463E+02  -2.992850E-01
   1.642393E+01   6.851421E+01   1.051039E+02  -2.998580E-01
   1.649979E+01   6.825244E+01   1.031948E+02  -3.004271E-01
   1.657600E+01   6.799205E+01   1.013185E+02  -3.009924E-01
   1.665256E+01   6.773303E+01   9.947448E+01  -3.015539E-01
   1.672948E+01   6.746420E+01   9.766234E+01  -3.021133E-01
   1.680675E+01   6.717890E+01   9.588161E+01  -3.026716E-01
   1.688438E+01   6.689519E+01   9.413180E+01  -3.032262E-01
   1.696236E+01   6.661305E+01   9.241245E+01  -3.037769E-01
   1.704071E+01   6.633247E+01   9.072311E+01  -3.043238E-01
   1.711942E+01   6.605343E+01   8.906331E+01  -3.048669E-01
   1.719849E+01   6.577593E+01   8.743261E+01  -3.054062E-01
   1.727793E+01   6.549995E+01   8.583057E+01  -3.059417E-01
   1.735773E+01   6.522548E+01   8.425673E+01  -3.064735E-01
   1.743791E+01   6.495251E+01   8.271066E+01  -3.070014E-01
   1.751845E+01   6.468102E+01   8.119193E+01  -3.075256E-01
   1.759936E+01   6.441101E+01   7.970010E+01  -3.080460E-01
   1.768065E+01   6.414245E+01   7.823475E+01  -3.085627E-01
   1.776232E+01   6.387534E+01   7.679546E+01  -3.090756E-01
   1.784436E+01   6.360967E+01   7.538181E+01  -3.095848E-01
   1.792678E+01   6.334543E+01   7.399339E+01  -3.100903E-01
   1.800958E+01   6.308259E+01   7.262978E+01  -3.105920E-01
   1.809277E+01   6.282116E+01   7.129059E+01  -3.110901E-01
   1.817634E+01   6.256112E+01   6.997542E+01  -3.115845E-01
   1.826029E+01   6.230246E+01   6.868387E+01  -3.120752E-01
   1.834463E+01   6.204517E+01   6.741555E+01  -3.125623E-01
   1.842936E+01   6.178923E+01   6.617009E+01  -3.130457E-01
   1.851449E+01   6.153464E+01   6.494709E+01  -3.135255E-01
   1.860000E+01   6.128138E+01   6.374619E+01  -3.140017E-01
   1.868591E+01   6.102945E+01   6.256701E+01  -3.144742E-01
   1.877222E+01   6.077883E+01   6.140919E+01  -3.149432E-01
   1.885893E+01   6.052951E+01   6.027237E+01  -3.154086E-01
   1.894604E+01   6.028149E+01   5.915619E+01  -3.158704E-01
   1.903354E+01   6.003474E+01   5.806030E+01  -3.163287E-01
   1.912146E+01   5.978927E+01   5.698435E+01  -3.167834E-01
   1.920978E+01   5.954505E+01   5.592801E+01  -3.172347E-01
   1.929851E+01   5.930209E+01   5.489093E+01  -3.176824E-01
   1.938764E+01   5.906037E+01   5.387279E+01  -3.181266E-01
   1.947719E+01   5.881988E+01   5.287326E+01  -3.185674E-01
   1.956715E+01   5.858061E+01   5.189200E+01  -3.190047E-01
   1.965753E+01   5.834255E+01   5.092872E+01  -3.194386E-01
   1.974833E+01   5.810569E+01   4.998309E+01  -3.198690E-01
   1.983954E+01   5.787003E+01   4.905480E+01  -3.202961E-01
   1.993118E+01   5.763554E+01   4.814356E+01  -3.207197E-01
   2.002324E+01   5.739933E+01   4.724906E+01  -3.211407E-01
   2.011573E+01   5.715572E+01   4.637104E+01  -3.215602E-01
   2.020864E+01   5.691336E+01   4.550918E+01  -3.219765E-01
   2.030198E+01   5.667226E+01   4.466319E+01  -3.223894E-01
   2.039575E+01   5.643239E+01   4.383279E+01  -3.227990E-01
   2.048996E+01   5.619375E+01   4.301770E+01  -3.232053E-01
   2.058460E+01   5.595633E+01   4.221765E+01  -3.236083E-01
   2.067967E+01   5.572011E+01   4.143237E+01  -3.240081E-01
   2.077519E+01   5.548510E+01   4.066160E+01  -3.244047E-01
   2.087115E+01   5.525127E+01   3.990508E+01  -3.247980E-01
   2.096755E+01   5.501863E+01   3.916254E+01  -3.251881E-01
   2.106440E+01   5.478716E+01   3.843375E+01  -3.255750E-01
   2.116169E+01   5.455685E+01   3.771845E+01  -3.259588E-01
   2.125943E+01   5.432770E+01   3.701640E+01  -3.263394E-01
   2.135763E+01   5.409969E+01   3.632736E+01  -3.267169E-01
   2.145628E+01   5.387282E+01   3.565109E+01  -3.270913E-01
   2.155538E+01   5.364707E+01   3.498737E+01  -3.274626E-01
   2.165494E+01   5.342245E+01   3.433596E+01  -3.278308E-01
   2.175496E+01   5.319894E+01   3.369665E+01  -3.281959E-01
   2.185545E+01   5.297653E+01   3.306921E+01  -3.285581E-01
   2.195640E+01   5.275522E+01   3.245342E+01  -3.289172E-01
   2.205781E+01   5.253499E+01   3.184908E+01  -3.292733E-01
   2.215969E+01   5.231584E+01   3.125597E+01  -3.296264E-01
   2.226204E+01   5.210798E+01   3.067387E+01  -3.299749E-01
   2.236487E+01   5.190772E+01   3.010258E+01  -3.303194E-01
   2.246817E+01   5.170837E+01   2.954192E+01  -3.306609E-01
   2.257195E+01   5.150992E+01   2.899169E+01  -3.309996E-01
   2.267621E+01   5.131238E+01   2.845171E+01  -3.313354E-01
   2.278094E+01   5.111574E+01   2.792178E+01  -3.316683E-01
   2.288617E+01   5.091998E+01   2.740172E+01  -3.319983E-01
   2.299187E+01   5.072510E+01   2.689135E+01  -3.323256E-01
   2.309807E+01   5.053110E+01   2.639049E+01  -3.326500E-01
   2.320476E+01   5.033797E+01   2.589896E+01  -3.329716E-01
   2.331194E+01   5.014570E+01   2.541660E+01  -3.332905E-01
   2.341961E+01   4.995429E+01   2.494323E+01  -3.336066E-01
   2.352779E+01   4.976373E+01   2.447869E+01  -3.339200E-01
   2.363646E+01   4.957402E+01   2.402281E+01  -3.342306E-01
   2.374563E+01   4.938514E+01   2.357543E+01  -3.345386E-01
   2.385531E+01   4.919710E+01   2.313640E+01  -3.348438E-01
   2.396549E+01   4.900989E+01   2.270556E+01  -3.351464E-01
   2.407619E+01   4.882350E+01   2.228276E+01  -3.354464E-01
   2.418739E+01   4.863793E+01   2.186785E+01  -3.357437E-01
   2.429911E+01   4.845318E+01   2.146068E+01  -3.360384E-01
   2.441135E+01   4.826922E+01   2.106112E+01  -3.363306E-01
   2.452410E+01   4.808607E+01   2.066901E+01  -3.366201E-01
   2.463737E+01   4.790372E+01   2.028422E+01  -3.369071E-01
   2.475117E+01   4.772215E+01   1.990662E+01  -3.371916E-01
   2.486549E+01   4.754137E+01   1.953606E+01  -3.374735E-01
   2.498034E+01   4.736138E+01   1.917243E+01  -3.377530E-01
   2.509572E+01   4.716862E+01   1.881562E+01  -3.380328E-01
   2.521164E+01   4.697398E+01   1.846547E+01  -3.383107E-01
   2.532809E+01   4.678024E+01   1.812187E+01  -3.385861E-01
   2.544508E+01   4.658740E+01   1.778468E+01  -3.388591E-01
   2.556260E+01   4.639544E+01   1.745379E+01  -3.391297E-01
   2.568067E+01   4.620437E+01   1.712908E+01  -3.393979E-01
   2.579929E+01   4.601418E+01   1.681043E+01  -3.396637E-01
   2.591845E+01   4.582486E+01   1.649773E+01  -3.399271E-01
   2.603817E+01   4.563640E+01   1.619088E+01  -3.401882E-01
   2.615843E+01   4.544881E+01   1.588975E+01  -3.404470E-01
   2.627926E+01   4.526207E+01   1.559425E+01  -3.407034E-01
   2.640064E+01   4.507619E+01   1.530427E+01  -3.409576E-01
   2.652258E+01   4.489115E+01   1.501970E+01  -3.412094E-01
   2.664508E+01   4.470694E+01   1.474044E+01  -3.414590E-01
   2.676815E+01   4.452358E+01   1.446640E+01  -3.417064E-01
   2.689179E+01   4.434104E+01   1.419748E+01  -3.419515E-01
   2.701600E+01   4.415933E+01   1.393358E+01  -3.421944E-01
   2.714079E+01   4.397844E+01   1.367461E+01  -3.424351E-01
   2.726615E+01   4.379836E+01   1.342047E+01  -3.426737E-01
   2.739208E+01   4.361909E+01   1.317108E+01  -3.429100E-01
   2.751861E+01   4.344062E+01   1.292634E+01  -3.431443E-01
   2.764571E+01   4.326296E+01   1.268617E+01  -3.433764E-01
   2.777340E+01   4.308609E+01   1.245049E+01  -3.436063E-01
   2.790168E+01   4.291001E+01   1.221920E+01  -3.438342E-01
   2.803056E+01   4.273472E+01   1.199223E+01  -3.440600E-01
   2.816003E+01   4.256020E+01   1.176950E+01  -3.442837E-01
   2.829010E+01   4.238646E+01   1.155092E+01  -3.445054E-01
   2.842076E+01   4.221350E+01   1.133643E+01  -3.447251E-01
   2.855204E+01   4.204130E+01   1.112593E+01  -3.449427E-01
   2.868391E+01   4.188985E+01   1.091943E+01  -3.451654E-01
   2.881640E+01   4.175043E+01   1.071682E+01  -3.453901E-01
   2.894950E+01   4.161152E+01   1.051799E+01  -3.456129E-01
   2.908322E+01   4.147314E+01   1.032286E+01  -3.458338E-01
   2.921755E+01   4.133526E+01   1.013137E+01  -3.460528E-01
   2.935250E+01   4.119790E+01   9.943459E+00  -3.462699E-01
   2.948808E+01   4.106105E+01   9.759047E+00  -3.464850E-01
   2.962428E+01   4.092470E+01   9.578074E+00  -3.466983E-01
   2.976111E+01   4.078886E+01   9.400475E+00  -3.469098E-01
   2.989857E+01   4.065352E+01   9.226186E+00  -3.471194E-01
   3.003667E+01   4.051867E+01   9.055146E+00  -3.473272E-01
   3.017540E+01   4.038432E+01   8.887294E+00  -3.475331E-01
   3.031478E+01   4.025046E+01   8.722569E+00  -3.477373E-01
   3.045480E+01   4.011709E+01   8.560914E+00  -3.479396E-01
   3.059547E+01   3.998420E+01   8.402271E+00  -3.481402E-01
   3.073678E+01   3.985180E+01   8.246584E+00  -3.483391E-01
   3.087875E+01   3.971989E+01   8.093796E+00  -3.485362E-01
   3.102138E+01   3.958845E+01   7.943854E+00  -3.487316E-01
   3.116466E+01   3.945748E+01   7.796705E+00  -3.489252E-01
   3.130861E+01   3.932699E+01   7.652295E+00  -3.491172E-01
   3.145322E+01   3.919697E+01   7.510575E+00  -3.493075E-01
   3.159850E+01   3.906742E+01   7.371493E+00  -3.494961E-01
   3.174445E+01   3.893834E+01   7.235000E+00  -3.496830E-01
   3.189107E+01   3.880971E+01   7.101048E+00  -3.498683E-01
   3.203837E+01   3.868155E+01   6.969589E+00  -3.500519E-01
   3.218635E+01   3.855385E+01   6.840576E+00  -3.502340E-01
   3.233502E+01   3.842661E+01   6.713963E+00  -3.504144E-01
   3.248437E+01   3.829982E+01   6.589706E+00  -3.505933E-01
   3.263441E+01   3.817348E+01   6.467761E+00  -3.507705E-01
   3.278515E+01   3.804759E+01   6.348084E+00  -3.509462E-01
   3.293658E+01   3.792215E+01   6.230633E+00  -3.511204E-01
   3.308871E+01   3.779715E+01   6.115366E+00  -3.512930E-01
   3.324154E+01   3.767260E+01   6.002242E+00  -3.514640E-01
   3.339508E+01   3.757450E+01   5.891183E+00  -3.516259E-01
   3.354933E+01   3.749266E+01   5.782166E+00  -3.517815E-01
   3.370429E+01   3.741100E+01   5.675176E+00  -3.519356E-01
   3.385996E+01   3.732952E+01   5.570175E+00  -3.520883E-01
   3.401636E+01   3.724820E+01   5.467126E+00  -3.522396E-01
   3.417347E+01   3.716706E+01   5.365993E+00  -3.523894E-01
   3.433132E+01   3.708609E+01   5.266740E+00  -3.525379E-01
   3.448989E+01   3.700529E+01   5.169332E+00  -3.526849E-01
   3.464919E+01   3.692465E+01   5.073734E+00  -3.528305E-01
   3.480923E+01   3.684419E+01   4.979912E+00  -3.529748E-01
   3.497001E+01   3.676389E+01   4.887834E+00  -3.531177E-01
   3.513154E+01   3.668376E+01   4.797466E+00  -3.532593E-01
   3.529380E+01   3.660380E+01   4.708777E+00  -3.533995E-01
   3.545682E+01   3.652400E+01   4.621735E+00  -3.535384E-01
   3.562059E+01   3.644436E+01   4.536309E+00  -3.536760E-01
   3.578512E+01   3.636489E+01   4.452470E+00  -3.538122E-01
   3.595041E+01   3.628558E+01   4.370188E+00  -3.539472E-01
   3.611646E+01   3.620643E+01   4.289433E+00  -3.540809E-01
   3.628327E+01   3.612745E+01   4.210178E+00  -3.542133E-01
   3.645086E+01   3.604862E+01   4.132393E+00  -3.543445E-01
   3.661922E+01   3.596995E+01   4.056052E+00  -3.544744E-01
   3.678836E+01   3.589145E+01   3.981128E+00  -3.546031E-01
   3.695828E+01   3.581310E+01   3.907594E+00  -3.547305E-01
   3.712899E+01   3.573491E+01   3.835425E+00  -3.548568E-01
   3.730048E+01   3.565687E+01   3.764594E+00  -3.549818E-01
   3.747277E+01   3.557899E+01   3.695077E+00  -3.551056E-01
   3.764585E+01   3.550127E+01   3.626850E+00  -3.552283E-01
   3.781973E+01   3.542370E+01   3.559888E+00  -3.553497E-01
   3.799442E+01   3.534628E+01   3.494168E+00  -3.554701E-01
   3.816991E+01   3.526902E+01   3.429666E+00  -3.555892E-01
   3.834621E+01   3.519191E+01   3.366360E+00  -3.557072E-01
   3.852333E+01   3.511495E+01   3.304228E+00  -3.558241E-01
   3.870126E+01   3.503814E+01   3.243247E+00  -3.559399E-01
   3.888002E+01   3.496149E+01   3.183397E+00  -3.560545E-01
   3.905960E+01   3.488498E+01   3.124655E+00  -3.561681E-01
   3.924001E+01   3.480863E+01   3.067002E+00  -3.562806E-01
   3.942126E+01   3.473242E+01   3.010418E+00  -3.563919E-01
   3.960334E+01   3.465636E+01   2.954882E+00  -3.565022E-01
   3.978626E+01   3.458045E+01   2.900374E+00  -3.566115E-01
   3.997003E+01   3.450468E+01   2.846876E+00  -3.567197E-01
   4.015465E+01   3.443987E+01   2.794370E+00  -3.568267E-01
   4.034012E+01   3.437725E+01   2.742836E+00  -3.569326E-01
   4.052644E+01   3.431471E+01   2.692256E+00  -3.570376E-01
   4.071363E+01   3.425225E+01   2.642612E+00  -3.571415E-01
   4.090168E+01   3.418986E+01   2.593888E+00  -3.572445E-01
   4.109060E+01   3.412756E+01   2.546066E+00  -3.573465E-01
   4.128039E+01   3.406533E+01   2.499129E+00  -3.574476E-01
   4.147106E+01   3.400319E+01   2.453061E+00  -3.575476E-01
   4.166261E+01   3.394112E+01   2.407845E+00  -3.576468E-01
   4.185505E+01   3.387912E+01   2.363466E+00  -3.577449E-01
   4.204837E+01   3.381721E+01   2.319909E+00  -3.578422E-01
   4.224259E+01   3.375536E+01   2.277157E+00  -3.579386E-01
   4.243770E+01   3.369360E+01   2.235196E+00  -3.580340E-01
   4.263371E+01   3.363191E+01   2.194011E+00  -3.581285E-01
   4.283063E+01   3.357030E+01   2.153588E+00  -3.582221E-01
   4.302846E+01   3.350876E+01   2.113913E+00  -3.583149E-01
   4.322721E+01   3.344730E+01   2.074971E+00  -3.584068E-01
   4.342687E+01   3.338591E+01   2.036750E+00  -3.584978E-01
   4.362745E+01   3.332459E+01   1.999235E+00  -3.585879E-01
   4.382896E+01   3.326335E+01   1.962413E+00  -3.586772E-01
   4.403140E+01   3.320218E+01   1.926273E+00  -3.587657E-01
   4.423478E+01   3.314108E+01   1.890800E+00  -3.588533E-01
   4.443909E+01   3.307960E+01   1.855981E+00  -3.589392E-01
   4.464435E+01   3.301629E+01   1.821799E+00  -3.590205E-01
   4.485056E+01   3.295306E+01   1.788248E+00  -3.591009E-01
   4.505772E+01   3.288992E+01   1.755317E+00  -3.591805E-01
   4.526583E+01   3.282685E+01   1.722995E+00  -3.592594E-01
   4.547491E+01   3.276387E+01   1.691269E+00  -3.593374E-01
   4.568495E+01   3.270096E+01   1.660130E+00  -3.594146E-01
   4.589597E+01   3.263814E+01   1.629567E+00  -3.594911E-01
   4.610795E+01   3.257540E+01   1.599568E+00  -3.595668E-01
   4.632092E+01   3.251274E+01   1.570123E+00  -3.596417E-01
   4.653487E+01   3.245016E+01   1.541222E+00  -3.597158E-01
   4.674981E+01   3.238766E+01   1.512854E+00  -3.597892E-01
   4.696574E+01   3.232523E+01   1.485011E+00  -3.598619E-01
   4.718267E+01   3.226289E+01   1.457681E+00  -3.599338E-01
   4.740060E+01   3.220063E+01   1.430857E+00  -3.600050E-01
   4.761954E+01   3.213844E+01   1.404527E+00  -3.600754E-01
   4.783949E+01   3.207633E+01   1.378684E+00  -3.601452E-01
   4.806045E+01   3.201430E+01   1.353317E+00  -3.602142E-01
   4.828244E+01   3.195235E+01   1.328419E+00  -3.602826E-01
   4.850545E+01   3.189048E+01   1.303981E+00  -3.603502E-01
   4.872949E+01   3.182868E+01   1.279993E+00  -3.604171E-01
   4.895456E+01   3.176696E+01   1.256448E+00  -3.604834E-01
   4.918068E+01   3.170532E+01   1.233337E+00  -3.605490E-01
   4.940784E+01   3.164375E+01   1.210653E+00  -3.606139E-01
   4.963605E+01   3.158226E+01   1.188388E+00  -3.606782E-01
   4.986531E+01   3.152085E+01   1.166533E+00  -3.607418E-01
   5.009563E+01   3.146108E+01   1.145078E+00  -3.608027E-01
   5.032702E+01   3.140360E+01   1.124016E+00  -3.608598E-01
   5.055947E+01   3.134617E+01   1.103342E+00  -3.609164E-01
   5.079300E+01   3.128880E+01   1.083050E+00  -3.609722E-01
   5.102761E+01   3.123148E+01   1.063132E+00  -3.610275E-01
   5.126330E+01   3.117421E+01   1.043581E+00  -3.610822E-01
   5.150008E+01   3.111700E+01   1.024391E+00  -3.611362E-01
   5.173795E+01   3.105985E+01   1.005555E+00  -3.611897E-01
   5.197692E+01   3.100274E+01   9.870659E-01  -3.612425E-01
   5.221699E+01   3.094569E+01   9.689179E-01  -3.612948E-01
   5.245818E+01   3.088870E+01   9.511045E-01  -3.613465E-01
   5.270048E+01   3.083176E+01   9.336196E-01  -3.613976E-01
   5.294389E+01   3.077487E+01   9.164570E-01  -3.614481E-01
   5.318843E+01   3.071803E+01   8.996107E-01  -3.614980E-01
   5.343411E+01   3.066125E+01   8.830749E-01  -3.615475E-01
   5.368091E+01   3.060452E+01   8.668440E-01  -3.615963E-01
   5.392886E+01   3.054784E+01   8.509121E-01  -3.616446E-01
   5.417795E+01   3.049122E+01   8.352739E-01  -3.616924E-01
   5.442819E+01   3.043465E+01   8.199238E-01  -3.617396E-01
   5.467959E+01   3.037813E+01   8.048566E-01  -3.617863E-01
   5.493214E+01   3.032166E+01   7.900670E-01  -3.618325E-01
   5.518587E+01   3.026525E+01   7.755499E-01  -3.618781E-01
   5.544077E+01   3.020888E+01   7.613002E-01  -3.619233E-01
   5.569684E+01   3.015257E+01   7.473130E-01  -3.619679E-01
   5.595410E+01   3.009631E+01   7.335835E-01  -3.620121E-01
   5.621254E+01   3.004011E+01   7.201068E-01  -3.620557E-01
   5.647218E+01   2.998395E+01   7.068784E-01  -3.620989E-01
   5.673302E+01   2.992784E+01   6.938935E-01  -3.621416E-01
   5.699506E+01   2.987179E+01   6.811478E-01  -3.621838E-01
   5.725831E+01   2.981334E+01   6.686327E-01  -3.622201E-01
   5.752278E+01   2.975332E+01   6.563452E-01  -3.622522E-01
   5.778847E+01   2.969337E+01   6.442842E-01  -3.622839E-01
   5.805539E+01   2.963349E+01   6.324452E-01  -3.623151E-01
   5.832354E+01   2.957368E+01   6.208243E-01  -3.623458E-01
   5.859293E+01   2.951394E+01   6.094175E-01  -3.623761E-01
   5.886357E+01   2.945427E+01   5.982206E-01  -3.624058E-01
   5.913545E+01   2.939467E+01   5.872300E-01  -3.624351E-01
   5.940859E+01   2.933514E+01   5.764417E-01  -3.624640E-01
   5.968299E+01   2.927568E+01   5.658521E-01  -3.624923E-01
   5.995866E+01   2.921628E+01   5.554574E-01  -3.625202E-01
   6.023560E+01   2.915696E+01   5.452541E-01  -3.625477E-01
   6.051382E+01   2.909770E+01   5.352387E-01  -3.625747E-01
   6.079333E+01   2.903852E+01   5.254076E-01  -3.626013E-01
   6.107412E+01   2.897940E+01   5.157574E-01  -3.626275E-01
   6.135622E+01   2.892035E+01   5.062849E-01  -3.626532E-01
   6.163961E+01   2.886137E+01   4.969867E-01  -3.626785E-01
   6.192432E+01   2.880246E+01   4.878597E-01  -3.627034E-01
   6.221034E+01   2.874362E+01   4.789006E-01  -3.627278E-01
   6.249768E+01   2.868485E+01   4.701064E-01  -3.627519E-01
   6.278635E+01   2.862614E+01   4.614740E-01  -3.627755E-01
   6.307635E+01   2.856751E+01   4.530005E-01  -3.627988E-01
   6.336770E+01   2.850894E+01   4.446828E-01  -3.628216E-01
   6.366038E+01   2.845044E+01   4.365182E-01  -3.628441E-01
   6.395442E+01   2.839201E+01   4.285038E-01  -3.628661E-01
   6.424982E+01   2.833365E+01   4.206369E-01  -3.628878E-01
   6.454658E+01   2.827535E+01   4.129146E-01  -3.629091E-01
   6.484471E+01   2.821713E+01   4.053344E-01  -3.629300E-01
   6.514422E+01   2.815897E+01   3.978937E-01  -3.629506E-01
   6.544512E+01   2.810088E+01   3.905898E-01  -3.629708E-01
   6.574740E+01   2.804286E+01   3.834202E-01  -3.629906E-01
   6.605108E+01   2.798490E+01   3.763825E-01  -3.630101E-01
   6.635616E+01   2.792702E+01   3.694742E-01  -3.630292E-01
   6.666265E+01   2.786920E+01   3.626930E-01  -3.630480E-01
   6.697056E+01   2.781058E+01   3.560338E-01  -3.630602E-01
   6.727989E+01   2.775191E+01   3.494969E-01  -3.630711E-01
   6.759065E+01   2.769331E+01   3.430801E-01  -3.630817E-01
   6.790284E+01   2.763478E+01   3.367814E-01  -3.630919E-01
   6.821647E+01   2.757633E+01   3.305985E-01  -3.631017E-01
   6.853156E+01   2.751794E+01   3.245293E-01  -3.631113E-01
   6.884809E+01   2.745962E+01   3.185717E-01  -3.631204E-01
   6.916610E+01   2.740138E+01   3.127237E-01  -3.631293E-01
   6.948557E+01   2.734320E+01   3.069833E-01  -3.631378E-01
   6.980651E+01   2.728510E+01   3.013483E-01  -3.631459E-01
   7.012894E+01   2.722706E+01   2.958170E-01  -3.631538E-01
   7.045286E+01   2.716910E+01   2.903874E-01  -3.631613E-01
   7.077827E+01   2.711121E+01   2.850576E-01  -3.631685E-01
   7.110518E+01   2.705339E+01   2.798258E-01  -3.631753E-01
   7.143361E+01   2.699564E+01   2.746902E-01  -3.631819E-01
   7.176355E+01   2.693795E+01   2.696490E-01  -3.631881E-01
   7.209502E+01   2.688034E+01   2.647005E-01  -3.631941E-01
   7.242802E+01   2.682280E+01   2.598429E-01  -3.631997E-01
   7.276255E+01   2.676534E+01   2.550746E-01  -3.632051E-01
   7.309864E+01   2.670794E+01   2.503940E-01  -3.632101E-01
   7.343627E+01   2.665061E+01   2.457994E-01  -3.632149E-01
   7.377546E+01   2.659335E+01   2.412892E-01  -3.632193E-01
   7.411622E+01   2.653616E+01   2.368619E-01  -3.632235E-01
   7.445856E+01   2.647905E+01   2.325160E-01  -3.632274E-01
   7.480247E+01   2.642200E+01   2.282499E-01  -3.632310E-01
   7.514797E+01   2.636503E+01   2.240623E-01  -3.632344E-01
   7.549507E+01   2.630812E+01   2.199515E-01  -3.632375E-01
   7.584378E+01   2.625129E+01   2.159164E-01  -3.632403E-01
   7.619409E+01   2.619452E+01   2.119553E-01  -3.632428E-01
   7.654602E+01   2.613783E+01   2.080671E-01  -3.632451E-01
   7.689958E+01   2.608121E+01   2.042502E-01  -3.632471E-01
   7.725477E+01   2.602466E+01   2.005035E-01  -3.632489E-01
   7.761160E+01   2.596817E+01   1.968257E-01  -3.632504E-01
   7.797007E+01   2.591176E+01   1.932154E-01  -3.632517E-01
   7.833021E+01   2.585542E+01   1.896714E-01  -3.632527E-01
   7.869201E+01   2.579915E+01   1.861925E-01  -3.632535E-01
   7.905548E+01   2.574295E+01   1.827775E-01  -3.632540E-01
   7.942062E+01   2.568682E+01   1.794252E-01  -3.632544E-01
   7.978746E+01   2.563077E+01   1.761346E-01  -3.632544E-01
   8.015599E+01   2.557330E+01   1.729037E-01  -3.632512E-01
   8.052622E+01   2.551391E+01   1.697313E-01  -3.632436E-01
   8.089816E+01   2.545461E+01   1.666172E-01  -3.632357E-01
   8.127182E+01   2.539540E+01   1.635603E-01  -3.632275E-01
   8.164720E+01   2.533627E+01   1.605596E-01  -3.632191E-01
   8.202432E+01   2.527724E+01   1.576139E-01  -3.632104E-01
   8.240318E+01   2.521829E+01   1.547224E-01  -3.632015E-01
   8.278379E+01   2.515943E+01   1.518840E-01  -3.631924E-01
   8.316616E+01   2.510066E+01   1.490978E-01  -3.631830E-01
   8.355029E+01   2.504198E+01   1.463627E-01  -3.631734E-01
   8.393620E+01   2.498339E+01   1.436779E-01  -3.631635E-01
   8.432389E+01   2.492489E+01   1.410423E-01  -3.631534E-01
   8.471337E+01   2.486647E+01   1.384552E-01  -3.631431E-01
   8.510465E+01   2.480815E+01   1.359156E-01  -3.631325E-01
   8.549774E+01   2.474991E+01   1.334226E-01  -3.631218E-01
   8.589264E+01   2.469176E+01   1.309754E-01  -3.631108E-01
   8.628937E+01   2.463370E+01   1.285732E-01  -3.630996E-01
   8.668793E+01   2.457573E+01   1.262150E-01  -3.630881E-01
   8.708833E+01   2.451785E+01   1.239002E-01  -3.630765E-01
   8.749058E+01   2.446005E+01   1.216279E-01  -3.630646E-01
   8.789469E+01   2.440235E+01   1.193973E-01  -3.630526E-01
   8.830067E+01   2.434473E+01   1.172076E-01  -3.630403E-01
   8.870852E+01   2.428720E+01   1.150582E-01  -3.630278E-01
   8.911825E+01   2.422976E+01   1.129482E-01  -3.630152E-01
   8.952988E+01   2.417241E+01   1.108769E-01  -3.630023E-01
   8.994340E+01   2.411515E+01   1.088437E-01  -3.629893E-01
   9.035884E+01   2.405797E+01   1.068478E-01  -3.629760E-01
   9.077620E+01   2.400089E+01   1.048886E-01  -3.629626E-01
   9.119548E+01   2.394389E+01   1.029653E-01  -3.629489E-01
   9.161670E+01   2.388698E+01   1.010773E-01  -3.629351E-01
   9.203987E+01   2.383016E+01   9.922401E-02  -3.629211E-01
   9.246499E+01   2.377343E+01   9.740471E-02  -3.629069E-01
   9.289207E+01   2.371678E+01   9.561881E-02  -3.628926E-01
   9.332113E+01   2.366023E+01   9.386568E-02  -3.628780E-01
   9.375217E+01   2.360376E+01   9.214474E-02  -3.628633E-01
   9.418520E+01   2.354738E+01   9.045538E-02  -3.628485E-01
   9.462023E+01   2.349109E+01   8.879703E-02  -3.628334E-01
   9.505727E+01   2.343489E+01   8.716911E-02  -3.628182E-01
   9.549632E+01   2.337878E+01   8.557107E-02  -3.628028E-01
   9.593741E+01   2.332275E+01   8.400236E-02  -3.627873E-01
   9.638053E+01   2.326682E+01   8.246244E-02  -3.627716E-01
   9.682570E+01   2.321097E+01   8.095078E-02  -3.627557E-01
   9.727293E+01   2.315521E+01   7.946685E-02  -3.627397E-01
   9.772222E+01   2.309953E+01   7.801016E-02  -3.627235E-01
   9.817359E+01   2.304395E+01   7.658020E-02  -3.627072E-01
   9.862704E+01   2.298846E+01   7.517648E-02  -3.626908E-01
   9.908259E+01   2.293305E+01   7.379852E-02  -3.626741E-01
   9.954024E+01   2.287773E+01   7.244584E-02  -3.626574E-01
   1.000000E+02   2.282250E+01   7.111798E-02  -3.626405E-01
