#============================================================================
# Opacities computed by OpTool        <a^n>=  1.6377E-1  1.9248E-1  2.4300E-1
# Method:   DHS  fmax=  0.700
# Parameters:
#   amin [um]=      0.100 amax [um]=      1.500  na  =   18    apow=   3.5    
#   lmin [um]=      0.100 lmax [um]=    100.000  nlam=  300    nang=   180
#   porosity =      0.000 p_mantle =      0.000  fmax= 0.70    chop=   0.0
# Composition:
#  Where   mfrac  rho   Material
#  -----   -----  ----  -----------------------------------------------------
#  core    1.000  2.65  qua
#  - - -   - - -  -  -  - - - - - - - - - - - - - - - - - - - - - - - - - - -
#  grain   1.000  2.65  mixture of  1 materials
#----------------------------------------------------------------------------
# Command: optool qua -a 0.1 1.5 -l 0.1 100 -dhs 0.7
#============================================================================
# Standard output file, no scattering matrix
#    iformat
#    nlambda
#    lambda[um]  kabs [cm^2/g]  ksca [cm^2/g]    g_asymmetry
#============================================================================
           3
         300
   1.000000E-01   1.129062E+04   1.435170E+04   8.700888E-01
   1.023372E-01   1.127357E+04   1.450942E+04   8.636018E-01
   1.047290E-01   1.128496E+04   1.465268E+04   8.579292E-01
   1.071767E-01   1.136232E+04   1.469142E+04   8.569940E-01
   1.096816E-01   1.152237E+04   1.461736E+04   8.626162E-01
   1.122451E-01   1.181583E+04   1.444435E+04   8.791120E-01
   1.148684E-01   1.191525E+04   1.422524E+04   8.852182E-01
   1.175531E-01   1.120466E+04   1.510570E+04   8.366794E-01
   1.203005E-01   1.121112E+04   1.523996E+04   8.277353E-01
   1.231122E-01   1.128161E+04   1.500452E+04   8.402676E-01
   1.259895E-01   1.070150E+04   1.571686E+04   8.467716E-01
   1.289341E-01   8.974515E+03   1.781181E+04   8.418625E-01
   1.319476E-01   7.123886E+03   2.006228E+04   8.340836E-01
   1.350314E-01   5.647303E+03   2.204339E+04   8.229179E-01
   1.381873E-01   4.590436E+03   2.372867E+04   8.141704E-01
   1.414170E-01   3.118182E+03   2.595378E+04   8.021899E-01
   1.447222E-01   1.729913E+03   2.806589E+04   7.885239E-01
   1.481046E-01   4.704603E+02   2.984183E+04   7.739735E-01
   1.515661E-01   1.685021E+02   3.065992E+04   7.720056E-01
   1.551084E-01   1.544577E+01   3.130730E+04   7.718679E-01
   1.587336E-01   4.188210E+00   3.166037E+04   7.728446E-01
   1.624435E-01   4.030164E+00   3.205496E+04   7.733172E-01
   1.662401E-01   4.137413E+00   3.220374E+04   7.730475E-01
   1.701254E-01   4.255136E+00   3.221999E+04   7.746864E-01
   1.741016E-01   3.827186E+00   3.225997E+04   7.755155E-01
   1.781706E-01   4.215323E+00   3.236908E+04   7.764244E-01
   1.823348E-01   3.939515E+00   3.235634E+04   7.782788E-01
   1.865963E-01   3.813281E+00   3.232929E+04   7.780908E-01
   1.909574E-01   3.661106E+00   3.215056E+04   7.791056E-01
   1.954204E-01   3.944956E+00   3.201718E+04   7.775042E-01
   1.999877E-01   4.058003E+00   3.185216E+04   7.780923E-01
   2.046618E-01   3.778616E+00   3.162807E+04   7.793841E-01
   2.094451E-01   4.336709E+00   3.146960E+04   7.790141E-01
   2.143402E-01   3.834525E+00   3.138452E+04   7.768583E-01
   2.193497E-01   3.607036E+00   3.118396E+04   7.757887E-01
   2.244763E-01   3.470597E+00   3.094069E+04   7.749637E-01
   2.297228E-01   3.524996E+00   3.071788E+04   7.741153E-01
   2.350918E-01   3.416159E+00   3.053812E+04   7.734143E-01
   2.405863E-01   3.459422E+00   3.032739E+04   7.727986E-01
   2.462092E-01   3.476708E+00   3.014719E+04   7.712225E-01
   2.519636E-01   3.480462E+00   2.994442E+04   7.696865E-01
   2.578524E-01   3.224676E+00   2.965413E+04   7.684552E-01
   2.638789E-01   3.507149E+00   2.941277E+04   7.655895E-01
   2.700462E-01   4.567499E+00   2.912960E+04   7.649062E-01
   2.763577E-01   3.477034E+00   2.887856E+04   7.642440E-01
   2.828167E-01   3.586261E+00   2.863300E+04   7.630377E-01
   2.894266E-01   3.131805E+00   2.835014E+04   7.623441E-01
   2.961910E-01   3.135100E+00   2.805743E+04   7.614728E-01
   3.031136E-01   3.070176E+00   2.776237E+04   7.595377E-01
   3.101979E-01   3.118477E+00   2.744107E+04   7.582837E-01
   3.174477E-01   2.962463E+00   2.715963E+04   7.572700E-01
   3.248671E-01   2.873986E+00   2.684961E+04   7.575188E-01
   3.324598E-01   2.907348E+00   2.656628E+04   7.569944E-01
   3.402300E-01   2.917144E+00   2.628293E+04   7.562211E-01
   3.481818E-01   2.794353E+00   2.594650E+04   7.555013E-01
   3.563194E-01   2.894770E+00   2.556425E+04   7.553363E-01
   3.646472E-01   2.713354E+00   2.521597E+04   7.547411E-01
   3.731697E-01   2.623000E+00   2.486549E+04   7.552788E-01
   3.818913E-01   2.548353E+00   2.453592E+04   7.555355E-01
   3.908168E-01   2.613118E+00   2.423113E+04   7.549637E-01
   3.999509E-01   2.571876E+00   2.390794E+04   7.544863E-01
   4.092985E-01   2.545361E+00   2.354898E+04   7.535437E-01
   4.188645E-01   2.544312E+00   2.318108E+04   7.527482E-01
   4.286541E-01   2.568653E+00   2.282366E+04   7.524629E-01
   4.386726E-01   2.365768E+00   2.247621E+04   7.529875E-01
   4.489251E-01   2.317238E+00   2.214656E+04   7.528662E-01
   4.594173E-01   2.299008E+00   2.181282E+04   7.526951E-01
   4.701547E-01   2.266488E+00   2.147416E+04   7.520652E-01
   4.811431E-01   2.280150E+00   2.112792E+04   7.507685E-01
   4.923883E-01   2.248568E+00   2.075511E+04   7.504836E-01
   5.038963E-01   2.122266E+00   2.042098E+04   7.500471E-01
   5.156732E-01   2.090744E+00   2.010364E+04   7.495794E-01
   5.277254E-01   2.067776E+00   1.977642E+04   7.496400E-01
   5.400593E-01   1.998763E+00   1.942974E+04   7.503156E-01
   5.526815E-01   1.984614E+00   1.910449E+04   7.492105E-01
   5.655986E-01   1.905807E+00   1.872798E+04   7.490496E-01
   5.788177E-01   1.874228E+00   1.837566E+04   7.482929E-01
   5.923457E-01   1.842981E+00   1.803826E+04   7.481041E-01
   6.061899E-01   1.801098E+00   1.771817E+04   7.478489E-01
   6.203576E-01   1.778108E+00   1.741435E+04   7.470517E-01
   6.348565E-01   1.735764E+00   1.709287E+04   7.466105E-01
   6.496943E-01   1.711085E+00   1.676988E+04   7.449894E-01
   6.648788E-01   1.678986E+00   1.643480E+04   7.436221E-01
   6.804182E-01   1.642885E+00   1.609453E+04   7.431955E-01
   6.963208E-01   1.600165E+00   1.577131E+04   7.433060E-01
   7.125951E-01   1.567239E+00   1.547089E+04   7.428121E-01
   7.292497E-01   1.538730E+00   1.517154E+04   7.421360E-01
   7.462936E-01   1.506089E+00   1.486654E+04   7.414059E-01
   7.637358E-01   1.474522E+00   1.454925E+04   7.402058E-01
   7.815857E-01   1.440748E+00   1.423223E+04   7.390684E-01
   7.998527E-01   1.407343E+00   1.392148E+04   7.386833E-01
   8.185467E-01   1.376095E+00   1.362373E+04   7.386936E-01
   8.376776E-01   1.347651E+00   1.333551E+04   7.384391E-01
   8.572557E-01   1.316900E+00   1.304088E+04   7.382910E-01
   8.772913E-01   1.286447E+00   1.274464E+04   7.375090E-01
   8.977952E-01   1.254622E+00   1.243277E+04   7.364855E-01
   9.187782E-01   1.223768E+00   1.212220E+04   7.356481E-01
   9.402517E-01   1.192980E+00   1.182046E+04   7.352795E-01
   9.622271E-01   1.163651E+00   1.152917E+04   7.352771E-01
   9.847161E-01   1.135706E+00   1.124404E+04   7.349734E-01
   1.007731E+00   1.106134E+00   1.094885E+04   7.344739E-01
   1.031283E+00   1.075858E+00   1.064506E+04   7.335482E-01
   1.055386E+00   1.045024E+00   1.033144E+04   7.324463E-01
   1.080052E+00   1.014814E+00   1.002404E+04   7.315259E-01
   1.105295E+00   9.855884E-01   9.726306E+03   7.308250E-01
   1.131128E+00   9.569849E-01   9.434792E+03   7.303454E-01
   1.157564E+00   9.288021E-01   9.147469E+03   7.297150E-01
   1.184619E+00   9.003024E-01   8.857448E+03   7.285718E-01
   1.212305E+00   8.708190E-01   8.557919E+03   7.269010E-01
   1.240639E+00   8.408262E-01   8.253401E+03   7.252248E-01
   1.269635E+00   8.117720E-01   7.958122E+03   7.238650E-01
   1.299309E+00   7.841407E-01   7.677111E+03   7.227196E-01
   1.329676E+00   7.575000E-01   7.405950E+03   7.214857E-01
   1.360753E+00   7.308860E-01   7.135469E+03   7.198519E-01
   1.392556E+00   7.037137E-01   6.859775E+03   7.178411E-01
   1.425103E+00   6.763852E-01   6.582747E+03   7.156780E-01
   1.458410E+00   6.496858E-01   6.311823E+03   7.135168E-01
   1.492496E+00   6.241187E-01   6.052308E+03   7.114234E-01
   1.527378E+00   5.997281E-01   5.804496E+03   7.093291E-01
   1.563075E+00   5.759951E-01   5.563555E+03   7.070529E-01
   1.599607E+00   5.524344E-01   5.324711E+03   7.045073E-01
   1.636993E+00   5.290432E-01   5.087868E+03   7.017700E-01
   1.675252E+00   5.061336E-01   4.855697E+03   6.989401E-01
   1.714406E+00   4.839514E-01   4.630849E+03   6.960626E-01
   1.754475E+00   4.626833E-01   4.415089E+03   6.931412E-01
   1.795480E+00   4.423339E-01   4.208693E+03   6.901520E-01
   1.837444E+00   4.227407E-01   4.010219E+03   6.870448E-01
   1.880388E+00   4.037036E-01   3.817649E+03   6.837709E-01
   1.924336E+00   3.851550E-01   3.629888E+03   6.803128E-01
   1.969311E+00   3.671097E-01   3.447146E+03   6.766851E-01
   2.015338E+00   3.496762E-01   3.270492E+03   6.729292E-01
   2.062440E+00   3.329656E-01   3.101151E+03   6.691055E-01
   2.110643E+00   3.170255E-01   2.939830E+03   6.652695E-01
   2.159972E+00   3.018356E-01   2.786344E+03   6.614404E-01
   2.210455E+00   2.873358E-01   2.639763E+03   6.575851E-01
   2.262117E+00   2.734143E-01   2.498974E+03   6.536351E-01
   2.314987E+00   2.600093E-01   2.363262E+03   6.495250E-01
   2.369092E+00   2.470963E-01   2.232496E+03   6.452197E-01
   2.424462E+00   2.346795E-01   2.106945E+03   6.407197E-01
   2.481126E+00   2.227915E-01   1.987008E+03   6.360539E-01
   2.539114E+00   2.114901E-01   1.873010E+03   6.312729E-01
   2.598458E+00   2.007952E-01   1.765061E+03   6.264415E-01
   2.659189E+00   1.906951E-01   1.662990E+03   6.216241E-01
   2.721339E+00   1.811423E-01   1.566367E+03   6.168633E-01
   2.784941E+00   1.720592E-01   1.474616E+03   6.121616E-01
   2.850030E+00   1.633785E-01   1.387189E+03   6.074789E-01
   2.916641E+00   1.550783E-01   1.303703E+03   6.027494E-01
   2.984808E+00   1.471589E-01   1.223993E+03   5.979101E-01
   3.054568E+00   1.396224E-01   1.148061E+03   5.929272E-01
   3.125959E+00   1.324753E-01   1.075970E+03   5.878084E-01
   3.199018E+00   1.257057E-01   1.007756E+03   5.825988E-01
   3.273785E+00   1.192942E-01   9.433774E+02   5.773673E-01
   3.350299E+00   1.132353E-01   8.827081E+02   5.721904E-01
   3.428602E+00   1.075296E-01   8.255556E+02   5.671381E-01
   3.508734E+00   1.021577E-01   7.716893E+02   5.622641E-01
   3.590740E+00   9.709824E-02   7.208672E+02   5.576003E-01
   3.674662E+00   9.231380E-02   6.728565E+02   5.531529E-01
   3.760545E+00   8.777002E-02   6.274506E+02   5.489000E-01
   3.848436E+00   8.343156E-02   5.842718E+02   5.447959E-01
   3.938381E+00   7.878517E-02   5.365429E+02   5.409286E-01
   4.030428E+00   7.446907E-02   4.920399E+02   5.369624E-01
   4.124626E+00   7.047498E-02   4.506509E+02   5.327548E-01
   4.221026E+00   6.663920E-02   4.104725E+02   5.281810E-01
   4.319679E+00   6.300741E-02   3.722170E+02   5.230555E-01
   4.420638E+00   5.970864E-02   3.372927E+02   5.172301E-01
   4.523956E+00   5.673704E-02   3.055174E+02   5.106178E-01
   4.629689E+00   5.400596E-02   2.755639E+02   5.031255E-01
   4.737893E+00   5.153619E-02   2.482887E+02   4.947373E-01
   4.848626E+00   4.932617E-02   2.237383E+02   4.854806E-01
   4.961948E+00   4.736646E-02   2.016528E+02   4.754043E-01
   5.077917E+00   4.558365E-02   1.799440E+02   4.643737E-01
   5.196597E+00   4.399267E-02   1.597607E+02   4.525437E-01
   5.318051E+00   4.257849E-02   1.418146E+02   4.401251E-01
   5.442344E+00   4.131156E-02   1.258428E+02   4.272393E-01
   5.569541E+00   4.014372E-02   1.113263E+02   4.139482E-01
   5.699711E+00   3.904825E-02   9.622380E+01   3.999381E-01
   5.832924E+00   3.804047E-02   8.300669E+01   3.858180E-01
   5.969250E+00   3.707508E-02   7.014980E+01   3.713466E-01
   6.108762E+00   3.614978E-02   5.841525E+01   3.568029E-01
   6.251534E+00   3.526218E-02   4.835789E+01   3.424692E-01
   6.397644E+00   3.441437E-02   3.799765E+01   3.277743E-01
   6.547168E+00   3.360802E-02   2.816978E+01   3.129623E-01
   6.700188E+00   3.284238E-02   1.959441E+01   2.983038E-01
   6.856783E+00   3.213188E-02   1.130439E+01   2.832064E-01
   7.017038E+00   1.136083E+00   4.140770E+00   2.675012E-01
   7.181039E+00   4.222667E+00   5.742689E-01   2.525396E-01
   7.348873E+00   1.434879E+01   6.278967E-01   2.371929E-01
   7.520629E+00   4.908578E+01   7.868809E+00   2.210273E-01
   7.696400E+00   1.933566E+02   3.272023E+01   2.030007E-01
   7.876279E+00   9.406507E+02   1.084604E+02   1.802023E-01
   8.060361E+00   3.032380E+03   1.930293E+02   1.622904E-01
   8.248747E+00   3.374364E+03   1.778879E+02   1.698178E-01
   8.441535E+00   3.816877E+03   2.107085E+02   1.666984E-01
   8.638828E+00   4.572666E+03   3.312986E+02   1.564925E-01
   8.840733E+00   9.816739E+03   1.284968E+03   1.018706E-01
   9.047357E+00   1.186152E+04   2.086330E+03   7.493977E-02
   9.258810E+00   6.834062E+03   1.119467E+03   1.126387E-01
   9.475205E+00   4.951145E+03   8.314527E+02   1.586444E-01
   9.696658E+00   3.190458E+03   6.532395E+02   2.385949E-01
   9.923286E+00   1.665567E+03   4.414432E+02   2.822554E-01
   1.015521E+01   1.020361E+03   2.796751E+02   2.410093E-01
   1.039256E+01   8.642864E+02   1.995667E+02   2.094899E-01
   1.063545E+01   7.552363E+02   1.551820E+02   1.895389E-01
   1.088402E+01   6.381846E+02   1.230243E+02   1.736011E-01
   1.113840E+01   5.486076E+02   9.607866E+01   1.591393E-01
   1.139872E+01   5.440388E+02   7.317517E+01   1.457407E-01
   1.166513E+01   6.844598E+02   5.690199E+01   1.342576E-01
   1.193777E+01   9.461325E+02   5.120932E+01   1.261213E-01
   1.221677E+01   1.156292E+03   5.481471E+01   1.219248E-01
   1.250230E+01   1.156410E+03   5.995325E+01   1.203644E-01
   1.279450E+01   9.629168E+02   6.049130E+01   1.188018E-01
   1.309353E+01   6.889378E+02   5.561922E+01   1.150711E-01
   1.339955E+01   4.350876E+02   4.739993E+01   1.089037E-01
   1.371272E+01   2.545196E+02   3.831402E+01   1.015192E-01
   1.403322E+01   1.561746E+02   3.009700E+01   9.420008E-02
   1.436120E+01   1.221690E+02   2.344997E+01   8.756336E-02
   1.469684E+01   1.281856E+02   1.834428E+01   8.169682E-02
   1.504034E+01   1.562324E+02   1.445604E+01   7.647440E-02
   1.539186E+01   1.968141E+02   1.146478E+01   7.175130E-02
   1.575159E+01   2.459009E+02   9.135988E+00   6.741719E-02
   1.611973E+01   3.018369E+02   7.313368E+00   6.339664E-02
   1.649648E+01   3.637338E+02   5.893460E+00   5.963943E-02
   1.688203E+01   4.309433E+02   4.793905E+00   5.610031E-02
   1.727660E+01   5.032010E+02   3.947910E+00   5.273385E-02
   1.768038E+01   5.810994E+02   3.303202E+00   4.948830E-02
   1.809360E+01   6.672213E+02   2.831875E+00   4.630114E-02
   1.851648E+01   7.685706E+02   2.550309E+00   4.307935E-02
   1.894925E+01   9.037736E+02   2.610424E+00   3.967860E-02
   1.939213E+01   1.130162E+03   3.656882E+00   3.585328E-02
   1.984535E+01   1.620139E+03   8.191999E+00   3.142828E-02
   2.030918E+01   3.139227E+03   3.531551E+01   2.407247E-02
   2.078384E+01   5.768267E+03   1.149285E+02   1.681126E-02
   2.126959E+01   3.554512E+03   7.716110E+01   2.285290E-02
   2.176670E+01   2.090347E+03   4.549079E+01   3.996206E-02
   2.227543E+01   1.505256E+03   3.103213E+01   4.723206E-02
   2.279605E+01   1.216520E+03   2.540724E+01   4.859079E-02
   2.332883E+01   8.967711E+02   2.135285E+01   5.025232E-02
   2.387407E+01   6.078201E+02   1.732590E+01   4.916475E-02
   2.443205E+01   4.028166E+02   1.374733E+01   4.555371E-02
   2.500307E+01   2.858770E+02   1.089538E+01   4.136469E-02
   2.558744E+01   2.331804E+02   8.811233E+00   3.773700E-02
   2.618546E+01   2.125906E+02   7.340161E+00   3.485246E-02
   2.679746E+01   2.022687E+02   6.273663E+00   3.252804E-02
   2.742377E+01   1.932083E+02   5.455237E+00   3.056704E-02
   2.806471E+01   1.832870E+02   4.794526E+00   2.884399E-02
   2.872063E+01   1.724977E+02   4.242776E+00   2.728917E-02
   2.939188E+01   1.612616E+02   3.771988E+00   2.586264E-02
   3.007883E+01   1.499405E+02   3.364359E+00   2.453945E-02
   3.078182E+01   1.387749E+02   3.008168E+00   2.330396E-02
   3.150125E+01   1.279569E+02   2.694519E+00   2.214416E-02
   3.223749E+01   1.175917E+02   2.416869E+00   2.105157E-02
   3.299094E+01   1.077597E+02   2.170250E+00   2.002002E-02
   3.376199E+01   9.850541E+01   1.950827E+00   1.904507E-02
   3.455107E+01   8.985377E+01   1.754803E+00   1.812139E-02
   3.535859E+01   8.180889E+01   1.579540E+00   1.724589E-02
   3.618499E+01   7.435988E+01   1.422679E+00   1.641564E-02
   3.703070E+01   6.749621E+01   1.281857E+00   1.562696E-02
   3.789617E+01   6.118563E+01   1.155730E+00   1.487885E-02
   3.878187E+01   5.540699E+01   1.042413E+00   1.416804E-02
   3.968827E+01   5.012826E+01   9.405580E-01   1.349257E-02
   4.061586E+01   4.531678E+01   8.489695E-01   1.285060E-02
   4.156513E+01   4.094050E+01   7.666267E-01   1.224057E-02
   4.253658E+01   3.696800E+01   6.925289E-01   1.166067E-02
   4.353073E+01   3.336649E+01   6.258055E-01   1.110926E-02
   4.454813E+01   3.010660E+01   5.657454E-01   1.058508E-02
   4.558929E+01   2.715976E+01   5.115885E-01   1.008637E-02
   4.665480E+01   2.449889E+01   4.627598E-01   9.611954E-03
   4.774521E+01   2.209828E+01   4.187208E-01   9.160592E-03
   4.886110E+01   1.993350E+01   3.789887E-01   8.731124E-03
   5.000307E+01   1.798677E+01   3.431366E-01   8.322480E-03
   5.117173E+01   1.739892E+01   3.125702E-01   7.944633E-03
   5.236771E+01   1.683056E+01   2.847252E-01   7.583925E-03
   5.359163E+01   1.628100E+01   2.593595E-01   7.239580E-03
   5.484417E+01   1.574962E+01   2.362524E-01   6.910854E-03
   5.612597E+01   1.523580E+01   2.152031E-01   6.597041E-03
   5.743774E+01   1.473893E+01   1.960283E-01   6.297462E-03
   5.878016E+01   1.425845E+01   1.785613E-01   6.011472E-03
   6.015396E+01   1.379380E+01   1.626501E-01   5.738455E-03
   6.155987E+01   1.334444E+01   1.481562E-01   5.477823E-03
   6.299863E+01   1.290987E+01   1.349534E-01   5.229013E-03
   6.447102E+01   1.248958E+01   1.229267E-01   4.991490E-03
   6.597782E+01   1.208309E+01   1.119714E-01   4.764742E-03
   6.751985E+01   1.168995E+01   1.019922E-01   4.548279E-03
   6.909791E+01   1.130970E+01   9.290208E-02   4.341636E-03
   7.071285E+01   1.094191E+01   8.462189E-02   4.144367E-03
   7.236553E+01   1.058617E+01   7.707950E-02   3.956046E-03
   7.405685E+01   1.024208E+01   7.020918E-02   3.776269E-03
   7.578769E+01   9.909253E+00   6.395108E-02   3.604647E-03
   7.755898E+01   9.587308E+00   5.825066E-02   3.440811E-03
   7.937168E+01   9.275886E+00   5.305825E-02   3.284407E-03
   8.122674E+01   8.974639E+00   4.832858E-02   3.135099E-03
   8.312515E+01   8.683231E+00   4.402042E-02   2.992564E-03
   8.506793E+01   8.401335E+00   4.009623E-02   2.856496E-03
   8.705612E+01   8.128636E+00   3.652179E-02   2.726601E-03
   8.909078E+01   7.864833E+00   3.326594E-02   2.602598E-03
   9.117299E+01   7.609630E+00   3.030029E-02   2.484222E-03
   9.330387E+01   7.362745E+00   2.759898E-02   2.371216E-03
   9.548455E+01   7.123904E+00   2.513845E-02   2.263337E-03
   9.771620E+01   6.892841E+00   2.289725E-02   2.160352E-03
   1.000000E+02   6.669302E+00   2.085584E-02   2.062040E-03
