#============================================================================
# Opacities computed by OpTool        <a^n>=  1.6377E-1  1.9248E-1  2.4300E-1
# Method:   DHS  fmax=  0.700
# Parameters:
#   amin [um]=      0.100 amax [um]=      1.500  na  =   18    apow=   3.5    
#   lmin [um]=      0.100 lmax [um]=    100.000  nlam= 1500    nang=   180
#   porosity =      0.000 p_mantle =      0.000  fmax= 0.70    chop=   0.0
# Composition:
#  Where   mfrac  rho   Material
#  -----   -----  ----  -----------------------------------------------------
#  core    1.000  2.65  qua
#  - - -   - - -  -  -  - - - - - - - - - - - - - - - - - - - - - - - - - - -
#  grain   1.000  2.65  mixture of  1 materials
#----------------------------------------------------------------------------
# Command: optool qua -a 0.1 1.5 -l 0.1 100 1500 -dhs 0.7
#============================================================================
# Standard output file, no scattering matrix
#    iformat
#    nlambda
#    lambda[um]  kabs [cm^2/g]  ksca [cm^2/g]    g_asymmetry
#============================================================================
           3
        1500
   1.000000E-01   1.129062E+04   1.435170E+04   8.700888E-01
   1.004619E-01   1.128639E+04   1.437952E+04   8.689019E-01
   1.009259E-01   1.128200E+04   1.440743E+04   8.677069E-01
   1.013921E-01   1.127864E+04   1.443840E+04   8.664330E-01
   1.018604E-01   1.127646E+04   1.447366E+04   8.650385E-01
   1.023309E-01   1.127362E+04   1.450895E+04   8.636209E-01
   1.028035E-01   1.127011E+04   1.454427E+04   8.621805E-01
   1.032784E-01   1.126596E+04   1.457961E+04   8.607174E-01
   1.037554E-01   1.127319E+04   1.460352E+04   8.598308E-01
   1.042346E-01   1.127968E+04   1.462749E+04   8.589198E-01
   1.047161E-01   1.128484E+04   1.465202E+04   8.579558E-01
   1.051997E-01   1.129184E+04   1.467275E+04   8.571475E-01
   1.056856E-01   1.130950E+04   1.467817E+04   8.570715E-01
   1.061738E-01   1.132541E+04   1.468522E+04   8.569119E-01
   1.066642E-01   1.133957E+04   1.469379E+04   8.566689E-01
   1.071569E-01   1.136116E+04   1.469189E+04   8.569617E-01
   1.076518E-01   1.138889E+04   1.468191E+04   8.577015E-01
   1.081490E-01   1.141413E+04   1.467512E+04   8.583071E-01
   1.086486E-01   1.143689E+04   1.467129E+04   8.587796E-01
   1.091504E-01   1.147608E+04   1.464716E+04   8.604541E-01
   1.096546E-01   1.152012E+04   1.461872E+04   8.625118E-01
   1.101610E-01   1.156068E+04   1.459623E+04   8.643684E-01
   1.106699E-01   1.159781E+04   1.457938E+04   8.660296E-01
   1.111810E-01   1.167297E+04   1.452433E+04   8.704994E-01
   1.116946E-01   1.174507E+04   1.447900E+04   8.748334E-01
   1.122105E-01   1.181158E+04   1.444611E+04   8.788538E-01
   1.127287E-01   1.187129E+04   1.442450E+04   8.824848E-01
   1.132494E-01   1.190507E+04   1.439125E+04   8.843841E-01
   1.137725E-01   1.193418E+04   1.435073E+04   8.860386E-01
   1.142980E-01   1.193599E+04   1.428511E+04   8.862174E-01
   1.148259E-01   1.192029E+04   1.422610E+04   8.855320E-01
   1.153563E-01   1.184768E+04   1.423335E+04   8.810652E-01
   1.158891E-01   1.175383E+04   1.428458E+04   8.753403E-01
   1.164244E-01   1.158799E+04   1.449169E+04   8.640468E-01
   1.169622E-01   1.139313E+04   1.477076E+04   8.508427E-01
   1.175024E-01   1.122135E+04   1.507623E+04   8.379183E-01
   1.180451E-01   1.103428E+04   1.540059E+04   8.243501E-01
   1.185904E-01   1.099472E+04   1.550175E+04   8.198337E-01
   1.191381E-01   1.100614E+04   1.551783E+04   8.180657E-01
   1.196884E-01   1.110097E+04   1.539377E+04   8.220761E-01
   1.202412E-01   1.120324E+04   1.525189E+04   8.273227E-01
   1.207966E-01   1.127099E+04   1.514875E+04   8.311155E-01
   1.213545E-01   1.129271E+04   1.508465E+04   8.327193E-01
   1.219151E-01   1.133104E+04   1.501210E+04   8.363472E-01
   1.224782E-01   1.132664E+04   1.498355E+04   8.386646E-01
   1.230439E-01   1.128556E+04   1.500054E+04   8.399901E-01
   1.236122E-01   1.123270E+04   1.505407E+04   8.417895E-01
   1.241832E-01   1.114609E+04   1.515022E+04   8.430588E-01
   1.247567E-01   1.104486E+04   1.528181E+04   8.446718E-01
   1.253330E-01   1.090479E+04   1.545844E+04   8.457848E-01
   1.259119E-01   1.072814E+04   1.568318E+04   8.466870E-01
   1.264935E-01   1.051205E+04   1.595540E+04   8.471175E-01
   1.270777E-01   1.025416E+04   1.628281E+04   8.472698E-01
   1.276647E-01   9.958661E+03   1.665624E+04   8.468773E-01
   1.282543E-01   9.544623E+03   1.715344E+04   8.451043E-01
   1.288467E-01   9.052127E+03   1.772462E+04   8.423250E-01
   1.294419E-01   8.602950E+03   1.822123E+04   8.399795E-01
   1.300397E-01   8.194402E+03   1.865344E+04   8.384018E-01
   1.306404E-01   7.794008E+03   1.909734E+04   8.372229E-01
   1.312438E-01   7.468315E+03   1.952726E+04   8.363296E-01
   1.318500E-01   7.169137E+03   1.998871E+04   8.344867E-01
   1.324590E-01   6.890790E+03   2.043513E+04   8.316953E-01
   1.330708E-01   6.576725E+03   2.087852E+04   8.285858E-01
   1.336854E-01   6.259316E+03   2.127753E+04   8.259943E-01
   1.343029E-01   5.951016E+03   2.164138E+04   8.242500E-01
   1.349232E-01   5.683862E+03   2.198925E+04   8.230609E-01
   1.355464E-01   5.482813E+03   2.230920E+04   8.219504E-01
   1.361725E-01   5.270567E+03   2.264895E+04   8.203207E-01
   1.368015E-01   5.061400E+03   2.298514E+04   8.183726E-01
   1.374333E-01   4.852162E+03   2.332340E+04   8.164587E-01
   1.380681E-01   4.635599E+03   2.366444E+04   8.144807E-01
   1.387058E-01   4.405037E+03   2.400929E+04   8.129815E-01
   1.393465E-01   4.173670E+03   2.437668E+04   8.116413E-01
   1.399901E-01   3.789769E+03   2.492098E+04   8.087249E-01
   1.406367E-01   3.430033E+03   2.543790E+04   8.056686E-01
   1.412863E-01   3.164440E+03   2.587678E+04   8.027398E-01
   1.419389E-01   2.939221E+03   2.624021E+04   7.999358E-01
   1.425945E-01   2.687730E+03   2.657650E+04   7.977176E-01
   1.432531E-01   2.391870E+03   2.703239E+04   7.942689E-01
   1.439148E-01   2.100086E+03   2.747690E+04   7.922840E-01
   1.445795E-01   1.800443E+03   2.796397E+04   7.892539E-01
   1.452473E-01   1.475998E+03   2.838390E+04   7.869190E-01
   1.459182E-01   1.242952E+03   2.878739E+04   7.836331E-01
   1.465922E-01   9.376349E+02   2.916531E+04   7.793681E-01
   1.472692E-01   6.931067E+02   2.942772E+04   7.770606E-01
   1.479495E-01   5.099417E+02   2.975905E+04   7.746815E-01
   1.486328E-01   3.456263E+02   3.003847E+04   7.733986E-01
   1.493193E-01   2.328332E+02   3.035853E+04   7.714502E-01
   1.500090E-01   2.302262E+02   3.049940E+04   7.708599E-01
   1.507019E-01   2.102713E+02   3.052536E+04   7.726247E-01
   1.513980E-01   1.971631E+02   3.061853E+04   7.721745E-01
   1.520973E-01   1.247684E+02   3.081380E+04   7.701667E-01
   1.527998E-01   7.418109E+01   3.084323E+04   7.724301E-01
   1.535056E-01   4.789338E+01   3.105842E+04   7.699701E-01
   1.542146E-01   2.815184E+01   3.114631E+04   7.714696E-01
   1.549269E-01   1.582903E+01   3.122577E+04   7.730695E-01
   1.556425E-01   1.201255E+01   3.136109E+04   7.717509E-01
   1.563614E-01   9.421044E+00   3.145916E+04   7.715946E-01
   1.570836E-01   6.769987E+00   3.152825E+04   7.716466E-01
   1.578091E-01   5.092660E+00   3.154768E+04   7.730747E-01
   1.585380E-01   4.657824E+00   3.168076E+04   7.718196E-01
   1.592703E-01   4.158977E+00   3.168546E+04   7.743383E-01
   1.600059E-01   4.092311E+00   3.180145E+04   7.734947E-01
   1.607450E-01   3.856779E+00   3.184506E+04   7.748163E-01
   1.614874E-01   3.909912E+00   3.193708E+04   7.747104E-01
   1.622333E-01   4.116424E+00   3.205114E+04   7.734210E-01
   1.629827E-01   3.943493E+00   3.200668E+04   7.750630E-01
   1.637355E-01   5.178666E+00   3.211013E+04   7.734171E-01
   1.644917E-01   4.102027E+00   3.211124E+04   7.736871E-01
   1.652515E-01   4.026007E+00   3.216074E+04   7.734524E-01
   1.660148E-01   3.880748E+00   3.216818E+04   7.737290E-01
   1.667816E-01   4.031836E+00   3.219215E+04   7.737040E-01
   1.675519E-01   3.726962E+00   3.216952E+04   7.746115E-01
   1.683258E-01   3.828052E+00   3.219363E+04   7.745167E-01
   1.691033E-01   4.023775E+00   3.227555E+04   7.728973E-01
   1.698844E-01   4.032317E+00   3.222818E+04   7.743206E-01
   1.706690E-01   3.767716E+00   3.220830E+04   7.757534E-01
   1.714573E-01   3.967466E+00   3.229030E+04   7.739055E-01
   1.722493E-01   4.067948E+00   3.225623E+04   7.746139E-01
   1.730449E-01   3.842875E+00   3.219836E+04   7.767371E-01
   1.738442E-01   3.800332E+00   3.225855E+04   7.756365E-01
   1.746471E-01   3.970203E+00   3.224992E+04   7.759591E-01
   1.754538E-01   3.947918E+00   3.230601E+04   7.754900E-01
   1.762642E-01   3.914673E+00   3.228173E+04   7.767538E-01
   1.770783E-01   3.867183E+00   3.228846E+04   7.774792E-01
   1.778962E-01   3.923580E+00   3.233441E+04   7.770005E-01
   1.787179E-01   3.885989E+00   3.232740E+04   7.779634E-01
   1.795434E-01   3.888954E+00   3.234033E+04   7.782094E-01
   1.803727E-01   3.859704E+00   3.234059E+04   7.784532E-01
   1.812058E-01   3.862062E+00   3.234993E+04   7.781351E-01
   1.820428E-01   3.901835E+00   3.234511E+04   7.785381E-01
   1.828836E-01   3.755597E+00   3.234844E+04   7.782262E-01
   1.837283E-01   4.192703E+00   3.231216E+04   7.787468E-01
   1.845769E-01   4.064258E+00   3.229891E+04   7.792477E-01
   1.854295E-01   3.822338E+00   3.230411E+04   7.788991E-01
   1.862860E-01   4.037640E+00   3.236403E+04   7.775235E-01
   1.871464E-01   4.144974E+00   3.228742E+04   7.789727E-01
   1.880108E-01   4.020581E+00   3.232312E+04   7.779558E-01
   1.888792E-01   4.217516E+00   3.228863E+04   7.779517E-01
   1.897516E-01   4.056764E+00   3.222455E+04   7.784976E-01
   1.906280E-01   3.812680E+00   3.218942E+04   7.784327E-01
   1.915085E-01   3.761976E+00   3.216560E+04   7.783367E-01
   1.923931E-01   3.715239E+00   3.213409E+04   7.779352E-01
   1.932817E-01   3.693851E+00   3.205552E+04   7.788244E-01
   1.941745E-01   4.293879E+00   3.203866E+04   7.783915E-01
   1.950713E-01   3.878920E+00   3.204535E+04   7.772403E-01
   1.959723E-01   3.846217E+00   3.198888E+04   7.775333E-01
   1.968775E-01   4.523258E+00   3.190100E+04   7.790168E-01
   1.977869E-01   3.727922E+00   3.186870E+04   7.793424E-01
   1.987004E-01   3.938676E+00   3.187040E+04   7.785753E-01
   1.996182E-01   3.816156E+00   3.183458E+04   7.787855E-01
   2.005402E-01   3.732001E+00   3.181549E+04   7.784216E-01
   2.014665E-01   3.558323E+00   3.171493E+04   7.803554E-01
   2.023970E-01   4.410584E+00   3.171732E+04   7.795458E-01
   2.033319E-01   3.905825E+00   3.171054E+04   7.789535E-01
   2.042710E-01   4.441611E+00   3.168033E+04   7.786598E-01
   2.052145E-01   3.754602E+00   3.157404E+04   7.799959E-01
   2.061624E-01   3.614983E+00   3.151998E+04   7.805104E-01
   2.071146E-01   3.769826E+00   3.154680E+04   7.793504E-01
   2.080713E-01   3.893582E+00   3.153536E+04   7.787787E-01
   2.090323E-01   3.650587E+00   3.149569E+04   7.787955E-01
   2.099978E-01   3.706481E+00   3.146038E+04   7.787569E-01
   2.109678E-01   3.565556E+00   3.141800E+04   7.789354E-01
   2.119422E-01   3.636330E+00   3.140605E+04   7.784156E-01
   2.129212E-01   3.607466E+00   3.136700E+04   7.784797E-01
   2.139046E-01   3.888511E+00   3.139988E+04   7.769945E-01
   2.148926E-01   3.603536E+00   3.132646E+04   7.777491E-01
   2.158852E-01   3.799600E+00   3.131101E+04   7.773368E-01
   2.168823E-01   3.698870E+00   3.128165E+04   7.768002E-01
   2.178841E-01   3.542694E+00   3.124545E+04   7.763922E-01
   2.188905E-01   3.626131E+00   3.121618E+04   7.756956E-01
   2.199015E-01   3.505110E+00   3.114721E+04   7.759275E-01
   2.209172E-01   3.467167E+00   3.109696E+04   7.760314E-01
   2.219376E-01   3.671044E+00   3.111000E+04   7.743348E-01
   2.229627E-01   3.690602E+00   3.104123E+04   7.744699E-01
   2.239925E-01   3.441393E+00   3.094462E+04   7.753728E-01
   2.250271E-01   3.604647E+00   3.094783E+04   7.741266E-01
   2.260665E-01   3.902476E+00   3.093962E+04   7.728223E-01
   2.271106E-01   3.468691E+00   3.085610E+04   7.734565E-01
   2.281596E-01   3.448762E+00   3.078504E+04   7.740791E-01
   2.292135E-01   3.526597E+00   3.074399E+04   7.740611E-01
   2.302722E-01   3.474155E+00   3.071369E+04   7.735882E-01
   2.313358E-01   3.528371E+00   3.071269E+04   7.727628E-01
   2.324043E-01   3.680004E+00   3.068368E+04   7.724424E-01
   2.334777E-01   3.578549E+00   3.062219E+04   7.726170E-01
   2.345562E-01   3.437049E+00   3.054651E+04   7.736502E-01
   2.356395E-01   3.402999E+00   3.053310E+04   7.730646E-01
   2.367279E-01   3.547251E+00   3.052583E+04   7.722449E-01
   2.378213E-01   3.664252E+00   3.053092E+04   7.709774E-01
   2.389198E-01   3.320802E+00   3.040872E+04   7.725046E-01
   2.400234E-01   3.384808E+00   3.035599E+04   7.726584E-01
   2.411320E-01   3.380756E+00   3.032944E+04   7.724031E-01
   2.422458E-01   3.577702E+00   3.035452E+04   7.706954E-01
   2.433647E-01   3.394713E+00   3.029390E+04   7.709556E-01
   2.444887E-01   3.339557E+00   3.021981E+04   7.713358E-01
   2.456180E-01   3.376866E+00   3.016997E+04   7.712792E-01
   2.467525E-01   3.305438E+00   3.012110E+04   7.712526E-01
   2.478922E-01   3.450526E+00   3.011578E+04   7.700225E-01
   2.490372E-01   3.418447E+00   3.004418E+04   7.705940E-01
   2.501874E-01   3.344342E+00   3.004037E+04   7.692865E-01
   2.513430E-01   3.287505E+00   2.995683E+04   7.700413E-01
   2.525040E-01   3.602452E+00   2.993303E+04   7.692328E-01
   2.536702E-01   3.498637E+00   2.987129E+04   7.690635E-01
   2.548419E-01   3.611549E+00   2.983516E+04   7.683858E-01
   2.560190E-01   3.334734E+00   2.977213E+04   7.680933E-01
   2.572015E-01   3.557925E+00   2.970000E+04   7.681104E-01
   2.583895E-01   3.276269E+00   2.965337E+04   7.678147E-01
   2.595830E-01   3.353227E+00   2.960676E+04   7.671155E-01
   2.607819E-01   3.306634E+00   2.952599E+04   7.672581E-01
   2.619865E-01   3.322912E+00   2.945653E+04   7.673234E-01
   2.631965E-01   3.455769E+00   2.941934E+04   7.664924E-01
   2.644122E-01   3.400229E+00   2.936843E+04   7.659486E-01
   2.656335E-01   3.348963E+00   2.931124E+04   7.656102E-01
   2.668604E-01   3.205797E+00   2.922928E+04   7.661555E-01
   2.680930E-01   3.223749E+00   2.915733E+04   7.664603E-01
   2.693313E-01   3.266527E+00   2.912770E+04   7.657306E-01
   2.705753E-01   3.832651E+00   2.909998E+04   7.650578E-01
   2.718251E-01   3.217611E+00   2.906628E+04   7.642372E-01
   2.730806E-01   3.404577E+00   2.895325E+04   7.656024E-01
   2.743419E-01   3.137490E+00   2.889857E+04   7.658442E-01
   2.756091E-01   3.345889E+00   2.887971E+04   7.650225E-01
   2.768821E-01   3.258366E+00   2.887284E+04   7.637434E-01
   2.781610E-01   3.515074E+00   2.879337E+04   7.640391E-01
   2.794458E-01   3.180181E+00   2.870199E+04   7.648330E-01
   2.807365E-01   3.078783E+00   2.864014E+04   7.649888E-01
   2.820332E-01   3.110782E+00   2.861693E+04   7.643248E-01
   2.833359E-01   3.401118E+00   2.862343E+04   7.626594E-01
   2.846445E-01   3.191182E+00   2.853721E+04   7.632844E-01
   2.859593E-01   3.147091E+00   2.846416E+04   7.636204E-01
   2.872801E-01   3.089479E+00   2.840748E+04   7.635989E-01
   2.886070E-01   3.033482E+00   2.835461E+04   7.633563E-01
   2.899400E-01   3.107205E+00   2.830812E+04   7.628015E-01
   2.912792E-01   3.145632E+00   2.827791E+04   7.621779E-01
   2.926246E-01   3.065560E+00   2.820717E+04   7.622650E-01
   2.939762E-01   3.111647E+00   2.815245E+04   7.620888E-01
   2.953341E-01   3.086987E+00   2.811669E+04   7.611037E-01
   2.966982E-01   3.099745E+00   2.804694E+04   7.610457E-01
   2.980686E-01   3.234139E+00   2.800120E+04   7.603812E-01
   2.994453E-01   3.066563E+00   2.791435E+04   7.606078E-01
   3.008284E-01   2.985231E+00   2.783902E+04   7.606123E-01
   3.022179E-01   3.061726E+00   2.781082E+04   7.594684E-01
   3.036138E-01   3.044457E+00   2.773419E+04   7.595981E-01
   3.050162E-01   3.014153E+00   2.764702E+04   7.598588E-01
   3.064250E-01   3.061916E+00   2.760722E+04   7.589664E-01
   3.078404E-01   3.466202E+00   2.756074E+04   7.582603E-01
   3.092622E-01   2.959021E+00   2.748160E+04   7.584651E-01
   3.106907E-01   3.023854E+00   2.739897E+04   7.588207E-01
   3.121257E-01   2.903030E+00   2.732648E+04   7.590382E-01
   3.135674E-01   2.913360E+00   2.726515E+04   7.589615E-01
   3.150157E-01   2.984073E+00   2.723622E+04   7.581353E-01
   3.164707E-01   3.277960E+00   2.720087E+04   7.574550E-01
   3.179325E-01   3.027350E+00   2.713317E+04   7.573121E-01
   3.194010E-01   2.872544E+00   2.702033E+04   7.589186E-01
   3.208762E-01   2.859850E+00   2.698210E+04   7.585841E-01
   3.223583E-01   3.645413E+00   2.695644E+04   7.577567E-01
   3.238473E-01   3.076328E+00   2.694503E+04   7.562584E-01
   3.253431E-01   2.861620E+00   2.681687E+04   7.578433E-01
   3.268458E-01   2.873559E+00   2.673274E+04   7.585296E-01
   3.283555E-01   2.847595E+00   2.668747E+04   7.583774E-01
   3.298721E-01   2.889087E+00   2.667064E+04   7.572521E-01
   3.313957E-01   2.884786E+00   2.662473E+04   7.567438E-01
   3.329264E-01   2.823418E+00   2.653016E+04   7.574513E-01
   3.344641E-01   2.863347E+00   2.647266E+04   7.573851E-01
   3.360090E-01   2.799327E+00   2.641146E+04   7.574733E-01
   3.375610E-01   2.855126E+00   2.637572E+04   7.566291E-01
   3.391201E-01   2.842520E+00   2.629338E+04   7.571058E-01
   3.406865E-01   2.835901E+00   2.626411E+04   7.561424E-01
   3.422601E-01   2.762689E+00   2.616904E+04   7.569210E-01
   3.438409E-01   2.916492E+00   2.611675E+04   7.564633E-01
   3.454291E-01   3.244349E+00   2.605622E+04   7.559643E-01
   3.470246E-01   2.851958E+00   2.598360E+04   7.559773E-01
   3.486274E-01   2.749324E+00   2.592411E+04   7.555182E-01
   3.502377E-01   2.833183E+00   2.584242E+04   7.555187E-01
   3.518554E-01   2.744401E+00   2.576725E+04   7.556136E-01
   3.534806E-01   2.817084E+00   2.571477E+04   7.549046E-01
   3.551133E-01   2.728005E+00   2.562550E+04   7.552606E-01
   3.567535E-01   2.977730E+00   2.554842E+04   7.552204E-01
   3.584013E-01   2.682647E+00   2.548015E+04   7.549693E-01
   3.600567E-01   2.676900E+00   2.542360E+04   7.544509E-01
   3.617198E-01   2.750164E+00   2.536524E+04   7.539838E-01
   3.633905E-01   2.714191E+00   2.526648E+04   7.547923E-01
   3.650690E-01   2.659436E+00   2.518772E+04   7.550422E-01
   3.667552E-01   2.650098E+00   2.513044E+04   7.547662E-01
   3.684492E-01   2.840382E+00   2.508920E+04   7.541555E-01
   3.701510E-01   2.659377E+00   2.503954E+04   7.535713E-01
   3.718607E-01   2.741979E+00   2.493358E+04   7.545865E-01
   3.735783E-01   2.636861E+00   2.484415E+04   7.555430E-01
   3.753038E-01   2.845565E+00   2.481357E+04   7.547504E-01
   3.770372E-01   2.647679E+00   2.478220E+04   7.538116E-01
   3.787787E-01   2.680363E+00   2.470931E+04   7.537447E-01
   3.805283E-01   2.592459E+00   2.460024E+04   7.549979E-01
   3.822859E-01   2.572718E+00   2.452644E+04   7.554339E-01
   3.840516E-01   2.680246E+00   2.449277E+04   7.547306E-01
   3.858255E-01   2.696594E+00   2.446072E+04   7.537359E-01
   3.876076E-01   2.597602E+00   2.438395E+04   7.538762E-01
   3.893979E-01   2.627210E+00   2.429165E+04   7.546356E-01
   3.911965E-01   2.499610E+00   2.420999E+04   7.552551E-01
   3.930034E-01   2.542286E+00   2.416575E+04   7.545720E-01
   3.948186E-01   2.538331E+00   2.410631E+04   7.541966E-01
   3.966422E-01   2.953922E+00   2.404601E+04   7.541350E-01
   3.984743E-01   2.570445E+00   2.396974E+04   7.543110E-01
   4.003148E-01   2.601452E+00   2.389680E+04   7.544075E-01
   4.021638E-01   2.512383E+00   2.383756E+04   7.538614E-01
   4.040213E-01   2.477020E+00   2.375639E+04   7.540059E-01
   4.058874E-01   2.540500E+00   2.370922E+04   7.531391E-01
   4.077622E-01   2.456434E+00   2.361564E+04   7.535266E-01
   4.096456E-01   2.467750E+00   2.353054E+04   7.536868E-01
   4.115377E-01   2.475404E+00   2.347786E+04   7.528958E-01
   4.134385E-01   2.472101E+00   2.338624E+04   7.533754E-01
   4.153481E-01   2.710723E+00   2.331617E+04   7.530506E-01
   4.172666E-01   2.485636E+00   2.324685E+04   7.527129E-01
   4.191939E-01   2.481137E+00   2.317579E+04   7.525047E-01
   4.211301E-01   2.423944E+00   2.309940E+04   7.525110E-01
   4.230752E-01   2.417121E+00   2.301564E+04   7.527357E-01
   4.250294E-01   2.376564E+00   2.293776E+04   7.529114E-01
   4.269925E-01   2.376889E+00   2.285813E+04   7.531379E-01
   4.289648E-01   2.443017E+00   2.280972E+04   7.525808E-01
   4.309461E-01   2.536406E+00   2.275810E+04   7.520817E-01
   4.329366E-01   2.470316E+00   2.269540E+04   7.515981E-01
   4.349363E-01   2.334275E+00   2.257320E+04   7.534157E-01
   4.369452E-01   2.321466E+00   2.250878E+04   7.536351E-01
   4.389634E-01   2.353067E+00   2.247065E+04   7.528717E-01
   4.409909E-01   2.428592E+00   2.244655E+04   7.513847E-01
   4.430278E-01   2.318417E+00   2.233254E+04   7.525996E-01
   4.450741E-01   2.294758E+00   2.223802E+04   7.535257E-01
   4.471298E-01   2.334935E+00   2.217791E+04   7.536369E-01
   4.491950E-01   2.298158E+00   2.213759E+04   7.528828E-01
   4.512698E-01   2.326225E+00   2.209889E+04   7.518423E-01
   4.533542E-01   2.275641E+00   2.199917E+04   7.527644E-01
   4.554482E-01   2.317872E+00   2.193367E+04   7.527097E-01
   4.575518E-01   2.250530E+00   2.185362E+04   7.533576E-01
   4.596652E-01   2.325973E+00   2.181225E+04   7.524284E-01
   4.617883E-01   2.309968E+00   2.174605E+04   7.521835E-01
   4.639213E-01   2.293376E+00   2.169206E+04   7.518080E-01
   4.660641E-01   2.245950E+00   2.159686E+04   7.527552E-01
   4.682168E-01   2.329035E+00   2.153324E+04   7.523922E-01
   4.703794E-01   2.291872E+00   2.146679E+04   7.520474E-01
   4.725520E-01   2.220011E+00   2.139109E+04   7.521479E-01
   4.747347E-01   2.208506E+00   2.133204E+04   7.515823E-01
   4.769274E-01   2.252555E+00   2.125148E+04   7.515963E-01
   4.791303E-01   2.199999E+00   2.117516E+04   7.515825E-01
   4.813433E-01   2.303163E+00   2.112289E+04   7.506897E-01
   4.835666E-01   2.169098E+00   2.102474E+04   7.515257E-01
   4.858001E-01   2.222326E+00   2.095393E+04   7.513101E-01
   4.880440E-01   2.152651E+00   2.088446E+04   7.509122E-01
   4.902982E-01   2.151160E+00   2.081233E+04   7.508311E-01
   4.925628E-01   2.167696E+00   2.074827E+04   7.505209E-01
   4.948379E-01   2.177809E+00   2.066382E+04   7.508350E-01
   4.971235E-01   2.144711E+00   2.058916E+04   7.510283E-01
   4.994197E-01   2.113496E+00   2.051851E+04   7.511977E-01
   5.017264E-01   2.133356E+00   2.047308E+04   7.504833E-01
   5.040438E-01   2.120103E+00   2.041684E+04   7.500273E-01
   5.063720E-01   2.129834E+00   2.032305E+04   7.507150E-01
   5.087108E-01   2.062529E+00   2.023295E+04   7.517393E-01
   5.110605E-01   2.138649E+00   2.019057E+04   7.511786E-01
   5.134210E-01   2.120379E+00   2.015760E+04   7.501263E-01
   5.157925E-01   2.087861E+00   2.009852E+04   7.496236E-01
   5.181748E-01   2.079129E+00   1.999356E+04   7.508856E-01
   5.205682E-01   2.055833E+00   1.991653E+04   7.515253E-01
   5.229727E-01   2.038088E+00   1.986682E+04   7.512843E-01
   5.253882E-01   2.131475E+00   1.983506E+04   7.500230E-01
   5.278149E-01   2.061452E+00   1.977276E+04   7.496768E-01
   5.302528E-01   2.026728E+00   1.967887E+04   7.507264E-01
   5.327020E-01   1.997593E+00   1.960298E+04   7.510790E-01
   5.351625E-01   2.001014E+00   1.954537E+04   7.509264E-01
   5.376343E-01   2.022300E+00   1.949887E+04   7.501456E-01
   5.401176E-01   2.001504E+00   1.942888E+04   7.502950E-01
   5.426123E-01   1.978341E+00   1.935525E+04   7.504449E-01
   5.451186E-01   1.998990E+00   1.929254E+04   7.502523E-01
   5.476364E-01   1.975033E+00   1.922656E+04   7.500310E-01
   5.501659E-01   1.966983E+00   1.915960E+04   7.498631E-01
   5.527070E-01   1.987093E+00   1.910456E+04   7.491785E-01
   5.552599E-01   1.947077E+00   1.902374E+04   7.492906E-01
   5.578246E-01   1.952278E+00   1.894797E+04   7.492711E-01
   5.604011E-01   1.949994E+00   1.888610E+04   7.487634E-01
   5.629895E-01   1.921862E+00   1.880752E+04   7.488485E-01
   5.655899E-01   1.905732E+00   1.872820E+04   7.490507E-01
   5.682023E-01   1.941217E+00   1.867345E+04   7.482964E-01
   5.708268E-01   1.926355E+00   1.860244E+04   7.480355E-01
   5.734634E-01   1.910053E+00   1.853407E+04   7.478554E-01
   5.761121E-01   1.895606E+00   1.846150E+04   7.477418E-01
   5.787731E-01   1.874259E+00   1.837665E+04   7.482984E-01
   5.814464E-01   1.866006E+00   1.830957E+04   7.482586E-01
   5.841320E-01   1.885902E+00   1.825754E+04   7.476784E-01
   5.868300E-01   1.876952E+00   1.820478E+04   7.471097E-01
   5.895405E-01   1.854936E+00   1.813464E+04   7.470258E-01
   5.922636E-01   1.840465E+00   1.804003E+04   7.481063E-01
   5.949991E-01   1.826122E+00   1.797165E+04   7.484508E-01
   5.977474E-01   1.829749E+00   1.792574E+04   7.479081E-01
   6.005083E-01   1.854607E+00   1.789180E+04   7.466027E-01
   6.032820E-01   1.833323E+00   1.781698E+04   7.466093E-01
   6.060685E-01   1.801237E+00   1.772133E+04   7.478319E-01
   6.088678E-01   1.803417E+00   1.765756E+04   7.480234E-01
   6.116801E-01   1.791342E+00   1.761227E+04   7.474014E-01
   6.145054E-01   1.806251E+00   1.757413E+04   7.461888E-01
   6.173437E-01   1.799110E+00   1.749609E+04   7.464557E-01
   6.201951E-01   1.779676E+00   1.741873E+04   7.470203E-01
   6.230597E-01   1.759235E+00   1.734603E+04   7.474180E-01
   6.259376E-01   1.766428E+00   1.729517E+04   7.468799E-01
   6.288287E-01   1.760444E+00   1.724145E+04   7.462573E-01
   6.317332E-01   1.783147E+00   1.719292E+04   7.454701E-01
   6.346511E-01   1.736557E+00   1.709802E+04   7.465897E-01
   6.375825E-01   1.737261E+00   1.703555E+04   7.463191E-01
   6.405274E-01   1.722532E+00   1.696825E+04   7.461766E-01
   6.434859E-01   1.724794E+00   1.691263E+04   7.455637E-01
   6.464581E-01   1.720165E+00   1.685594E+04   7.448759E-01
   6.494440E-01   1.714328E+00   1.677813E+04   7.449012E-01
   6.524437E-01   1.695238E+00   1.669840E+04   7.452365E-01
   6.554572E-01   1.692467E+00   1.663511E+04   7.447405E-01
   6.584847E-01   1.684723E+00   1.656998E+04   7.444105E-01
   6.615262E-01   1.675639E+00   1.649607E+04   7.444788E-01
   6.645817E-01   1.680076E+00   1.644106E+04   7.436680E-01
   6.676513E-01   1.666879E+00   1.636737E+04   7.436387E-01
   6.707351E-01   1.656048E+00   1.630175E+04   7.434235E-01
   6.738331E-01   1.645213E+00   1.622532E+04   7.435901E-01
   6.769455E-01   1.640463E+00   1.615551E+04   7.437044E-01
   6.800722E-01   1.641088E+00   1.609918E+04   7.433136E-01
   6.832134E-01   1.631416E+00   1.604087E+04   7.429578E-01
   6.863691E-01   1.622191E+00   1.598020E+04   7.427029E-01
   6.895393E-01   1.611249E+00   1.590405E+04   7.430371E-01
   6.927242E-01   1.602467E+00   1.583478E+04   7.434277E-01
   6.959238E-01   1.600247E+00   1.577757E+04   7.433451E-01
   6.991382E-01   1.604043E+00   1.573442E+04   7.425984E-01
   7.023674E-01   1.593365E+00   1.567810E+04   7.421853E-01
   7.056116E-01   1.580715E+00   1.560077E+04   7.426862E-01
   7.088707E-01   1.571803E+00   1.553134E+04   7.430509E-01
   7.121449E-01   1.567578E+00   1.547708E+04   7.428981E-01
   7.154342E-01   1.566117E+00   1.542977E+04   7.422324E-01
   7.187387E-01   1.566460E+00   1.537912E+04   7.415652E-01
   7.220585E-01   1.551832E+00   1.530285E+04   7.421471E-01
   7.253936E-01   1.544040E+00   1.523830E+04   7.422955E-01
   7.287441E-01   1.539452E+00   1.518003E+04   7.421760E-01
   7.321101E-01   1.531551E+00   1.511915E+04   7.421008E-01
   7.354916E-01   1.525373E+00   1.506355E+04   7.418706E-01
   7.388887E-01   1.523190E+00   1.500782E+04   7.414390E-01
   7.423016E-01   1.512744E+00   1.493873E+04   7.416430E-01
   7.457302E-01   1.507234E+00   1.487702E+04   7.414319E-01
   7.491746E-01   1.499317E+00   1.481124E+04   7.414266E-01
   7.526350E-01   1.492135E+00   1.475294E+04   7.411197E-01
   7.561113E-01   1.485980E+00   1.469891E+04   7.403956E-01
   7.596037E-01   1.480082E+00   1.462817E+04   7.403463E-01
   7.631122E-01   1.475670E+00   1.456136E+04   7.402239E-01
   7.666369E-01   1.466687E+00   1.449153E+04   7.402961E-01
   7.701779E-01   1.458941E+00   1.442941E+04   7.400847E-01
   7.737353E-01   1.453638E+00   1.436836E+04   7.397631E-01
   7.773091E-01   1.448674E+00   1.430996E+04   7.392276E-01
   7.808994E-01   1.441768E+00   1.424427E+04   7.391045E-01
   7.845062E-01   1.434479E+00   1.417758E+04   7.390536E-01
   7.881298E-01   1.426780E+00   1.410871E+04   7.392996E-01
   7.917700E-01   1.421877E+00   1.405040E+04   7.391092E-01
   7.954271E-01   1.415972E+00   1.399167E+04   7.388756E-01
   7.991011E-01   1.408721E+00   1.393337E+04   7.387218E-01
   8.027921E-01   1.402047E+00   1.387403E+04   7.385436E-01
   8.065001E-01   1.394718E+00   1.380708E+04   7.387567E-01
   8.102252E-01   1.388580E+00   1.374535E+04   7.389407E-01
   8.139675E-01   1.383617E+00   1.368984E+04   7.388821E-01
   8.177271E-01   1.377363E+00   1.363577E+04   7.387292E-01
   8.215041E-01   1.371422E+00   1.357917E+04   7.385990E-01
   8.252985E-01   1.365687E+00   1.351992E+04   7.385384E-01
   8.291105E-01   1.360415E+00   1.346026E+04   7.386542E-01
   8.329400E-01   1.355447E+00   1.340710E+04   7.384735E-01
   8.367873E-01   1.349171E+00   1.334935E+04   7.384230E-01
   8.406523E-01   1.342723E+00   1.328992E+04   7.384744E-01
   8.445352E-01   1.336704E+00   1.323318E+04   7.383605E-01
   8.484360E-01   1.331266E+00   1.317523E+04   7.382530E-01
   8.523548E-01   1.325039E+00   1.311645E+04   7.382156E-01
   8.562917E-01   1.318459E+00   1.305591E+04   7.382578E-01
   8.602468E-01   1.312281E+00   1.299618E+04   7.383292E-01
   8.642202E-01   1.306582E+00   1.294103E+04   7.380856E-01
   8.682119E-01   1.300524E+00   1.288332E+04   7.377705E-01
   8.722221E-01   1.294112E+00   1.282112E+04   7.376735E-01
   8.762508E-01   1.288022E+00   1.276030E+04   7.375528E-01
   8.802981E-01   1.281715E+00   1.269861E+04   7.374076E-01
   8.843641E-01   1.275223E+00   1.263687E+04   7.372334E-01
   8.884488E-01   1.268878E+00   1.257574E+04   7.369477E-01
   8.925525E-01   1.262599E+00   1.251334E+04   7.366883E-01
   8.966751E-01   1.256310E+00   1.244994E+04   7.365239E-01
   9.008167E-01   1.250089E+00   1.238641E+04   7.363952E-01
   9.049775E-01   1.243867E+00   1.232320E+04   7.362831E-01
   9.091574E-01   1.237837E+00   1.226241E+04   7.360805E-01
   9.133567E-01   1.231865E+00   1.220270E+04   7.357976E-01
   9.175754E-01   1.225591E+00   1.214030E+04   7.356549E-01
   9.218136E-01   1.219177E+00   1.207675E+04   7.356639E-01
   9.260713E-01   1.212911E+00   1.201497E+04   7.356898E-01
   9.303487E-01   1.206993E+00   1.195678E+04   7.355864E-01
   9.346459E-01   1.201159E+00   1.189968E+04   7.353611E-01
   9.389629E-01   1.194912E+00   1.183912E+04   7.352616E-01
   9.432999E-01   1.188432E+00   1.177655E+04   7.353739E-01
   9.476568E-01   1.182235E+00   1.171652E+04   7.355029E-01
   9.520339E-01   1.176599E+00   1.166000E+04   7.355028E-01
   9.564313E-01   1.171125E+00   1.160477E+04   7.353803E-01
   9.608489E-01   1.165464E+00   1.154752E+04   7.352807E-01
   9.652870E-01   1.159619E+00   1.148827E+04   7.353091E-01
   9.697455E-01   1.153886E+00   1.142997E+04   7.353746E-01
   9.742246E-01   1.148402E+00   1.137387E+04   7.353583E-01
   9.787245E-01   1.143055E+00   1.131904E+04   7.352149E-01
   9.832451E-01   1.137557E+00   1.126287E+04   7.350224E-01
   9.877866E-01   1.131753E+00   1.120400E+04   7.349096E-01
   9.923490E-01   1.125782E+00   1.114393E+04   7.348870E-01
   9.969326E-01   1.119854E+00   1.108474E+04   7.348616E-01
   1.001537E+00   1.114026E+00   1.102690E+04   7.347439E-01
   1.006163E+00   1.108157E+00   1.096884E+04   7.345436E-01
   1.010811E+00   1.102104E+00   1.090897E+04   7.343543E-01
   1.015479E+00   1.095925E+00   1.084775E+04   7.342235E-01
   1.020170E+00   1.089859E+00   1.078671E+04   7.341013E-01
   1.024882E+00   1.083884E+00   1.072652E+04   7.339158E-01
   1.029616E+00   1.077958E+00   1.066641E+04   7.336510E-01
   1.034371E+00   1.071923E+00   1.060504E+04   7.333631E-01
   1.039149E+00   1.065725E+00   1.054202E+04   7.331255E-01
   1.043949E+00   1.059481E+00   1.047852E+04   7.329442E-01
   1.048770E+00   1.053322E+00   1.041587E+04   7.327600E-01
   1.053615E+00   1.047241E+00   1.035399E+04   7.325347E-01
   1.058481E+00   1.041145E+00   1.029198E+04   7.322958E-01
   1.063370E+00   1.035008E+00   1.022957E+04   7.320926E-01
   1.068282E+00   1.028911E+00   1.016754E+04   7.319307E-01
   1.073216E+00   1.022928E+00   1.010664E+04   7.317730E-01
   1.078173E+00   1.017034E+00   1.004663E+04   7.315958E-01
   1.083153E+00   1.011160E+00   9.986859E+03   7.314130E-01
   1.088156E+00   1.005290E+00   9.927046E+03   7.312485E-01
   1.093182E+00   9.994380E-01   9.867407E+03   7.311087E-01
   1.098231E+00   9.936242E-01   9.808177E+03   7.309841E-01
   1.103304E+00   9.878446E-01   9.749294E+03   7.308678E-01
   1.108400E+00   9.820822E-01   9.690591E+03   7.307620E-01
   1.113519E+00   9.763391E-01   9.632076E+03   7.306667E-01
   1.118663E+00   9.706273E-01   9.573846E+03   7.305753E-01
   1.123830E+00   9.649414E-01   9.515905E+03   7.304815E-01
   1.129020E+00   9.592748E-01   9.458141E+03   7.303847E-01
   1.134235E+00   9.536196E-01   9.400473E+03   7.302873E-01
   1.139474E+00   9.479780E-01   9.342952E+03   7.301866E-01
   1.144737E+00   9.423583E-01   9.285655E+03   7.300741E-01
   1.150025E+00   9.367573E-01   9.228538E+03   7.299412E-01
   1.155336E+00   9.311518E-01   9.171407E+03   7.297858E-01
   1.160673E+00   9.255231E-01   9.114075E+03   7.296117E-01
   1.166034E+00   9.198687E-01   9.056519E+03   7.294216E-01
   1.171420E+00   9.142001E-01   8.998812E+03   7.292103E-01
   1.176830E+00   9.085127E-01   8.940935E+03   7.289695E-01
   1.182266E+00   9.027881E-01   8.882716E+03   7.286973E-01
   1.187727E+00   8.970107E-01   8.823999E+03   7.284006E-01
   1.193213E+00   8.911847E-01   8.764788E+03   7.280871E-01
   1.198724E+00   8.853175E-01   8.705185E+03   7.277587E-01
   1.204261E+00   8.794154E-01   8.645230E+03   7.274150E-01
   1.209823E+00   8.734745E-01   8.584887E+03   7.270601E-01
   1.215411E+00   8.674952E-01   8.524169E+03   7.267033E-01
   1.221025E+00   8.614917E-01   8.463229E+03   7.263536E-01
   1.226665E+00   8.554889E-01   8.402292E+03   7.260144E-01
   1.232330E+00   8.495033E-01   8.341527E+03   7.256852E-01
   1.238022E+00   8.435457E-01   8.281021E+03   7.253666E-01
   1.243741E+00   8.376208E-01   8.220842E+03   7.250612E-01
   1.249485E+00   8.317396E-01   8.161096E+03   7.247712E-01
   1.255257E+00   8.259137E-01   8.101892E+03   7.244962E-01
   1.261054E+00   8.201506E-01   8.043286E+03   7.242335E-01
   1.266879E+00   8.144440E-01   7.985277E+03   7.239809E-01
   1.272731E+00   8.087933E-01   7.927846E+03   7.237376E-01
   1.278609E+00   8.032005E-01   7.870990E+03   7.235031E-01
   1.284515E+00   7.976666E-01   7.814709E+03   7.232755E-01
   1.290448E+00   7.921878E-01   7.758976E+03   7.230516E-01
   1.296408E+00   7.867572E-01   7.703739E+03   7.228284E-01
   1.302396E+00   7.813728E-01   7.648934E+03   7.226031E-01
   1.308412E+00   7.760237E-01   7.594498E+03   7.223729E-01
   1.314455E+00   7.707043E-01   7.540366E+03   7.221348E-01
   1.320527E+00   7.654106E-01   7.486465E+03   7.218858E-01
   1.326626E+00   7.601299E-01   7.432710E+03   7.216228E-01
   1.332754E+00   7.548522E-01   7.379017E+03   7.213433E-01
   1.338909E+00   7.495692E-01   7.325302E+03   7.210456E-01
   1.345094E+00   7.442741E-01   7.271485E+03   7.207288E-01
   1.351306E+00   7.389628E-01   7.217499E+03   7.203931E-01
   1.357548E+00   7.336268E-01   7.163297E+03   7.200394E-01
   1.363818E+00   7.282637E-01   7.108853E+03   7.196692E-01
   1.370118E+00   7.228767E-01   7.054163E+03   7.192842E-01
   1.376446E+00   7.174643E-01   6.999238E+03   7.188866E-01
   1.382804E+00   7.120290E-01   6.944114E+03   7.184786E-01
   1.389191E+00   7.065797E-01   6.888839E+03   7.180624E-01
   1.395607E+00   7.011198E-01   6.833473E+03   7.176397E-01
   1.402053E+00   6.956558E-01   6.778076E+03   7.172120E-01
   1.408529E+00   6.901933E-01   6.722712E+03   7.167808E-01
   1.415035E+00   6.847403E-01   6.667444E+03   7.163471E-01
   1.421571E+00   6.793039E-01   6.612335E+03   7.159123E-01
   1.428137E+00   6.738919E-01   6.557444E+03   7.154773E-01
   1.434733E+00   6.685100E-01   6.502830E+03   7.150431E-01
   1.441360E+00   6.631581E-01   6.448545E+03   7.146103E-01
   1.448018E+00   6.578438E-01   6.394637E+03   7.141797E-01
   1.454706E+00   6.525752E-01   6.341148E+03   7.137517E-01
   1.461425E+00   6.473491E-01   6.288113E+03   7.133268E-01
   1.468175E+00   6.421683E-01   6.235560E+03   7.129051E-01
   1.474956E+00   6.370390E-01   6.183509E+03   7.124865E-01
   1.481769E+00   6.319628E-01   6.131967E+03   7.120706E-01
   1.488613E+00   6.269356E-01   6.080933E+03   7.116567E-01
   1.495489E+00   6.219618E-01   6.030395E+03   7.112440E-01
   1.502396E+00   6.170330E-01   5.980331E+03   7.108312E-01
   1.509336E+00   6.121480E-01   5.930709E+03   7.104168E-01
   1.516307E+00   6.073033E-01   5.881490E+03   7.099991E-01
   1.523311E+00   6.024960E-01   5.832626E+03   7.095765E-01
   1.530347E+00   5.977174E-01   5.784066E+03   7.091472E-01
   1.537415E+00   5.929610E-01   5.735757E+03   7.087097E-01
   1.544516E+00   5.882216E-01   5.687648E+03   7.082626E-01
   1.551650E+00   5.834982E-01   5.639689E+03   7.078048E-01
   1.558817E+00   5.787835E-01   5.591841E+03   7.073359E-01
   1.566017E+00   5.740739E-01   5.544072E+03   7.068555E-01
   1.573250E+00   5.693705E-01   5.496358E+03   7.063638E-01
   1.580517E+00   5.646697E-01   5.448689E+03   7.058614E-01
   1.587817E+00   5.599703E-01   5.401063E+03   7.053489E-01
   1.595151E+00   5.552736E-01   5.353484E+03   7.048271E-01
   1.602519E+00   5.505842E-01   5.305966E+03   7.042972E-01
   1.609921E+00   5.459002E-01   5.258527E+03   7.037600E-01
   1.617357E+00   5.412247E-01   5.211188E+03   7.032166E-01
   1.624827E+00   5.365605E-01   5.163973E+03   7.026677E-01
   1.632332E+00   5.319101E-01   5.116905E+03   7.021143E-01
   1.639872E+00   5.272814E-01   5.070010E+03   7.015571E-01
   1.647446E+00   5.226733E-01   5.023310E+03   7.009966E-01
   1.655055E+00   5.180877E-01   4.976830E+03   7.004334E-01
   1.662700E+00   5.135236E-01   4.930591E+03   6.998677E-01
   1.670380E+00   5.089850E-01   4.884614E+03   6.993000E-01
   1.678095E+00   5.044789E-01   4.838920E+03   6.987304E-01
   1.685846E+00   5.000001E-01   4.793527E+03   6.981590E-01
   1.693633E+00   4.955504E-01   4.748451E+03   6.975861E-01
   1.701455E+00   4.911352E-01   4.703709E+03   6.970115E-01
   1.709314E+00   4.867574E-01   4.659314E+03   6.964353E-01
   1.717209E+00   4.824164E-01   4.615280E+03   6.958576E-01
   1.725141E+00   4.781130E-01   4.571615E+03   6.952781E-01
   1.733109E+00   4.738445E-01   4.528327E+03   6.946968E-01
   1.741114E+00   4.696137E-01   4.485420E+03   6.941136E-01
   1.749156E+00   4.654232E-01   4.442897E+03   6.935282E-01
   1.757235E+00   4.612708E-01   4.400756E+03   6.929404E-01
   1.765352E+00   4.571548E-01   4.358991E+03   6.923499E-01
   1.773506E+00   4.530733E-01   4.317595E+03   6.917563E-01
   1.781697E+00   4.490272E-01   4.276557E+03   6.911593E-01
   1.789927E+00   4.450144E-01   4.235863E+03   6.905584E-01
   1.798194E+00   4.410318E-01   4.195498E+03   6.899531E-01
   1.806500E+00   4.370807E-01   4.155445E+03   6.893429E-01
   1.814844E+00   4.331575E-01   4.115685E+03   6.887275E-01
   1.823226E+00   4.292591E-01   4.076200E+03   6.881062E-01
   1.831647E+00   4.253839E-01   4.036973E+03   6.874788E-01
   1.840108E+00   4.215327E-01   3.997988E+03   6.868448E-01
   1.848607E+00   4.177035E-01   3.959230E+03   6.862040E-01
   1.857145E+00   4.138931E-01   3.920686E+03   6.855561E-01
   1.865723E+00   4.101015E-01   3.882345E+03   6.849009E-01
   1.874341E+00   4.063288E-01   3.844200E+03   6.842384E-01
   1.882998E+00   4.025768E-01   3.806244E+03   6.835684E-01
   1.891696E+00   3.988474E-01   3.768475E+03   6.828911E-01
   1.900433E+00   3.951342E-01   3.730890E+03   6.822063E-01
   1.909211E+00   3.914408E-01   3.693490E+03   6.815143E-01
   1.918029E+00   3.877639E-01   3.656279E+03   6.808151E-01
   1.926888E+00   3.841052E-01   3.619261E+03   6.801090E-01
   1.935788E+00   3.804708E-01   3.582441E+03   6.793960E-01
   1.944730E+00   3.768545E-01   3.545828E+03   6.786766E-01
   1.953712E+00   3.732571E-01   3.509429E+03   6.779509E-01
   1.962736E+00   3.696842E-01   3.473254E+03   6.772194E-01
   1.971802E+00   3.661397E-01   3.437313E+03   6.764825E-01
   1.980909E+00   3.626170E-01   3.401617E+03   6.757404E-01
   1.990059E+00   3.591198E-01   3.366176E+03   6.749938E-01
   1.999251E+00   3.556473E-01   3.331001E+03   6.742431E-01
   2.008485E+00   3.522023E-01   3.296103E+03   6.734887E-01
   2.017762E+00   3.487881E-01   3.261490E+03   6.727313E-01
   2.027082E+00   3.454024E-01   3.227173E+03   6.719714E-01
   2.036445E+00   3.420456E-01   3.193158E+03   6.712094E-01
   2.045851E+00   3.387201E-01   3.159454E+03   6.704459E-01
   2.055300E+00   3.354255E-01   3.126065E+03   6.696813E-01
   2.064793E+00   3.321603E-01   3.092997E+03   6.689160E-01
   2.074330E+00   3.289273E-01   3.060251E+03   6.681505E-01
   2.083911E+00   3.257258E-01   3.027828E+03   6.673850E-01
   2.093537E+00   3.225541E-01   2.995729E+03   6.666198E-01
   2.103207E+00   3.194120E-01   2.963952E+03   6.658549E-01
   2.112921E+00   3.163000E-01   2.932493E+03   6.650906E-01
   2.122680E+00   3.132201E-01   2.901346E+03   6.643266E-01
   2.132485E+00   3.101685E-01   2.870507E+03   6.635630E-01
   2.142334E+00   3.071445E-01   2.839968E+03   6.627995E-01
   2.152230E+00   3.041484E-01   2.809719E+03   6.620359E-01
   2.162170E+00   3.011834E-01   2.779754E+03   6.612716E-01
   2.172157E+00   2.982447E-01   2.750061E+03   6.605063E-01
   2.182190E+00   2.953355E-01   2.720632E+03   6.597395E-01
   2.192269E+00   2.924493E-01   2.691457E+03   6.589706E-01
   2.202395E+00   2.895880E-01   2.662527E+03   6.581990E-01
   2.212568E+00   2.867488E-01   2.633832E+03   6.574241E-01
   2.222787E+00   2.839318E-01   2.605365E+03   6.566453E-01
   2.233054E+00   2.811401E-01   2.577117E+03   6.558620E-01
   2.243368E+00   2.783679E-01   2.549082E+03   6.550736E-01
   2.253730E+00   2.756160E-01   2.521255E+03   6.542796E-01
   2.264140E+00   2.728872E-01   2.493631E+03   6.534794E-01
   2.274598E+00   2.701803E-01   2.466206E+03   6.526727E-01
   2.285104E+00   2.674907E-01   2.438978E+03   6.518590E-01
   2.295658E+00   2.648201E-01   2.411946E+03   6.510381E-01
   2.306262E+00   2.621677E-01   2.385108E+03   6.502096E-01
   2.316914E+00   2.595358E-01   2.358465E+03   6.493733E-01
   2.327616E+00   2.569246E-01   2.332017E+03   6.485292E-01
   2.338367E+00   2.543316E-01   2.305767E+03   6.476770E-01
   2.349167E+00   2.517592E-01   2.279716E+03   6.468169E-01
   2.360018E+00   2.492075E-01   2.253867E+03   6.459487E-01
   2.370918E+00   2.466739E-01   2.228222E+03   6.450726E-01
   2.381869E+00   2.441604E-01   2.202785E+03   6.441887E-01
   2.392871E+00   2.416680E-01   2.177559E+03   6.432972E-01
   2.403923E+00   2.391945E-01   2.152547E+03   6.423982E-01
   2.415027E+00   2.367405E-01   2.127752E+03   6.414919E-01
   2.426181E+00   2.343063E-01   2.103179E+03   6.405788E-01
   2.437388E+00   2.318953E-01   2.078829E+03   6.396590E-01
   2.448646E+00   2.295053E-01   2.054707E+03   6.387330E-01
   2.459956E+00   2.271360E-01   2.030815E+03   6.378010E-01
   2.471318E+00   2.247891E-01   2.007156E+03   6.368636E-01
   2.482733E+00   2.224666E-01   1.983732E+03   6.359212E-01
   2.494200E+00   2.201670E-01   1.960545E+03   6.349742E-01
   2.505720E+00   2.178919E-01   1.937598E+03   6.340231E-01
   2.517294E+00   2.156423E-01   1.914890E+03   6.330685E-01
   2.528921E+00   2.134148E-01   1.892424E+03   6.321109E-01
   2.540602E+00   2.112114E-01   1.870199E+03   6.311507E-01
   2.552337E+00   2.090313E-01   1.848216E+03   6.301887E-01
   2.564126E+00   2.068755E-01   1.826474E+03   6.292252E-01
   2.575969E+00   2.047459E-01   1.804972E+03   6.282609E-01
   2.587867E+00   2.026418E-01   1.783708E+03   6.272963E-01
   2.599820E+00   2.005595E-01   1.762682E+03   6.263319E-01
   2.611828E+00   1.985022E-01   1.741890E+03   6.253682E-01
   2.623892E+00   1.964696E-01   1.721330E+03   6.244056E-01
   2.636011E+00   1.944576E-01   1.700998E+03   6.234445E-01
   2.648187E+00   1.924675E-01   1.680891E+03   6.224853E-01
   2.660419E+00   1.904985E-01   1.661005E+03   6.215282E-01
   2.672707E+00   1.885533E-01   1.641336E+03   6.205736E-01
   2.685052E+00   1.866293E-01   1.621879E+03   6.196215E-01
   2.697454E+00   1.847267E-01   1.602630E+03   6.186721E-01
   2.709913E+00   1.828445E-01   1.583583E+03   6.177254E-01
   2.722429E+00   1.809810E-01   1.564736E+03   6.167813E-01
   2.735004E+00   1.791355E-01   1.546081E+03   6.158396E-01
   2.747637E+00   1.773101E-01   1.527615E+03   6.149003E-01
   2.760328E+00   1.755007E-01   1.509333E+03   6.139629E-01
   2.773077E+00   1.737071E-01   1.491230E+03   6.130273E-01
   2.785886E+00   1.719289E-01   1.473303E+03   6.120928E-01
   2.798753E+00   1.701679E-01   1.455547E+03   6.111592E-01
   2.811681E+00   1.684225E-01   1.437958E+03   6.102259E-01
   2.824667E+00   1.666914E-01   1.420533E+03   6.092924E-01
   2.837714E+00   1.649763E-01   1.403269E+03   6.083582E-01
   2.850821E+00   1.632766E-01   1.386163E+03   6.074226E-01
   2.863989E+00   1.615910E-01   1.369214E+03   6.064850E-01
   2.877217E+00   1.599209E-01   1.352418E+03   6.055450E-01
   2.890507E+00   1.582667E-01   1.335775E+03   6.046020E-01
   2.903858E+00   1.566280E-01   1.319283E+03   6.036554E-01
   2.917270E+00   1.550025E-01   1.302941E+03   6.027048E-01
   2.930745E+00   1.533917E-01   1.286749E+03   6.017497E-01
   2.944281E+00   1.517953E-01   1.270706E+03   6.007897E-01
   2.957881E+00   1.502162E-01   1.254813E+03   5.998245E-01
   2.971543E+00   1.486548E-01   1.239069E+03   5.988537E-01
   2.985268E+00   1.471074E-01   1.223474E+03   5.978773E-01
   2.999057E+00   1.455729E-01   1.208030E+03   5.968950E-01
   3.012909E+00   1.440556E-01   1.192736E+03   5.959068E-01
   3.026825E+00   1.425544E-01   1.177594E+03   5.949127E-01
   3.040806E+00   1.410663E-01   1.162603E+03   5.939127E-01
   3.054851E+00   1.395929E-01   1.147765E+03   5.929070E-01
   3.068961E+00   1.381348E-01   1.133079E+03   5.918958E-01
   3.083136E+00   1.366934E-01   1.118547E+03   5.908792E-01
   3.097376E+00   1.352703E-01   1.104169E+03   5.898578E-01
   3.111683E+00   1.338608E-01   1.089945E+03   5.888317E-01
   3.126055E+00   1.324661E-01   1.075876E+03   5.878015E-01
   3.140494E+00   1.310857E-01   1.061961E+03   5.867676E-01
   3.155000E+00   1.297224E-01   1.048201E+03   5.857306E-01
   3.169572E+00   1.283732E-01   1.034595E+03   5.846908E-01
   3.184212E+00   1.270372E-01   1.021143E+03   5.836490E-01
   3.198920E+00   1.257145E-01   1.007844E+03   5.826057E-01
   3.213695E+00   1.244072E-01   9.946985E+02   5.815615E-01
   3.228539E+00   1.231141E-01   9.817050E+02   5.805171E-01
   3.243451E+00   1.218341E-01   9.688627E+02   5.794729E-01
   3.258432E+00   1.205697E-01   9.561706E+02   5.784297E-01
   3.273482E+00   1.193191E-01   9.436276E+02   5.773881E-01
   3.288602E+00   1.180816E-01   9.312324E+02   5.763487E-01
   3.303792E+00   1.168572E-01   9.189836E+02   5.753121E-01
   3.319052E+00   1.156496E-01   9.068799E+02   5.742788E-01
   3.334382E+00   1.144548E-01   8.949195E+02   5.732495E-01
   3.349783E+00   1.132745E-01   8.831010E+02   5.722246E-01
   3.365255E+00   1.121065E-01   8.714225E+02   5.712047E-01
   3.380799E+00   1.109520E-01   8.598824E+02   5.701903E-01
   3.396414E+00   1.098147E-01   8.484788E+02   5.691819E-01
   3.412102E+00   1.086910E-01   8.372099E+02   5.681798E-01
   3.427862E+00   1.075813E-01   8.260738E+02   5.671845E-01
   3.443695E+00   1.064838E-01   8.150685E+02   5.661964E-01
   3.459601E+00   1.053977E-01   8.041922E+02   5.652157E-01
   3.475580E+00   1.043265E-01   7.934429E+02   5.642428E-01
   3.491634E+00   1.032683E-01   7.828187E+02   5.632780E-01
   3.507761E+00   1.022205E-01   7.723176E+02   5.623214E-01
   3.523963E+00   1.011846E-01   7.619377E+02   5.613733E-01
   3.540240E+00   1.001626E-01   7.516771E+02   5.604337E-01
   3.556592E+00   9.915440E-02   7.415339E+02   5.595028E-01
   3.573019E+00   9.815760E-02   7.315062E+02   5.585806E-01
   3.589523E+00   9.717041E-02   7.215922E+02   5.576672E-01
   3.606102E+00   9.619383E-02   7.117901E+02   5.567624E-01
   3.622758E+00   9.522879E-02   7.020982E+02   5.558663E-01
   3.639491E+00   9.427546E-02   6.925147E+02   5.549787E-01
   3.656302E+00   9.333083E-02   6.830380E+02   5.540994E-01
   3.673190E+00   9.239479E-02   6.736665E+02   5.532283E-01
   3.690156E+00   9.146959E-02   6.643986E+02   5.523650E-01
   3.707200E+00   9.055317E-02   6.552329E+02   5.515092E-01
   3.724323E+00   8.964497E-02   6.461680E+02   5.506607E-01
   3.741525E+00   8.874755E-02   6.372024E+02   5.498189E-01
   3.758807E+00   8.785876E-02   6.283350E+02   5.489835E-01
   3.776169E+00   8.697784E-02   6.195644E+02   5.481539E-01
   3.793610E+00   8.610499E-02   6.108895E+02   5.473296E-01
   3.811132E+00   8.524237E-02   6.023093E+02   5.465101E-01
   3.828736E+00   8.438919E-02   5.938227E+02   5.456946E-01
   3.846420E+00   8.354090E-02   5.853929E+02   5.448835E-01
   3.864186E+00   8.258409E-02   5.755932E+02   5.441135E-01
   3.882034E+00   8.164104E-02   5.659266E+02   5.433439E-01
   3.899965E+00   8.071482E-02   5.563917E+02   5.425737E-01
   3.917978E+00   7.980029E-02   5.469874E+02   5.418018E-01
   3.936075E+00   7.889883E-02   5.377124E+02   5.410272E-01
   3.954255E+00   7.800894E-02   5.285658E+02   5.402489E-01
   3.972520E+00   7.713238E-02   5.195466E+02   5.394658E-01
   3.990868E+00   7.627043E-02   5.106537E+02   5.386767E-01
   4.009301E+00   7.542086E-02   5.018865E+02   5.378805E-01
   4.027820E+00   7.458502E-02   4.932439E+02   5.370761E-01
   4.046424E+00   7.376366E-02   4.847254E+02   5.362622E-01
   4.065114E+00   7.295356E-02   4.763300E+02   5.354377E-01
   4.083890E+00   7.215359E-02   4.680570E+02   5.346015E-01
   4.102753E+00   7.136662E-02   4.599058E+02   5.337523E-01
   4.121703E+00   7.059308E-02   4.518756E+02   5.328890E-01
   4.140741E+00   6.983217E-02   4.439658E+02   5.320104E-01
   4.159866E+00   6.908097E-02   4.361757E+02   5.311154E-01
   4.179080E+00   6.830783E-02   4.280818E+02   5.302091E-01
   4.198383E+00   6.753149E-02   4.198747E+02   5.292861E-01
   4.217775E+00   6.676615E-02   4.118079E+02   5.283413E-01
   4.237256E+00   6.601254E-02   4.038802E+02   5.273734E-01
   4.256828E+00   6.527283E-02   3.960904E+02   5.263815E-01
   4.276489E+00   6.454508E-02   3.884373E+02   5.253645E-01
   4.296242E+00   6.383269E-02   3.809196E+02   5.243216E-01
   4.316086E+00   6.313270E-02   3.735362E+02   5.232517E-01
   4.336021E+00   6.244592E-02   3.662857E+02   5.221540E-01
   4.356049E+00   6.177312E-02   3.591666E+02   5.210277E-01
   4.376169E+00   6.111014E-02   3.521776E+02   5.198720E-01
   4.396382E+00   6.046189E-02   3.453173E+02   5.186862E-01
   4.416688E+00   5.983011E-02   3.385842E+02   5.174697E-01
   4.437088E+00   5.920950E-02   3.319768E+02   5.162219E-01
   4.457583E+00   5.860208E-02   3.254934E+02   5.149423E-01
   4.478172E+00   5.800590E-02   3.191326E+02   5.136303E-01
   4.498856E+00   5.742321E-02   3.128926E+02   5.122855E-01
   4.519635E+00   5.685350E-02   3.067718E+02   5.109077E-01
   4.540511E+00   5.629572E-02   3.007686E+02   5.094964E-01
   4.561483E+00   5.573936E-02   2.946469E+02   5.080451E-01
   4.582552E+00   5.518929E-02   2.885856E+02   5.065570E-01
   4.603718E+00   5.464805E-02   2.826478E+02   5.050335E-01
   4.624982E+00   5.412061E-02   2.768316E+02   5.034744E-01
   4.646345E+00   5.360553E-02   2.711348E+02   5.018799E-01
   4.667805E+00   5.309916E-02   2.655553E+02   5.002499E-01
   4.689365E+00   5.260308E-02   2.600911E+02   4.985846E-01
   4.711025E+00   5.211902E-02   2.547399E+02   4.968841E-01
   4.732785E+00   5.164530E-02   2.494997E+02   4.951486E-01
   4.754645E+00   5.118192E-02   2.443684E+02   4.933785E-01
   4.776606E+00   5.072637E-02   2.393439E+02   4.915739E-01
   4.798668E+00   5.028423E-02   2.344241E+02   4.897352E-01
   4.820833E+00   4.985112E-02   2.296069E+02   4.878629E-01
   4.843100E+00   4.942928E-02   2.248903E+02   4.859573E-01
   4.865469E+00   4.901497E-02   2.202722E+02   4.840189E-01
   4.887942E+00   4.860877E-02   2.157507E+02   4.820482E-01
   4.910519E+00   4.821831E-02   2.113237E+02   4.800457E-01
   4.933200E+00   4.783411E-02   2.069892E+02   4.780120E-01
   4.955986E+00   4.746222E-02   2.027453E+02   4.759478E-01
   4.978877E+00   4.709703E-02   1.985901E+02   4.738535E-01
   5.001874E+00   4.673928E-02   1.944739E+02   4.717252E-01
   5.024977E+00   4.637558E-02   1.899163E+02   4.695139E-01
   5.048187E+00   4.602046E-02   1.854653E+02   4.672724E-01
   5.071504E+00   4.567700E-02   1.811183E+02   4.650015E-01
   5.094928E+00   4.533834E-02   1.768727E+02   4.627022E-01
   5.118461E+00   4.501269E-02   1.727260E+02   4.603754E-01
   5.142103E+00   4.469480E-02   1.686758E+02   4.580220E-01
   5.165854E+00   4.438103E-02   1.647197E+02   4.556431E-01
   5.189714E+00   4.407795E-02   1.608554E+02   4.532394E-01
   5.213685E+00   4.378270E-02   1.570807E+02   4.508121E-01
   5.237766E+00   4.349096E-02   1.533933E+02   4.483620E-01
   5.261959E+00   4.320735E-02   1.497911E+02   4.458902E-01
   5.286263E+00   4.293192E-02   1.462720E+02   4.433975E-01
   5.310680E+00   4.265949E-02   1.428339E+02   4.408851E-01
   5.335209E+00   4.239280E-02   1.394748E+02   4.383537E-01
   5.359852E+00   4.213461E-02   1.361929E+02   4.358045E-01
   5.384608E+00   4.188128E-02   1.329861E+02   4.332383E-01
   5.409479E+00   4.163170E-02   1.298527E+02   4.306561E-01
   5.434465E+00   4.138697E-02   1.267909E+02   4.280588E-01
   5.459566E+00   4.114788E-02   1.237989E+02   4.254475E-01
   5.484783E+00   4.091099E-02   1.208751E+02   4.228229E-01
   5.510116E+00   4.067626E-02   1.180177E+02   4.201861E-01
   5.535567E+00   4.044658E-02   1.152252E+02   4.175380E-01
   5.561135E+00   4.021917E-02   1.123857E+02   4.148575E-01
   5.586821E+00   3.998974E-02   1.091824E+02   4.120803E-01
   5.612626E+00   3.976664E-02   1.060632E+02   4.092946E-01
   5.638550E+00   3.954636E-02   1.030261E+02   4.065014E-01
   5.664594E+00   3.933115E-02   1.000686E+02   4.037016E-01
   5.690758E+00   3.911921E-02   9.718882E+01   4.008962E-01
   5.717043E+00   3.891179E-02   9.438459E+01   3.980862E-01
   5.743449E+00   3.870837E-02   9.165394E+01   3.952725E-01
   5.769977E+00   3.850730E-02   8.899495E+01   3.924559E-01
   5.796628E+00   3.830792E-02   8.640575E+01   3.896374E-01
   5.823402E+00   3.811018E-02   8.388452E+01   3.868177E-01
   5.850300E+00   3.791407E-02   8.142949E+01   3.839978E-01
   5.877322E+00   3.771955E-02   7.903898E+01   3.811783E-01
   5.904468E+00   3.752624E-02   7.635583E+01   3.782681E-01
   5.931740E+00   3.733456E-02   7.367979E+01   3.753420E-01
   5.959138E+00   3.714456E-02   7.108464E+01   3.724203E-01
   5.986663E+00   3.695621E-02   6.856810E+01   3.695036E-01
   6.014314E+00   3.676950E-02   6.612796E+01   3.665928E-01
   6.042094E+00   3.658437E-02   6.376210E+01   3.636885E-01
   6.070001E+00   3.640081E-02   6.146842E+01   3.607915E-01
   6.098038E+00   3.621878E-02   5.924493E+01   3.579022E-01
   6.126204E+00   3.603826E-02   5.708968E+01   3.550215E-01
   6.154500E+00   3.585922E-02   5.500077E+01   3.521499E-01
   6.182927E+00   3.568163E-02   5.297637E+01   3.492879E-01
   6.211485E+00   3.550548E-02   5.101471E+01   3.464360E-01
   6.240175E+00   3.533073E-02   4.911405E+01   3.435948E-01
   6.268998E+00   3.515782E-02   4.699991E+01   3.406743E-01
   6.297954E+00   3.498666E-02   4.482330E+01   3.377213E-01
   6.327043E+00   3.481699E-02   4.272753E+01   3.347835E-01
   6.356267E+00   3.464878E-02   4.071010E+01   3.318613E-01
   6.385626E+00   3.448201E-02   3.876858E+01   3.289553E-01
   6.415120E+00   3.431665E-02   3.690061E+01   3.260657E-01
   6.444751E+00   3.415267E-02   3.510390E+01   3.231929E-01
   6.474518E+00   3.399136E-02   3.303633E+01   3.202057E-01
   6.504423E+00   3.383199E-02   3.095685E+01   3.171981E-01
   6.534467E+00   3.367411E-02   2.897591E+01   3.142132E-01
   6.564648E+00   3.351769E-02   2.708996E+01   3.112513E-01
   6.594970E+00   3.336271E-02   2.529560E+01   3.083126E-01
   6.625431E+00   3.320913E-02   2.358952E+01   3.053970E-01
   6.656033E+00   3.305693E-02   2.196851E+01   3.025047E-01
   6.686777E+00   3.290695E-02   2.031316E+01   2.995806E-01
   6.717662E+00   3.275884E-02   1.868696E+01   2.966516E-01
   6.748690E+00   3.261213E-02   1.715408E+01   2.937490E-01
   6.779861E+00   3.246985E-02   1.539684E+01   2.907053E-01
   6.811177E+00   3.233027E-02   1.365832E+01   2.876349E-01
   6.842637E+00   3.219228E-02   1.205395E+01   2.845996E-01
   6.874242E+00   3.205892E-02   1.035396E+01   2.814577E-01
   6.905993E+00   3.192811E-02   8.762961E+00   2.783219E-01
   6.937891E+00   3.179908E-02   7.333601E+00   2.752281E-01
   6.969936E+00   1.647615E-01   5.870301E+00   2.720244E-01
   7.002130E+00   1.000644E+00   4.592231E+00   2.688688E-01
   7.034472E+00   1.315552E+00   3.635541E+00   2.659029E-01
   7.066963E+00   1.721039E+00   2.771375E+00   2.629351E-01
   7.099605E+00   2.240499E+00   2.002258E+00   2.599585E-01
   7.132397E+00   2.903530E+00   1.334997E+00   2.569663E-01
   7.165340E+00   3.746644E+00   7.880676E-01   2.539665E-01
   7.198436E+00   4.815296E+00   3.712091E-01   2.509501E-01
   7.231685E+00   6.166667E+00   1.032412E-01   2.479222E-01
   7.265087E+00   7.874494E+00   1.167734E-03   2.448747E-01
   7.298644E+00   1.003133E+01   8.814178E-02   2.418064E-01
   7.332355E+00   1.275988E+01   3.897125E-01   2.387183E-01
   7.366222E+00   1.622451E+01   9.430055E-01   2.355938E-01
   7.400246E+00   2.064265E+01   1.787636E+00   2.324354E-01
   7.434427E+00   2.631202E+01   2.970986E+00   2.292402E-01
   7.468766E+00   3.364191E+01   4.551708E+00   2.260028E-01
   7.503263E+00   4.320570E+01   6.617081E+00   2.227069E-01
   7.537920E+00   5.580153E+01   9.271909E+00   2.193414E-01
   7.572736E+00   7.252440E+01   1.261819E+01   2.159078E-01
   7.607714E+00   9.493758E+01   1.683022E+01   2.123831E-01
   7.642853E+00   1.252235E+02   2.211181E+01   2.087505E-01
   7.678154E+00   1.664690E+02   2.871045E+01   2.049923E-01
   7.713619E+00   2.231177E+02   3.696804E+01   2.010770E-01
   7.749247E+00   3.016172E+02   4.729909E+01   1.969701E-01
   7.785040E+00   4.115248E+02   6.024054E+01   1.926211E-01
   7.820998E+00   5.670122E+02   7.640655E+01   1.879730E-01
   7.857122E+00   7.884104E+02   9.634347E+01   1.829794E-01
   7.893413E+00   1.101356E+03   1.201417E+02   1.776539E-01
   7.929872E+00   1.525215E+03   1.464964E+02   1.722020E-01
   7.966499E+00   2.035905E+03   1.711855E+02   1.672524E-01
   8.003295E+00   2.535847E+03   1.882137E+02   1.637152E-01
   8.040262E+00   2.903997E+03   1.939449E+02   1.622464E-01
   8.077399E+00   3.107487E+03   1.908743E+02   1.626991E-01
   8.114707E+00   3.197918E+03   1.844468E+02   1.643772E-01
   8.152188E+00   3.242527E+03   1.789905E+02   1.664411E-01
   8.189842E+00   3.283213E+03   1.763290E+02   1.682420E-01
   8.227670E+00   3.337300E+03   1.766301E+02   1.694412E-01
   8.265672E+00   3.407281E+03   1.793584E+02   1.699784E-01
   8.303850E+00   3.489247E+03   1.838841E+02   1.699325E-01
   8.342205E+00   3.578151E+03   1.897658E+02   1.694249E-01
   8.380737E+00   3.670088E+03   1.968340E+02   1.685656E-01
   8.419446E+00   3.763141E+03   2.051907E+02   1.674378E-01
   8.458335E+00   3.858368E+03   2.153534E+02   1.660945E-01
   8.497403E+00   3.959356E+03   2.281726E+02   1.645563E-01
   8.536651E+00   4.074499E+03   2.452466E+02   1.628032E-01
   8.576081E+00   4.218549E+03   2.690573E+02   1.607601E-01
   8.615693E+00   4.416739E+03   3.037270E+02   1.582653E-01
   8.655487E+00   4.711708E+03   3.557481E+02   1.550031E-01
   8.695466E+00   5.175054E+03   4.357931E+02   1.503010E-01
   8.735629E+00   5.914607E+03   5.604072E+02   1.427845E-01
   8.775978E+00   7.070249E+03   7.554229E+02   1.303957E-01
   8.816513E+00   8.704655E+03   1.053105E+03   1.128821E-01
   8.857236E+00   1.056723E+04   1.460808E+03   9.505970E-02
   8.898146E+00   1.216619E+04   1.902010E+03   8.253047E-02
   8.939246E+00   1.312258E+04   2.224928E+03   7.620387E-02
   8.980535E+00   1.325080E+04   2.323109E+03   7.397064E-02
   9.022015E+00   1.256575E+04   2.214270E+03   7.399581E-02
   9.063686E+00   1.134926E+04   1.992559E+03   7.596498E-02
   9.105550E+00   1.001471E+04   1.746461E+03   8.022971E-02
   9.147608E+00   8.842740E+03   1.524099E+03   8.693303E-02
   9.189860E+00   7.910133E+03   1.339784E+03   9.581323E-02
   9.232306E+00   7.192796E+03   1.193269E+03   1.060781E-01
   9.274949E+00   6.642670E+03   1.080489E+03   1.165413E-01
   9.317789E+00   6.209366E+03   9.966529E+02   1.261835E-01
   9.360827E+00   5.844659E+03   9.357951E+02   1.347851E-01
   9.404063E+00   5.506567E+03   8.904958E+02   1.430453E-01
   9.447500E+00   5.169383E+03   8.533152E+02   1.520717E-01
   9.491136E+00   4.824571E+03   8.191075E+02   1.627886E-01
   9.534975E+00   4.473965E+03   7.852498E+02   1.756932E-01
   9.579016E+00   4.120930E+03   7.506891E+02   1.908907E-01
   9.623260E+00   3.767939E+03   7.150400E+02   2.080840E-01
   9.667709E+00   3.416670E+03   6.780842E+02   2.265255E-01
   9.712362E+00   3.068913E+03   6.394486E+02   2.449734E-01
   9.757223E+00   2.728098E+03   5.989234E+02   2.616932E-01
   9.802290E+00   2.400761E+03   5.564800E+02   2.746752E-01
   9.847566E+00   2.096105E+03   5.128531E+02   2.822910E-01
   9.893050E+00   1.823956E+03   4.694240E+02   2.840279E-01
   9.938745E+00   1.591953E+03   4.276346E+02   2.806382E-01
   9.984651E+00   1.403075E+03   3.888177E+02   2.737305E-01
   1.003077E+01   1.255402E+03   3.537392E+02   2.649850E-01
   1.007710E+01   1.144212E+03   3.227589E+02   2.557132E-01
   1.012364E+01   1.062419E+03   2.957752E+02   2.467155E-01
   1.017040E+01   1.003177E+03   2.725128E+02   2.383990E-01
   1.021738E+01   9.599811E+02   2.525412E+02   2.309016E-01
   1.026457E+01   9.274717E+02   2.353512E+02   2.242007E-01
   1.031198E+01   9.014206E+02   2.205196E+02   2.182332E-01
   1.035961E+01   8.788800E+02   2.075773E+02   2.128780E-01
   1.040746E+01   8.578217E+02   1.961481E+02   2.080265E-01
   1.045553E+01   8.370263E+02   1.859403E+02   2.035881E-01
   1.050383E+01   8.158802E+02   1.766945E+02   1.994763E-01
   1.055234E+01   7.940141E+02   1.682297E+02   1.956300E-01
   1.060108E+01   7.714480E+02   1.603778E+02   1.919896E-01
   1.065005E+01   7.483026E+02   1.530497E+02   1.885232E-01
   1.069924E+01   7.247228E+02   1.461330E+02   1.851902E-01
   1.074866E+01   7.010253E+02   1.395545E+02   1.819634E-01
   1.079830E+01   6.774465E+02   1.332555E+02   1.788214E-01
   1.084818E+01   6.543075E+02   1.272133E+02   1.757560E-01
   1.089829E+01   6.319295E+02   1.213775E+02   1.727488E-01
   1.094862E+01   6.106912E+02   1.157317E+02   1.697938E-01
   1.099920E+01   5.909696E+02   1.102583E+02   1.668850E-01
   1.105000E+01   5.732263E+02   1.049382E+02   1.640155E-01
   1.110104E+01   5.579394E+02   9.975794E+01   1.611806E-01
   1.115231E+01   5.455859E+02   9.473604E+01   1.583877E-01
   1.120382E+01   5.367033E+02   8.985735E+01   1.556309E-01
   1.125557E+01   5.318881E+02   8.512701E+01   1.529118E-01
   1.130756E+01   5.317016E+02   8.059579E+01   1.502494E-01
   1.135979E+01   5.366665E+02   7.625698E+01   1.476396E-01
   1.141226E+01   5.473586E+02   7.214609E+01   1.450944E-01
   1.146497E+01   5.641606E+02   6.830690E+01   1.426284E-01
   1.151793E+01   5.873542E+02   6.477064E+01   1.402511E-01
   1.157112E+01   6.170829E+02   6.156910E+01   1.379718E-01
   1.162457E+01   6.531793E+02   5.875378E+01   1.358087E-01
   1.167826E+01   6.952628E+02   5.635849E+01   1.337735E-01
   1.173220E+01   7.425585E+02   5.441023E+01   1.318776E-01
   1.178639E+01   7.940671E+02   5.292202E+01   1.301286E-01
   1.184083E+01   8.483648E+02   5.190610E+01   1.285380E-01
   1.189552E+01   9.038090E+02   5.134587E+01   1.271089E-01
   1.195047E+01   9.586516E+02   5.121615E+01   1.258442E-01
   1.200567E+01   1.010969E+03   5.146724E+01   1.247403E-01
   1.206112E+01   1.058879E+03   5.205072E+01   1.237969E-01
   1.211683E+01   1.100771E+03   5.289476E+01   1.230036E-01
   1.217279E+01   1.135222E+03   5.392339E+01   1.223482E-01
   1.222902E+01   1.161196E+03   5.506728E+01   1.218183E-01
   1.228550E+01   1.178042E+03   5.624306E+01   1.213916E-01
   1.234225E+01   1.185283E+03   5.738059E+01   1.210485E-01
   1.239926E+01   1.183007E+03   5.843930E+01   1.207747E-01
   1.245653E+01   1.171646E+03   5.935113E+01   1.205380E-01
   1.251406E+01   1.151669E+03   6.008791E+01   1.203205E-01
   1.257186E+01   1.123837E+03   6.061031E+01   1.200939E-01
   1.262993E+01   1.089103E+03   6.091365E+01   1.198413E-01
   1.268827E+01   1.048429E+03   6.098031E+01   1.195382E-01
   1.274687E+01   1.002757E+03   6.080643E+01   1.191659E-01
   1.280575E+01   9.532562E+02   6.039822E+01   1.187083E-01
   1.286490E+01   9.007115E+02   5.977247E+01   1.181580E-01
   1.292432E+01   8.462138E+02   5.893522E+01   1.175019E-01
   1.298401E+01   7.906146E+02   5.791190E+01   1.167396E-01
   1.304398E+01   7.346455E+02   5.672015E+01   1.158699E-01
   1.310423E+01   6.791649E+02   5.537366E+01   1.148917E-01
   1.316476E+01   6.247300E+02   5.389160E+01   1.138100E-01
   1.322557E+01   5.719637E+02   5.230720E+01   1.126385E-01
   1.328665E+01   5.213115E+02   5.062677E+01   1.113804E-01
   1.334802E+01   4.731585E+02   4.889305E+01   1.100581E-01
   1.340968E+01   4.278817E+02   4.710206E+01   1.086721E-01
   1.347161E+01   3.856893E+02   4.528449E+01   1.072412E-01
   1.353384E+01   3.467763E+02   4.346290E+01   1.057803E-01
   1.359635E+01   3.112286E+02   4.163677E+01   1.042931E-01
   1.365915E+01   2.791161E+02   3.983201E+01   1.027965E-01
   1.372224E+01   2.504153E+02   3.804854E+01   1.012936E-01
   1.378562E+01   2.250534E+02   3.630974E+01   9.979962E-02
   1.384929E+01   2.029234E+02   3.462087E+01   9.832002E-02
   1.391326E+01   1.839120E+02   3.298500E+01   9.685857E-02
   1.397753E+01   1.678333E+02   3.140795E+01   9.542018E-02
   1.404209E+01   1.544923E+02   2.989533E+01   9.400937E-02
   1.410694E+01   1.437089E+02   2.844476E+01   9.262605E-02
   1.417210E+01   1.352752E+02   2.706256E+01   9.127472E-02
   1.423756E+01   1.289663E+02   2.574282E+01   8.995290E-02
   1.430332E+01   1.245719E+02   2.449519E+01   8.866683E-02
   1.436939E+01   1.219166E+02   2.330725E+01   8.741005E-02
   1.443576E+01   1.208179E+02   2.218032E+01   8.618390E-02
   1.450244E+01   1.210868E+02   2.111344E+01   8.498837E-02
   1.456942E+01   1.225627E+02   2.010860E+01   8.382530E-02
   1.463672E+01   1.251127E+02   1.915173E+01   8.268668E-02
   1.470432E+01   1.286083E+02   1.824618E+01   8.157505E-02
   1.477224E+01   1.329428E+02   1.739303E+01   8.049168E-02
   1.484047E+01   1.380211E+02   1.658075E+01   7.942980E-02
   1.490902E+01   1.437541E+02   1.581095E+01   7.839090E-02
   1.497788E+01   1.500710E+02   1.508359E+01   7.737550E-02
   1.504706E+01   1.569183E+02   1.439131E+01   7.637921E-02
   1.511656E+01   1.642399E+02   1.373475E+01   7.540293E-02
   1.518638E+01   1.719974E+02   1.311182E+01   7.444569E-02
   1.525653E+01   1.801580E+02   1.251884E+01   7.350539E-02
   1.532699E+01   1.886901E+02   1.195504E+01   7.258190E-02
   1.539779E+01   1.975695E+02   1.142066E+01   7.167581E-02
   1.546891E+01   2.067806E+02   1.091107E+01   7.078415E-02
   1.554036E+01   2.163085E+02   1.042496E+01   6.990630E-02
   1.561214E+01   2.261342E+02   9.963430E+00   6.904343E-02
   1.568425E+01   2.362455E+02   9.525506E+00   6.819519E-02
   1.575669E+01   2.466394E+02   9.106980E+00   6.735863E-02
   1.582947E+01   2.573049E+02   8.707244E+00   6.653354E-02
   1.590258E+01   2.682259E+02   8.328771E+00   6.572221E-02
   1.597603E+01   2.794134E+02   7.967765E+00   6.492185E-02
   1.604983E+01   2.908424E+02   7.623461E+00   6.413211E-02
   1.612396E+01   3.025053E+02   7.295296E+00   6.335275E-02
   1.619843E+01   3.144189E+02   6.983937E+00   6.258456E-02
   1.627325E+01   3.265503E+02   6.688642E+00   6.182724E-02
   1.634841E+01   3.389090E+02   6.406429E+00   6.107835E-02
   1.642393E+01   3.514922E+02   6.138290E+00   6.033897E-02
   1.649979E+01   3.642977E+02   5.882533E+00   5.960774E-02
   1.657600E+01   3.772935E+02   5.642002E+00   5.888764E-02
   1.665256E+01   3.905137E+02   5.411423E+00   5.817375E-02
   1.672948E+01   4.039260E+02   5.193086E+00   5.746853E-02
   1.680675E+01   4.175622E+02   4.985262E+00   5.677031E-02
   1.688438E+01   4.313621E+02   4.788089E+00   5.607958E-02
   1.696236E+01   4.453737E+02   4.601017E+00   5.539575E-02
   1.704071E+01   4.595871E+02   4.423831E+00   5.471874E-02
   1.711942E+01   4.740068E+02   4.256609E+00   5.404874E-02
   1.719849E+01   4.886069E+02   4.096443E+00   5.338275E-02
   1.727793E+01   5.034508E+02   3.945407E+00   5.272281E-02
   1.735773E+01   5.184919E+02   3.801667E+00   5.206705E-02
   1.743791E+01   5.337636E+02   3.666308E+00   5.141659E-02
   1.751845E+01   5.493015E+02   3.538598E+00   5.077036E-02
   1.759936E+01   5.650717E+02   3.417676E+00   5.012740E-02
   1.768065E+01   5.811537E+02   3.302826E+00   4.948615E-02
   1.776232E+01   5.975251E+02   3.196141E+00   4.884931E-02
   1.784436E+01   6.142761E+02   3.094675E+00   4.821210E-02
   1.792678E+01   6.314158E+02   3.000038E+00   4.757623E-02
   1.800958E+01   6.489797E+02   2.912889E+00   4.694199E-02
   1.809277E+01   6.670375E+02   2.832654E+00   4.630752E-02
   1.817634E+01   6.856981E+02   2.758590E+00   4.566998E-02
   1.826029E+01   7.049938E+02   2.693314E+00   4.503231E-02
   1.834463E+01   7.250526E+02   2.635970E+00   4.439083E-02
   1.842936E+01   7.460313E+02   2.587868E+00   4.374472E-02
   1.851449E+01   7.680430E+02   2.551008E+00   4.309457E-02
   1.860000E+01   7.913150E+02   2.526057E+00   4.243665E-02
   1.868591E+01   8.160546E+02   2.515607E+00   4.177032E-02
   1.877222E+01   8.425861E+02   2.523084E+00   4.109457E-02
   1.885893E+01   8.712746E+02   2.551936E+00   4.040625E-02
   1.894604E+01   9.025552E+02   2.607749E+00   3.970482E-02
   1.903354E+01   9.370965E+02   2.697425E+00   3.898647E-02
   1.912146E+01   9.755735E+02   2.830123E+00   3.825072E-02
   1.920978E+01   1.019216E+03   3.018933E+00   3.748996E-02
   1.929851E+01   1.069055E+03   3.279705E+00   3.670675E-02
   1.938764E+01   1.126971E+03   3.635745E+00   3.589509E-02
   1.947719E+01   1.195047E+03   4.116492E+00   3.505391E-02
   1.956715E+01   1.275386E+03   4.756076E+00   3.418579E-02
   1.965753E+01   1.371029E+03   5.603330E+00   3.329088E-02
   1.974833E+01   1.483128E+03   6.699983E+00   3.238427E-02
   1.983954E+01   1.611370E+03   8.091128E+00   3.148507E-02
   1.993118E+01   1.756043E+03   9.868986E+00   3.060014E-02
   2.002324E+01   1.924685E+03   1.228774E+01   2.967369E-02
   2.011573E+01   2.152143E+03   1.607241E+01   2.849910E-02
   2.020864E+01   2.510502E+03   2.267122E+01   2.676661E-02
   2.030198E+01   3.084614E+03   3.416559E+01   2.429034E-02
   2.039575E+01   3.890752E+03   5.219065E+01   2.138616E-02
   2.048996E+01   4.766275E+03   7.494424E+01   1.893833E-02
   2.058460E+01   5.440865E+03   9.584424E+01   1.750752E-02
   2.067967E+01   5.778036E+03   1.095480E+02   1.690622E-02
   2.077519E+01   5.781444E+03   1.147818E+02   1.680663E-02
   2.087115E+01   5.518102E+03   1.129280E+02   1.704578E-02
   2.096755E+01   5.081511E+03   1.062498E+02   1.763915E-02
   2.106440E+01   4.570883E+03   9.708931E+01   1.869108E-02
   2.116169E+01   4.062743E+03   8.733569E+01   2.031279E-02
   2.125943E+01   3.599603E+03   7.805677E+01   2.258204E-02
   2.135763E+01   3.196324E+03   6.971968E+01   2.548892E-02
   2.145628E+01   2.852682E+03   6.243376E+01   2.890704E-02
   2.155538E+01   2.562475E+03   5.612202E+01   3.260218E-02
   2.165494E+01   2.317902E+03   5.067948E+01   3.626865E-02
   2.175496E+01   2.112093E+03   4.599494E+01   3.960585E-02
   2.185545E+01   1.940241E+03   4.197322E+01   4.237499E-02
   2.195640E+01   1.798317E+03   3.854016E+01   4.445975E-02
   2.205781E+01   1.682832E+03   3.564024E+01   4.586894E-02
   2.215969E+01   1.589724E+03   3.323121E+01   4.672122E-02
   2.226204E+01   1.514198E+03   3.126180E+01   4.718865E-02
   2.236487E+01   1.450738E+03   2.966962E+01   4.744952E-02
   2.246817E+01   1.393868E+03   2.837811E+01   4.764780E-02
   2.257195E+01   1.339218E+03   2.730615E+01   4.787221E-02
   2.267621E+01   1.283559E+03   2.637588E+01   4.816584E-02
   2.278094E+01   1.225255E+03   2.552660E+01   4.853212E-02
   2.288617E+01   1.164287E+03   2.471571E+01   4.894076E-02
   2.299187E+01   1.100963E+03   2.391227E+01   4.935346E-02
   2.309807E+01   1.036304E+03   2.310922E+01   4.973144E-02
   2.320476E+01   9.713037E+02   2.229902E+01   5.003416E-02
   2.331194E+01   9.068573E+02   2.148376E+01   5.023364E-02
   2.341961E+01   8.437995E+02   2.066609E+01   5.030786E-02
   2.352779E+01   7.827682E+02   1.984976E+01   5.024514E-02
   2.363646E+01   7.242765E+02   1.904003E+01   5.004406E-02
   2.374563E+01   6.687167E+02   1.824155E+01   4.971027E-02
   2.385531E+01   6.163973E+02   1.745761E+01   4.925355E-02
   2.396549E+01   5.675451E+02   1.669189E+01   4.868892E-02
   2.407619E+01   5.222846E+02   1.594783E+01   4.803449E-02
   2.418739E+01   4.807164E+02   1.522736E+01   4.730723E-02
   2.429911E+01   4.428549E+02   1.453375E+01   4.652697E-02
   2.441135E+01   4.087073E+02   1.386673E+01   4.570708E-02
   2.452410E+01   3.781484E+02   1.322973E+01   4.486649E-02
   2.463737E+01   3.510890E+02   1.262296E+01   4.401696E-02
   2.475117E+01   3.273456E+02   1.204765E+01   4.317072E-02
   2.486549E+01   3.067736E+02   1.150466E+01   4.233745E-02
   2.498034E+01   2.890944E+02   1.099286E+01   4.152278E-02
   2.509572E+01   2.740249E+02   1.051314E+01   4.073418E-02
   2.521164E+01   2.613057E+02   1.006328E+01   3.997275E-02
   2.532809E+01   2.506543E+02   9.643066E+00   3.924203E-02
   2.544508E+01   2.418041E+02   9.250556E+00   3.854198E-02
   2.556260E+01   2.345463E+02   8.885071E+00   3.787389E-02
   2.568067E+01   2.285501E+02   8.544615E+00   3.723687E-02
   2.579929E+01   2.236034E+02   8.227433E+00   3.662970E-02
   2.591845E+01   2.194982E+02   7.931071E+00   3.604975E-02
   2.603817E+01   2.160742E+02   7.654361E+00   3.549625E-02
   2.615843E+01   2.131896E+02   7.395978E+00   3.496798E-02
   2.627926E+01   2.106727E+02   7.153803E+00   3.446237E-02
   2.640064E+01   2.084450E+02   6.926069E+00   3.397706E-02
   2.652258E+01   2.064100E+02   6.711232E+00   3.351007E-02
   2.664508E+01   2.045165E+02   6.509213E+00   3.306182E-02
   2.676815E+01   2.026925E+02   6.317917E+00   3.262917E-02
   2.689179E+01   2.009074E+02   6.136146E+00   3.221040E-02
   2.701600E+01   1.991392E+02   5.963334E+00   3.180486E-02
   2.714079E+01   1.973446E+02   5.799281E+00   3.141258E-02
   2.726615E+01   1.955319E+02   5.641944E+00   3.103009E-02
   2.739208E+01   1.936809E+02   5.491825E+00   3.065859E-02
   2.751861E+01   1.917935E+02   5.348018E+00   3.029663E-02
   2.764571E+01   1.898601E+02   5.210212E+00   2.994386E-02
   2.777340E+01   1.878896E+02   5.077498E+00   2.959874E-02
   2.790168E+01   1.858787E+02   4.949670E+00   2.926105E-02
   2.803056E+01   1.838339E+02   4.826378E+00   2.893028E-02
   2.816003E+01   1.817371E+02   4.707920E+00   2.860719E-02
   2.829010E+01   1.796265E+02   4.592921E+00   2.828917E-02
   2.842076E+01   1.774783E+02   4.482014E+00   2.797765E-02
   2.855204E+01   1.753043E+02   4.374952E+00   2.767225E-02
   2.868391E+01   1.731042E+02   4.271239E+00   2.737209E-02
   2.881640E+01   1.709015E+02   4.170605E+00   2.707672E-02
   2.894950E+01   1.686677E+02   4.072969E+00   2.678611E-02
   2.908322E+01   1.664243E+02   3.978704E+00   2.650110E-02
   2.921755E+01   1.641797E+02   3.886715E+00   2.621953E-02
   2.935250E+01   1.619194E+02   3.797408E+00   2.594233E-02
   2.948808E+01   1.596660E+02   3.710764E+00   2.566953E-02
   2.962428E+01   1.573929E+02   3.626771E+00   2.540123E-02
   2.976111E+01   1.551385E+02   3.544755E+00   2.513602E-02
   2.989857E+01   1.528780E+02   3.465298E+00   2.487526E-02
   3.003667E+01   1.506278E+02   3.387643E+00   2.461737E-02
   3.017540E+01   1.483744E+02   3.312004E+00   2.436290E-02
   3.031478E+01   1.461368E+02   3.238521E+00   2.411220E-02
   3.045480E+01   1.439091E+02   3.167001E+00   2.386492E-02
   3.059547E+01   1.416826E+02   3.097191E+00   2.362058E-02
   3.073678E+01   1.394749E+02   3.029352E+00   2.337980E-02
   3.087875E+01   1.372818E+02   2.962959E+00   2.314145E-02
   3.102138E+01   1.350976E+02   2.898426E+00   2.290655E-02
   3.116466E+01   1.329367E+02   2.835370E+00   2.267426E-02
   3.130861E+01   1.307825E+02   2.773987E+00   2.244510E-02
   3.145322E+01   1.286598E+02   2.714031E+00   2.221853E-02
   3.159850E+01   1.265452E+02   2.655535E+00   2.199470E-02
   3.174445E+01   1.244436E+02   2.598319E+00   2.177322E-02
   3.189107E+01   1.223691E+02   2.542513E+00   2.155444E-02
   3.203837E+01   1.203165E+02   2.487975E+00   2.133806E-02
   3.218635E+01   1.182833E+02   2.434876E+00   2.112457E-02
   3.233502E+01   1.162746E+02   2.382975E+00   2.091339E-02
   3.248437E+01   1.142815E+02   2.332201E+00   2.070442E-02
   3.263441E+01   1.123124E+02   2.282712E+00   2.049807E-02
   3.278515E+01   1.103669E+02   2.234249E+00   2.029374E-02
   3.293658E+01   1.084415E+02   2.187012E+00   2.009199E-02
   3.308871E+01   1.065381E+02   2.140730E+00   1.989215E-02
   3.324154E+01   1.046630E+02   2.095628E+00   1.969484E-02
   3.339508E+01   1.028091E+02   2.051497E+00   1.949956E-02
   3.354933E+01   1.009757E+02   2.008313E+00   1.930628E-02
   3.370429E+01   9.917137E+01   1.966144E+00   1.911521E-02
   3.385996E+01   9.738558E+01   1.924985E+00   1.892640E-02
   3.401636E+01   9.562784E+01   1.884787E+00   1.873973E-02
   3.417347E+01   9.389380E+01   1.845289E+00   1.855452E-02
   3.433132E+01   9.218342E+01   1.806700E+00   1.837138E-02
   3.448989E+01   9.049644E+01   1.769044E+00   1.819042E-02
   3.464919E+01   8.883318E+01   1.732260E+00   1.801150E-02
   3.480923E+01   8.719435E+01   1.696257E+00   1.783439E-02
   3.497001E+01   8.558025E+01   1.661019E+00   1.765908E-02
   3.513154E+01   8.399022E+01   1.626531E+00   1.748555E-02
   3.529380E+01   8.242502E+01   1.592775E+00   1.731377E-02
   3.545682E+01   8.088335E+01   1.559734E+00   1.714374E-02
   3.562059E+01   7.936496E+01   1.527452E+00   1.697560E-02
   3.578512E+01   7.786902E+01   1.495954E+00   1.680947E-02
   3.595041E+01   7.639650E+01   1.465141E+00   1.664508E-02
   3.611646E+01   7.494979E+01   1.434864E+00   1.648199E-02
   3.628327E+01   7.352426E+01   1.405349E+00   1.632093E-02
   3.645086E+01   7.212290E+01   1.376410E+00   1.616135E-02
   3.661922E+01   7.074562E+01   1.348020E+00   1.600318E-02
   3.678836E+01   6.938786E+01   1.320386E+00   1.584712E-02
   3.695828E+01   6.805427E+01   1.293268E+00   1.569242E-02
   3.712899E+01   6.674391E+01   1.266691E+00   1.553917E-02
   3.730048E+01   6.545380E+01   1.240773E+00   1.538780E-02
   3.747277E+01   6.418628E+01   1.215398E+00   1.523795E-02
   3.764585E+01   6.293972E+01   1.190554E+00   1.508960E-02
   3.781973E+01   6.171525E+01   1.166227E+00   1.494273E-02
   3.799442E+01   6.051247E+01   1.142409E+00   1.479733E-02
   3.816991E+01   5.933068E+01   1.119086E+00   1.465338E-02
   3.834621E+01   5.816904E+01   1.096251E+00   1.451087E-02
   3.852333E+01   5.702728E+01   1.073956E+00   1.437002E-02
   3.870126E+01   5.590590E+01   1.052150E+00   1.423066E-02
   3.888002E+01   5.480560E+01   1.030708E+00   1.409236E-02
   3.905960E+01   5.372568E+01   1.009712E+00   1.395545E-02
   3.924001E+01   5.266250E+01   9.892979E-01   1.382044E-02
   3.942126E+01   5.162039E+01   9.692101E-01   1.368641E-02
   3.960334E+01   5.059686E+01   9.495860E-01   1.355389E-02
   3.978626E+01   4.959318E+01   9.302756E-01   1.342234E-02
   3.997003E+01   4.860676E+01   9.114747E-01   1.329252E-02
   4.015465E+01   4.763757E+01   8.931061E-01   1.316416E-02
   4.034012E+01   4.668902E+01   8.749861E-01   1.303656E-02
   4.052644E+01   4.575598E+01   8.573358E-01   1.291061E-02
   4.071363E+01   4.484173E+01   8.399853E-01   1.278565E-02
   4.090168E+01   4.394351E+01   8.230841E-01   1.266229E-02
   4.109060E+01   4.306230E+01   8.065293E-01   1.254015E-02
   4.128039E+01   4.219950E+01   7.902250E-01   1.241886E-02
   4.147106E+01   4.135151E+01   7.743146E-01   1.229900E-02
   4.166261E+01   4.051983E+01   7.587582E-01   1.218045E-02
   4.185505E+01   3.970407E+01   7.435204E-01   1.206306E-02
   4.204837E+01   3.890408E+01   7.285943E-01   1.194683E-02
   4.224259E+01   3.811994E+01   7.139732E-01   1.183175E-02
   4.243770E+01   3.735056E+01   6.996508E-01   1.171780E-02
   4.263371E+01   3.659625E+01   6.856207E-01   1.160497E-02
   4.283063E+01   3.585647E+01   6.718770E-01   1.149325E-02
   4.302846E+01   3.513060E+01   6.584727E-01   1.138289E-02
   4.322721E+01   3.441916E+01   6.453221E-01   1.127353E-02
   4.342687E+01   3.372220E+01   6.324002E-01   1.116507E-02
   4.362745E+01   3.303947E+01   6.197415E-01   1.105767E-02
   4.382896E+01   3.236860E+01   6.074179E-01   1.095169E-02
   4.403140E+01   3.171238E+01   5.952823E-01   1.084646E-02
   4.423478E+01   3.106755E+01   5.834618E-01   1.074258E-02
   4.443909E+01   3.043726E+01   5.718050E-01   1.063936E-02
   4.464435E+01   2.981840E+01   5.604646E-01   1.053753E-02
   4.485056E+01   2.921304E+01   5.492727E-01   1.043631E-02
   4.505772E+01   2.861802E+01   5.383839E-01   1.033646E-02
   4.526583E+01   2.803668E+01   5.276439E-01   1.023723E-02
   4.547491E+01   2.746599E+01   5.171955E-01   1.013934E-02
   4.568495E+01   2.690698E+01   5.069487E-01   1.004236E-02
   4.589597E+01   2.636018E+01   4.968485E-01   9.946021E-03
   4.610795E+01   2.582346E+01   4.870191E-01   9.850965E-03
   4.632092E+01   2.529717E+01   4.773871E-01   9.756835E-03
   4.653487E+01   2.478222E+01   4.679486E-01   9.663620E-03
   4.674981E+01   2.427725E+01   4.586995E-01   9.571313E-03
   4.696574E+01   2.378270E+01   4.496360E-01   9.479903E-03
   4.718267E+01   2.329840E+01   4.407542E-01   9.389381E-03
   4.740060E+01   2.282416E+01   4.320505E-01   9.299740E-03
   4.761954E+01   2.235981E+01   4.235213E-01   9.210970E-03
   4.783949E+01   2.190452E+01   4.151630E-01   9.123062E-03
   4.806045E+01   2.145880E+01   4.069721E-01   9.036009E-03
   4.828244E+01   2.102186E+01   3.989452E-01   8.949801E-03
   4.850545E+01   2.059340E+01   3.911297E-01   8.864716E-03
   4.872949E+01   2.017461E+01   3.834295E-01   8.780226E-03
   4.895456E+01   1.976438E+01   3.758736E-01   8.696500E-03
   4.918068E+01   1.936223E+01   3.685070E-01   8.613809E-03
   4.940784E+01   1.896858E+01   3.612681E-01   8.531807E-03
   4.963605E+01   1.858303E+01   3.541845E-01   8.450664E-03
   4.986531E+01   1.820555E+01   3.472383E-01   8.370285E-03
   5.009563E+01   1.793898E+01   3.405834E-01   8.291582E-03
   5.032702E+01   1.782045E+01   3.343038E-01   8.215092E-03
   5.055947E+01   1.770272E+01   3.281399E-01   8.139307E-03
   5.079300E+01   1.758578E+01   3.220897E-01   8.064221E-03
   5.102761E+01   1.746963E+01   3.161509E-01   7.989826E-03
   5.126330E+01   1.735425E+01   3.103215E-01   7.916118E-03
   5.150008E+01   1.723965E+01   3.045996E-01   7.843088E-03
   5.173795E+01   1.712581E+01   2.989831E-01   7.770732E-03
   5.197692E+01   1.701274E+01   2.934702E-01   7.699043E-03
   5.221699E+01   1.690042E+01   2.880588E-01   7.628014E-03
   5.245818E+01   1.678885E+01   2.827471E-01   7.557640E-03
   5.270048E+01   1.667803E+01   2.775334E-01   7.487915E-03
   5.294389E+01   1.656795E+01   2.724157E-01   7.418833E-03
   5.318843E+01   1.645861E+01   2.673923E-01   7.350387E-03
   5.343411E+01   1.635000E+01   2.624615E-01   7.282572E-03
   5.368091E+01   1.624212E+01   2.576216E-01   7.215382E-03
   5.392886E+01   1.613496E+01   2.528709E-01   7.148812E-03
   5.417795E+01   1.602851E+01   2.482078E-01   7.082855E-03
   5.442819E+01   1.592277E+01   2.436306E-01   7.017505E-03
   5.467959E+01   1.581774E+01   2.391378E-01   6.952759E-03
   5.493214E+01   1.571342E+01   2.347278E-01   6.888609E-03
   5.518587E+01   1.560978E+01   2.303990E-01   6.825050E-03
   5.544077E+01   1.550684E+01   2.261501E-01   6.762077E-03
   5.569684E+01   1.540459E+01   2.219795E-01   6.699685E-03
   5.595410E+01   1.530302E+01   2.178857E-01   6.637867E-03
   5.621254E+01   1.520213E+01   2.138675E-01   6.576619E-03
   5.647218E+01   1.510191E+01   2.099232E-01   6.515936E-03
   5.673302E+01   1.500236E+01   2.060517E-01   6.455812E-03
   5.699506E+01   1.490348E+01   2.022516E-01   6.396243E-03
   5.725831E+01   1.480525E+01   1.985215E-01   6.337222E-03
   5.752278E+01   1.470768E+01   1.948602E-01   6.278745E-03
   5.778847E+01   1.461076E+01   1.912664E-01   6.220808E-03
   5.805539E+01   1.451448E+01   1.877388E-01   6.163404E-03
   5.832354E+01   1.441885E+01   1.842762E-01   6.106530E-03
   5.859293E+01   1.432385E+01   1.808775E-01   6.050179E-03
   5.886357E+01   1.422948E+01   1.775415E-01   5.994348E-03
   5.913545E+01   1.413575E+01   1.742669E-01   5.939032E-03
   5.940859E+01   1.404264E+01   1.710527E-01   5.884225E-03
   5.968299E+01   1.395014E+01   1.678978E-01   5.829924E-03
   5.995866E+01   1.385827E+01   1.648010E-01   5.776123E-03
   6.023560E+01   1.376700E+01   1.617614E-01   5.722818E-03
   6.051382E+01   1.367635E+01   1.587778E-01   5.670004E-03
   6.079333E+01   1.358629E+01   1.558491E-01   5.617677E-03
   6.107412E+01   1.349684E+01   1.529745E-01   5.565833E-03
   6.135622E+01   1.340798E+01   1.501529E-01   5.514466E-03
   6.163961E+01   1.331971E+01   1.473833E-01   5.463573E-03
   6.192432E+01   1.323202E+01   1.446648E-01   5.413148E-03
   6.221034E+01   1.314492E+01   1.419964E-01   5.363189E-03
   6.249768E+01   1.305840E+01   1.393772E-01   5.313690E-03
   6.278635E+01   1.297246E+01   1.368063E-01   5.264647E-03
   6.307635E+01   1.288708E+01   1.342828E-01   5.216056E-03
   6.336770E+01   1.280228E+01   1.318058E-01   5.167914E-03
   6.366038E+01   1.271803E+01   1.293745E-01   5.120214E-03
   6.395442E+01   1.263435E+01   1.269880E-01   5.072955E-03
   6.424982E+01   1.255122E+01   1.246456E-01   5.026131E-03
   6.454658E+01   1.246864E+01   1.223463E-01   4.979739E-03
   6.484471E+01   1.238661E+01   1.200894E-01   4.933774E-03
   6.514422E+01   1.230513E+01   1.178742E-01   4.888233E-03
   6.544512E+01   1.222419E+01   1.156998E-01   4.843112E-03
   6.574740E+01   1.214378E+01   1.135655E-01   4.798406E-03
   6.605108E+01   1.206391E+01   1.114705E-01   4.754113E-03
   6.635616E+01   1.198456E+01   1.094142E-01   4.710228E-03
   6.666265E+01   1.190575E+01   1.073958E-01   4.666748E-03
   6.697056E+01   1.182745E+01   1.054146E-01   4.623668E-03
   6.727989E+01   1.174968E+01   1.034700E-01   4.580985E-03
   6.759065E+01   1.167242E+01   1.015612E-01   4.538696E-03
   6.790284E+01   1.159568E+01   9.968763E-02   4.496796E-03
   6.821647E+01   1.151944E+01   9.784861E-02   4.455283E-03
   6.853156E+01   1.144371E+01   9.604350E-02   4.414152E-03
   6.884809E+01   1.136847E+01   9.427168E-02   4.373401E-03
   6.916610E+01   1.129374E+01   9.253254E-02   4.333025E-03
   6.948557E+01   1.121951E+01   9.082547E-02   4.293021E-03
   6.980651E+01   1.114576E+01   8.914988E-02   4.253386E-03
   7.012894E+01   1.107250E+01   8.750520E-02   4.214116E-03
   7.045286E+01   1.099973E+01   8.589085E-02   4.175209E-03
   7.077827E+01   1.092744E+01   8.430628E-02   4.136660E-03
   7.110518E+01   1.085563E+01   8.275092E-02   4.098466E-03
   7.143361E+01   1.078430E+01   8.122426E-02   4.060624E-03
   7.176355E+01   1.071343E+01   7.972575E-02   4.023131E-03
   7.209502E+01   1.064304E+01   7.825488E-02   3.985984E-03
   7.242802E+01   1.057311E+01   7.681114E-02   3.949179E-03
   7.276255E+01   1.050365E+01   7.539402E-02   3.912713E-03
   7.309864E+01   1.043464E+01   7.400305E-02   3.876584E-03
   7.343627E+01   1.036609E+01   7.263773E-02   3.840787E-03
   7.377546E+01   1.029800E+01   7.129759E-02   3.805321E-03
   7.411622E+01   1.023035E+01   6.998217E-02   3.770181E-03
   7.445856E+01   1.016315E+01   6.869101E-02   3.735365E-03
   7.480247E+01   1.009640E+01   6.742367E-02   3.700871E-03
   7.514797E+01   1.003009E+01   6.617970E-02   3.666694E-03
   7.549507E+01   9.964215E+00   6.495868E-02   3.632832E-03
   7.584378E+01   9.898777E+00   6.376018E-02   3.599282E-03
   7.619409E+01   9.833772E+00   6.258379E-02   3.566042E-03
   7.654602E+01   9.769196E+00   6.142910E-02   3.533108E-03
   7.689958E+01   9.705047E+00   6.029570E-02   3.500477E-03
   7.725477E+01   9.641322E+00   5.918321E-02   3.468148E-03
   7.761160E+01   9.578018E+00   5.809125E-02   3.436116E-03
   7.797007E+01   9.515133E+00   5.701942E-02   3.404380E-03
   7.833021E+01   9.452662E+00   5.596737E-02   3.372936E-03
   7.869201E+01   9.390605E+00   5.493472E-02   3.341782E-03
   7.905548E+01   9.328957E+00   5.392112E-02   3.310915E-03
   7.942062E+01   9.267717E+00   5.292622E-02   3.280332E-03
   7.978746E+01   9.206881E+00   5.194967E-02   3.250032E-03
   8.015599E+01   9.146446E+00   5.099114E-02   3.220011E-03
   8.052622E+01   9.086411E+00   5.005029E-02   3.190267E-03
   8.089816E+01   9.026772E+00   4.912679E-02   3.160796E-03
   8.127182E+01   8.967527E+00   4.822033E-02   3.131598E-03
   8.164720E+01   8.908673E+00   4.733059E-02   3.102668E-03
   8.202432E+01   8.850207E+00   4.645726E-02   3.074006E-03
   8.240318E+01   8.792127E+00   4.560005E-02   3.045607E-03
   8.278379E+01   8.734431E+00   4.475865E-02   3.017470E-03
   8.316616E+01   8.677115E+00   4.393277E-02   2.989593E-03
   8.355029E+01   8.620177E+00   4.312212E-02   2.961973E-03
   8.393620E+01   8.563615E+00   4.232643E-02   2.934607E-03
   8.432389E+01   8.507426E+00   4.154542E-02   2.907493E-03
   8.471337E+01   8.451608E+00   4.077882E-02   2.880630E-03
   8.510465E+01   8.396157E+00   4.002636E-02   2.854014E-03
   8.549774E+01   8.341073E+00   3.928778E-02   2.827643E-03
   8.589264E+01   8.286352E+00   3.856283E-02   2.801516E-03
   8.628937E+01   8.231991E+00   3.785125E-02   2.775629E-03
   8.668793E+01   8.177989E+00   3.715280E-02   2.749981E-03
   8.708833E+01   8.124344E+00   3.646723E-02   2.724570E-03
   8.749058E+01   8.071051E+00   3.579431E-02   2.699392E-03
   8.789469E+01   8.018110E+00   3.513381E-02   2.674447E-03
   8.830067E+01   7.965518E+00   3.448549E-02   2.649732E-03
   8.870852E+01   7.913273E+00   3.384914E-02   2.625244E-03
   8.911825E+01   7.861372E+00   3.322452E-02   2.600982E-03
   8.952988E+01   7.809813E+00   3.261143E-02   2.576944E-03
   8.994340E+01   7.758594E+00   3.200965E-02   2.553128E-03
   9.035884E+01   7.707712E+00   3.141897E-02   2.529531E-03
   9.077620E+01   7.657165E+00   3.083919E-02   2.506152E-03
   9.119548E+01   7.606952E+00   3.027010E-02   2.482988E-03
   9.161670E+01   7.557069E+00   2.971152E-02   2.460037E-03
   9.203987E+01   7.507515E+00   2.916324E-02   2.437299E-03
   9.246499E+01   7.458287E+00   2.862508E-02   2.414769E-03
   9.289207E+01   7.409383E+00   2.809684E-02   2.392448E-03
   9.332113E+01   7.360801E+00   2.757835E-02   2.370332E-03
   9.375217E+01   7.312540E+00   2.706943E-02   2.348420E-03
   9.418520E+01   7.264596E+00   2.656990E-02   2.326710E-03
   9.462023E+01   7.216968E+00   2.607959E-02   2.305201E-03
   9.505727E+01   7.169653E+00   2.559832E-02   2.283889E-03
   9.549632E+01   7.122650E+00   2.512593E-02   2.262774E-03
   9.593741E+01   7.075956E+00   2.466225E-02   2.241854E-03
   9.638053E+01   7.029570E+00   2.420714E-02   2.221127E-03
   9.682570E+01   6.983489E+00   2.376042E-02   2.200590E-03
   9.727293E+01   6.937711E+00   2.332194E-02   2.180243E-03
   9.772222E+01   6.892235E+00   2.289155E-02   2.160084E-03
   9.817359E+01   6.847057E+00   2.246910E-02   2.140110E-03
   9.862704E+01   6.802177E+00   2.205445E-02   2.120320E-03
   9.908259E+01   6.757593E+00   2.164745E-02   2.100713E-03
   9.954024E+01   6.713301E+00   2.124796E-02   2.081287E-03
   1.000000E+02   6.669302E+00   2.085584E-02   2.062040E-03
