#============================================================================
# Opacities computed by OpTool        <a^n>=  1.0000E-1  1.0000E-1  1.0000E-1
# Method:   DHS  fmax=  0.200
# Parameters:
#   amin [um]=      0.100 amax [um]=      0.100  na  =    1    apow=   3.5    
#   lmin [um]=      7.000 lmax [um]=     14.000  nlam= 1000    nang=   180
#   porosity =      0.000 p_mantle =      0.000  fmax= 0.20    chop=   0.0
# Composition:
#  Where   mfrac  rho   Material
#  -----   -----  ----  -----------------------------------------------------
#  core    1.000  3.27  for
#  - - -   - - -  -  -  - - - - - - - - - - - - - - - - - - - - - - - - - - -
#  grain   1.000  3.27  mixture of  1 materials
#----------------------------------------------------------------------------
# Command: ./optool for -a 0.1 -dhs 0.2 -l 7 14 1000
#============================================================================
# Standard output file, no scattering matrix
#    iformat
#    nlambda
#    lambda[um]  kabs [cm^2/g]  ksca [cm^2/g]    g_asymmetry
#============================================================================
           3
        1000
   7.000000E+00   5.861553E+00   2.776482E-01   1.801330E-03
   7.004859E+00   5.881152E+00   2.763567E-01   1.798465E-03
   7.009721E+00   5.900816E+00   2.750706E-01   1.795605E-03
   7.014586E+00   5.920544E+00   2.737901E-01   1.792749E-03
   7.019455E+00   5.940337E+00   2.725151E-01   1.789899E-03
   7.024327E+00   5.960163E+00   2.712677E-01   1.787068E-03
   7.029202E+00   5.980050E+00   2.700285E-01   1.784244E-03
   7.034081E+00   6.000003E+00   2.687945E-01   1.781424E-03
   7.038963E+00   6.020021E+00   2.675658E-01   1.778609E-03
   7.043849E+00   6.040295E+00   2.663195E-01   1.775783E-03
   7.048738E+00   6.060688E+00   2.650724E-01   1.772957E-03
   7.053630E+00   6.081149E+00   2.638307E-01   1.770136E-03
   7.058526E+00   6.101677E+00   2.625944E-01   1.767319E-03
   7.063425E+00   6.122439E+00   2.613434E-01   1.764493E-03
   7.068328E+00   6.143342E+00   2.600892E-01   1.761666E-03
   7.073234E+00   6.164316E+00   2.588405E-01   1.758843E-03
   7.078143E+00   6.185359E+00   2.575973E-01   1.756025E-03
   7.083056E+00   6.206571E+00   2.563745E-01   1.753222E-03
   7.087972E+00   6.227915E+00   2.551662E-01   1.750430E-03
   7.092892E+00   6.249330E+00   2.539631E-01   1.747643E-03
   7.097815E+00   6.270819E+00   2.527652E-01   1.744861E-03
   7.102741E+00   6.292444E+00   2.515569E-01   1.742072E-03
   7.107671E+00   6.314194E+00   2.503415E-01   1.739278E-03
   7.112605E+00   6.336018E+00   2.491314E-01   1.736489E-03
   7.117541E+00   6.357917E+00   2.479267E-01   1.733705E-03
   7.122481E+00   6.379961E+00   2.467391E-01   1.730934E-03
   7.127425E+00   6.402151E+00   2.455685E-01   1.728176E-03
   7.132372E+00   6.424417E+00   2.444030E-01   1.725423E-03
   7.137322E+00   6.446760E+00   2.432425E-01   1.722674E-03
   7.142276E+00   6.469277E+00   2.420745E-01   1.719921E-03
   7.147234E+00   6.491986E+00   2.408968E-01   1.717161E-03
   7.152194E+00   6.514775E+00   2.397244E-01   1.714406E-03
   7.157159E+00   6.537642E+00   2.385572E-01   1.711656E-03
   7.162126E+00   6.560724E+00   2.373834E-01   1.708901E-03
   7.167097E+00   6.584067E+00   2.361994E-01   1.706140E-03
   7.172072E+00   6.607492E+00   2.350208E-01   1.703384E-03
   7.177050E+00   6.631000E+00   2.338475E-01   1.700632E-03
   7.182031E+00   6.654591E+00   2.326887E-01   1.697892E-03
   7.187016E+00   6.678268E+00   2.315485E-01   1.695165E-03
   7.192005E+00   6.702028E+00   2.304134E-01   1.692444E-03
   7.196997E+00   6.725872E+00   2.292834E-01   1.689727E-03
   7.201992E+00   6.749920E+00   2.281478E-01   1.687007E-03
   7.206991E+00   6.774237E+00   2.270014E-01   1.684279E-03
   7.211993E+00   6.798640E+00   2.258601E-01   1.681556E-03
   7.216999E+00   6.823129E+00   2.247241E-01   1.678838E-03
   7.222008E+00   6.847784E+00   2.235923E-01   1.676124E-03
   7.227020E+00   6.872645E+00   2.224644E-01   1.673413E-03
   7.232037E+00   6.897594E+00   2.213417E-01   1.670707E-03
   7.237056E+00   6.922633E+00   2.202241E-01   1.668005E-03
   7.242079E+00   6.947839E+00   2.191107E-01   1.665307E-03
   7.247106E+00   6.973245E+00   2.180012E-01   1.662613E-03
   7.252136E+00   6.998743E+00   2.168967E-01   1.659923E-03
   7.257170E+00   7.024332E+00   2.157973E-01   1.657238E-03
   7.262207E+00   7.050092E+00   2.147019E-01   1.654557E-03
   7.267247E+00   7.076045E+00   2.136105E-01   1.651879E-03
   7.272291E+00   7.102093E+00   2.125240E-01   1.649206E-03
   7.277339E+00   7.128235E+00   2.114425E-01   1.646538E-03
   7.282390E+00   7.154603E+00   2.103539E-01   1.643864E-03
   7.287444E+00   7.181212E+00   2.092569E-01   1.641185E-03
   7.292503E+00   7.207919E+00   2.081651E-01   1.638511E-03
   7.297564E+00   7.234723E+00   2.070784E-01   1.635841E-03
   7.302629E+00   7.261711E+00   2.060076E-01   1.633184E-03
   7.307698E+00   7.288876E+00   2.049519E-01   1.630539E-03
   7.312770E+00   7.316140E+00   2.039011E-01   1.627899E-03
   7.317846E+00   7.343506E+00   2.028551E-01   1.625263E-03
   7.322925E+00   7.371121E+00   2.017996E-01   1.622621E-03
   7.328008E+00   7.398950E+00   2.007385E-01   1.619975E-03
   7.333094E+00   7.426882E+00   1.996823E-01   1.617333E-03
   7.338184E+00   7.454917E+00   1.986312E-01   1.614696E-03
   7.343277E+00   7.483290E+00   1.975690E-01   1.612051E-03
   7.348374E+00   7.511899E+00   1.965031E-01   1.609404E-03
   7.353474E+00   7.540615E+00   1.954424E-01   1.606761E-03
   7.358578E+00   7.569439E+00   1.943867E-01   1.604123E-03
   7.363685E+00   7.598464E+00   1.933506E-01   1.601501E-03
   7.368796E+00   7.627633E+00   1.923250E-01   1.598887E-03
   7.373911E+00   7.656913E+00   1.913043E-01   1.596279E-03
   7.379029E+00   7.686302E+00   1.902884E-01   1.593674E-03
   7.384151E+00   7.716083E+00   1.892577E-01   1.591059E-03
   7.389276E+00   7.746042E+00   1.882274E-01   1.588444E-03
   7.394405E+00   7.776115E+00   1.872021E-01   1.585834E-03
   7.399537E+00   7.806302E+00   1.861818E-01   1.583229E-03
   7.404673E+00   7.836904E+00   1.851644E-01   1.580626E-03
   7.409812E+00   7.867654E+00   1.841518E-01   1.578028E-03
   7.414955E+00   7.898521E+00   1.831440E-01   1.575434E-03
   7.420102E+00   7.929510E+00   1.821411E-01   1.572845E-03
   7.425252E+00   7.960711E+00   1.811409E-01   1.570258E-03
   7.430406E+00   7.992033E+00   1.801456E-01   1.567676E-03
   7.435563E+00   8.023476E+00   1.791552E-01   1.565099E-03
   7.440724E+00   8.055115E+00   1.781663E-01   1.562523E-03
   7.445888E+00   8.087340E+00   1.771620E-01   1.559935E-03
   7.451057E+00   8.119691E+00   1.761628E-01   1.557352E-03
   7.456228E+00   8.152170E+00   1.751685E-01   1.554774E-03
   7.461403E+00   8.184824E+00   1.741785E-01   1.552200E-03
   7.466582E+00   8.217739E+00   1.731919E-01   1.549628E-03
   7.471765E+00   8.250784E+00   1.722101E-01   1.547061E-03
   7.476951E+00   8.283959E+00   1.712332E-01   1.544499E-03
   7.482140E+00   8.317380E+00   1.702603E-01   1.541941E-03
   7.487334E+00   8.351098E+00   1.692910E-01   1.539385E-03
   7.492530E+00   8.384951E+00   1.683264E-01   1.536835E-03
   7.497731E+00   8.418938E+00   1.673668E-01   1.534289E-03
   7.502935E+00   8.453272E+00   1.664106E-01   1.531746E-03
   7.508142E+00   8.487909E+00   1.654584E-01   1.529207E-03
   7.513354E+00   8.522686E+00   1.645109E-01   1.526672E-03
   7.518569E+00   8.557602E+00   1.635681E-01   1.524142E-03
   7.523787E+00   8.592933E+00   1.626138E-01   1.521603E-03
   7.529009E+00   8.628512E+00   1.616582E-01   1.519063E-03
   7.534235E+00   8.664234E+00   1.607075E-01   1.516528E-03
   7.539464E+00   8.700102E+00   1.597617E-01   1.513997E-03
   7.544697E+00   8.736329E+00   1.588187E-01   1.511469E-03
   7.549934E+00   8.772728E+00   1.578803E-01   1.508945E-03
   7.555174E+00   8.809275E+00   1.569467E-01   1.506426E-03
   7.560418E+00   8.846017E+00   1.560162E-01   1.503909E-03
   7.565666E+00   8.883444E+00   1.550702E-01   1.501380E-03
   7.570917E+00   8.921025E+00   1.541292E-01   1.498856E-03
   7.576172E+00   8.958762E+00   1.531931E-01   1.496336E-03
   7.581430E+00   8.996704E+00   1.522666E-01   1.493825E-03
   7.586692E+00   9.034936E+00   1.513575E-01   1.491328E-03
   7.591958E+00   9.073326E+00   1.504531E-01   1.488837E-03
   7.597228E+00   9.111876E+00   1.495533E-01   1.486349E-03
   7.602501E+00   9.150794E+00   1.486481E-01   1.483858E-03
   7.607777E+00   9.190105E+00   1.477363E-01   1.481361E-03
   7.613058E+00   9.229582E+00   1.468293E-01   1.478868E-03
   7.618342E+00   9.269224E+00   1.459272E-01   1.476381E-03
   7.623630E+00   9.309305E+00   1.450282E-01   1.473896E-03
   7.628921E+00   9.349680E+00   1.441333E-01   1.471415E-03
   7.634216E+00   9.390226E+00   1.432432E-01   1.468938E-03
   7.639515E+00   9.430944E+00   1.423578E-01   1.466466E-03
   7.644817E+00   9.472408E+00   1.414579E-01   1.463982E-03
   7.650124E+00   9.514109E+00   1.405611E-01   1.461501E-03
   7.655433E+00   9.555989E+00   1.396691E-01   1.459024E-03
   7.660747E+00   9.598083E+00   1.387816E-01   1.456551E-03
   7.666064E+00   9.640568E+00   1.378969E-01   1.454082E-03
   7.671385E+00   9.683237E+00   1.370170E-01   1.451616E-03
   7.676710E+00   9.726091E+00   1.361419E-01   1.449155E-03
   7.682038E+00   9.769302E+00   1.352707E-01   1.446698E-03
   7.687370E+00   9.812981E+00   1.344029E-01   1.444244E-03
   7.692705E+00   9.856851E+00   1.335397E-01   1.441795E-03
   7.698045E+00   9.900912E+00   1.326813E-01   1.439350E-03
   7.703388E+00   9.945533E+00   1.318147E-01   1.436898E-03
   7.708735E+00   9.990564E+00   1.309455E-01   1.434444E-03
   7.714085E+00   1.003579E+01   1.300811E-01   1.431994E-03
   7.719439E+00   1.008122E+01   1.292215E-01   1.429549E-03
   7.724797E+00   1.012732E+01   1.283646E-01   1.427106E-03
   7.730159E+00   1.017368E+01   1.275123E-01   1.424668E-03
   7.735524E+00   1.022025E+01   1.266648E-01   1.422234E-03
   7.740893E+00   1.026708E+01   1.258216E-01   1.419805E-03
   7.746266E+00   1.031445E+01   1.249812E-01   1.417378E-03
   7.751643E+00   1.036203E+01   1.241456E-01   1.414955E-03
   7.757023E+00   1.040983E+01   1.233147E-01   1.412538E-03
   7.762407E+00   1.045812E+01   1.224796E-01   1.410116E-03
   7.767795E+00   1.050698E+01   1.216385E-01   1.407689E-03
   7.773186E+00   1.055607E+01   1.208022E-01   1.405267E-03
   7.778581E+00   1.060538E+01   1.199707E-01   1.402849E-03
   7.783980E+00   1.065524E+01   1.191422E-01   1.400434E-03
   7.789383E+00   1.070546E+01   1.183180E-01   1.398023E-03
   7.794790E+00   1.075590E+01   1.174984E-01   1.395616E-03
   7.800200E+00   1.080661E+01   1.166829E-01   1.393214E-03
   7.805614E+00   1.085834E+01   1.158536E-01   1.390798E-03
   7.811032E+00   1.091031E+01   1.150292E-01   1.388387E-03
   7.816453E+00   1.096252E+01   1.142097E-01   1.385981E-03
   7.821878E+00   1.101515E+01   1.133942E-01   1.383578E-03
   7.827307E+00   1.106836E+01   1.125819E-01   1.381179E-03
   7.832740E+00   1.112182E+01   1.117744E-01   1.378784E-03
   7.838177E+00   1.117553E+01   1.109717E-01   1.376393E-03
   7.843617E+00   1.122982E+01   1.101722E-01   1.374006E-03
   7.849061E+00   1.128453E+01   1.093767E-01   1.371622E-03
   7.854509E+00   1.133949E+01   1.085859E-01   1.369243E-03
   7.859961E+00   1.139472E+01   1.077998E-01   1.366869E-03
   7.865416E+00   1.145105E+01   1.070000E-01   1.364481E-03
   7.870875E+00   1.150767E+01   1.062050E-01   1.362098E-03
   7.876338E+00   1.156455E+01   1.054148E-01   1.359719E-03
   7.881805E+00   1.162189E+01   1.046286E-01   1.357344E-03
   7.887276E+00   1.167986E+01   1.038456E-01   1.354972E-03
   7.892750E+00   1.173812E+01   1.030674E-01   1.352605E-03
   7.898228E+00   1.179665E+01   1.022940E-01   1.350242E-03
   7.903710E+00   1.185609E+01   1.015130E-01   1.347872E-03
   7.909196E+00   1.191612E+01   1.007311E-01   1.345501E-03
   7.914686E+00   1.197644E+01   9.995404E-02   1.343134E-03
   7.920179E+00   1.203707E+01   9.918177E-02   1.340772E-03
   7.925677E+00   1.209857E+01   9.841198E-02   1.338412E-03
   7.931178E+00   1.216037E+01   9.764702E-02   1.336056E-03
   7.936683E+00   1.222248E+01   9.688687E-02   1.333705E-03
   7.942191E+00   1.228528E+01   9.612446E-02   1.331352E-03
   7.947704E+00   1.234898E+01   9.535628E-02   1.328993E-03
   7.953220E+00   1.241299E+01   9.459304E-02   1.326638E-03
   7.958740E+00   1.247733E+01   9.383470E-02   1.324288E-03
   7.964264E+00   1.254256E+01   9.307933E-02   1.321941E-03
   7.969792E+00   1.260830E+01   9.232827E-02   1.319598E-03
   7.975324E+00   1.267436E+01   9.158206E-02   1.317259E-03
   7.980859E+00   1.274087E+01   9.084031E-02   1.314925E-03
   7.986399E+00   1.280831E+01   9.010130E-02   1.312593E-03
   7.991942E+00   1.287610E+01   8.936711E-02   1.310266E-03
   7.997489E+00   1.294423E+01   8.863769E-02   1.307943E-03
   8.003040E+00   1.301331E+01   8.790373E-02   1.305615E-03
   8.008595E+00   1.308324E+01   8.716695E-02   1.303284E-03
   8.014153E+00   1.315353E+01   8.643508E-02   1.300958E-03
   8.019716E+00   1.322419E+01   8.570808E-02   1.298636E-03
   8.025282E+00   1.329609E+01   8.496998E-02   1.296303E-03
   8.030852E+00   1.336842E+01   8.423605E-02   1.293973E-03
   8.036426E+00   1.344113E+01   8.350710E-02   1.291648E-03
   8.042004E+00   1.351460E+01   8.278221E-02   1.289326E-03
   8.047586E+00   1.358911E+01   8.206064E-02   1.287008E-03
   8.053172E+00   1.366402E+01   8.134401E-02   1.284694E-03
   8.058761E+00   1.373934E+01   8.063230E-02   1.282385E-03
   8.064355E+00   1.381588E+01   7.991273E-02   1.280068E-03
   8.069952E+00   1.389308E+01   7.919456E-02   1.277750E-03
   8.075553E+00   1.397069E+01   7.848142E-02   1.275438E-03
   8.081158E+00   1.404892E+01   7.777276E-02   1.273130E-03
   8.086767E+00   1.412830E+01   7.706705E-02   1.270825E-03
   8.092380E+00   1.420812E+01   7.636633E-02   1.268524E-03
   8.097997E+00   1.428837E+01   7.567055E-02   1.266228E-03
   8.103618E+00   1.436991E+01   7.496944E-02   1.263925E-03
   8.109242E+00   1.445237E+01   7.426769E-02   1.261621E-03
   8.114871E+00   1.453529E+01   7.357102E-02   1.259322E-03
   8.120503E+00   1.461879E+01   7.287797E-02   1.257026E-03
   8.126140E+00   1.470390E+01   7.217562E-02   1.254719E-03
   8.131780E+00   1.478948E+01   7.147845E-02   1.252417E-03
   8.137424E+00   1.487555E+01   7.078644E-02   1.250120E-03
   8.143072E+00   1.496276E+01   7.009812E-02   1.247825E-03
   8.148724E+00   1.505102E+01   6.941372E-02   1.245535E-03
   8.154380E+00   1.513979E+01   6.873442E-02   1.243249E-03
   8.160040E+00   1.522907E+01   6.806019E-02   1.240968E-03
   8.165703E+00   1.531988E+01   6.738842E-02   1.238689E-03
   8.171371E+00   1.541121E+01   6.672170E-02   1.236415E-03
   8.177043E+00   1.550307E+01   6.606002E-02   1.234146E-03
   8.182718E+00   1.559631E+01   6.539010E-02   1.231866E-03
   8.188398E+00   1.569102E+01   6.471102E-02   1.229574E-03
   8.194081E+00   1.578629E+01   6.403726E-02   1.227288E-03
   8.199768E+00   1.588212E+01   6.336878E-02   1.225007E-03
   8.205460E+00   1.597980E+01   6.270294E-02   1.222727E-03
   8.211155E+00   1.607813E+01   6.204225E-02   1.220452E-03
   8.216854E+00   1.617703E+01   6.138678E-02   1.218182E-03
   8.222557E+00   1.627726E+01   6.072990E-02   1.215910E-03
   8.228264E+00   1.637899E+01   6.007020E-02   1.213633E-03
   8.233976E+00   1.648133E+01   5.941584E-02   1.211360E-03
   8.239691E+00   1.658429E+01   5.876679E-02   1.209093E-03
   8.245410E+00   1.668922E+01   5.812044E-02   1.206828E-03
   8.251133E+00   1.679486E+01   5.747923E-02   1.204567E-03
   8.256860E+00   1.690116E+01   5.684328E-02   1.202312E-03
   8.262590E+00   1.700892E+01   5.620610E-02   1.200053E-03
   8.268325E+00   1.711835E+01   5.556643E-02   1.197791E-03
   8.274064E+00   1.722846E+01   5.493213E-02   1.195533E-03
   8.279807E+00   1.733925E+01   5.430316E-02   1.193280E-03
   8.285554E+00   1.745263E+01   5.366593E-02   1.191016E-03
   8.291305E+00   1.756679E+01   5.303370E-02   1.188756E-03
   8.297060E+00   1.768167E+01   5.240693E-02   1.186501E-03
   8.302819E+00   1.779819E+01   5.177877E-02   1.184243E-03
   8.308581E+00   1.791640E+01   5.114905E-02   1.181981E-03
   8.314348E+00   1.803537E+01   5.052490E-02   1.179724E-03
   8.320119E+00   1.815515E+01   4.990599E-02   1.177472E-03
   8.325894E+00   1.827789E+01   4.927921E-02   1.175208E-03
   8.331673E+00   1.840142E+01   4.865810E-02   1.172950E-03
   8.337456E+00   1.852577E+01   4.804265E-02   1.170697E-03
   8.343242E+00   1.865195E+01   4.743120E-02   1.168447E-03
   8.349033E+00   1.877978E+01   4.682410E-02   1.166200E-03
   8.354828E+00   1.890846E+01   4.622259E-02   1.163959E-03
   8.360627E+00   1.903824E+01   4.562520E-02   1.161721E-03
   8.366430E+00   1.917098E+01   4.502161E-02   1.159473E-03
   8.372237E+00   1.930462E+01   4.442373E-02   1.157230E-03
   8.378048E+00   1.943915E+01   4.383150E-02   1.154992E-03
   8.383863E+00   1.957623E+01   4.323627E-02   1.152748E-03
   8.389682E+00   1.971507E+01   4.264244E-02   1.150504E-03
   8.395505E+00   1.985485E+01   4.205440E-02   1.148265E-03
   8.401333E+00   1.999627E+01   4.146687E-02   1.146025E-03
   8.407164E+00   2.014096E+01   4.086770E-02   1.143765E-03
   8.412999E+00   2.028666E+01   4.027460E-02   1.141512E-03
   8.418838E+00   2.043337E+01   3.968753E-02   1.139264E-03
   8.424682E+00   2.058299E+01   3.910405E-02   1.137018E-03
   8.430529E+00   2.073413E+01   3.852597E-02   1.134777E-03
   8.436381E+00   2.088634E+01   3.795386E-02   1.132541E-03
   8.442236E+00   2.104080E+01   3.738294E-02   1.130304E-03
   8.448096E+00   2.119827E+01   3.681040E-02   1.128062E-03
   8.453959E+00   2.135688E+01   3.624393E-02   1.125826E-03
   8.459827E+00   2.151664E+01   3.568351E-02   1.123595E-03
   8.465699E+00   2.168048E+01   3.511733E-02   1.121352E-03
   8.471575E+00   2.184561E+01   3.455698E-02   1.119115E-03
   8.477455E+00   2.201195E+01   3.400279E-02   1.116883E-03
   8.483339E+00   2.218146E+01   3.344793E-02   1.114647E-03
   8.489227E+00   2.235372E+01   3.289417E-02   1.112409E-03
   8.495119E+00   2.252727E+01   3.234667E-02   1.110177E-03
   8.501016E+00   2.270276E+01   3.180187E-02   1.107945E-03
   8.506916E+00   2.288271E+01   3.124653E-02   1.105694E-03
   8.512820E+00   2.306403E+01   3.069776E-02   1.103448E-03
   8.518729E+00   2.324673E+01   3.015551E-02   1.101209E-03
   8.524642E+00   2.343358E+01   2.961729E-02   1.098971E-03
   8.530559E+00   2.362264E+01   2.908489E-02   1.096739E-03
   8.536479E+00   2.381316E+01   2.855894E-02   1.094512E-03
   8.542404E+00   2.400694E+01   2.803149E-02   1.092279E-03
   8.548334E+00   2.420488E+01   2.749917E-02   1.090033E-03
   8.554267E+00   2.440438E+01   2.697358E-02   1.087794E-03
   8.560204E+00   2.460561E+01   2.645430E-02   1.085559E-03
   8.566146E+00   2.481259E+01   2.593108E-02   1.083314E-03
   8.572091E+00   2.502124E+01   2.541471E-02   1.081075E-03
   8.578041E+00   2.523156E+01   2.490514E-02   1.078842E-03
   8.583995E+00   2.544692E+01   2.438998E-02   1.076594E-03
   8.589953E+00   2.566568E+01   2.387584E-02   1.074343E-03
   8.595915E+00   2.588624E+01   2.336881E-02   1.072098E-03
   8.601881E+00   2.611023E+01   2.286548E-02   1.069853E-03
   8.607852E+00   2.633963E+01   2.236207E-02   1.067603E-03
   8.613826E+00   2.657094E+01   2.186587E-02   1.065358E-03
   8.619805E+00   2.680420E+01   2.137683E-02   1.063120E-03
   8.625788E+00   2.704465E+01   2.088501E-02   1.060871E-03
   8.631775E+00   2.728734E+01   2.040018E-02   1.058628E-03
   8.637766E+00   2.753211E+01   1.992261E-02   1.056391E-03
   8.643761E+00   2.778289E+01   1.944171E-02   1.054142E-03
   8.649761E+00   2.803820E+01   1.896209E-02   1.051887E-03
   8.655764E+00   2.829575E+01   1.849005E-02   1.049640E-03
   8.661772E+00   2.855756E+01   1.802068E-02   1.047389E-03
   8.667784E+00   2.882650E+01   1.754754E-02   1.045124E-03
   8.673800E+00   2.909785E+01   1.708228E-02   1.042866E-03
   8.679821E+00   2.937164E+01   1.662484E-02   1.040614E-03
   8.685845E+00   2.965449E+01   1.616600E-02   1.038351E-03
   8.691874E+00   2.994014E+01   1.571488E-02   1.036095E-03
   8.697907E+00   3.022842E+01   1.527167E-02   1.033845E-03
   8.703944E+00   3.052449E+01   1.482645E-02   1.031583E-03
   8.709985E+00   3.082610E+01   1.438421E-02   1.029316E-03
   8.716030E+00   3.113054E+01   1.395020E-02   1.027057E-03
   8.722080E+00   3.144082E+01   1.351933E-02   1.024794E-03
   8.728134E+00   3.175976E+01   1.308732E-02   1.022518E-03
   8.734192E+00   3.208179E+01   1.266386E-02   1.020249E-03
   8.740254E+00   3.240731E+01   1.224828E-02   1.017986E-03
   8.746321E+00   3.274486E+01   1.182788E-02   1.015700E-03
   8.752391E+00   3.308576E+01   1.141635E-02   1.013423E-03
   8.758466E+00   3.343003E+01   1.101360E-02   1.011152E-03
   8.764545E+00   3.378547E+01   1.060965E-02   1.008866E-03
   8.770629E+00   3.414715E+01   1.021147E-02   1.006579E-03
   8.776716E+00   3.451251E+01   9.822395E-03   1.004301E-03
   8.782808E+00   3.488671E+01   9.436496E-03   1.002015E-03
   8.788904E+00   3.527083E+01   9.053118E-03   9.997203E-04
   8.795004E+00   3.565896E+01   8.679167E-03   9.974336E-04
   8.801109E+00   3.605338E+01   8.312361E-03   9.951489E-04
   8.807217E+00   3.646209E+01   7.945276E-03   9.928464E-04
   8.813330E+00   3.687520E+01   7.587941E-03   9.905520E-04
   8.819447E+00   3.729275E+01   7.240259E-03   9.882657E-04
   8.825569E+00   3.772788E+01   6.888303E-03   9.859481E-04
   8.831694E+00   3.816914E+01   6.545237E-03   9.836350E-04
   8.837824E+00   3.861530E+01   6.212370E-03   9.813304E-04
   8.843959E+00   3.907648E+01   5.880396E-03   9.790060E-04
   8.850097E+00   3.954849E+01   5.554075E-03   9.766749E-04
   8.856240E+00   4.002590E+01   5.238506E-03   9.743526E-04
   8.862387E+00   4.051550E+01   4.928435E-03   9.720220E-04
   8.868538E+00   4.102148E+01   4.621419E-03   9.696735E-04
   8.874693E+00   4.153345E+01   4.325719E-03   9.673343E-04
   8.880853E+00   4.205408E+01   4.039963E-03   9.649996E-04
   8.887017E+00   4.259736E+01   3.757904E-03   9.626458E-04
   8.893185E+00   4.314730E+01   3.487487E-03   9.603014E-04
   8.899358E+00   4.370396E+01   3.228584E-03   9.579664E-04
   8.905535E+00   4.428782E+01   2.969271E-03   9.555911E-04
   8.911716E+00   4.488145E+01   2.720994E-03   9.532198E-04
   8.917902E+00   4.548261E+01   2.485042E-03   9.508585E-04
   8.924091E+00   4.610799E+01   2.255139E-03   9.484773E-04
   8.930285E+00   4.675014E+01   2.034973E-03   9.460913E-04
   8.936484E+00   4.740075E+01   1.827705E-03   9.437154E-04
   8.942686E+00   4.807230E+01   1.628038E-03   9.413206E-04
   8.948893E+00   4.876926E+01   1.435365E-03   9.388985E-04
   8.955105E+00   4.947576E+01   1.256693E-03   9.364873E-04
   8.961320E+00   5.019870E+01   1.090457E-03   9.340772E-04
   8.967540E+00   5.095713E+01   9.334022E-04   9.316421E-04
   8.973764E+00   5.172637E+01   7.909381E-04   9.292183E-04
   8.979993E+00   5.250658E+01   6.628725E-04   9.268058E-04
   8.986226E+00   5.333783E+01   5.425457E-04   9.243368E-04
   8.992463E+00   5.418154E+01   4.379492E-04   9.218799E-04
   8.998704E+00   5.503784E+01   3.488741E-04   9.194349E-04
   9.004950E+00   5.594146E+01   2.724955E-04   9.169561E-04
   9.011200E+00   5.686828E+01   2.118956E-04   9.144779E-04
   9.017455E+00   5.780958E+01   1.676782E-04   9.120123E-04
   9.023714E+00   5.879655E+01   1.387510E-04   9.095100E-04
   9.029977E+00   5.982098E+01   1.269696E-04   9.069875E-04
   9.036244E+00   6.086223E+01   1.331131E-04   9.044785E-04
   9.042516E+00   6.194627E+01   1.577348E-04   9.019519E-04
   9.048793E+00   6.308755E+01   2.025504E-04   8.993931E-04
   9.055073E+00   6.424866E+01   2.666900E-04   8.968488E-04
   9.061358E+00   6.544581E+01   3.512399E-04   8.942995E-04
   9.067647E+00   6.672274E+01   4.612214E-04   8.916957E-04
   9.073941E+00   6.802315E+01   5.922673E-04   8.891075E-04
   9.080239E+00   6.935095E+01   7.444746E-04   8.865309E-04
   9.086542E+00   7.079372E+01   9.303315E-04   8.838759E-04
   9.092848E+00   7.226477E+01   1.139298E-03   8.812377E-04
   9.099160E+00   7.376464E+01   1.370948E-03   8.786162E-04
   9.105475E+00   7.539229E+01   1.643253E-03   8.759175E-04
   9.111795E+00   7.706922E+01   1.943647E-03   8.732227E-04
   9.118119E+00   7.878131E+01   2.269053E-03   8.705461E-04
   9.124448E+00   8.063144E+01   2.640994E-03   8.678019E-04
   9.130781E+00   8.256674E+01   3.050004E-03   8.650413E-04
   9.137119E+00   8.454586E+01   3.486829E-03   8.623006E-04
   9.143461E+00   8.667024E+01   3.975568E-03   8.595034E-04
   9.149807E+00   8.893076E+01   4.515653E-03   8.566645E-04
   9.156158E+00   9.124692E+01   5.087025E-03   8.538477E-04
   9.162513E+00   9.371676E+01   5.714274E-03   8.509891E-04
   9.168872E+00   9.640168E+01   6.414728E-03   8.480572E-04
   9.175236E+00   9.915925E+01   7.150795E-03   8.451503E-04
   9.181605E+00   1.020745E+02   7.944377E-03   8.422202E-04
   9.187977E+00   1.053249E+02   8.844782E-03   8.391759E-04
   9.194355E+00   1.086733E+02   9.786329E-03   8.361600E-04
   9.200736E+00   1.121759E+02   1.078284E-02   8.331458E-04
   9.207122E+00   1.162096E+02   1.193918E-02   8.299614E-04
   9.213513E+00   1.203807E+02   1.314403E-02   8.268100E-04
   9.219908E+00   1.246937E+02   1.439589E-02   8.236911E-04
   9.226307E+00   1.298547E+02   1.588550E-02   8.203343E-04
   9.232711E+00   1.352293E+02   1.743642E-02   8.170128E-04
   9.239119E+00   1.408153E+02   1.904398E-02   8.137298E-04
   9.245532E+00   1.475852E+02   2.095598E-02   8.101871E-04
   9.251949E+00   1.548265E+02   2.297968E-02   8.066445E-04
   9.258371E+00   1.624068E+02   2.507409E-02   8.031486E-04
   9.264797E+00   1.717704E+02   2.757016E-02   7.993629E-04
   9.271227E+00   1.821663E+02   3.027253E-02   7.955221E-04
   9.277662E+00   1.931652E+02   3.306839E-02   7.917404E-04
   9.284102E+00   2.071109E+02   3.640443E-02   7.876378E-04
   9.290546E+00   2.234476E+02   4.012711E-02   7.833950E-04
   9.296994E+00   2.410287E+02   4.398639E-02   7.792294E-04
   9.303447E+00   2.639302E+02   4.853583E-02   7.747604E-04
   9.309904E+00   2.928008E+02   5.377999E-02   7.700567E-04
   9.316366E+00   3.247571E+02   5.926645E-02   7.654489E-04
   9.322832E+00   3.650534E+02   6.521559E-02   7.608628E-04
   9.329303E+00   4.175113E+02   7.182449E-02   7.562671E-04
   9.335779E+00   4.774886E+02   7.896282E-02   7.517350E-04
   9.342258E+00   5.434542E+02   8.578466E-02   7.477498E-04
   9.348743E+00   6.130454E+02   9.145981E-02   7.446943E-04
   9.355231E+00   6.917828E+02   9.792349E-02   7.416081E-04
   9.361725E+00   7.726673E+02   1.042729E-01   7.388665E-04
   9.368223E+00   8.381173E+02   1.082943E-01   7.371553E-04
   9.374725E+00   9.093805E+02   1.129543E-01   7.353998E-04
   9.381232E+00   9.820900E+02   1.178263E-01   7.337275E-04
   9.387743E+00   1.038273E+03   1.209461E-01   7.325872E-04
   9.394259E+00   1.097853E+03   1.245090E-01   7.314151E-04
   9.400779E+00   1.158962E+03   1.283537E-01   7.302462E-04
   9.407304E+00   1.207403E+03   1.310153E-01   7.293295E-04
   9.413834E+00   1.257987E+03   1.339931E-01   7.283891E-04
   9.420368E+00   1.310138E+03   1.372465E-01   7.274317E-04
   9.426906E+00   1.352679E+03   1.396474E-01   7.266019E-04
   9.433449E+00   1.396682E+03   1.422855E-01   7.257524E-04
   9.439997E+00   1.442201E+03   1.451767E-01   7.248816E-04
   9.446549E+00   1.480169E+03   1.474101E-01   7.240787E-04
   9.453105E+00   1.519187E+03   1.498284E-01   7.232585E-04
   9.459667E+00   1.559295E+03   1.524420E-01   7.224195E-04
   9.466233E+00   1.594005E+03   1.545969E-01   7.216113E-04
   9.472803E+00   1.629176E+03   1.568678E-01   7.207898E-04
   9.479378E+00   1.665169E+03   1.592954E-01   7.199512E-04
   9.485957E+00   1.697117E+03   1.613823E-01   7.191261E-04
   9.492541E+00   1.729194E+03   1.635428E-01   7.182894E-04
   9.499130E+00   1.761915E+03   1.658325E-01   7.174367E-04
   9.505723E+00   1.791533E+03   1.678657E-01   7.165870E-04
   9.512321E+00   1.821099E+03   1.699470E-01   7.157261E-04
   9.518923E+00   1.851185E+03   1.721372E-01   7.148503E-04
   9.525530E+00   1.878808E+03   1.741226E-01   7.139737E-04
   9.532141E+00   1.906279E+03   1.761388E-01   7.130865E-04
   9.538758E+00   1.934180E+03   1.782486E-01   7.121853E-04
   9.545378E+00   1.960061E+03   1.801912E-01   7.112804E-04
   9.552004E+00   1.985740E+03   1.821539E-01   7.103651E-04
   9.558633E+00   2.011781E+03   1.841978E-01   7.094368E-04
   9.565268E+00   2.036149E+03   1.861046E-01   7.085027E-04
   9.571907E+00   2.060300E+03   1.880256E-01   7.075585E-04
   9.578551E+00   2.084762E+03   1.900180E-01   7.066021E-04
   9.585199E+00   2.107780E+03   1.918895E-01   7.056402E-04
   9.591852E+00   2.130578E+03   1.937702E-01   7.046690E-04
   9.598509E+00   2.153646E+03   1.957142E-01   7.036862E-04
   9.605172E+00   2.175472E+03   1.975559E-01   7.026968E-04
   9.611838E+00   2.197098E+03   1.994062E-01   7.016982E-04
   9.618510E+00   2.218962E+03   2.013131E-01   7.006887E-04
   9.625186E+00   2.239701E+03   2.031245E-01   6.996735E-04
   9.631866E+00   2.260258E+03   2.049426E-01   6.986499E-04
   9.638552E+00   2.281026E+03   2.068117E-01   6.976160E-04
   9.645242E+00   2.300773E+03   2.085948E-01   6.965759E-04
   9.651936E+00   2.320368E+03   2.103857E-01   6.955274E-04
   9.658635E+00   2.340150E+03   2.122225E-01   6.944695E-04
   9.665339E+00   2.358981E+03   2.139794E-01   6.934050E-04
   9.672048E+00   2.377690E+03   2.157453E-01   6.923325E-04
   9.678761E+00   2.396568E+03   2.175528E-01   6.912512E-04
   9.685479E+00   2.414554E+03   2.192830E-01   6.901642E-04
   9.692201E+00   2.432454E+03   2.210239E-01   6.890699E-04
   9.698929E+00   2.450506E+03   2.228024E-01   6.879674E-04
   9.705660E+00   2.467670E+03   2.245042E-01   6.868586E-04
   9.712397E+00   2.484775E+03   2.262180E-01   6.857428E-04
   9.719138E+00   2.502018E+03   2.279659E-01   6.846196E-04
   9.725884E+00   2.518414E+03   2.296426E-01   6.834891E-04
   9.732635E+00   2.534792E+03   2.313345E-01   6.823521E-04
   9.739390E+00   2.551296E+03   2.330573E-01   6.812082E-04
   9.746150E+00   2.566930E+03   2.347059E-01   6.800572E-04
   9.752914E+00   2.582580E+03   2.363716E-01   6.789001E-04
   9.759684E+00   2.598346E+03   2.380651E-01   6.777370E-04
   9.766458E+00   2.613217E+03   2.396839E-01   6.765657E-04
   9.773237E+00   2.628144E+03   2.413223E-01   6.753890E-04
   9.780020E+00   2.643173E+03   2.429853E-01   6.742071E-04
   9.786808E+00   2.657286E+03   2.445751E-01   6.730153E-04
   9.793601E+00   2.671495E+03   2.461868E-01   6.718191E-04
   9.800398E+00   2.685741E+03   2.478156E-01   6.706179E-04
   9.807201E+00   2.699138E+03   2.493835E-01   6.694048E-04
   9.814008E+00   2.712621E+03   2.509708E-01   6.681881E-04
   9.820819E+00   2.726066E+03   2.525676E-01   6.669664E-04
   9.827636E+00   2.738673E+03   2.541080E-01   6.657319E-04
   9.834457E+00   2.751357E+03   2.556651E-01   6.644947E-04
   9.841283E+00   2.763925E+03   2.572261E-01   6.632517E-04
   9.848114E+00   2.775722E+03   2.587457E-01   6.619936E-04
   9.854949E+00   2.787589E+03   2.602796E-01   6.607338E-04
   9.861789E+00   2.799231E+03   2.618116E-01   6.594667E-04
   9.868634E+00   2.810103E+03   2.633103E-01   6.581824E-04
   9.875484E+00   2.821034E+03   2.648207E-01   6.568979E-04
   9.882338E+00   2.831612E+03   2.663278E-01   6.556025E-04
   9.889197E+00   2.841446E+03   2.678155E-01   6.542876E-04
   9.896061E+00   2.851326E+03   2.693126E-01   6.529741E-04
   9.902930E+00   2.860687E+03   2.708121E-01   6.516433E-04
   9.909803E+00   2.869321E+03   2.723098E-01   6.502903E-04
   9.916682E+00   2.877984E+03   2.738146E-01   6.489410E-04
   9.923565E+00   2.885925E+03   2.753450E-01   6.475625E-04
   9.930452E+00   2.893177E+03   2.768982E-01   6.461597E-04
   9.937345E+00   2.900432E+03   2.784565E-01   6.447638E-04
   9.944242E+00   2.906660E+03   2.800966E-01   6.433172E-04
   9.951144E+00   2.912211E+03   2.817887E-01   6.418455E-04
   9.958051E+00   2.917719E+03   2.834844E-01   6.403860E-04
   9.964963E+00   2.921938E+03   2.854231E-01   6.388326E-04
   9.971879E+00   2.925551E+03   2.874593E-01   6.372578E-04
   9.978801E+00   2.929038E+03   2.894983E-01   6.357041E-04
   9.985727E+00   2.931088E+03   2.921874E-01   6.339721E-04
   9.992658E+00   2.932569E+03   2.950162E-01   6.322374E-04
   9.999593E+00   2.933747E+03   2.978466E-01   6.305424E-04
   1.000653E+01   2.934495E+03   3.025010E-01   6.284904E-04
   1.001348E+01   2.934500E+03   3.072704E-01   6.265013E-04
   1.002043E+01   2.934245E+03   3.123596E-01   6.245453E-04
   1.002738E+01   2.939512E+03   3.224104E-01   6.219729E-04
   1.003434E+01   2.942853E+03   3.324282E-01   6.196473E-04
   1.004131E+01   2.951599E+03   3.453455E-01   6.172947E-04
   1.004828E+01   2.987536E+03   3.711076E-01   6.145003E-04
   1.005525E+01   3.018165E+03   3.966838E-01   6.126749E-04
   1.006223E+01   3.080076E+03   4.324650E-01   6.118749E-04
   1.006922E+01   3.210730E+03   4.928352E-01   6.135472E-04
   1.007620E+01   3.327038E+03   5.572896E-01   6.178952E-04
   1.008320E+01   3.498099E+03   6.409921E-01   6.212100E-04
   1.009020E+01   3.800193E+03   7.739568E-01   6.173976E-04
   1.009720E+01   4.220413E+03   9.764694E-01   6.061500E-04
   1.010421E+01   4.906805E+03   1.256121E+00   5.809158E-04
   1.011122E+01   5.899639E+03   1.628990E+00   5.409910E-04
   1.011824E+01   7.207327E+03   2.149731E+00   4.873463E-04
   1.012526E+01   8.610176E+03   2.609045E+00   4.289351E-04
   1.013229E+01   9.770769E+03   2.950541E+00   3.783763E-04
   1.013932E+01   1.046058E+04   3.161198E+00   3.372188E-04
   1.014636E+01   9.772239E+03   2.733019E+00   3.339360E-04
   1.015340E+01   8.762949E+03   2.274867E+00   3.387635E-04
   1.016045E+01   7.674029E+03   1.872059E+00   3.512027E-04
   1.016750E+01   6.841306E+03   1.503044E+00   3.916865E-04
   1.017456E+01   6.086630E+03   1.218828E+00   4.320872E-04
   1.018162E+01   5.481384E+03   1.015605E+00   4.701974E-04
   1.018869E+01   5.165165E+03   8.943467E-01   4.970968E-04
   1.019576E+01   4.860376E+03   7.893698E-01   5.223603E-04
   1.020284E+01   4.604108E+03   7.060875E-01   5.436163E-04
   1.020992E+01   4.407636E+03   6.425556E-01   5.598840E-04
   1.021701E+01   4.217218E+03   5.854157E-01   5.751003E-04
   1.022410E+01   4.041752E+03   5.317544E-01   5.887004E-04
   1.023119E+01   3.875959E+03   4.816688E-01   6.006277E-04
   1.023829E+01   3.713945E+03   4.364252E-01   6.113646E-04
   1.024540E+01   3.623283E+03   4.041010E-01   6.150930E-04
   1.025251E+01   3.548786E+03   3.764801E-01   6.165786E-04
   1.025963E+01   3.468924E+03   3.506046E-01   6.177895E-04
   1.026675E+01   3.483017E+03   3.454954E-01   6.129478E-04
   1.027387E+01   3.497097E+03   3.418782E-01   6.082538E-04
   1.028101E+01   3.511160E+03   3.398186E-01   6.038079E-04
   1.028814E+01   3.554823E+03   3.452970E-01   5.985033E-04
   1.029528E+01   3.596029E+03   3.511462E-01   5.935587E-04
   1.030243E+01   3.637727E+03   3.579447E-01   5.888564E-04
   1.030958E+01   3.683223E+03   3.662845E-01   5.842668E-04
   1.031673E+01   3.726841E+03   3.749753E-01   5.799683E-04
   1.032390E+01   3.775000E+03   3.855169E-01   5.755003E-04
   1.033106E+01   3.825720E+03   3.977839E-01   5.710443E-04
   1.033823E+01   3.873238E+03   4.104900E-01   5.669951E-04
   1.034541E+01   3.957067E+03   4.344774E-01   5.613850E-04
   1.035259E+01   4.047061E+03   4.634344E-01   5.560579E-04
   1.035977E+01   4.129534E+03   4.937737E-01   5.516617E-04
   1.036696E+01   4.406635E+03   5.850355E-01   5.415295E-04
   1.037416E+01   4.703187E+03   6.963299E-01   5.323177E-04
   1.038136E+01   5.098248E+03   8.502015E-01   5.203733E-04
   1.038857E+01   5.990494E+03   1.168899E+00   4.890680E-04
   1.039578E+01   7.264016E+03   1.684399E+00   4.426520E-04
   1.040299E+01   8.950206E+03   2.380180E+00   3.785585E-04
   1.041021E+01   1.042236E+04   2.987897E+00   3.142137E-04
   1.041744E+01   1.121554E+04   3.490393E+00   2.564010E-04
   1.042467E+01   1.012522E+04   3.071969E+00   2.392646E-04
   1.043190E+01   8.389401E+03   2.368834E+00   2.460744E-04
   1.043914E+01   6.813036E+03   1.835084E+00   2.603308E-04
   1.044639E+01   6.145073E+03   1.482474E+00   3.128752E-04
   1.045364E+01   5.549790E+03   1.202756E+00   3.687395E-04
   1.046090E+01   5.017917E+03   9.964858E-01   4.201723E-04
   1.046816E+01   4.892420E+03   9.156683E-01   4.427253E-04
   1.047542E+01   4.754306E+03   8.400048E-01   4.637764E-04
   1.048269E+01   4.647214E+03   7.836990E-01   4.790075E-04
   1.048997E+01   4.603410E+03   7.533867E-01   4.861089E-04
   1.049725E+01   4.556477E+03   7.238440E-01   4.928910E-04
   1.050454E+01   4.527572E+03   7.038706E-01   4.968513E-04
   1.051183E+01   4.509960E+03   6.895033E-01   4.991728E-04
   1.051912E+01   4.491336E+03   6.753068E-01   5.014244E-04
   1.052642E+01   4.483600E+03   6.670075E-01   5.021027E-04
   1.053373E+01   4.477091E+03   6.595428E-01   5.025591E-04
   1.054104E+01   4.471142E+03   6.526241E-01   5.028784E-04
   1.054836E+01   4.470480E+03   6.487437E-01   5.024445E-04
   1.055568E+01   4.469699E+03   6.448767E-01   5.020118E-04
   1.056301E+01   4.470227E+03   6.418892E-01   5.013750E-04
   1.057034E+01   4.472754E+03   6.401542E-01   5.004460E-04
   1.057767E+01   4.475252E+03   6.384238E-01   4.995209E-04
   1.058502E+01   4.479015E+03   6.375866E-01   4.983966E-04
   1.059236E+01   4.483373E+03   6.371646E-01   4.971815E-04
   1.059971E+01   4.487730E+03   6.367454E-01   4.959698E-04
   1.060707E+01   4.493234E+03   6.372693E-01   4.945536E-04
   1.061443E+01   4.498788E+03   6.378340E-01   4.931310E-04
   1.062180E+01   4.504546E+03   6.385589E-01   4.916748E-04
   1.062917E+01   4.510923E+03   6.397739E-01   4.901101E-04
   1.063655E+01   4.517297E+03   6.409925E-01   4.885461E-04
   1.064393E+01   4.523946E+03   6.425046E-01   4.869193E-04
   1.065132E+01   4.530824E+03   6.442752E-01   4.852363E-04
   1.065871E+01   4.537683E+03   6.460498E-01   4.835525E-04
   1.066611E+01   4.544887E+03   6.481745E-01   4.817894E-04
   1.067352E+01   4.552134E+03   6.503766E-01   4.800077E-04
   1.068092E+01   4.559399E+03   6.526314E-01   4.782129E-04
   1.068834E+01   4.566995E+03   6.552293E-01   4.763365E-04
   1.069576E+01   4.574536E+03   6.578323E-01   4.744569E-04
   1.070318E+01   4.582031E+03   6.605434E-01   4.725523E-04
   1.071061E+01   4.589469E+03   6.633969E-01   4.706147E-04
   1.071804E+01   4.596831E+03   6.662550E-01   4.686729E-04
   1.072548E+01   4.604418E+03   6.693567E-01   4.666672E-04
   1.073293E+01   4.612017E+03   6.725487E-01   4.646349E-04
   1.074038E+01   4.619526E+03   6.757568E-01   4.625946E-04
   1.074783E+01   4.627058E+03   6.791826E-01   4.604975E-04
   1.075529E+01   4.634471E+03   6.826129E-01   4.583940E-04
   1.076276E+01   4.641898E+03   6.861528E-01   4.562566E-04
   1.077023E+01   4.649420E+03   6.898777E-01   4.540649E-04
   1.077770E+01   4.656797E+03   6.936067E-01   4.518657E-04
   1.078518E+01   4.664055E+03   6.974822E-01   4.496234E-04
   1.079267E+01   4.671158E+03   7.014242E-01   4.473571E-04
   1.080016E+01   4.678092E+03   7.053728E-01   4.450811E-04
   1.080765E+01   4.685075E+03   7.095234E-01   4.427419E-04
   1.081516E+01   4.691861E+03   7.136757E-01   4.403933E-04
   1.082266E+01   4.698586E+03   7.179308E-01   4.380065E-04
   1.083017E+01   4.705348E+03   7.223723E-01   4.355573E-04
   1.083769E+01   4.711879E+03   7.268140E-01   4.330971E-04
   1.084521E+01   4.718290E+03   7.314282E-01   4.305777E-04
   1.085274E+01   4.724492E+03   7.361177E-01   4.280249E-04
   1.086027E+01   4.730439E+03   7.408140E-01   4.254572E-04
   1.086781E+01   4.736471E+03   7.457485E-01   4.228057E-04
   1.087535E+01   4.742204E+03   7.506795E-01   4.201406E-04
   1.088290E+01   4.747690E+03   7.557103E-01   4.174313E-04
   1.089046E+01   4.752934E+03   7.609023E-01   4.146579E-04
   1.089802E+01   4.757832E+03   7.660869E-01   4.118694E-04
   1.090558E+01   4.762644E+03   7.714646E-01   4.090035E-04
   1.091315E+01   4.767170E+03   7.769045E-01   4.060989E-04
   1.092072E+01   4.771350E+03   7.823665E-01   4.031669E-04
   1.092830E+01   4.775534E+03   7.881330E-01   4.001181E-04
   1.093589E+01   4.779280E+03   7.938854E-01   3.970501E-04
   1.094348E+01   4.782674E+03   7.997608E-01   3.939184E-04
   1.095107E+01   4.785698E+03   8.057822E-01   3.907132E-04
   1.095868E+01   4.788226E+03   8.117828E-01   3.874867E-04
   1.096628E+01   4.790450E+03   8.180689E-01   3.841369E-04
   1.097389E+01   4.792160E+03   8.243937E-01   3.807417E-04
   1.098151E+01   4.793420E+03   8.307815E-01   3.772916E-04
   1.098913E+01   4.794552E+03   8.375094E-01   3.736923E-04
   1.099676E+01   4.795045E+03   8.442029E-01   3.700652E-04
   1.100439E+01   4.795092E+03   8.511167E-01   3.663213E-04
   1.101203E+01   4.794584E+03   8.581790E-01   3.624810E-04
   1.101967E+01   4.793348E+03   8.651952E-01   3.586091E-04
   1.102732E+01   4.791636E+03   8.726052E-01   3.545466E-04
   1.103498E+01   4.789122E+03   8.799790E-01   3.504413E-04
   1.104264E+01   4.785876E+03   8.874834E-01   3.462296E-04
   1.105030E+01   4.781914E+03   8.952854E-01   3.418445E-04
   1.105797E+01   4.777018E+03   9.030132E-01   3.374177E-04
   1.106564E+01   4.771583E+03   9.111861E-01   3.327544E-04
   1.107333E+01   4.765244E+03   9.194592E-01   3.279734E-04
   1.108101E+01   4.757835E+03   9.277194E-01   3.231104E-04
   1.108870E+01   4.749324E+03   9.364192E-01   3.179776E-04
   1.109640E+01   4.739595E+03   9.450017E-01   3.127880E-04
   1.110410E+01   4.728871E+03   9.539484E-01   3.073464E-04
   1.111181E+01   4.716983E+03   9.631843E-01   3.016685E-04
   1.111952E+01   4.703677E+03   9.722673E-01   2.959220E-04
   1.112724E+01   4.688751E+03   9.819701E-01   2.897630E-04
   1.113496E+01   4.672198E+03   9.915362E-01   2.835005E-04
   1.114269E+01   4.654030E+03   1.001292E+00   2.769849E-04
   1.115042E+01   4.634080E+03   1.011553E+00   2.700556E-04
   1.115816E+01   4.612245E+03   1.021565E+00   2.630270E-04
   1.116591E+01   4.588250E+03   1.032287E+00   2.554396E-04
   1.117366E+01   4.562000E+03   1.043003E+00   2.475905E-04
   1.118141E+01   4.533418E+03   1.053648E+00   2.394877E-04
   1.118917E+01   4.501796E+03   1.065088E+00   2.306619E-04
   1.119694E+01   4.467604E+03   1.076108E+00   2.216828E-04
   1.120471E+01   4.429979E+03   1.087752E+00   2.119692E-04
   1.121249E+01   4.388818E+03   1.099561E+00   2.016922E-04
   1.122027E+01   4.344576E+03   1.110870E+00   1.911746E-04
   1.122806E+01   4.294854E+03   1.123491E+00   1.792832E-04
   1.123585E+01   4.241557E+03   1.135364E+00   1.671340E-04
   1.124365E+01   4.182873E+03   1.147605E+00   1.539497E-04
   1.125145E+01   4.117930E+03   1.160194E+00   1.395641E-04
   1.125926E+01   4.048861E+03   1.171733E+00   1.248229E-04
   1.126708E+01   3.969895E+03   1.184792E+00   1.076569E-04
   1.127490E+01   3.885398E+03   1.196693E+00   8.979028E-05
   1.128272E+01   3.792532E+03   1.208298E+00   7.028098E-05
   1.129056E+01   3.687168E+03   1.220239E+00   4.799342E-05
   1.129839E+01   3.576524E+03   1.230086E+00   2.496021E-05
   1.130623E+01   3.446124E+03   1.240747E+00  -2.935656E-06
   1.131408E+01   3.306133E+03   1.249176E+00  -3.302012E-05
   1.132193E+01   3.153415E+03   1.255377E+00  -6.638502E-05
   1.132979E+01   2.971084E+03   1.260020E+00  -1.077877E-04
   1.133766E+01   2.786129E+03   1.260213E+00  -1.513581E-04
   1.134553E+01   2.558312E+03   1.254712E+00  -2.079984E-04
   1.135340E+01   2.318021E+03   1.242932E+00  -2.734132E-04
   1.136128E+01   2.073560E+03   1.223021E+00  -3.475539E-04
   1.136917E+01   1.781222E+03   1.183780E+00  -4.500096E-04
   1.137706E+01   1.524823E+03   1.144118E+00  -5.643093E-04
   1.138495E+01   1.286400E+03   1.085335E+00  -6.998314E-04
   1.139286E+01   1.082687E+03   1.025097E+00  -8.590853E-04
   1.140076E+01   9.197127E+02   9.732738E-01  -1.036614E-03
   1.140868E+01   8.089699E+02   9.153786E-01  -1.188853E-03
   1.141660E+01   7.122118E+02   8.682921E-01  -1.345826E-03
   1.142452E+01   6.512977E+02   8.270767E-01  -1.400937E-03
   1.143245E+01   6.013768E+02   7.891601E-01  -1.323875E-03
   1.144038E+01   5.437632E+02   7.565402E-01  -1.130429E-03
   1.144833E+01   5.235858E+02   7.264586E-01  -4.904505E-04
   1.145627E+01   4.713216E+02   6.999260E-01   3.263961E-04
   1.146422E+01   4.403068E+02   6.724962E-01   1.501192E-03
   1.147218E+01   3.988772E+02   6.439233E-01   2.638810E-03
   1.148014E+01   3.253138E+02   6.250797E-01   3.605826E-03
   1.148811E+01   3.057430E+02   6.011741E-01   3.620898E-03
   1.149608E+01   2.770746E+02   5.793564E-01   3.512120E-03
   1.150406E+01   2.549707E+02   5.602834E-01   3.312236E-03
   1.151205E+01   2.412873E+02   5.422631E-01   3.076533E-03
   1.152004E+01   2.269035E+02   5.240797E-01   2.850242E-03
   1.152803E+01   2.177461E+02   5.091336E-01   2.673974E-03
   1.153604E+01   2.084160E+02   4.938940E-01   2.508020E-03
   1.154404E+01   2.003573E+02   4.797275E-01   2.366264E-03
   1.155206E+01   1.935750E+02   4.666735E-01   2.245850E-03
   1.156007E+01   1.867857E+02   4.534084E-01   2.132411E-03
   1.156810E+01   1.817412E+02   4.419638E-01   2.041927E-03
   1.157613E+01   1.766764E+02   4.303618E-01   1.955961E-03
   1.158416E+01   1.723375E+02   4.194031E-01   1.879921E-03
   1.159220E+01   1.686597E+02   4.090689E-01   1.812470E-03
   1.160025E+01   1.649938E+02   3.986682E-01   1.748253E-03
   1.160830E+01   1.625475E+02   3.893206E-01   1.693662E-03
   1.161636E+01   1.600579E+02   3.799045E-01   1.641259E-03
   1.162442E+01   1.582240E+02   3.709223E-01   1.593576E-03
   1.163249E+01   1.569150E+02   3.623020E-01   1.549795E-03
   1.164056E+01   1.556464E+02   3.536899E-01   1.507848E-03
   1.164864E+01   1.555813E+02   3.457007E-01   1.470411E-03
   1.165673E+01   1.554621E+02   3.376868E-01   1.434241E-03
   1.166482E+01   1.561889E+02   3.299757E-01   1.400604E-03
   1.167291E+01   1.574880E+02   3.224709E-01   1.368927E-03
   1.168101E+01   1.589697E+02   3.150082E-01   1.338435E-03
   1.168912E+01   1.619887E+02   3.078970E-01   1.310121E-03
   1.169724E+01   1.650178E+02   3.007867E-01   1.282663E-03
   1.170535E+01   1.694957E+02   2.938724E-01   1.256562E-03
   1.171348E+01   1.748162E+02   2.870678E-01   1.231494E-03
   1.172161E+01   1.807895E+02   2.803171E-01   1.207224E-03
   1.172974E+01   1.891788E+02   2.737484E-01   1.183922E-03
   1.173789E+01   1.979023E+02   2.672091E-01   1.161276E-03
   1.174603E+01   2.096013E+02   2.608136E-01   1.139284E-03
   1.175419E+01   2.229119E+02   2.545090E-01   1.117895E-03
   1.176234E+01   2.382768E+02   2.483118E-01   1.097056E-03
   1.177051E+01   2.580451E+02   2.423208E-01   1.076686E-03
   1.177868E+01   2.793590E+02   2.364413E-01   1.056817E-03
   1.178685E+01   3.071003E+02   2.309938E-01   1.037580E-03
   1.179503E+01   3.384834E+02   2.258106E-01   1.018743E-03
   1.180322E+01   3.749744E+02   2.212305E-01   1.000841E-03
   1.181141E+01   4.187432E+02   2.175562E-01   9.840208E-04
   1.181961E+01   4.673714E+02   2.143320E-01   9.672193E-04
   1.182782E+01   5.215567E+02   2.135041E-01   9.546926E-04
   1.183602E+01   5.816539E+02   2.134595E-01   9.419299E-04
   1.184424E+01   6.409325E+02   2.156572E-01   9.333255E-04
   1.185246E+01   6.982915E+02   2.199539E-01   9.284245E-04
   1.186069E+01   7.574674E+02   2.252765E-01   9.236687E-04
   1.186892E+01   7.905456E+02   2.330905E-01   9.298659E-04
   1.187716E+01   8.243019E+02   2.413041E-01   9.356495E-04
   1.188540E+01   8.329026E+02   2.496053E-01   9.490385E-04
   1.189365E+01   8.275821E+02   2.577713E-01   9.671179E-04
   1.190191E+01   8.141126E+02   2.651965E-01   9.873223E-04
   1.191017E+01   7.759579E+02   2.703462E-01   1.013354E-03
   1.191843E+01   7.391530E+02   2.755784E-01   1.040435E-03
   1.192671E+01   6.874524E+02   2.772251E-01   1.066179E-03
   1.193498E+01   6.353600E+02   2.785364E-01   1.091604E-03
   1.194327E+01   5.834757E+02   2.784891E-01   1.113094E-03
   1.195156E+01   5.307169E+02   2.762999E-01   1.127645E-03
   1.195985E+01   4.822549E+02   2.748140E-01   1.141425E-03
   1.196815E+01   4.375659E+02   2.707007E-01   1.143719E-03
   1.197646E+01   3.966695E+02   2.671164E-01   1.144952E-03
   1.198477E+01   3.609045E+02   2.630497E-01   1.141663E-03
   1.199309E+01   3.292228E+02   2.586493E-01   1.135035E-03
   1.200142E+01   3.006979E+02   2.544604E-01   1.127552E-03
   1.200975E+01   2.768962E+02   2.500101E-01   1.117529E-03
   1.201808E+01   2.548912E+02   2.457474E-01   1.107396E-03
   1.202642E+01   2.364464E+02   2.415606E-01   1.096619E-03
   1.203477E+01   2.198085E+02   2.374648E-01   1.085691E-03
   1.204312E+01   2.050056E+02   2.335076E-01   1.074860E-03
   1.205148E+01   1.922761E+02   2.296937E-01   1.064184E-03
   1.205985E+01   1.803096E+02   2.259444E-01   1.053604E-03
   1.206822E+01   1.703921E+02   2.224201E-01   1.043546E-03
   1.207659E+01   1.610250E+02   2.189442E-01   1.033603E-03
   1.208498E+01   1.527655E+02   2.156209E-01   1.024075E-03
   1.209336E+01   1.453132E+02   2.124082E-01   1.014862E-03
   1.210176E+01   1.383755E+02   2.092630E-01   1.005853E-03
   1.211016E+01   1.323472E+02   2.062796E-01   9.973205E-04
   1.211856E+01   1.265725E+02   2.033220E-01   9.888839E-04
   1.212697E+01   1.215206E+02   2.005202E-01   9.809150E-04
   1.213539E+01   1.167582E+02   1.977672E-01   9.731098E-04
   1.214381E+01   1.123824E+02   1.950968E-01   9.655640E-04
   1.215224E+01   1.084056E+02   1.925199E-01   9.583074E-04
   1.216068E+01   1.045933E+02   1.899713E-01   9.511545E-04
   1.216912E+01   1.012320E+02   1.875497E-01   9.443824E-04
   1.217756E+01   9.797446E+01   1.851448E-01   9.376790E-04
   1.218602E+01   9.501717E+01   1.828336E-01   9.312585E-04
   1.219447E+01   9.222401E+01   1.805689E-01   9.249873E-04
   1.220294E+01   8.958962E+01   1.783510E-01   9.188645E-04
   1.221141E+01   8.717391E+01   1.762071E-01   9.129632E-04
   1.221988E+01   8.482042E+01   1.740772E-01   9.071168E-04
   1.222837E+01   8.271005E+01   1.720399E-01   9.015397E-04
   1.223685E+01   8.065216E+01   1.700169E-01   8.960152E-04
   1.224535E+01   7.874147E+01   1.680500E-01   8.906569E-04
   1.225385E+01   7.693047E+01   1.661210E-01   8.854133E-04
   1.226235E+01   7.519501E+01   1.642219E-01   8.802619E-04
   1.227086E+01   7.358899E+01   1.623806E-01   8.752768E-04
   1.227938E+01   7.201542E+01   1.605509E-01   8.703328E-04
   1.228790E+01   7.057410E+01   1.587867E-01   8.655727E-04
   1.229643E+01   6.916773E+01   1.570377E-01   8.608616E-04
   1.230497E+01   6.784156E+01   1.553303E-01   8.562690E-04
   1.231351E+01   6.657729E+01   1.536556E-01   8.517698E-04
   1.232205E+01   6.535456E+01   1.520026E-01   8.473348E-04
   1.233061E+01   6.421329E+01   1.503957E-01   8.430267E-04
   1.233916E+01   6.309067E+01   1.487988E-01   8.387505E-04
   1.234773E+01   6.204875E+01   1.472491E-01   8.346027E-04
   1.235630E+01   6.102952E+01   1.457131E-01   8.304951E-04
   1.236487E+01   6.006073E+01   1.442068E-01   8.264691E-04
   1.237346E+01   5.913231E+01   1.427251E-01   8.225107E-04
   1.238205E+01   5.823034E+01   1.412597E-01   8.185979E-04
   1.239064E+01   5.738254E+01   1.398259E-01   8.147697E-04
   1.239924E+01   5.654614E+01   1.384009E-01   8.109674E-04
   1.240785E+01   5.576272E+01   1.370181E-01   8.072758E-04
   1.241646E+01   5.499329E+01   1.356470E-01   8.036167E-04
   1.242508E+01   5.425851E+01   1.343025E-01   8.000273E-04
   1.243370E+01   5.354990E+01   1.329787E-01   7.964928E-04
   1.244233E+01   5.286000E+01   1.316698E-01   7.929976E-04
   1.245097E+01   5.220561E+01   1.303869E-01   7.895696E-04
   1.245961E+01   5.155860E+01   1.291118E-01   7.861629E-04
   1.246826E+01   5.095104E+01   1.278684E-01   7.828369E-04
   1.247691E+01   5.035149E+01   1.266338E-01   7.795340E-04
   1.248557E+01   4.977827E+01   1.254230E-01   7.762917E-04
   1.249424E+01   4.922190E+01   1.242287E-01   7.730912E-04
   1.250291E+01   4.868099E+01   1.230459E-01   7.699201E-04
   1.251159E+01   4.816475E+01   1.218789E-01   7.667887E-04
   1.252027E+01   4.765416E+01   1.207199E-01   7.636774E-04
   1.252896E+01   4.717168E+01   1.195929E-01   7.606459E-04
   1.253766E+01   4.669355E+01   1.184728E-01   7.576315E-04
   1.254636E+01   4.623706E+01   1.173739E-01   7.546695E-04
   1.255507E+01   4.579086E+01   1.162870E-01   7.517371E-04
   1.256378E+01   4.535844E+01   1.152099E-01   7.488284E-04
   1.257250E+01   4.494252E+01   1.141435E-01   7.459457E-04
   1.258123E+01   4.453258E+01   1.130873E-01   7.430878E-04
   1.258996E+01   4.414199E+01   1.120602E-01   7.403007E-04
   1.259870E+01   4.375439E+01   1.110393E-01   7.375284E-04
   1.260744E+01   4.338617E+01   1.100311E-01   7.347866E-04
   1.261619E+01   4.302348E+01   1.090302E-01   7.320619E-04
   1.262495E+01   4.267331E+01   1.080434E-01   7.293708E-04
   1.263371E+01   4.233315E+01   1.070687E-01   7.267085E-04
   1.264248E+01   4.199990E+01   1.061040E-01   7.240695E-04
   1.265126E+01   4.168043E+01   1.051553E-01   7.214687E-04
   1.266004E+01   4.136309E+01   1.042124E-01   7.188811E-04
   1.266882E+01   4.106238E+01   1.032896E-01   7.163410E-04
   1.267762E+01   4.076349E+01   1.023724E-01   7.138135E-04
   1.268642E+01   4.047738E+01   1.014667E-01   7.113131E-04
   1.269522E+01   4.019696E+01   1.005689E-01   7.088302E-04
   1.270403E+01   3.992418E+01   9.968029E-02   7.063687E-04
   1.271285E+01   3.966002E+01   9.880164E-02   7.039299E-04
   1.272168E+01   3.939973E+01   9.793113E-02   7.015096E-04
   1.273051E+01   3.915121E+01   9.707771E-02   6.991293E-04
   1.273934E+01   3.890395E+01   9.622948E-02   6.967602E-04
   1.274818E+01   3.866952E+01   9.538870E-02   6.944076E-04
   1.275703E+01   3.843714E+01   9.455323E-02   6.920667E-04
   1.276589E+01   3.821305E+01   9.373263E-02   6.897600E-04
   1.277475E+01   3.799360E+01   9.292192E-02   6.874758E-04
   1.278361E+01   3.777942E+01   9.211971E-02   6.852106E-04
   1.279249E+01   3.757238E+01   9.132753E-02   6.829680E-04
   1.280137E+01   3.736800E+01   9.054060E-02   6.807367E-04
   1.281025E+01   3.717425E+01   8.976082E-02   6.785210E-04
   1.281914E+01   3.698124E+01   8.898579E-02   6.763153E-04
   1.282804E+01   3.679821E+01   8.822346E-02   6.741385E-04
   1.283694E+01   3.661682E+01   8.746662E-02   6.719734E-04
   1.284585E+01   3.644242E+01   8.671631E-02   6.698224E-04
   1.285477E+01   3.627190E+01   8.597158E-02   6.676833E-04
   1.286369E+01   3.610484E+01   8.523755E-02   6.655683E-04
   1.287262E+01   3.594242E+01   8.451665E-02   6.634831E-04
   1.288155E+01   3.578253E+01   8.379964E-02   6.614057E-04
   1.289050E+01   3.563276E+01   8.308472E-02   6.593318E-04
   1.289944E+01   3.548338E+01   8.237416E-02   6.572668E-04
   1.290840E+01   3.534069E+01   8.167635E-02   6.552306E-04
   1.291736E+01   3.519876E+01   8.098334E-02   6.532044E-04
   1.292632E+01   3.506326E+01   8.030094E-02   6.512019E-04
   1.293529E+01   3.493061E+01   7.962533E-02   6.492141E-04
   1.294427E+01   3.480193E+01   7.895541E-02   6.472382E-04
   1.295326E+01   3.467756E+01   7.829127E-02   6.452746E-04
   1.296225E+01   3.455573E+01   7.763056E-02   6.433177E-04
   1.297124E+01   3.444097E+01   7.697205E-02   6.413644E-04
   1.298025E+01   3.432653E+01   7.631799E-02   6.394203E-04
   1.298926E+01   3.421743E+01   7.568229E-02   6.375182E-04
   1.299827E+01   3.410849E+01   7.505045E-02   6.356238E-04
   1.300729E+01   3.400622E+01   7.442062E-02   6.337326E-04
   1.301632E+01   3.390560E+01   7.379420E-02   6.318480E-04
   1.302536E+01   3.380937E+01   7.317364E-02   6.299758E-04
   1.303440E+01   3.371615E+01   7.255826E-02   6.281144E-04
   1.304344E+01   3.362583E+01   7.194797E-02   6.262636E-04
   1.305250E+01   3.354017E+01   7.134354E-02   6.244252E-04
   1.306156E+01   3.345553E+01   7.074439E-02   6.225978E-04
   1.307062E+01   3.337568E+01   7.015641E-02   6.207955E-04
   1.307969E+01   3.329585E+01   6.957203E-02   6.190002E-04
   1.308877E+01   3.322226E+01   6.898924E-02   6.172071E-04
   1.309786E+01   3.314888E+01   6.840997E-02   6.154210E-04
   1.310695E+01   3.308098E+01   6.783695E-02   6.136481E-04
   1.311604E+01   3.301473E+01   6.726828E-02   6.118842E-04
   1.312515E+01   3.295168E+01   6.670512E-02   6.101318E-04
   1.313426E+01   3.289105E+01   6.614696E-02   6.083898E-04
   1.314337E+01   3.283253E+01   6.559355E-02   6.066576E-04
   1.315250E+01   3.277763E+01   6.504579E-02   6.049374E-04
   1.316163E+01   3.272372E+01   6.450205E-02   6.032252E-04
   1.317076E+01   3.267465E+01   6.396460E-02   6.015266E-04
   1.317990E+01   3.262550E+01   6.343046E-02   5.998343E-04
   1.318905E+01   3.258252E+01   6.289783E-02   5.981442E-04
   1.319821E+01   3.253949E+01   6.236849E-02   5.964604E-04
   1.320737E+01   3.250070E+01   6.184531E-02   5.947899E-04
   1.321653E+01   3.246285E+01   6.132608E-02   5.931272E-04
   1.322571E+01   3.242831E+01   6.081231E-02   5.914762E-04
   1.323489E+01   3.239572E+01   6.030308E-02   5.898345E-04
   1.324407E+01   3.236596E+01   5.979627E-02   5.881972E-04
   1.325326E+01   3.233976E+01   5.929167E-02   5.865636E-04
   1.326246E+01   3.231445E+01   5.879261E-02   5.849419E-04
   1.327167E+01   3.229179E+01   5.830314E-02   5.833416E-04
   1.328088E+01   3.226966E+01   5.781606E-02   5.817456E-04
   1.329010E+01   3.225374E+01   5.732582E-02   5.801406E-04
   1.329932E+01   3.223766E+01   5.683868E-02   5.785416E-04
   1.330855E+01   3.222512E+01   5.636274E-02   5.769680E-04
   1.331779E+01   3.221272E+01   5.589041E-02   5.754016E-04
   1.332703E+01   3.220496E+01   5.541593E-02   5.738286E-04
   1.333628E+01   3.219856E+01   5.494284E-02   5.722576E-04
   1.334554E+01   3.219446E+01   5.447797E-02   5.707048E-04
   1.335480E+01   3.219187E+01   5.401952E-02   5.691661E-04
   1.336407E+01   3.219148E+01   5.356330E-02   5.676313E-04
   1.337335E+01   3.219396E+01   5.310913E-02   5.661000E-04
   1.338263E+01   3.219808E+01   5.265740E-02   5.645733E-04
   1.339192E+01   3.220656E+01   5.220749E-02   5.630494E-04
   1.340121E+01   3.221548E+01   5.176091E-02   5.615323E-04
   1.341052E+01   3.222812E+01   5.132028E-02   5.600280E-04
   1.341982E+01   3.224061E+01   5.088246E-02   5.585291E-04
   1.342914E+01   3.225752E+01   5.044602E-02   5.570322E-04
   1.343846E+01   3.227437E+01   5.001235E-02   5.555407E-04
   1.344779E+01   3.229486E+01   4.958444E-02   5.540616E-04
   1.345712E+01   3.231597E+01   4.915985E-02   5.525892E-04
   1.346646E+01   3.234144E+01   4.873703E-02   5.511197E-04
   1.347581E+01   3.236878E+01   4.831650E-02   5.496544E-04
   1.348516E+01   3.239813E+01   4.789794E-02   5.481925E-04
   1.349452E+01   3.242908E+01   4.748146E-02   5.467343E-04
   1.350389E+01   3.246184E+01   4.706916E-02   5.452849E-04
   1.351326E+01   3.249719E+01   4.666158E-02   5.438455E-04
   1.352264E+01   3.253404E+01   4.625627E-02   5.424104E-04
   1.353203E+01   3.257487E+01   4.585265E-02   5.409780E-04
   1.354142E+01   3.261619E+01   4.545220E-02   5.395520E-04
   1.355082E+01   3.266060E+01   4.505732E-02   5.381382E-04
   1.356022E+01   3.270508E+01   4.466499E-02   5.367293E-04
   1.356963E+01   3.275507E+01   4.427398E-02   5.353223E-04
   1.357905E+01   3.280501E+01   4.388554E-02   5.339202E-04
   1.358848E+01   3.285923E+01   4.349851E-02   5.325203E-04
   1.359791E+01   3.291389E+01   4.311391E-02   5.311250E-04
   1.360735E+01   3.297228E+01   4.273088E-02   5.297321E-04
   1.361679E+01   3.303171E+01   4.235011E-02   5.283435E-04
   1.362624E+01   3.309361E+01   4.197414E-02   5.269654E-04
   1.363570E+01   3.315678E+01   4.160183E-02   5.255949E-04
   1.364516E+01   3.322318E+01   4.122879E-02   5.242213E-04
   1.365464E+01   3.329226E+01   4.085561E-02   5.228460E-04
   1.366411E+01   3.336340E+01   4.048641E-02   5.214792E-04
   1.367360E+01   3.343722E+01   4.012160E-02   5.201219E-04
   1.368309E+01   3.351230E+01   3.976035E-02   5.187720E-04
   1.369258E+01   3.358997E+01   3.940380E-02   5.174325E-04
   1.370209E+01   3.366899E+01   3.904840E-02   5.160946E-04
   1.371160E+01   3.375271E+01   3.869096E-02   5.147502E-04
   1.372112E+01   3.383704E+01   3.833635E-02   5.134116E-04
   1.373064E+01   3.392560E+01   3.798710E-02   5.120849E-04
   1.374017E+01   3.401432E+01   3.764020E-02   5.107628E-04
   1.374971E+01   3.410699E+01   3.729456E-02   5.094425E-04
   1.375925E+01   3.419976E+01   3.695128E-02   5.081268E-04
   1.376880E+01   3.429798E+01   3.660932E-02   5.068130E-04
   1.377836E+01   3.439679E+01   3.626962E-02   5.055036E-04
   1.378792E+01   3.449976E+01   3.593135E-02   5.041965E-04
   1.379749E+01   3.460371E+01   3.559522E-02   5.028934E-04
   1.380707E+01   3.471139E+01   3.526062E-02   5.015927E-04
   1.381665E+01   3.482053E+01   3.492805E-02   5.002959E-04
   1.382624E+01   3.493360E+01   3.459710E-02   4.990018E-04
   1.383584E+01   3.504891E+01   3.426808E-02   4.977113E-04
   1.384544E+01   3.516652E+01   3.394321E-02   4.964298E-04
   1.385505E+01   3.528596E+01   3.362201E-02   4.951564E-04
   1.386467E+01   3.540898E+01   3.330047E-02   4.938807E-04
   1.387429E+01   3.553581E+01   3.297848E-02   4.926026E-04
   1.388392E+01   3.566439E+01   3.266007E-02   4.913322E-04
   1.389356E+01   3.579542E+01   3.234580E-02   4.900710E-04
   1.390320E+01   3.592871E+01   3.203203E-02   4.888098E-04
   1.391285E+01   3.606626E+01   3.171701E-02   4.875440E-04
   1.392251E+01   3.620559E+01   3.140508E-02   4.862847E-04
   1.393217E+01   3.634934E+01   3.109771E-02   4.850357E-04
   1.394184E+01   3.649460E+01   3.079157E-02   4.837885E-04
   1.395152E+01   3.664498E+01   3.048348E-02   4.825350E-04
   1.396120E+01   3.679634E+01   3.017803E-02   4.812869E-04
   1.397089E+01   3.695203E+01   2.987750E-02   4.800500E-04
   1.398059E+01   3.710854E+01   2.957911E-02   4.788173E-04
   1.399029E+01   3.727074E+01   2.928196E-02   4.775865E-04
   1.400000E+01   3.743347E+01   2.898701E-02   4.763600E-04
