#============================================================================
# Opacities computed by OpTool        <a^n>=  1.0000E-1  1.0000E-1  1.0000E-1
# Method:   DHS  fmax=  0.999
# Parameters:
#   amin [um]=      0.100 amax [um]=      0.100  na  =    1    apow=   3.5    
#   lmin [um]=      7.000 lmax [um]=     14.000  nlam= 1000    nang=   180
#   porosity =      0.000 p_mantle =      0.000  fmax=  1.0    chop=   0.0
# Composition:
#  Where   mfrac  rho   Material
#  -----   -----  ----  -----------------------------------------------------
#  core    1.000  3.27  for
#  - - -   - - -  -  -  - - - - - - - - - - - - - - - - - - - - - - - - - - -
#  grain   1.000  3.27  mixture of  1 materials
#----------------------------------------------------------------------------
# Command: optool for -a 0.1 -dhs 0.999 -l 7 14 1000
#============================================================================
# Standard output file, no scattering matrix
#    iformat
#    nlambda
#    lambda[um]  kabs [cm^2/g]  ksca [cm^2/g]    g_asymmetry
#============================================================================
           3
        1000
   7.000000E+00   6.653072E+00   3.011858E-01   6.053320E-03
   7.004859E+00   6.673888E+00   2.997409E-01   6.043921E-03
   7.009721E+00   6.694768E+00   2.983024E-01   6.034537E-03
   7.014586E+00   6.715714E+00   2.968704E-01   6.025167E-03
   7.019455E+00   6.736725E+00   2.954448E-01   6.015812E-03
   7.024327E+00   6.757828E+00   2.940517E-01   6.006524E-03
   7.029202E+00   6.779000E+00   2.926681E-01   5.997258E-03
   7.034081E+00   6.800239E+00   2.912905E-01   5.988005E-03
   7.038963E+00   6.821544E+00   2.899190E-01   5.978767E-03
   7.043849E+00   6.843065E+00   2.885268E-01   5.969490E-03
   7.048738E+00   6.864695E+00   2.871337E-01   5.960212E-03
   7.053630E+00   6.886393E+00   2.857468E-01   5.950949E-03
   7.058526E+00   6.908159E+00   2.843662E-01   5.941700E-03
   7.063425E+00   6.930121E+00   2.829682E-01   5.932418E-03
   7.068328E+00   6.952209E+00   2.815665E-01   5.923130E-03
   7.073234E+00   6.974367E+00   2.801713E-01   5.913857E-03
   7.078143E+00   6.996595E+00   2.787824E-01   5.904598E-03
   7.083056E+00   7.019050E+00   2.774175E-01   5.895390E-03
   7.087972E+00   7.041673E+00   2.760694E-01   5.886219E-03
   7.092892E+00   7.064369E+00   2.747274E-01   5.877062E-03
   7.097815E+00   7.087137E+00   2.733915E-01   5.867919E-03
   7.102741E+00   7.110003E+00   2.720433E-01   5.858753E-03
   7.107671E+00   7.132962E+00   2.706868E-01   5.849572E-03
   7.112605E+00   7.155995E+00   2.693365E-01   5.840404E-03
   7.117541E+00   7.179102E+00   2.679924E-01   5.831252E-03
   7.122481E+00   7.202403E+00   2.666684E-01   5.822142E-03
   7.127425E+00   7.225896E+00   2.653642E-01   5.813076E-03
   7.132372E+00   7.249466E+00   2.640658E-01   5.804025E-03
   7.137322E+00   7.273113E+00   2.627733E-01   5.794987E-03
   7.142276E+00   7.296906E+00   2.614720E-01   5.785932E-03
   7.147234E+00   7.320858E+00   2.601594E-01   5.776856E-03
   7.152194E+00   7.344889E+00   2.588529E-01   5.767794E-03
   7.157159E+00   7.368999E+00   2.575524E-01   5.758746E-03
   7.162126E+00   7.393301E+00   2.562444E-01   5.749684E-03
   7.167097E+00   7.417836E+00   2.549243E-01   5.740597E-03
   7.172072E+00   7.442452E+00   2.536105E-01   5.731525E-03
   7.177050E+00   7.467150E+00   2.523030E-01   5.722468E-03
   7.182031E+00   7.491964E+00   2.510123E-01   5.713448E-03
   7.187016E+00   7.516910E+00   2.497433E-01   5.704477E-03
   7.192005E+00   7.541940E+00   2.484803E-01   5.695519E-03
   7.196997E+00   7.567053E+00   2.472231E-01   5.686576E-03
   7.201992E+00   7.592348E+00   2.459594E-01   5.677621E-03
   7.206991E+00   7.617878E+00   2.446831E-01   5.668639E-03
   7.211993E+00   7.643494E+00   2.434128E-01   5.659672E-03
   7.216999E+00   7.669196E+00   2.421486E-01   5.650719E-03
   7.222008E+00   7.695070E+00   2.408895E-01   5.641779E-03
   7.227020E+00   7.721159E+00   2.396348E-01   5.632850E-03
   7.232037E+00   7.747337E+00   2.383861E-01   5.623935E-03
   7.237056E+00   7.773604E+00   2.371434E-01   5.615034E-03
   7.242079E+00   7.800043E+00   2.359055E-01   5.606146E-03
   7.247106E+00   7.826692E+00   2.346722E-01   5.597269E-03
   7.252136E+00   7.853432E+00   2.334447E-01   5.588406E-03
   7.257170E+00   7.880263E+00   2.322232E-01   5.579557E-03
   7.262207E+00   7.907270E+00   2.310064E-01   5.570720E-03
   7.267247E+00   7.934479E+00   2.297940E-01   5.561895E-03
   7.272291E+00   7.961781E+00   2.285875E-01   5.553084E-03
   7.277339E+00   7.989178E+00   2.273868E-01   5.544287E-03
   7.282390E+00   8.016768E+00   2.261779E-01   5.535473E-03
   7.287444E+00   8.044564E+00   2.249593E-01   5.526638E-03
   7.292503E+00   8.072456E+00   2.237467E-01   5.517817E-03
   7.297564E+00   8.100446E+00   2.225400E-01   5.509011E-03
   7.302629E+00   8.128671E+00   2.213518E-01   5.500248E-03
   7.307698E+00   8.157123E+00   2.201811E-01   5.491526E-03
   7.312770E+00   8.185676E+00   2.190160E-01   5.482818E-03
   7.317846E+00   8.214328E+00   2.178565E-01   5.474124E-03
   7.322925E+00   8.243188E+00   2.166861E-01   5.465406E-03
   7.328008E+00   8.272230E+00   2.155092E-01   5.456674E-03
   7.333094E+00   8.301375E+00   2.143381E-01   5.447957E-03
   7.338184E+00   8.330622E+00   2.131728E-01   5.439254E-03
   7.343277E+00   8.360166E+00   2.119949E-01   5.430522E-03
   7.348374E+00   8.389922E+00   2.108127E-01   5.421782E-03
   7.353474E+00   8.419784E+00   2.096364E-01   5.413056E-03
   7.358578E+00   8.449752E+00   2.084661E-01   5.404344E-03
   7.363685E+00   8.479994E+00   2.073184E-01   5.395686E-03
   7.368796E+00   8.510408E+00   2.061829E-01   5.387058E-03
   7.373911E+00   8.540931E+00   2.050530E-01   5.378443E-03
   7.379029E+00   8.571564E+00   2.039287E-01   5.369843E-03
   7.384151E+00   8.602530E+00   2.027874E-01   5.361203E-03
   7.389276E+00   8.633661E+00   2.016467E-01   5.352566E-03
   7.394405E+00   8.664905E+00   2.005118E-01   5.343943E-03
   7.399537E+00   8.696262E+00   1.993826E-01   5.335334E-03
   7.404673E+00   8.728056E+00   1.982569E-01   5.326734E-03
   7.409812E+00   8.759999E+00   1.971366E-01   5.318148E-03
   7.414955E+00   8.792059E+00   1.960221E-01   5.309576E-03
   7.420102E+00   8.824238E+00   1.949132E-01   5.301018E-03
   7.425252E+00   8.856629E+00   1.938075E-01   5.292469E-03
   7.430406E+00   8.889140E+00   1.927075E-01   5.283934E-03
   7.435563E+00   8.921769E+00   1.916130E-01   5.275413E-03
   7.440724E+00   8.954586E+00   1.905204E-01   5.266897E-03
   7.445888E+00   8.987941E+00   1.894104E-01   5.258339E-03
   7.451057E+00   9.021421E+00   1.883061E-01   5.249796E-03
   7.456228E+00   9.055025E+00   1.872076E-01   5.241267E-03
   7.461403E+00   9.088806E+00   1.861141E-01   5.232751E-03
   7.466582E+00   9.122851E+00   1.850245E-01   5.224245E-03
   7.471765E+00   9.157024E+00   1.839406E-01   5.215753E-03
   7.476951E+00   9.191326E+00   1.828623E-01   5.207275E-03
   7.482140E+00   9.225879E+00   1.817887E-01   5.198809E-03
   7.487334E+00   9.260739E+00   1.807192E-01   5.190354E-03
   7.492530E+00   9.295731E+00   1.796553E-01   5.181913E-03
   7.497731E+00   9.330855E+00   1.785970E-01   5.173486E-03
   7.502935E+00   9.366341E+00   1.775429E-01   5.165070E-03
   7.508142E+00   9.402140E+00   1.764932E-01   5.156666E-03
   7.513354E+00   9.438076E+00   1.754491E-01   5.148275E-03
   7.518569E+00   9.474149E+00   1.744105E-01   5.139899E-03
   7.523787E+00   9.510577E+00   1.733588E-01   5.131490E-03
   7.529009E+00   9.547228E+00   1.723058E-01   5.123078E-03
   7.534235E+00   9.584020E+00   1.712584E-01   5.114681E-03
   7.539464E+00   9.620954E+00   1.702167E-01   5.106297E-03
   7.544697E+00   9.658256E+00   1.691783E-01   5.097923E-03
   7.549934E+00   9.695728E+00   1.681453E-01   5.089561E-03
   7.555174E+00   9.733344E+00   1.671178E-01   5.081215E-03
   7.560418E+00   9.771149E+00   1.660939E-01   5.072877E-03
   7.565666E+00   9.809575E+00   1.650526E-01   5.064494E-03
   7.570917E+00   9.848152E+00   1.640170E-01   5.056127E-03
   7.576172E+00   9.886882E+00   1.629872E-01   5.047773E-03
   7.581430E+00   9.925845E+00   1.619683E-01   5.039448E-03
   7.586692E+00   9.965180E+00   1.609693E-01   5.031174E-03
   7.591958E+00   1.000467E+01   1.599757E-01   5.022915E-03
   7.597228E+00   1.004432E+01   1.589875E-01   5.014669E-03
   7.602501E+00   1.008429E+01   1.579932E-01   5.006408E-03
   7.607777E+00   1.012461E+01   1.569916E-01   4.998127E-03
   7.613058E+00   1.016509E+01   1.559956E-01   4.989861E-03
   7.618342E+00   1.020573E+01   1.550051E-01   4.981609E-03
   7.623630E+00   1.024683E+01   1.540184E-01   4.973366E-03
   7.628921E+00   1.028822E+01   1.530364E-01   4.965136E-03
   7.634216E+00   1.032978E+01   1.520599E-01   4.956921E-03
   7.639515E+00   1.037151E+01   1.510889E-01   4.948719E-03
   7.644817E+00   1.041392E+01   1.501017E-01   4.940474E-03
   7.650124E+00   1.045655E+01   1.491180E-01   4.932238E-03
   7.655433E+00   1.049935E+01   1.481400E-01   4.924016E-03
   7.660747E+00   1.054237E+01   1.471671E-01   4.915808E-03
   7.666064E+00   1.058578E+01   1.461976E-01   4.907608E-03
   7.671385E+00   1.062937E+01   1.452336E-01   4.899423E-03
   7.676710E+00   1.067314E+01   1.442752E-01   4.891252E-03
   7.682038E+00   1.071728E+01   1.433213E-01   4.883093E-03
   7.687370E+00   1.076189E+01   1.423713E-01   4.874944E-03
   7.692705E+00   1.080669E+01   1.414267E-01   4.866809E-03
   7.698045E+00   1.085167E+01   1.404876E-01   4.858689E-03
   7.703388E+00   1.089716E+01   1.395394E-01   4.850543E-03
   7.708735E+00   1.094302E+01   1.385885E-01   4.842388E-03
   7.714085E+00   1.098908E+01   1.376431E-01   4.834248E-03
   7.719439E+00   1.103533E+01   1.367033E-01   4.826122E-03
   7.724797E+00   1.108227E+01   1.357667E-01   4.818005E-03
   7.730159E+00   1.112946E+01   1.348353E-01   4.809901E-03
   7.735524E+00   1.117686E+01   1.339094E-01   4.801812E-03
   7.740893E+00   1.122453E+01   1.329886E-01   4.793736E-03
   7.746266E+00   1.127274E+01   1.320711E-01   4.785668E-03
   7.751643E+00   1.132115E+01   1.311591E-01   4.777615E-03
   7.757023E+00   1.136978E+01   1.302524E-01   4.769576E-03
   7.762407E+00   1.141885E+01   1.293414E-01   4.761524E-03
   7.767795E+00   1.146844E+01   1.284237E-01   4.753451E-03
   7.773186E+00   1.151825E+01   1.275115E-01   4.745393E-03
   7.778581E+00   1.156827E+01   1.266049E-01   4.737350E-03
   7.783980E+00   1.161886E+01   1.257019E-01   4.729316E-03
   7.789383E+00   1.166980E+01   1.248037E-01   4.721294E-03
   7.794790E+00   1.172096E+01   1.239109E-01   4.713287E-03
   7.800200E+00   1.177237E+01   1.230228E-01   4.705293E-03
   7.805614E+00   1.182472E+01   1.221196E-01   4.697252E-03
   7.811032E+00   1.187730E+01   1.212220E-01   4.689226E-03
   7.816453E+00   1.193012E+01   1.203299E-01   4.681216E-03
   7.821878E+00   1.198335E+01   1.194425E-01   4.673217E-03
   7.827307E+00   1.203718E+01   1.185589E-01   4.665228E-03
   7.832740E+00   1.209124E+01   1.176809E-01   4.657253E-03
   7.838177E+00   1.214555E+01   1.168083E-01   4.649293E-03
   7.843617E+00   1.220044E+01   1.159395E-01   4.641343E-03
   7.849061E+00   1.225575E+01   1.150752E-01   4.633404E-03
   7.854509E+00   1.231130E+01   1.142164E-01   4.625481E-03
   7.859961E+00   1.236712E+01   1.133630E-01   4.617571E-03
   7.865416E+00   1.242394E+01   1.124946E-01   4.609615E-03
   7.870875E+00   1.248103E+01   1.116317E-01   4.601674E-03
   7.876338E+00   1.253839E+01   1.107743E-01   4.593747E-03
   7.881805E+00   1.259619E+01   1.099215E-01   4.585832E-03
   7.887276E+00   1.265464E+01   1.090725E-01   4.577927E-03
   7.892750E+00   1.271336E+01   1.082290E-01   4.570036E-03
   7.898228E+00   1.277235E+01   1.073909E-01   4.562160E-03
   7.903710E+00   1.283217E+01   1.065447E-01   4.554258E-03
   7.909196E+00   1.289253E+01   1.056976E-01   4.546350E-03
   7.914686E+00   1.295319E+01   1.048562E-01   4.538457E-03
   7.920179E+00   1.301414E+01   1.040202E-01   4.530578E-03
   7.925677E+00   1.307597E+01   1.031872E-01   4.522707E-03
   7.931178E+00   1.313810E+01   1.023597E-01   4.514850E-03
   7.936683E+00   1.320052E+01   1.015377E-01   4.507008E-03
   7.942191E+00   1.326358E+01   1.007134E-01   4.499157E-03
   7.947704E+00   1.332747E+01   9.988296E-02   4.491284E-03
   7.953220E+00   1.339167E+01   9.905819E-02   4.483425E-03
   7.958740E+00   1.345617E+01   9.823903E-02   4.475582E-03
   7.964264E+00   1.352159E+01   9.742335E-02   4.467747E-03
   7.969792E+00   1.358749E+01   9.661262E-02   4.459926E-03
   7.975324E+00   1.365372E+01   9.580744E-02   4.452119E-03
   7.980859E+00   1.372039E+01   9.500736E-02   4.444326E-03
   7.986399E+00   1.378799E+01   9.421051E-02   4.436541E-03
   7.991942E+00   1.385593E+01   9.341915E-02   4.428770E-03
   7.997489E+00   1.392420E+01   9.263324E-02   4.421015E-03
   8.003040E+00   1.399335E+01   9.184255E-02   4.413241E-03
   8.008595E+00   1.406329E+01   9.104901E-02   4.405455E-03
   8.014153E+00   1.413358E+01   9.026106E-02   4.397683E-03
   8.019716E+00   1.420422E+01   8.947866E-02   4.389927E-03
   8.025282E+00   1.427599E+01   8.868436E-02   4.382128E-03
   8.030852E+00   1.434815E+01   8.789484E-02   4.374342E-03
   8.036426E+00   1.442069E+01   8.711101E-02   4.366570E-03
   8.042004E+00   1.449398E+01   8.633183E-02   4.358811E-03
   8.047586E+00   1.456833E+01   8.555652E-02   4.351061E-03
   8.053172E+00   1.464306E+01   8.478683E-02   4.343327E-03
   8.058761E+00   1.471818E+01   8.402273E-02   4.335608E-03
   8.064355E+00   1.479442E+01   8.325029E-02   4.327856E-03
   8.069952E+00   1.487127E+01   8.247962E-02   4.320107E-03
   8.075553E+00   1.494852E+01   8.171468E-02   4.312373E-03
   8.081158E+00   1.502637E+01   8.095485E-02   4.304653E-03
   8.086767E+00   1.510539E+01   8.019846E-02   4.296941E-03
   8.092380E+00   1.518483E+01   7.944774E-02   4.289244E-03
   8.097997E+00   1.526468E+01   7.870263E-02   4.281562E-03
   8.103618E+00   1.534573E+01   7.795195E-02   4.273857E-03
   8.109242E+00   1.542765E+01   7.720084E-02   4.266146E-03
   8.114871E+00   1.551001E+01   7.645548E-02   4.258451E-03
   8.120503E+00   1.559290E+01   7.571431E-02   4.250766E-03
   8.126140E+00   1.567729E+01   7.496329E-02   4.243041E-03
   8.131780E+00   1.576213E+01   7.421816E-02   4.235332E-03
   8.137424E+00   1.584744E+01   7.347886E-02   4.227639E-03
   8.143072E+00   1.593389E+01   7.274381E-02   4.219956E-03
   8.148724E+00   1.602139E+01   7.201325E-02   4.212285E-03
   8.154380E+00   1.610937E+01   7.128847E-02   4.204630E-03
   8.160040E+00   1.619784E+01   7.056939E-02   4.196990E-03
   8.165703E+00   1.628785E+01   6.985323E-02   4.189356E-03
   8.171371E+00   1.637836E+01   6.914277E-02   4.181738E-03
   8.177043E+00   1.646938E+01   6.843798E-02   4.174135E-03
   8.182718E+00   1.656162E+01   6.772457E-02   4.166496E-03
   8.188398E+00   1.665516E+01   6.700156E-02   4.158814E-03
   8.194081E+00   1.674924E+01   6.628454E-02   4.151149E-03
   8.199768E+00   1.684385E+01   6.557348E-02   4.143501E-03
   8.205460E+00   1.694034E+01   6.486552E-02   4.135858E-03
   8.211155E+00   1.703743E+01   6.416335E-02   4.128231E-03
   8.216854E+00   1.713509E+01   6.346707E-02   4.120621E-03
   8.222557E+00   1.723398E+01   6.276952E-02   4.112999E-03
   8.228264E+00   1.733429E+01   6.206923E-02   4.105360E-03
   8.233976E+00   1.743517E+01   6.137493E-02   4.097738E-03
   8.239691E+00   1.753665E+01   6.068659E-02   4.090133E-03
   8.245410E+00   1.764011E+01   6.000142E-02   4.082533E-03
   8.251133E+00   1.774425E+01   5.932201E-02   4.074949E-03
   8.256860E+00   1.784902E+01   5.864849E-02   4.067381E-03
   8.262590E+00   1.795517E+01   5.797391E-02   4.059803E-03
   8.268325E+00   1.806289E+01   5.729696E-02   4.052208E-03
   8.274064E+00   1.817126E+01   5.662600E-02   4.044630E-03
   8.279807E+00   1.828028E+01   5.596102E-02   4.037068E-03
   8.285554E+00   1.839173E+01   5.528748E-02   4.029464E-03
   8.291305E+00   1.850393E+01   5.461957E-02   4.021876E-03
   8.297060E+00   1.861682E+01   5.395775E-02   4.014304E-03
   8.302819E+00   1.873125E+01   5.329472E-02   4.006720E-03
   8.308581E+00   1.884726E+01   5.263031E-02   3.999121E-03
   8.314348E+00   1.896400E+01   5.197211E-02   3.991540E-03
   8.320119E+00   1.908151E+01   5.131977E-02   3.983975E-03
   8.325894E+00   1.920182E+01   5.065935E-02   3.976367E-03
   8.331673E+00   1.932290E+01   5.000525E-02   3.968777E-03
   8.337456E+00   1.944475E+01   4.935743E-02   3.961204E-03
   8.343242E+00   1.956842E+01   4.871414E-02   3.953642E-03
   8.349033E+00   1.969372E+01   4.807575E-02   3.946091E-03
   8.354828E+00   1.981983E+01   4.744355E-02   3.938558E-03
   8.360627E+00   1.994699E+01   4.681599E-02   3.931035E-03
   8.366430E+00   2.007696E+01   4.618216E-02   3.923476E-03
   8.372237E+00   2.020778E+01   4.555463E-02   3.915935E-03
   8.378048E+00   2.033945E+01   4.493338E-02   3.908411E-03
   8.383863E+00   2.047354E+01   4.430922E-02   3.900864E-03
   8.389682E+00   2.060930E+01   4.368685E-02   3.893315E-03
   8.395505E+00   2.074597E+01   4.307085E-02   3.885784E-03
   8.401333E+00   2.088415E+01   4.245569E-02   3.878245E-03
   8.407164E+00   2.102531E+01   4.182856E-02   3.870642E-03
   8.412999E+00   2.116743E+01   4.120812E-02   3.863057E-03
   8.418838E+00   2.131053E+01   4.059433E-02   3.855490E-03
   8.424682E+00   2.145651E+01   3.998460E-02   3.847931E-03
   8.430529E+00   2.160398E+01   3.938085E-02   3.840387E-03
   8.436381E+00   2.175248E+01   3.878365E-02   3.832861E-03
   8.442236E+00   2.190313E+01   3.818799E-02   3.825331E-03
   8.448096E+00   2.205666E+01   3.759092E-02   3.817781E-03
   8.453959E+00   2.221128E+01   3.700051E-02   3.810250E-03
   8.459827E+00   2.236699E+01   3.641672E-02   3.802738E-03
   8.465699E+00   2.252659E+01   3.582719E-02   3.795185E-03
   8.471575E+00   2.268743E+01   3.524406E-02   3.787649E-03
   8.477455E+00   2.284944E+01   3.466765E-02   3.780132E-03
   8.483339E+00   2.301447E+01   3.409083E-02   3.772599E-03
   8.489227E+00   2.318214E+01   3.351546E-02   3.765059E-03
   8.495119E+00   2.335105E+01   3.294690E-02   3.757538E-03
   8.501016E+00   2.352178E+01   3.238145E-02   3.750018E-03
   8.506916E+00   2.369663E+01   3.180532E-02   3.742428E-03
   8.512820E+00   2.387279E+01   3.123633E-02   3.734858E-03
   8.518729E+00   2.405028E+01   3.067441E-02   3.727309E-03
   8.524642E+00   2.423190E+01   3.011699E-02   3.719766E-03
   8.530559E+00   2.441569E+01   2.956590E-02   3.712239E-03
   8.536479E+00   2.460088E+01   2.902180E-02   3.704733E-03
   8.542404E+00   2.478914E+01   2.847643E-02   3.697203E-03
   8.548334E+00   2.498127E+01   2.792629E-02   3.689629E-03
   8.554267E+00   2.517492E+01   2.738343E-02   3.682076E-03
   8.560204E+00   2.537022E+01   2.684740E-02   3.674541E-03
   8.566146E+00   2.557106E+01   2.630757E-02   3.666967E-03
   8.572091E+00   2.577351E+01   2.577513E-02   3.659413E-03
   8.578041E+00   2.597758E+01   2.525001E-02   3.651880E-03
   8.583995E+00   2.618637E+01   2.471939E-02   3.644296E-03
   8.589953E+00   2.639838E+01   2.419012E-02   3.636698E-03
   8.595915E+00   2.661213E+01   2.366848E-02   3.629122E-03
   8.601881E+00   2.682920E+01   2.315095E-02   3.621547E-03
   8.607852E+00   2.705149E+01   2.263362E-02   3.613951E-03
   8.613826E+00   2.727565E+01   2.212400E-02   3.606376E-03
   8.619805E+00   2.750170E+01   2.162204E-02   3.598823E-03
   8.625788E+00   2.773470E+01   2.111749E-02   3.591231E-03
   8.631775E+00   2.796988E+01   2.062041E-02   3.583659E-03
   8.637766E+00   2.820708E+01   2.013106E-02   3.576109E-03
   8.643761E+00   2.844999E+01   1.963857E-02   3.568514E-03
   8.649761E+00   2.869721E+01   1.914767E-02   3.560902E-03
   8.655764E+00   2.894663E+01   1.866481E-02   3.553312E-03
   8.661772E+00   2.920012E+01   1.818497E-02   3.545714E-03
   8.667784E+00   2.946040E+01   1.770154E-02   3.538063E-03
   8.673800E+00   2.972305E+01   1.722646E-02   3.530436E-03
   8.679821E+00   2.998808E+01   1.675963E-02   3.522832E-03
   8.685845E+00   3.026191E+01   1.629165E-02   3.515189E-03
   8.691874E+00   3.053848E+01   1.583180E-02   3.507567E-03
   8.697907E+00   3.081764E+01   1.538030E-02   3.499970E-03
   8.703944E+00   3.110428E+01   1.492700E-02   3.492327E-03
   8.709985E+00   3.139625E+01   1.447699E-02   3.484671E-03
   8.716030E+00   3.169101E+01   1.403563E-02   3.477040E-03
   8.722080E+00   3.199142E+01   1.359771E-02   3.469396E-03
   8.728134E+00   3.230018E+01   1.315888E-02   3.461707E-03
   8.734192E+00   3.261198E+01   1.272899E-02   3.454043E-03
   8.740254E+00   3.292722E+01   1.230736E-02   3.446400E-03
   8.746321E+00   3.325404E+01   1.188106E-02   3.438679E-03
   8.752391E+00   3.358418E+01   1.146401E-02   3.430985E-03
   8.758466E+00   3.391766E+01   1.105611E-02   3.423317E-03
   8.764545E+00   3.426196E+01   1.064721E-02   3.415593E-03
   8.770629E+00   3.461237E+01   1.024439E-02   3.407870E-03
   8.776716E+00   3.496645E+01   9.851009E-03   3.400174E-03
   8.782808E+00   3.532915E+01   9.461059E-03   3.392454E-03
   8.788904E+00   3.570152E+01   9.073875E-03   3.384704E-03
   8.795004E+00   3.607791E+01   8.696427E-03   3.376981E-03
   8.801109E+00   3.646051E+01   8.326399E-03   3.369267E-03
   8.807217E+00   3.685705E+01   7.956292E-03   3.361491E-03
   8.813330E+00   3.725800E+01   7.596217E-03   3.353745E-03
   8.819447E+00   3.766342E+01   7.246062E-03   3.346027E-03
   8.825569E+00   3.808587E+01   6.891789E-03   3.338202E-03
   8.831694E+00   3.851443E+01   6.546656E-03   3.330393E-03
   8.837824E+00   3.894794E+01   6.211964E-03   3.322615E-03
   8.843959E+00   3.939613E+01   5.878345E-03   3.314770E-03
   8.850097E+00   3.985495E+01   5.550581E-03   3.306898E-03
   8.856240E+00   4.031931E+01   5.233783E-03   3.299063E-03
   8.862387E+00   4.079570E+01   4.922663E-03   3.291200E-03
   8.868538E+00   4.128821E+01   4.614766E-03   3.283277E-03
   8.874693E+00   4.178684E+01   4.318367E-03   3.275388E-03
   8.880853E+00   4.229423E+01   4.032076E-03   3.267516E-03
   8.887017E+00   4.282407E+01   3.749624E-03   3.259581E-03
   8.893185E+00   4.336075E+01   3.478960E-03   3.251679E-03
   8.899358E+00   4.390435E+01   3.219939E-03   3.243813E-03
   8.905535E+00   4.447470E+01   2.960622E-03   3.235809E-03
   8.911716E+00   4.505501E+01   2.712453E-03   3.227822E-03
   8.917902E+00   4.564314E+01   2.476705E-03   3.219872E-03
   8.924091E+00   4.625543E+01   2.247097E-03   3.211856E-03
   8.930285E+00   4.688466E+01   2.027301E-03   3.203826E-03
   8.936484E+00   4.752274E+01   1.820462E-03   3.195835E-03
   8.942686E+00   4.818182E+01   1.621282E-03   3.187782E-03
   8.948893E+00   4.886635E+01   1.429148E-03   3.179638E-03
   8.955105E+00   4.956095E+01   1.251039E-03   3.171536E-03
   8.961320E+00   5.027246E+01   1.085379E-03   3.163441E-03
   8.967540E+00   5.101973E+01   9.289155E-04   3.155265E-03
   8.973764E+00   5.177839E+01   7.870286E-04   3.147098E-03
   8.979993E+00   5.254888E+01   6.595149E-04   3.139008E-03
   8.986226E+00   5.337065E+01   5.397350E-04   3.130731E-03
   8.992463E+00   5.420583E+01   4.356365E-04   3.122499E-03
   8.998704E+00   5.505458E+01   3.470021E-04   3.114314E-03
   9.004950E+00   5.595146E+01   2.710136E-04   3.106019E-03
   9.011200E+00   5.687268E+01   2.107314E-04   3.097733E-03
   9.017455E+00   5.780968E+01   1.667503E-04   3.089495E-03
   9.023714E+00   5.879361E+01   1.379799E-04   3.081140E-03
   9.029977E+00   5.981655E+01   1.262632E-04   3.072725E-03
   9.036244E+00   6.085804E+01   1.323744E-04   3.064362E-03
   9.042516E+00   6.194425E+01   1.568650E-04   3.055949E-03
   9.048793E+00   6.308993E+01   2.014448E-04   3.047436E-03
   9.055073E+00   6.425774E+01   2.652552E-04   3.038980E-03
   9.061358E+00   6.546421E+01   3.493859E-04   3.030517E-03
   9.067647E+00   6.675384E+01   4.588473E-04   3.021883E-03
   9.073941E+00   6.807005E+01   5.893109E-04   3.013311E-03
   9.080239E+00   6.941702E+01   7.408933E-04   3.004789E-03
   9.086542E+00   7.088419E+01   9.260620E-04   2.996020E-03
   9.092848E+00   7.238407E+01   1.134354E-03   2.987352E-03
   9.099160E+00   7.391707E+01   1.365381E-03   2.978719E-03
   9.105475E+00   7.558533E+01   1.637121E-03   2.969849E-03
   9.111795E+00   7.730906E+01   1.937104E-03   2.961007E-03
   9.118119E+00   7.907413E+01   2.262319E-03   2.952240E-03
   9.124448E+00   8.098752E+01   2.634367E-03   2.943272E-03
   9.130781E+00   8.299562E+01   3.043899E-03   2.934270E-03
   9.137119E+00   8.505617E+01   3.481758E-03   2.925352E-03
   9.143461E+00   8.727595E+01   3.972237E-03   2.916275E-03
   9.149807E+00   8.964707E+01   4.514972E-03   2.907088E-03
   9.156158E+00   9.208614E+01   5.089990E-03   2.897996E-03
   9.162513E+00   9.469775E+01   5.722247E-03   2.888798E-03
   9.168872E+00   9.754925E+01   6.429547E-03   2.879399E-03
   9.175236E+00   1.004916E+02   7.174262E-03   2.870113E-03
   9.181605E+00   1.036168E+02   7.978853E-03   2.860784E-03
   9.187977E+00   1.071189E+02   8.893871E-03   2.851139E-03
   9.194355E+00   1.107463E+02   9.853175E-03   2.841620E-03
   9.200736E+00   1.145619E+02   1.087127E-02   2.832147E-03
   9.207122E+00   1.189813E+02   1.205623E-02   2.822206E-03
   9.213513E+00   1.235811E+02   1.329513E-02   2.812416E-03
   9.219908E+00   1.283692E+02   1.458700E-02   2.802773E-03
   9.226307E+00   1.341350E+02   1.613030E-02   2.792491E-03
   9.232711E+00   1.401867E+02   1.774440E-02   2.782378E-03
   9.239119E+00   1.465274E+02   1.942541E-02   2.772443E-03
   9.245532E+00   1.542676E+02   2.143515E-02   2.761846E-03
   9.251949E+00   1.626249E+02   2.357505E-02   2.751337E-03
   9.258371E+00   1.714602E+02   2.580377E-02   2.741045E-03
   9.264797E+00   1.824641E+02   2.847812E-02   2.730055E-03
   9.271227E+00   1.948180E+02   3.139651E-02   2.719028E-03
   9.277662E+00   2.080513E+02   3.444154E-02   2.708270E-03
   9.284102E+00   2.249815E+02   3.810739E-02   2.696775E-03
   9.290546E+00   2.450707E+02   4.224036E-02   2.685030E-03
   9.296994E+00   2.670284E+02   4.657251E-02   2.673583E-03
   9.303447E+00   2.958756E+02   5.173345E-02   2.661377E-03
   9.309904E+00   3.326962E+02   5.774920E-02   2.648487E-03
   9.316366E+00   3.741943E+02   6.411514E-02   2.635655E-03
   9.322832E+00   4.266974E+02   7.105516E-02   2.622175E-03
   9.329303E+00   4.950509E+02   7.874450E-02   2.607235E-03
   9.335779E+00   5.740551E+02   8.700559E-02   2.590774E-03
   9.342258E+00   6.600496E+02   9.469369E-02   2.573360E-03
   9.348743E+00   7.473462E+02   1.006597E-01   2.555813E-03
   9.355231E+00   8.448147E+02   1.071654E-01   2.535156E-03
   9.361725E+00   9.418194E+02   1.131090E-01   2.513192E-03
   9.368223E+00   1.014715E+03   1.162239E-01   2.495598E-03
   9.374725E+00   1.091927E+03   1.196997E-01   2.476107E-03
   9.381232E+00   1.167699E+03   1.231015E-01   2.456026E-03
   9.387743E+00   1.221825E+03   1.247684E-01   2.440868E-03
   9.394259E+00   1.277640E+03   1.266849E-01   2.424907E-03
   9.400779E+00   1.332977E+03   1.287101E-01   2.408717E-03
   9.407304E+00   1.373902E+03   1.297723E-01   2.396253E-03
   9.413834E+00   1.415627E+03   1.310188E-01   2.383482E-03
   9.420368E+00   1.457524E+03   1.324150E-01   2.370586E-03
   9.426906E+00   1.489764E+03   1.332221E-01   2.360350E-03
   9.433449E+00   1.522478E+03   1.341719E-01   2.350014E-03
   9.439997E+00   1.555665E+03   1.352706E-01   2.339590E-03
   9.446549E+00   1.582047E+03   1.359693E-01   2.331076E-03
   9.453105E+00   1.608760E+03   1.367820E-01   2.322550E-03
   9.459667E+00   1.635816E+03   1.377128E-01   2.314018E-03
   9.466233E+00   1.658395E+03   1.383913E-01   2.306734E-03
   9.472803E+00   1.680986E+03   1.391445E-01   2.299537E-03
   9.479378E+00   1.703854E+03   1.399941E-01   2.292367E-03
   9.485957E+00   1.723598E+03   1.406699E-01   2.286047E-03
   9.492541E+00   1.743218E+03   1.413969E-01   2.279848E-03
   9.499130E+00   1.763076E+03   1.422044E-01   2.273686E-03
   9.505723E+00   1.780688E+03   1.428899E-01   2.268103E-03
   9.512321E+00   1.798128E+03   1.436123E-01   2.262641E-03
   9.518923E+00   1.815779E+03   1.444031E-01   2.257217E-03
   9.525530E+00   1.831736E+03   1.451000E-01   2.252209E-03
   9.532141E+00   1.847508E+03   1.458238E-01   2.247311E-03
   9.538758E+00   1.863472E+03   1.466067E-01   2.242449E-03
   9.545378E+00   1.878113E+03   1.473157E-01   2.237886E-03
   9.552004E+00   1.892575E+03   1.480451E-01   2.233415E-03
   9.558633E+00   1.907212E+03   1.488259E-01   2.228977E-03
   9.565268E+00   1.920799E+03   1.495479E-01   2.224749E-03
   9.571907E+00   1.934224E+03   1.502863E-01   2.220596E-03
   9.578551E+00   1.947810E+03   1.510699E-01   2.216471E-03
   9.585199E+00   1.960517E+03   1.518015E-01   2.212506E-03
   9.591852E+00   1.973079E+03   1.525458E-01   2.208602E-03
   9.598509E+00   1.985788E+03   1.533302E-01   2.204721E-03
   9.605172E+00   1.997764E+03   1.540713E-01   2.200948E-03
   9.611838E+00   2.009621E+03   1.548240E-01   2.197220E-03
   9.618510E+00   2.021613E+03   1.556123E-01   2.193512E-03
   9.625186E+00   2.032954E+03   1.563593E-01   2.189885E-03
   9.631866E+00   2.044192E+03   1.571160E-01   2.186293E-03
   9.638552E+00   2.055555E+03   1.579045E-01   2.182718E-03
   9.645242E+00   2.066339E+03   1.586558E-01   2.179191E-03
   9.651936E+00   2.077042E+03   1.594164E-01   2.175688E-03
   9.658635E+00   2.087860E+03   1.602055E-01   2.172199E-03
   9.665339E+00   2.098144E+03   1.609593E-01   2.168732E-03
   9.672048E+00   2.108366E+03   1.617222E-01   2.165279E-03
   9.678761E+00   2.118694E+03   1.625107E-01   2.161838E-03
   9.685479E+00   2.128522E+03   1.632639E-01   2.158405E-03
   9.692201E+00   2.138309E+03   1.640263E-01   2.154982E-03
   9.698929E+00   2.148192E+03   1.648116E-01   2.151568E-03
   9.705660E+00   2.157578E+03   1.655606E-01   2.148138E-03
   9.712397E+00   2.166938E+03   1.663189E-01   2.144712E-03
   9.719138E+00   2.176384E+03   1.670975E-01   2.141294E-03
   9.725884E+00   2.185354E+03   1.678415E-01   2.137834E-03
   9.732635E+00   2.194319E+03   1.685955E-01   2.134373E-03
   9.739390E+00   2.203362E+03   1.693677E-01   2.130920E-03
   9.746150E+00   2.211910E+03   1.701022E-01   2.127404E-03
   9.752914E+00   2.220469E+03   1.708469E-01   2.123888E-03
   9.759684E+00   2.229098E+03   1.716077E-01   2.120378E-03
   9.766458E+00   2.237210E+03   1.723287E-01   2.116776E-03
   9.773237E+00   2.245352E+03   1.730606E-01   2.113175E-03
   9.780020E+00   2.253553E+03   1.738062E-01   2.109579E-03
   9.786808E+00   2.261213E+03   1.745107E-01   2.105856E-03
   9.793601E+00   2.268924E+03   1.752268E-01   2.102138E-03
   9.800398E+00   2.276651E+03   1.759517E-01   2.098415E-03
   9.807201E+00   2.283863E+03   1.766397E-01   2.094533E-03
   9.814008E+00   2.291116E+03   1.773372E-01   2.090656E-03
   9.820819E+00   2.298334E+03   1.780383E-01   2.086758E-03
   9.827636E+00   2.305028E+03   1.787023E-01   2.082673E-03
   9.834457E+00   2.311754E+03   1.793738E-01   2.078593E-03
   9.841283E+00   2.318389E+03   1.800440E-01   2.074466E-03
   9.848114E+00   2.324523E+03   1.806823E-01   2.070117E-03
   9.854949E+00   2.330678E+03   1.813259E-01   2.065775E-03
   9.861789E+00   2.336665E+03   1.819624E-01   2.061343E-03
   9.868634E+00   2.342131E+03   1.825679E-01   2.056648E-03
   9.875484E+00   2.347607E+03   1.831765E-01   2.051962E-03
   9.882338E+00   2.352820E+03   1.837731E-01   2.047118E-03
   9.889197E+00   2.357506E+03   1.843422E-01   2.041966E-03
   9.896061E+00   2.362189E+03   1.849121E-01   2.036824E-03
   9.902930E+00   2.366480E+03   1.854665E-01   2.031413E-03
   9.909803E+00   2.370234E+03   1.859979E-01   2.025638E-03
   9.916682E+00   2.373972E+03   1.865280E-01   2.019879E-03
   9.923565E+00   2.377152E+03   1.870437E-01   2.013662E-03
   9.930452E+00   2.379801E+03   1.875445E-01   2.007025E-03
   9.937345E+00   2.382421E+03   1.880417E-01   2.000411E-03
   9.944242E+00   2.384231E+03   1.885347E-01   1.993000E-03
   9.951144E+00   2.385515E+03   1.890222E-01   1.985108E-03
   9.958051E+00   2.386757E+03   1.895044E-01   1.977252E-03
   9.964963E+00   2.386919E+03   1.900292E-01   1.967963E-03
   9.971879E+00   2.386624E+03   1.905663E-01   1.958154E-03
   9.978801E+00   2.386276E+03   1.910960E-01   1.948401E-03
   9.985727E+00   2.384572E+03   1.918005E-01   1.935943E-03
   9.992658E+00   2.382532E+03   1.925331E-01   1.923005E-03
   9.999593E+00   2.380429E+03   1.932538E-01   1.910168E-03
   1.000653E+01   2.377141E+03   1.945480E-01   1.891792E-03
   1.001348E+01   2.373663E+03   1.958477E-01   1.873270E-03
   1.002043E+01   2.370152E+03   1.972205E-01   1.854196E-03
   1.002738E+01   2.367590E+03   2.001629E-01   1.824115E-03
   1.003434E+01   2.364304E+03   2.029231E-01   1.794572E-03
   1.004131E+01   2.362266E+03   2.063827E-01   1.760795E-03
   1.004828E+01   2.364761E+03   2.130052E-01   1.708223E-03
   1.005525E+01   2.360415E+03   2.184269E-01   1.658522E-03
   1.006223E+01   2.353400E+03   2.249280E-01   1.605299E-03
   1.006922E+01   2.334205E+03   2.345601E-01   1.549097E-03
   1.007620E+01   2.288226E+03   2.434125E-01   1.508975E-03
   1.008320E+01   2.253365E+03   2.599901E-01   1.490262E-03
   1.009020E+01   2.271585E+03   2.964471E-01   1.475212E-03
   1.009720E+01   2.333979E+03   3.567945E-01   1.440786E-03
   1.010421E+01   2.534811E+03   4.484503E-01   1.393316E-03
   1.011122E+01   2.877566E+03   5.751655E-01   1.333266E-03
   1.011824E+01   3.336287E+03   7.509471E-01   1.256365E-03
   1.012526E+01   3.951650E+03   9.327915E-01   1.205981E-03
   1.013229E+01   4.625341E+03   1.111904E+00   1.185647E-03
   1.013932E+01   5.290587E+03   1.290261E+00   1.191313E-03
   1.014636E+01   5.594308E+03   1.264140E+00   1.292791E-03
   1.015340E+01   5.790196E+03   1.216020E+00   1.429194E-03
   1.016045E+01   5.886824E+03   1.164566E+00   1.593397E-03
   1.016750E+01   5.572670E+03   9.951363E-01   1.730951E-03
   1.017456E+01   5.288396E+03   8.652956E-01   1.874425E-03
   1.018162E+01   5.024799E+03   7.658692E-01   2.003059E-03
   1.018869E+01   4.775613E+03   6.834879E-01   2.059985E-03
   1.019576E+01   4.544046E+03   6.133710E-01   2.115927E-03
   1.020284E+01   4.340463E+03   5.562332E-01   2.160827E-03
   1.020992E+01   4.166428E+03   5.099168E-01   2.189773E-03
   1.021701E+01   4.001665E+03   4.686541E-01   2.217849E-03
   1.022410E+01   3.829869E+03   4.272346E-01   2.236147E-03
   1.023119E+01   3.656516E+03   3.872422E-01   2.247086E-03
   1.023829E+01   3.492895E+03   3.516372E-01   2.257201E-03
   1.024540E+01   3.357312E+03   3.217113E-01   2.239823E-03
   1.025251E+01   3.232875E+03   2.952531E-01   2.215008E-03
   1.025963E+01   3.113223E+03   2.713743E-01   2.191341E-03
   1.026675E+01   3.068231E+03   2.618712E-01   2.153904E-03
   1.027387E+01   3.026633E+03   2.538341E-01   2.117376E-03
   1.028101E+01   2.989621E+03   2.473559E-01   2.082652E-03
   1.028814E+01   2.982667E+03   2.465460E-01   2.050166E-03
   1.029528E+01   2.974744E+03   2.459897E-01   2.018715E-03
   1.030243E+01   2.968488E+03   2.460788E-01   1.988399E-03
   1.030958E+01   2.966390E+03   2.471688E-01   1.959246E-03
   1.031673E+01   2.963337E+03   2.483946E-01   1.930915E-03
   1.032390E+01   2.959121E+03   2.500582E-01   1.899843E-03
   1.033106E+01   2.953313E+03   2.521183E-01   1.866910E-03
   1.033823E+01   2.945939E+03   2.542705E-01   1.835147E-03
   1.034541E+01   2.941995E+03   2.596747E-01   1.789275E-03
   1.035259E+01   2.935279E+03   2.662040E-01   1.741145E-03
   1.035977E+01   2.923709E+03   2.727127E-01   1.695897E-03
   1.036696E+01   2.959069E+03   2.987725E-01   1.615704E-03
   1.037416E+01   2.985468E+03   3.292710E-01   1.540899E-03
   1.038136E+01   3.041652E+03   3.738555E-01   1.468718E-03
   1.038857E+01   3.299342E+03   4.809678E-01   1.378250E-03
   1.039578E+01   3.677869E+03   6.529805E-01   1.265865E-03
   1.040299E+01   4.309756E+03   9.051087E-01   1.161327E-03
   1.041021E+01   5.174335E+03   1.199258E+00   1.107807E-03
   1.041744E+01   6.074206E+03   1.548176E+00   1.078870E-03
   1.042467E+01   6.529030E+03   1.618869E+00   1.173950E-03
   1.043190E+01   6.664530E+03   1.530183E+00   1.358084E-03
   1.043914E+01   6.705859E+03   1.465099E+00   1.587088E-03
   1.044639E+01   6.271812E+03   1.230028E+00   1.742995E-03
   1.045364E+01   5.825496E+03   1.031140E+00   1.891570E-03
   1.046090E+01   5.439940E+03   8.877572E-01   2.030234E-03
   1.046816E+01   5.207779E+03   8.036316E-01   2.053573E-03
   1.047542E+01   4.986527E+03   7.289713E-01   2.076541E-03
   1.048269E+01   4.814209E+03   6.736813E-01   2.090093E-03
   1.048997E+01   4.711612E+03   6.408319E-01   2.088325E-03
   1.049725E+01   4.611104E+03   6.097158E-01   2.086595E-03
   1.050454E+01   4.541156E+03   5.882135E-01   2.082230E-03
   1.051183E+01   4.489257E+03   5.722234E-01   2.076315E-03
   1.051912E+01   4.437841E+03   5.566850E-01   2.070473E-03
   1.052642E+01   4.407226E+03   5.471568E-01   2.064252E-03
   1.053373E+01   4.379519E+03   5.385475E-01   2.058021E-03
   1.054104E+01   4.353797E+03   5.305872E-01   2.051875E-03
   1.054836E+01   4.339407E+03   5.257876E-01   2.045981E-03
   1.055568E+01   4.325033E+03   5.210325E-01   2.040118E-03
   1.056301E+01   4.314062E+03   5.172358E-01   2.034451E-03
   1.057034E+01   4.307963E+03   5.147764E-01   2.029043E-03
   1.057767E+01   4.301860E+03   5.123301E-01   2.023654E-03
   1.058502E+01   4.299361E+03   5.108677E-01   2.018547E-03
   1.059236E+01   4.298533E+03   5.098610E-01   2.013576E-03
   1.059971E+01   4.297704E+03   5.088586E-01   2.008617E-03
   1.060707E+01   4.300843E+03   5.089299E-01   2.004052E-03
   1.061443E+01   4.304149E+03   5.090473E-01   1.999511E-03
   1.062180E+01   4.308121E+03   5.093450E-01   1.995036E-03
   1.062917E+01   4.314145E+03   5.101953E-01   1.990750E-03
   1.063655E+01   4.320185E+03   5.110506E-01   1.986469E-03
   1.064393E+01   4.327510E+03   5.122552E-01   1.982339E-03
   1.065132E+01   4.335972E+03   5.137695E-01   1.978340E-03
   1.065871E+01   4.344458E+03   5.152924E-01   1.974346E-03
   1.066611E+01   4.354460E+03   5.172282E-01   1.970505E-03
   1.067352E+01   4.364807E+03   5.192613E-01   1.966699E-03
   1.068092E+01   4.375391E+03   5.213627E-01   1.962915E-03
   1.068834E+01   4.387451E+03   5.238701E-01   1.959263E-03
   1.069576E+01   4.399552E+03   5.263948E-01   1.955616E-03
   1.070318E+01   4.412194E+03   5.290765E-01   1.952053E-03
   1.071061E+01   4.425550E+03   5.319648E-01   1.948604E-03
   1.071804E+01   4.438951E+03   5.348742E-01   1.945158E-03
   1.072548E+01   4.453380E+03   5.380745E-01   1.941774E-03
   1.073293E+01   4.468211E+03   5.413965E-01   1.938416E-03
   1.074038E+01   4.483147E+03   5.447590E-01   1.935067E-03
   1.074783E+01   4.499092E+03   5.484173E-01   1.931826E-03
   1.075529E+01   4.515096E+03   5.521062E-01   1.928590E-03
   1.076276E+01   4.531583E+03   5.559447E-01   1.925376E-03
   1.077023E+01   4.548861E+03   5.600206E-01   1.922197E-03
   1.077770E+01   4.566204E+03   5.641330E-01   1.919024E-03
   1.078518E+01   4.584277E+03   5.684740E-01   1.915935E-03
   1.079267E+01   4.602714E+03   5.729410E-01   1.912887E-03
   1.080016E+01   4.621240E+03   5.774547E-01   1.909846E-03
   1.080765E+01   4.640640E+03   5.822418E-01   1.906839E-03
   1.081516E+01   4.660115E+03   5.870756E-01   1.903838E-03
   1.082266E+01   4.680057E+03   5.920692E-01   1.900847E-03
   1.083017E+01   4.700791E+03   5.973199E-01   1.897865E-03
   1.083769E+01   4.721608E+03   6.026245E-01   1.894892E-03
   1.084521E+01   4.743238E+03   6.082016E-01   1.891967E-03
   1.085274E+01   4.765280E+03   6.139353E-01   1.889070E-03
   1.086027E+01   4.787442E+03   6.197406E-01   1.886180E-03
   1.086781E+01   4.810580E+03   6.258714E-01   1.883273E-03
   1.087535E+01   4.833811E+03   6.320709E-01   1.880375E-03
   1.088290E+01   4.857578E+03   6.384757E-01   1.877508E-03
   1.089046E+01   4.882149E+03   6.451731E-01   1.874685E-03
   1.089802E+01   4.906820E+03   6.519490E-01   1.871873E-03
   1.090558E+01   4.932337E+03   6.590336E-01   1.869048E-03
   1.091315E+01   4.958225E+03   6.662863E-01   1.866226E-03
   1.092072E+01   4.984340E+03   6.736656E-01   1.863411E-03
   1.092830E+01   5.011728E+03   6.815006E-01   1.860562E-03
   1.093589E+01   5.039230E+03   6.894361E-01   1.857726E-03
   1.094348E+01   5.067402E+03   6.976531E-01   1.854905E-03
   1.095107E+01   5.096351E+03   7.061928E-01   1.852101E-03
   1.095868E+01   5.125418E+03   7.148466E-01   1.849313E-03
   1.096628E+01   5.155826E+03   7.240191E-01   1.846529E-03
   1.097389E+01   5.186618E+03   7.334055E-01   1.843760E-03
   1.098151E+01   5.217861E+03   7.430303E-01   1.840984E-03
   1.098913E+01   5.250554E+03   7.532300E-01   1.838127E-03
   1.099676E+01   5.283384E+03   7.635807E-01   1.835290E-03
   1.100439E+01   5.317329E+03   7.744196E-01   1.832429E-03
   1.101203E+01   5.352141E+03   7.856748E-01   1.829558E-03
   1.101967E+01   5.387099E+03   7.971051E-01   1.826709E-03
   1.102732E+01   5.423913E+03   8.093184E-01   1.823808E-03
   1.103498E+01   5.460959E+03   8.217587E-01   1.820928E-03
   1.104264E+01   5.498901E+03   8.346710E-01   1.818039E-03
   1.105030E+01   5.538424E+03   8.483198E-01   1.815111E-03
   1.105797E+01   5.578112E+03   8.622049E-01   1.812212E-03
   1.106564E+01   5.619878E+03   8.770378E-01   1.809176E-03
   1.107333E+01   5.662516E+03   8.924002E-01   1.806112E-03
   1.108101E+01   5.705666E+03   9.081755E-01   1.803065E-03
   1.108870E+01   5.751213E+03   9.251123E-01   1.799952E-03
   1.109640E+01   5.796951E+03   9.423810E-01   1.796876E-03
   1.110410E+01   5.844714E+03   9.607138E-01   1.793669E-03
   1.111181E+01   5.894300E+03   9.800729E-01   1.790355E-03
   1.111952E+01   5.944094E+03   9.998412E-01   1.787084E-03
   1.112724E+01   5.997354E+03   1.021398E+00   1.783663E-03
   1.113496E+01   6.051054E+03   1.043534E+00   1.780279E-03
   1.114269E+01   6.106519E+03   1.066835E+00   1.776803E-03
   1.115042E+01   6.165127E+03   1.091957E+00   1.773117E-03
   1.115816E+01   6.223976E+03   1.117696E+00   1.769490E-03
   1.116591E+01   6.287074E+03   1.145894E+00   1.765551E-03
   1.117366E+01   6.351689E+03   1.175419E+00   1.761564E-03
   1.118141E+01   6.417671E+03   1.206266E+00   1.757544E-03
   1.118917E+01   6.488935E+03   1.240399E+00   1.753136E-03
   1.119694E+01   6.560481E+03   1.275540E+00   1.748812E-03
   1.120471E+01   6.637049E+03   1.314139E+00   1.744100E-03
   1.121249E+01   6.717016E+03   1.355583E+00   1.739178E-03
   1.122027E+01   6.797602E+03   1.398566E+00   1.734325E-03
   1.122806E+01   6.887663E+03   1.448057E+00   1.728635E-03
   1.123585E+01   6.978043E+03   1.499378E+00   1.723074E-03
   1.124365E+01   7.074571E+03   1.556053E+00   1.717022E-03
   1.125145E+01   7.178096E+03   1.619067E+00   1.710419E-03
   1.125926E+01   7.281908E+03   1.684745E+00   1.703985E-03
   1.126708E+01   7.400762E+03   1.762943E+00   1.696025E-03
   1.127490E+01   7.521440E+03   1.846010E+00   1.688108E-03
   1.128272E+01   7.650100E+03   1.938803E+00   1.679553E-03
   1.129056E+01   7.793544E+03   2.047654E+00   1.669662E-03
   1.129839E+01   7.937062E+03   2.162902E+00   1.660084E-03
   1.130623E+01   8.106275E+03   2.307057E+00   1.647986E-03
   1.131408E+01   8.281914E+03   2.467438E+00   1.635604E-03
   1.132193E+01   8.468896E+03   2.651392E+00   1.622602E-03
   1.132979E+01   8.691124E+03   2.889389E+00   1.606924E-03
   1.133766E+01   8.911776E+03   3.149664E+00   1.591952E-03
   1.134553E+01   9.179328E+03   3.503437E+00   1.576583E-03
   1.135340E+01   9.463300E+03   3.931342E+00   1.561749E-03
   1.136128E+01   9.751028E+03   4.434921E+00   1.552006E-03
   1.136917E+01   1.007674E+04   5.132918E+00   1.564710E-03
   1.137706E+01   1.038943E+04   5.940243E+00   1.578650E-03
   1.138495E+01   1.062180E+04   6.788239E+00   1.659294E-03
   1.139286E+01   1.079435E+04   7.699164E+00   1.787667E-03
   1.140076E+01   1.092266E+04   8.668614E+00   1.941621E-03
   1.140868E+01   1.079604E+04   9.140410E+00   2.265485E-03
   1.141660E+01   1.063540E+04   9.692788E+00   2.648067E-03
   1.142452E+01   1.028015E+04   9.775047E+00   3.170089E-03
   1.143245E+01   9.758035E+03   9.626499E+00   3.875951E-03
   1.144038E+01   9.178158E+03   9.662700E+00   4.760034E-03
   1.144833E+01   8.288758E+03   8.763349E+00   5.771167E-03
   1.145627E+01   7.390042E+03   8.446088E+00   7.034352E-03
   1.146422E+01   6.223295E+03   7.356960E+00   8.164701E-03
   1.147218E+01   4.939425E+03   6.187342E+00   9.023923E-03
   1.148014E+01   3.858904E+03   5.780177E+00   9.908784E-03
   1.148811E+01   3.071717E+03   4.690474E+00   9.465694E-03
   1.149608E+01   2.429967E+03   3.945351E+00   9.014625E-03
   1.150406E+01   1.992908E+03   3.405894E+00   8.536745E-03
   1.151205E+01   1.695429E+03   2.971631E+00   8.049120E-03
   1.152004E+01   1.440454E+03   2.604770E+00   7.587773E-03
   1.152803E+01   1.277793E+03   2.347775E+00   7.230723E-03
   1.153604E+01   1.132623E+03   2.117919E+00   6.890836E-03
   1.154404E+01   1.017190E+03   1.929745E+00   6.596581E-03
   1.155206E+01   9.255206E+02   1.774889E+00   6.342937E-03
   1.156007E+01   8.418609E+02   1.632352E+00   6.100231E-03
   1.156810E+01   7.801976E+02   1.521044E+00   5.903624E-03
   1.157613E+01   7.228117E+02   1.416831E+00   5.714096E-03
   1.158416E+01   6.746516E+02   1.325959E+00   5.544010E-03
   1.159220E+01   6.341092E+02   1.246328E+00   5.391041E-03
   1.160025E+01   5.960872E+02   1.171254E+00   5.243465E-03
   1.160830E+01   5.671857E+02   1.108180E+00   5.116409E-03
   1.161636E+01   5.395791E+02   1.048086E+00   4.992980E-03
   1.162442E+01   5.164916E+02   9.939094E-01   4.879370E-03
   1.163249E+01   4.969107E+02   9.445802E-01   4.773906E-03
   1.164056E+01   4.783699E+02   8.976213E-01   4.671766E-03
   1.164864E+01   4.653314E+02   8.561496E-01   4.579714E-03
   1.165673E+01   4.525852E+02   8.162965E-01   4.489890E-03
   1.166482E+01   4.431902E+02   7.795658E-01   4.405599E-03
   1.167291E+01   4.359878E+02   7.452408E-01   4.325510E-03
   1.168101E+01   4.295217E+02   7.123978E-01   4.247728E-03
   1.168912E+01   4.277591E+02   6.822623E-01   4.174971E-03
   1.169724E+01   4.259558E+02   6.531827E-01   4.103803E-03
   1.170535E+01   4.280015E+02   6.258571E-01   4.035694E-03
   1.171348E+01   4.320437E+02   5.998447E-01   3.969804E-03
   1.172161E+01   4.374193E+02   5.748602E-01   3.905542E-03
   1.172974E+01   4.483672E+02   5.512646E-01   3.843546E-03
   1.173789E+01   4.595417E+02   5.284899E-01   3.782845E-03
   1.174603E+01   4.770313E+02   5.068104E-01   3.723686E-03
   1.175419E+01   4.973693E+02   4.860237E-01   3.665847E-03
   1.176234E+01   5.213571E+02   4.661207E-01   3.609250E-03
   1.177051E+01   5.538924E+02   4.472839E-01   3.553917E-03
   1.177868E+01   5.883984E+02   4.292412E-01   3.499707E-03
   1.178685E+01   6.352350E+02   4.127298E-01   3.447525E-03
   1.179503E+01   6.878898E+02   3.972307E-01   3.396514E-03
   1.180322E+01   7.496676E+02   3.835617E-01   3.348458E-03
   1.181141E+01   8.251130E+02   3.723143E-01   3.304229E-03
   1.181961E+01   9.080890E+02   3.621624E-01   3.260605E-03
   1.182782E+01   1.005629E+03   3.581159E-01   3.230653E-03
   1.183602E+01   1.113969E+03   3.556339E-01   3.201387E-03
   1.184424E+01   1.226974E+03   3.587936E-01   3.185483E-03
   1.185246E+01   1.344254E+03   3.673044E-01   3.181895E-03
   1.186069E+01   1.469188E+03   3.781863E-01   3.180693E-03
   1.186892E+01   1.563787E+03   3.977215E-01   3.209750E-03
   1.187716E+01   1.664289E+03   4.187870E-01   3.239162E-03
   1.188540E+01   1.726289E+03   4.430698E-01   3.286684E-03
   1.189365E+01   1.766263E+03   4.694391E-01   3.344965E-03
   1.190191E+01   1.789285E+03   4.956443E-01   3.406641E-03
   1.191017E+01   1.754478E+03   5.183838E-01   3.475958E-03
   1.191843E+01   1.719978E+03   5.423132E-01   3.547279E-03
   1.192671E+01   1.632285E+03   5.558725E-01   3.606451E-03
   1.193498E+01   1.537228E+03   5.683581E-01   3.663373E-03
   1.194327E+01   1.430827E+03   5.755464E-01   3.708013E-03
   1.195156E+01   1.308166E+03   5.740876E-01   3.732458E-03
   1.195985E+01   1.195951E+03   5.744626E-01   3.756814E-03
   1.196815E+01   1.079568E+03   5.636290E-01   3.751067E-03
   1.197646E+01   9.742437E+02   5.542145E-01   3.744541E-03
   1.198477E+01   8.795993E+02   5.422903E-01   3.727738E-03
   1.199309E+01   7.944068E+02   5.287109E-01   3.703461E-03
   1.200142E+01   7.183804E+02   5.157386E-01   3.678052E-03
   1.200975E+01   6.537851E+02   5.016082E-01   3.646939E-03
   1.201808E+01   5.949734E+02   4.882038E-01   3.616096E-03
   1.202642E+01   5.455193E+02   4.750658E-01   3.584154E-03
   1.203477E+01   5.012821E+02   4.623396E-01   3.552132E-03
   1.204312E+01   4.622558E+02   4.501921E-01   3.520634E-03
   1.205148E+01   4.287994E+02   4.386269E-01   3.489781E-03
   1.205985E+01   3.977513E+02   4.274086E-01   3.459263E-03
   1.206822E+01   3.720417E+02   4.170220E-01   3.430314E-03
   1.207659E+01   3.480382E+02   4.069115E-01   3.401696E-03
   1.208498E+01   3.270026E+02   3.973882E-01   3.374260E-03
   1.209336E+01   3.081529E+02   3.883104E-01   3.347703E-03
   1.210176E+01   2.907615E+02   3.795387E-01   3.321702E-03
   1.211016E+01   2.756997E+02   3.713424E-01   3.297027E-03
   1.211856E+01   2.614125E+02   3.633112E-01   3.272591E-03
   1.212697E+01   2.489575E+02   3.558140E-01   3.249453E-03
   1.213539E+01   2.373074E+02   3.485329E-01   3.226745E-03
   1.214381E+01   2.266645E+02   3.415573E-01   3.204742E-03
   1.215224E+01   2.170345E+02   3.349097E-01   3.183530E-03
   1.216068E+01   2.078752E+02   3.284026E-01   3.162580E-03
   1.216912E+01   1.998127E+02   3.223015E-01   3.142689E-03
   1.217756E+01   1.920603E+02   3.162992E-01   3.122962E-03
   1.218602E+01   1.850461E+02   3.105986E-01   3.104017E-03
   1.219447E+01   1.784578E+02   3.050686E-01   3.085473E-03
   1.220294E+01   1.722757E+02   2.997058E-01   3.067327E-03
   1.221141E+01   1.666218E+02   2.945771E-01   3.049795E-03
   1.221988E+01   1.611517E+02   2.895234E-01   3.032394E-03
   1.222837E+01   1.562487E+02   2.847437E-01   3.015750E-03
   1.223685E+01   1.514985E+02   2.800338E-01   2.999234E-03
   1.224535E+01   1.470983E+02   2.754979E-01   2.983178E-03
   1.225385E+01   1.429430E+02   2.710870E-01   2.967435E-03
   1.226235E+01   1.389794E+02   2.667790E-01   2.951939E-03
   1.227086E+01   1.353168E+02   2.626405E-01   2.936909E-03
   1.227938E+01   1.317497E+02   2.585562E-01   2.921980E-03
   1.228790E+01   1.284838E+02   2.546547E-01   2.907571E-03
   1.229643E+01   1.253138E+02   2.508129E-01   2.893289E-03
   1.230497E+01   1.223320E+02   2.470926E-01   2.879337E-03
   1.231351E+01   1.194980E+02   2.434702E-01   2.865645E-03
   1.232205E+01   1.167685E+02   2.399191E-01   2.852126E-03
   1.233061E+01   1.142230E+02   2.364942E-01   2.838967E-03
   1.233916E+01   1.117323E+02   2.331105E-01   2.825888E-03
   1.234773E+01   1.094203E+02   2.298528E-01   2.813176E-03
   1.235630E+01   1.071688E+02   2.266426E-01   2.800570E-03
   1.236487E+01   1.050317E+02   2.235157E-01   2.788193E-03
   1.237346E+01   1.029880E+02   2.204594E-01   2.776005E-03
   1.238205E+01   1.010090E+02   2.174539E-01   2.763941E-03
   1.239064E+01   9.914731E+01   2.145328E-01   2.752118E-03
   1.239924E+01   9.731945E+01   2.116446E-01   2.740361E-03
   1.240785E+01   9.560836E+01   2.088621E-01   2.728924E-03
   1.241646E+01   9.393485E+01   2.061173E-01   2.717574E-03
   1.242508E+01   9.233885E+01   2.034420E-01   2.706424E-03
   1.243370E+01   9.080294E+01   2.008229E-01   2.695428E-03
   1.244233E+01   8.931174E+01   1.982464E-01   2.684542E-03
   1.245097E+01   8.789671E+01   1.957359E-01   2.673848E-03
   1.245961E+01   8.650371E+01   1.932522E-01   2.663210E-03
   1.246826E+01   8.519394E+01   1.908451E-01   2.652808E-03
   1.247691E+01   8.390654E+01   1.884655E-01   2.642467E-03
   1.248557E+01   8.267655E+01   1.861449E-01   2.632302E-03
   1.249424E+01   8.148521E+01   1.838671E-01   2.622255E-03
   1.250291E+01   8.032832E+01   1.816215E-01   2.612290E-03
   1.251159E+01   7.922192E+01   1.794165E-01   2.602439E-03
   1.252027E+01   7.813194E+01   1.772356E-01   2.592641E-03
   1.252896E+01   7.710219E+01   1.751277E-01   2.583079E-03
   1.253766E+01   7.608575E+01   1.730410E-01   2.573563E-03
   1.254636E+01   7.511480E+01   1.710042E-01   2.564201E-03
   1.255507E+01   7.416777E+01   1.689982E-01   2.554922E-03
   1.256378E+01   7.324945E+01   1.670184E-01   2.545711E-03
   1.257250E+01   7.236417E+01   1.650661E-01   2.536572E-03
   1.258123E+01   7.149467E+01   1.631404E-01   2.527504E-03
   1.258996E+01   7.066742E+01   1.612782E-01   2.518647E-03
   1.259870E+01   6.984953E+01   1.594339E-01   2.509830E-03
   1.260744E+01   6.906882E+01   1.576201E-01   2.501102E-03
   1.261619E+01   6.830146E+01   1.558259E-01   2.492421E-03
   1.262495E+01   6.756025E+01   1.540643E-01   2.483838E-03
   1.263371E+01   6.684046E+01   1.523313E-01   2.475339E-03
   1.264248E+01   6.613644E+01   1.506224E-01   2.466908E-03
   1.265126E+01   6.546049E+01   1.489492E-01   2.458589E-03
   1.266004E+01   6.479138E+01   1.472918E-01   2.450307E-03
   1.266882E+01   6.415541E+01   1.456770E-01   2.442168E-03
   1.267762E+01   6.352552E+01   1.440771E-01   2.434063E-03
   1.268642E+01   6.292019E+01   1.425035E-01   2.426038E-03
   1.269522E+01   6.232730E+01   1.409486E-01   2.418063E-03
   1.270403E+01   6.175013E+01   1.394151E-01   2.410150E-03
   1.271285E+01   6.119024E+01   1.379042E-01   2.402304E-03
   1.272168E+01   6.063973E+01   1.364123E-01   2.394512E-03
   1.273051E+01   6.011288E+01   1.349558E-01   2.386841E-03
   1.273934E+01   5.959047E+01   1.335124E-01   2.379200E-03
   1.274818E+01   5.909072E+01   1.320863E-01   2.371608E-03
   1.275703E+01   5.859647E+01   1.306734E-01   2.364048E-03
   1.276589E+01   5.811954E+01   1.292911E-01   2.356592E-03
   1.277475E+01   5.765303E+01   1.279301E-01   2.349203E-03
   1.278361E+01   5.719749E+01   1.265877E-01   2.341870E-03
   1.279249E+01   5.675603E+01   1.252665E-01   2.334605E-03
   1.280137E+01   5.632066E+01   1.239577E-01   2.327372E-03
   1.281025E+01   5.590379E+01   1.226647E-01   2.320184E-03
   1.281914E+01   5.548989E+01   1.213832E-01   2.313025E-03
   1.282804E+01   5.509464E+01   1.201272E-01   2.305954E-03
   1.283694E+01   5.470376E+01   1.188836E-01   2.298917E-03
   1.284585E+01   5.432545E+01   1.176544E-01   2.291921E-03
   1.285477E+01   5.395479E+01   1.164377E-01   2.284960E-03
   1.286369E+01   5.359227E+01   1.152424E-01   2.278072E-03
   1.287262E+01   5.324016E+01   1.140727E-01   2.271275E-03
   1.288155E+01   5.289316E+01   1.129122E-01   2.264501E-03
   1.289050E+01   5.256202E+01   1.117577E-01   2.257734E-03
   1.289944E+01   5.223285E+01   1.106132E-01   2.250993E-03
   1.290840E+01   5.191677E+01   1.094932E-01   2.244341E-03
   1.291736E+01   5.160326E+01   1.083837E-01   2.237718E-03
   1.292632E+01   5.130186E+01   1.072946E-01   2.231168E-03
   1.293529E+01   5.100643E+01   1.062194E-01   2.224662E-03
   1.294427E+01   5.071833E+01   1.051560E-01   2.218191E-03
   1.295326E+01   5.043804E+01   1.041045E-01   2.211758E-03
   1.296225E+01   5.016240E+01   1.030609E-01   2.205343E-03
   1.297124E+01   4.989771E+01   1.020230E-01   2.198937E-03
   1.298025E+01   4.963462E+01   1.009946E-01   2.192558E-03
   1.298926E+01   4.938346E+01   9.999921E-02   2.186311E-03
   1.299827E+01   4.913350E+01   9.901209E-02   2.180087E-03
   1.300729E+01   4.889369E+01   9.803012E-02   2.173870E-03
   1.301632E+01   4.865709E+01   9.705567E-02   2.167673E-03
   1.302536E+01   4.842812E+01   9.609276E-02   2.161513E-03
   1.303440E+01   4.820464E+01   9.514023E-02   2.155385E-03
   1.304344E+01   4.798645E+01   9.419785E-02   2.149290E-03
   1.305250E+01   4.777618E+01   9.326686E-02   2.143232E-03
   1.306156E+01   4.756851E+01   9.234622E-02   2.137207E-03
   1.307062E+01   4.737006E+01   9.144558E-02   2.131261E-03
   1.307969E+01   4.717236E+01   9.055238E-02   2.125336E-03
   1.308877E+01   4.698381E+01   8.966332E-02   2.119416E-03
   1.309786E+01   4.679623E+01   8.878154E-02   2.113516E-03
   1.310695E+01   4.661765E+01   8.791143E-02   2.107657E-03
   1.311604E+01   4.644225E+01   8.704987E-02   2.101825E-03
   1.312515E+01   4.627241E+01   8.619868E-02   2.096029E-03
   1.313426E+01   4.610692E+01   8.535698E-02   2.090264E-03
   1.314337E+01   4.594528E+01   8.452434E-02   2.084529E-03
   1.315250E+01   4.578976E+01   8.370215E-02   2.078831E-03
   1.316163E+01   4.563634E+01   8.288775E-02   2.073158E-03
   1.317076E+01   4.549084E+01   8.208472E-02   2.067526E-03
   1.317990E+01   4.534575E+01   8.128826E-02   2.061914E-03
   1.318905E+01   4.520936E+01   8.049548E-02   2.056306E-03
   1.319821E+01   4.507341E+01   7.970919E-02   2.050718E-03
   1.320737E+01   4.494442E+01   7.893391E-02   2.045170E-03
   1.321653E+01   4.481735E+01   7.816610E-02   2.039647E-03
   1.322571E+01   4.469578E+01   7.740811E-02   2.034160E-03
   1.323489E+01   4.457763E+01   7.665844E-02   2.028702E-03
   1.324407E+01   4.446362E+01   7.591371E-02   2.023256E-03
   1.325326E+01   4.435472E+01   7.517361E-02   2.017821E-03
   1.326246E+01   4.424793E+01   7.444329E-02   2.012423E-03
   1.327167E+01   4.414655E+01   7.372902E-02   2.007094E-03
   1.328088E+01   4.404612E+01   7.301952E-02   2.001777E-03
   1.329010E+01   4.395316E+01   7.230620E-02   1.996429E-03
   1.329932E+01   4.386035E+01   7.159876E-02   1.991099E-03
   1.330855E+01   4.377443E+01   7.090966E-02   1.985851E-03
   1.331779E+01   4.368916E+01   7.022715E-02   1.980624E-03
   1.332703E+01   4.360938E+01   6.954232E-02   1.975375E-03
   1.333628E+01   4.353137E+01   6.886067E-02   1.970131E-03
   1.334554E+01   4.345790E+01   6.819259E-02   1.964945E-03
   1.335480E+01   4.338749E+01   6.753527E-02   1.959804E-03
   1.336407E+01   4.332017E+01   6.688229E-02   1.954674E-03
   1.337335E+01   4.325676E+01   6.623337E-02   1.949554E-03
   1.338263E+01   4.319571E+01   6.558909E-02   1.944448E-03
   1.339192E+01   4.314051E+01   6.494849E-02   1.939350E-03
   1.340121E+01   4.308621E+01   6.431385E-02   1.934273E-03
   1.341052E+01   4.303776E+01   6.368906E-02   1.929237E-03
   1.341982E+01   4.298932E+01   6.306938E-02   1.924217E-03
   1.342914E+01   4.294663E+01   6.245266E-02   1.919202E-03
   1.343846E+01   4.290406E+01   6.184096E-02   1.914204E-03
   1.344779E+01   4.286714E+01   6.123870E-02   1.909245E-03
   1.345712E+01   4.283133E+01   6.064224E-02   1.904308E-03
   1.346646E+01   4.280123E+01   6.004924E-02   1.899378E-03
   1.347581E+01   4.277366E+01   5.946047E-02   1.894461E-03
   1.348516E+01   4.274869E+01   5.887543E-02   1.889554E-03
   1.349452E+01   4.272584E+01   5.829430E-02   1.884658E-03
   1.350389E+01   4.270580E+01   5.772011E-02   1.879790E-03
   1.351326E+01   4.268974E+01   5.715367E-02   1.874954E-03
   1.352264E+01   4.267566E+01   5.659133E-02   1.870131E-03
   1.353203E+01   4.266669E+01   5.603225E-02   1.865315E-03
   1.354142E+01   4.265855E+01   5.547855E-02   1.860520E-03
   1.355082E+01   4.265521E+01   5.493374E-02   1.855764E-03
   1.356022E+01   4.265201E+01   5.439336E-02   1.851023E-03
   1.356963E+01   4.265577E+01   5.385563E-02   1.846287E-03
   1.357905E+01   4.265950E+01   5.332235E-02   1.841567E-03
   1.358848E+01   4.266858E+01   5.279184E-02   1.836852E-03
   1.359791E+01   4.267824E+01   5.226554E-02   1.832151E-03
   1.360735E+01   4.269252E+01   5.174222E-02   1.827458E-03
   1.361679E+01   4.270810E+01   5.122287E-02   1.822777E-03
   1.362624E+01   4.272742E+01   5.071110E-02   1.818130E-03
   1.363570E+01   4.274866E+01   5.020523E-02   1.813508E-03
   1.364516E+01   4.277329E+01   4.969902E-02   1.808874E-03
   1.365464E+01   4.280074E+01   4.919330E-02   1.804233E-03
   1.366411E+01   4.283116E+01   4.869392E-02   1.799619E-03
   1.367360E+01   4.286546E+01   4.820145E-02   1.795036E-03
   1.368309E+01   4.290160E+01   4.771467E-02   1.790477E-03
   1.369258E+01   4.294157E+01   4.723518E-02   1.785952E-03
   1.370209E+01   4.298290E+01   4.675793E-02   1.781430E-03
   1.371160E+01   4.302910E+01   4.627846E-02   1.776886E-03
   1.372112E+01   4.307610E+01   4.580361E-02   1.772360E-03
   1.373064E+01   4.312915E+01   4.533690E-02   1.767873E-03
   1.374017E+01   4.318231E+01   4.487409E-02   1.763400E-03
   1.374971E+01   4.324012E+01   4.441365E-02   1.758932E-03
   1.375925E+01   4.329797E+01   4.395711E-02   1.754479E-03
   1.376880E+01   4.336237E+01   4.350301E-02   1.750031E-03
   1.377836E+01   4.342738E+01   4.305266E-02   1.745597E-03
   1.378792E+01   4.349728E+01   4.260487E-02   1.741169E-03
   1.379749E+01   4.356826E+01   4.216066E-02   1.736754E-03
   1.380707E+01   4.364359E+01   4.171913E-02   1.732346E-03
   1.381665E+01   4.372055E+01   4.128100E-02   1.727949E-03
   1.382624E+01   4.380212E+01   4.084568E-02   1.723561E-03
   1.383584E+01   4.388624E+01   4.041359E-02   1.719184E-03
   1.384544E+01   4.397355E+01   3.998774E-02   1.714836E-03
   1.385505E+01   4.406336E+01   3.956746E-02   1.710515E-03
   1.386467E+01   4.415678E+01   3.914729E-02   1.706185E-03
   1.387429E+01   4.425405E+01   3.872706E-02   1.701845E-03
   1.388392E+01   4.435366E+01   3.831227E-02   1.697531E-03
   1.389356E+01   4.445662E+01   3.790362E-02   1.693246E-03
   1.390320E+01   4.456172E+01   3.749619E-02   1.688961E-03
   1.391285E+01   4.467094E+01   3.708763E-02   1.684659E-03
   1.392251E+01   4.478237E+01   3.668378E-02   1.680378E-03
   1.393217E+01   4.489968E+01   3.628659E-02   1.676131E-03
   1.394184E+01   4.501835E+01   3.589159E-02   1.671889E-03
   1.395152E+01   4.514193E+01   3.549451E-02   1.667625E-03
   1.396120E+01   4.526659E+01   3.510150E-02   1.663377E-03
   1.397089E+01   4.539706E+01   3.471558E-02   1.659167E-03
   1.398059E+01   4.552826E+01   3.433301E-02   1.654971E-03
   1.399029E+01   4.566591E+01   3.395261E-02   1.650779E-03
   1.400000E+01   4.580394E+01   3.357563E-02   1.646602E-03
