#============================================================================
# Opacities computed by OpTool        <a^n>=  1.0000E-1  1.0000E-1  1.0000E-1
# Method:   DHS  fmax=  0.700
# Parameters:
#   amin [um]=      0.100 amax [um]=      0.100  na  =    1    apow=   3.5    
#   lmin [um]=      7.000 lmax [um]=     14.000  nlam= 1000    nang=   180
#   porosity =      0.000 p_mantle =      0.000  fmax= 0.70    chop=   0.0
# Composition:
#  Where   mfrac  rho   Material
#  -----   -----  ----  -----------------------------------------------------
#  core    1.000  3.27  for
#  - - -   - - -  -  -  - - - - - - - - - - - - - - - - - - - - - - - - - - -
#  grain   1.000  3.27  mixture of  1 materials
#----------------------------------------------------------------------------
# Command: ./optool for -a 0.1 -dhs 0.7 -l 7 14 1000
#============================================================================
# Standard output file, no scattering matrix
#    iformat
#    nlambda
#    lambda[um]  kabs [cm^2/g]  ksca [cm^2/g]    g_asymmetry
#============================================================================
           3
        1000
   7.000000E+00   6.338545E+00   2.930858E-01   2.790771E-03
   7.004859E+00   6.358909E+00   2.916948E-01   2.786409E-03
   7.009721E+00   6.379339E+00   2.903100E-01   2.782054E-03
   7.014586E+00   6.399834E+00   2.889312E-01   2.777705E-03
   7.019455E+00   6.420394E+00   2.875586E-01   2.773364E-03
   7.024327E+00   6.441021E+00   2.862167E-01   2.769050E-03
   7.029202E+00   6.461714E+00   2.848837E-01   2.764746E-03
   7.034081E+00   6.482473E+00   2.835565E-01   2.760448E-03
   7.038963E+00   6.503299E+00   2.822350E-01   2.756158E-03
   7.043849E+00   6.524357E+00   2.808941E-01   2.751852E-03
   7.048738E+00   6.545529E+00   2.795523E-01   2.747548E-03
   7.053630E+00   6.566769E+00   2.782165E-01   2.743251E-03
   7.058526E+00   6.588077E+00   2.768866E-01   2.738961E-03
   7.063425E+00   6.609598E+00   2.755403E-01   2.734658E-03
   7.068328E+00   6.631250E+00   2.741905E-01   2.730354E-03
   7.073234E+00   6.652973E+00   2.728469E-01   2.726057E-03
   7.078143E+00   6.674767E+00   2.715093E-01   2.721768E-03
   7.083056E+00   6.696763E+00   2.701944E-01   2.717499E-03
   7.087972E+00   6.718912E+00   2.688954E-01   2.713246E-03
   7.092892E+00   6.741134E+00   2.676021E-01   2.708999E-03
   7.097815E+00   6.763429E+00   2.663147E-01   2.704760E-03
   7.102741E+00   6.785838E+00   2.650157E-01   2.700512E-03
   7.107671E+00   6.808353E+00   2.637088E-01   2.696259E-03
   7.112605E+00   6.830942E+00   2.624079E-01   2.692013E-03
   7.117541E+00   6.853606E+00   2.611128E-01   2.687774E-03
   7.122481E+00   6.876443E+00   2.598368E-01   2.683553E-03
   7.127425E+00   6.899454E+00   2.585794E-01   2.679351E-03
   7.132372E+00   6.922542E+00   2.573276E-01   2.675155E-03
   7.137322E+00   6.945706E+00   2.560815E-01   2.670966E-03
   7.142276E+00   6.969028E+00   2.548270E-01   2.666771E-03
   7.147234E+00   6.992524E+00   2.535618E-01   2.662568E-03
   7.152194E+00   7.016099E+00   2.523024E-01   2.658373E-03
   7.157159E+00   7.039753E+00   2.510488E-01   2.654184E-03
   7.162126E+00   7.063609E+00   2.497880E-01   2.649990E-03
   7.167097E+00   7.087710E+00   2.485158E-01   2.645788E-03
   7.172072E+00   7.111893E+00   2.472496E-01   2.641593E-03
   7.177050E+00   7.136158E+00   2.459893E-01   2.637404E-03
   7.182031E+00   7.160526E+00   2.447450E-01   2.633232E-03
   7.187016E+00   7.185007E+00   2.435213E-01   2.629079E-03
   7.192005E+00   7.209570E+00   2.423032E-01   2.624934E-03
   7.196997E+00   7.234218E+00   2.410906E-01   2.620795E-03
   7.201992E+00   7.259057E+00   2.398719E-01   2.616652E-03
   7.206991E+00   7.284146E+00   2.386413E-01   2.612499E-03
   7.211993E+00   7.309321E+00   2.374164E-01   2.608354E-03
   7.216999E+00   7.334582E+00   2.361973E-01   2.604216E-03
   7.222008E+00   7.360013E+00   2.349829E-01   2.600083E-03
   7.227020E+00   7.385655E+00   2.337728E-01   2.595956E-03
   7.232037E+00   7.411387E+00   2.325684E-01   2.591835E-03
   7.237056E+00   7.437207E+00   2.313697E-01   2.587721E-03
   7.242079E+00   7.463198E+00   2.301756E-01   2.583613E-03
   7.247106E+00   7.489395E+00   2.289857E-01   2.579511E-03
   7.252136E+00   7.515683E+00   2.278014E-01   2.575415E-03
   7.257170E+00   7.542063E+00   2.266228E-01   2.571326E-03
   7.262207E+00   7.568616E+00   2.254486E-01   2.567242E-03
   7.267247E+00   7.595368E+00   2.242788E-01   2.563165E-03
   7.272291E+00   7.622214E+00   2.231144E-01   2.559093E-03
   7.277339E+00   7.649155E+00   2.219555E-01   2.555029E-03
   7.282390E+00   7.676303E+00   2.207889E-01   2.550958E-03
   7.287444E+00   7.703672E+00   2.196130E-01   2.546881E-03
   7.292503E+00   7.731138E+00   2.184429E-01   2.542810E-03
   7.297564E+00   7.758701E+00   2.172784E-01   2.538746E-03
   7.302629E+00   7.786478E+00   2.161314E-01   2.534700E-03
   7.307698E+00   7.814462E+00   2.150010E-01   2.530671E-03
   7.312770E+00   7.842547E+00   2.138760E-01   2.526648E-03
   7.317846E+00   7.870731E+00   2.127563E-01   2.522633E-03
   7.322925E+00   7.899142E+00   2.116262E-01   2.518608E-03
   7.328008E+00   7.927747E+00   2.104899E-01   2.514580E-03
   7.333094E+00   7.956455E+00   2.093592E-01   2.510558E-03
   7.338184E+00   7.985266E+00   2.082340E-01   2.506542E-03
   7.343277E+00   8.014392E+00   2.070967E-01   2.502517E-03
   7.348374E+00   8.043740E+00   2.059554E-01   2.498488E-03
   7.353474E+00   8.073195E+00   2.048198E-01   2.494467E-03
   7.358578E+00   8.102756E+00   2.036897E-01   2.490452E-03
   7.363685E+00   8.132561E+00   2.025812E-01   2.486459E-03
   7.368796E+00   8.162527E+00   2.014842E-01   2.482479E-03
   7.373911E+00   8.192602E+00   2.003926E-01   2.478506E-03
   7.379029E+00   8.222788E+00   1.993063E-01   2.474539E-03
   7.384151E+00   8.253331E+00   1.982038E-01   2.470557E-03
   7.389276E+00   8.284046E+00   1.971019E-01   2.466578E-03
   7.394405E+00   8.314873E+00   1.960054E-01   2.462605E-03
   7.399537E+00   8.345814E+00   1.949144E-01   2.458638E-03
   7.404673E+00   8.377184E+00   1.938267E-01   2.454676E-03
   7.409812E+00   8.408702E+00   1.927442E-01   2.450721E-03
   7.414955E+00   8.440338E+00   1.916671E-01   2.446772E-03
   7.420102E+00   8.472093E+00   1.905953E-01   2.442830E-03
   7.425252E+00   8.504061E+00   1.895266E-01   2.438892E-03
   7.430406E+00   8.536149E+00   1.884633E-01   2.434960E-03
   7.435563E+00   8.568357E+00   1.874053E-01   2.431035E-03
   7.440724E+00   8.600756E+00   1.863490E-01   2.427113E-03
   7.445888E+00   8.633714E+00   1.852761E-01   2.423176E-03
   7.451057E+00   8.666797E+00   1.842086E-01   2.419245E-03
   7.456228E+00   8.700005E+00   1.831466E-01   2.415320E-03
   7.461403E+00   8.733391E+00   1.820894E-01   2.411402E-03
   7.466582E+00   8.767039E+00   1.810359E-01   2.407488E-03
   7.471765E+00   8.800816E+00   1.799878E-01   2.403582E-03
   7.476951E+00   8.834722E+00   1.789450E-01   2.399681E-03
   7.482140E+00   8.868879E+00   1.779067E-01   2.395786E-03
   7.487334E+00   8.903338E+00   1.768722E-01   2.391897E-03
   7.492530E+00   8.937930E+00   1.758431E-01   2.388014E-03
   7.497731E+00   8.972655E+00   1.748194E-01   2.384137E-03
   7.502935E+00   9.007737E+00   1.737995E-01   2.380266E-03
   7.508142E+00   9.043127E+00   1.727839E-01   2.376400E-03
   7.513354E+00   9.078656E+00   1.717736E-01   2.372541E-03
   7.518569E+00   9.114323E+00   1.707685E-01   2.368688E-03
   7.523787E+00   9.150370E+00   1.697509E-01   2.364823E-03
   7.529009E+00   9.186650E+00   1.687320E-01   2.360958E-03
   7.534235E+00   9.223073E+00   1.677184E-01   2.357099E-03
   7.539464E+00   9.259638E+00   1.667103E-01   2.353247E-03
   7.544697E+00   9.296568E+00   1.657052E-01   2.349399E-03
   7.549934E+00   9.333670E+00   1.647053E-01   2.345558E-03
   7.555174E+00   9.370918E+00   1.637106E-01   2.341723E-03
   7.560418E+00   9.408356E+00   1.627194E-01   2.337893E-03
   7.565666E+00   9.446443E+00   1.617114E-01   2.334045E-03
   7.570917E+00   9.484682E+00   1.607089E-01   2.330205E-03
   7.576172E+00   9.523075E+00   1.597118E-01   2.326370E-03
   7.581430E+00   9.561690E+00   1.587253E-01   2.322549E-03
   7.586692E+00   9.600644E+00   1.577576E-01   2.318748E-03
   7.591958E+00   9.639754E+00   1.567951E-01   2.314954E-03
   7.597228E+00   9.679023E+00   1.558377E-01   2.311166E-03
   7.602501E+00   9.718634E+00   1.548745E-01   2.307373E-03
   7.607777E+00   9.758612E+00   1.539043E-01   2.303573E-03
   7.613058E+00   9.798752E+00   1.529393E-01   2.299779E-03
   7.618342E+00   9.839055E+00   1.519796E-01   2.295992E-03
   7.623630E+00   9.879805E+00   1.510236E-01   2.292210E-03
   7.628921E+00   9.920853E+00   1.500719E-01   2.288434E-03
   7.634216E+00   9.962069E+00   1.491255E-01   2.284664E-03
   7.639515E+00   1.000345E+01   1.481843E-01   2.280900E-03
   7.644817E+00   1.004555E+01   1.472276E-01   2.277121E-03
   7.650124E+00   1.008787E+01   1.462742E-01   2.273345E-03
   7.655433E+00   1.013037E+01   1.453262E-01   2.269576E-03
   7.660747E+00   1.017308E+01   1.443830E-01   2.265813E-03
   7.666064E+00   1.021619E+01   1.434431E-01   2.262055E-03
   7.671385E+00   1.025947E+01   1.425084E-01   2.258303E-03
   7.676710E+00   1.030294E+01   1.415790E-01   2.254557E-03
   7.682038E+00   1.034677E+01   1.406538E-01   2.250817E-03
   7.687370E+00   1.039107E+01   1.397324E-01   2.247082E-03
   7.692705E+00   1.043556E+01   1.388162E-01   2.243353E-03
   7.698045E+00   1.048024E+01   1.379051E-01   2.239631E-03
   7.703388E+00   1.052545E+01   1.369853E-01   2.235900E-03
   7.708735E+00   1.057104E+01   1.360628E-01   2.232165E-03
   7.714085E+00   1.061683E+01   1.351455E-01   2.228438E-03
   7.719439E+00   1.066282E+01   1.342336E-01   2.224717E-03
   7.724797E+00   1.070949E+01   1.333247E-01   2.221000E-03
   7.730159E+00   1.075642E+01   1.324208E-01   2.217289E-03
   7.735524E+00   1.080355E+01   1.315222E-01   2.213585E-03
   7.740893E+00   1.085095E+01   1.306283E-01   2.209887E-03
   7.746266E+00   1.089889E+01   1.297376E-01   2.206193E-03
   7.751643E+00   1.094703E+01   1.288520E-01   2.202505E-03
   7.757023E+00   1.099539E+01   1.279716E-01   2.198825E-03
   7.762407E+00   1.104422E+01   1.270869E-01   2.195139E-03
   7.767795E+00   1.109359E+01   1.261957E-01   2.191446E-03
   7.773186E+00   1.114317E+01   1.253099E-01   2.187760E-03
   7.778581E+00   1.119298E+01   1.244293E-01   2.184080E-03
   7.783980E+00   1.124335E+01   1.235521E-01   2.180405E-03
   7.789383E+00   1.129406E+01   1.226795E-01   2.176736E-03
   7.794790E+00   1.134500E+01   1.218121E-01   2.173073E-03
   7.800200E+00   1.139620E+01   1.209491E-01   2.169415E-03
   7.805614E+00   1.144837E+01   1.200715E-01   2.165741E-03
   7.811032E+00   1.150077E+01   1.191992E-01   2.162073E-03
   7.816453E+00   1.155342E+01   1.183323E-01   2.158411E-03
   7.821878E+00   1.160648E+01   1.174697E-01   2.154755E-03
   7.827307E+00   1.166013E+01   1.166108E-01   2.151104E-03
   7.832740E+00   1.171402E+01   1.157571E-01   2.147459E-03
   7.838177E+00   1.176816E+01   1.149086E-01   2.143821E-03
   7.843617E+00   1.182288E+01   1.140637E-01   2.140187E-03
   7.849061E+00   1.187801E+01   1.132232E-01   2.136559E-03
   7.854509E+00   1.193340E+01   1.123878E-01   2.132937E-03
   7.859961E+00   1.198905E+01   1.115576E-01   2.129322E-03
   7.865416E+00   1.204575E+01   1.107129E-01   2.125689E-03
   7.870875E+00   1.210272E+01   1.098734E-01   2.122063E-03
   7.876338E+00   1.215995E+01   1.090391E-01   2.118443E-03
   7.881805E+00   1.221764E+01   1.082093E-01   2.114828E-03
   7.887276E+00   1.227597E+01   1.073830E-01   2.111218E-03
   7.892750E+00   1.233457E+01   1.065620E-01   2.107615E-03
   7.898228E+00   1.239345E+01   1.057461E-01   2.104018E-03
   7.903710E+00   1.245318E+01   1.049223E-01   2.100411E-03
   7.909196E+00   1.251348E+01   1.040977E-01   2.096803E-03
   7.914686E+00   1.257407E+01   1.032784E-01   2.093202E-03
   7.920179E+00   1.263497E+01   1.024643E-01   2.089607E-03
   7.925677E+00   1.269674E+01   1.016529E-01   2.086015E-03
   7.931178E+00   1.275880E+01   1.008469E-01   2.082430E-03
   7.936683E+00   1.282117E+01   1.000461E-01   2.078852E-03
   7.942191E+00   1.288420E+01   9.924305E-02   2.075270E-03
   7.947704E+00   1.294808E+01   9.843398E-02   2.071680E-03
   7.953220E+00   1.301227E+01   9.763029E-02   2.068097E-03
   7.958740E+00   1.307678E+01   9.683196E-02   2.064521E-03
   7.964264E+00   1.314219E+01   9.603693E-02   2.060949E-03
   7.969792E+00   1.320810E+01   9.524661E-02   2.057382E-03
   7.975324E+00   1.327433E+01   9.446159E-02   2.053823E-03
   7.980859E+00   1.334101E+01   9.368144E-02   2.050269E-03
   7.986399E+00   1.340861E+01   9.290434E-02   2.046719E-03
   7.991942E+00   1.347656E+01   9.213249E-02   2.043176E-03
   7.997489E+00   1.354485E+01   9.136584E-02   2.039639E-03
   8.003040E+00   1.361404E+01   9.059450E-02   2.036096E-03
   8.008595E+00   1.368404E+01   8.982031E-02   2.032548E-03
   8.014153E+00   1.375440E+01   8.905147E-02   2.029007E-03
   8.019716E+00   1.382512E+01   8.828793E-02   2.025472E-03
   8.025282E+00   1.389701E+01   8.751278E-02   2.021921E-03
   8.030852E+00   1.396931E+01   8.674218E-02   2.018376E-03
   8.036426E+00   1.404198E+01   8.597701E-02   2.014837E-03
   8.042004E+00   1.411541E+01   8.521628E-02   2.011304E-03
   8.047586E+00   1.418989E+01   8.445923E-02   2.007775E-03
   8.053172E+00   1.426477E+01   8.370755E-02   2.004253E-03
   8.058761E+00   1.434003E+01   8.296121E-02   2.000737E-03
   8.064355E+00   1.441646E+01   8.220670E-02   1.997210E-03
   8.069952E+00   1.449352E+01   8.145383E-02   1.993683E-03
   8.075553E+00   1.457098E+01   8.070644E-02   1.990164E-03
   8.081158E+00   1.464905E+01   7.996392E-02   1.986650E-03
   8.086767E+00   1.472828E+01   7.922468E-02   1.983140E-03
   8.092380E+00   1.480793E+01   7.849084E-02   1.979637E-03
   8.097997E+00   1.488801E+01   7.776239E-02   1.976141E-03
   8.103618E+00   1.496933E+01   7.702844E-02   1.972636E-03
   8.109242E+00   1.505153E+01   7.629399E-02   1.969129E-03
   8.114871E+00   1.513418E+01   7.556505E-02   1.965629E-03
   8.120503E+00   1.521738E+01   7.484008E-02   1.962133E-03
   8.126140E+00   1.530212E+01   7.410545E-02   1.958622E-03
   8.131780E+00   1.538732E+01   7.337646E-02   1.955118E-03
   8.137424E+00   1.547299E+01   7.265306E-02   1.951621E-03
   8.143072E+00   1.555981E+01   7.193371E-02   1.948128E-03
   8.148724E+00   1.564768E+01   7.121864E-02   1.944641E-03
   8.154380E+00   1.573604E+01   7.050911E-02   1.941160E-03
   8.160040E+00   1.582489E+01   6.980505E-02   1.937686E-03
   8.165703E+00   1.591528E+01   6.910375E-02   1.934216E-03
   8.171371E+00   1.600619E+01   6.840791E-02   1.930752E-03
   8.177043E+00   1.609760E+01   6.771752E-02   1.927295E-03
   8.182718E+00   1.619030E+01   6.701863E-02   1.923823E-03
   8.188398E+00   1.628437E+01   6.631029E-02   1.920335E-03
   8.194081E+00   1.637898E+01   6.560770E-02   1.916854E-03
   8.199768E+00   1.647413E+01   6.491082E-02   1.913380E-03
   8.205460E+00   1.657116E+01   6.421688E-02   1.909909E-03
   8.211155E+00   1.666880E+01   6.352851E-02   1.906445E-03
   8.216854E+00   1.676702E+01   6.284578E-02   1.902987E-03
   8.222557E+00   1.686650E+01   6.216173E-02   1.899526E-03
   8.228264E+00   1.696742E+01   6.147489E-02   1.896059E-03
   8.233976E+00   1.706895E+01   6.079382E-02   1.892598E-03
   8.239691E+00   1.717107E+01   6.011848E-02   1.889145E-03
   8.245410E+00   1.727517E+01   5.944614E-02   1.885694E-03
   8.251133E+00   1.737996E+01   5.877934E-02   1.882250E-03
   8.256860E+00   1.748539E+01   5.811820E-02   1.878813E-03
   8.262590E+00   1.759224E+01   5.745594E-02   1.875372E-03
   8.268325E+00   1.770069E+01   5.679125E-02   1.871925E-03
   8.274064E+00   1.780980E+01   5.613234E-02   1.868485E-03
   8.279807E+00   1.791957E+01   5.547918E-02   1.865053E-03
   8.285554E+00   1.803184E+01   5.481755E-02   1.861603E-03
   8.291305E+00   1.814487E+01   5.416132E-02   1.858160E-03
   8.297060E+00   1.825860E+01   5.351096E-02   1.854724E-03
   8.302819E+00   1.837391E+01   5.285932E-02   1.851284E-03
   8.308581E+00   1.849084E+01   5.220624E-02   1.847838E-03
   8.314348E+00   1.860851E+01   5.155913E-02   1.844399E-03
   8.320119E+00   1.872697E+01   5.091767E-02   1.840967E-03
   8.325894E+00   1.884829E+01   5.026818E-02   1.837518E-03
   8.331673E+00   1.897039E+01   4.962479E-02   1.834077E-03
   8.337456E+00   1.909327E+01   4.898746E-02   1.830643E-03
   8.343242E+00   1.921798E+01   4.835447E-02   1.827213E-03
   8.349033E+00   1.934432E+01   4.772618E-02   1.823789E-03
   8.354828E+00   1.947149E+01   4.710388E-02   1.820372E-03
   8.360627E+00   1.959973E+01   4.648602E-02   1.816960E-03
   8.366430E+00   1.973083E+01   4.586191E-02   1.813533E-03
   8.372237E+00   1.986280E+01   4.524390E-02   1.810113E-03
   8.378048E+00   1.999565E+01   4.463194E-02   1.806701E-03
   8.383863E+00   2.013095E+01   4.401703E-02   1.803280E-03
   8.389682E+00   2.026797E+01   4.340377E-02   1.799858E-03
   8.395505E+00   2.040590E+01   4.279667E-02   1.796443E-03
   8.401333E+00   2.054540E+01   4.219030E-02   1.793026E-03
   8.407164E+00   2.068798E+01   4.157205E-02   1.789582E-03
   8.412999E+00   2.083155E+01   4.096028E-02   1.786146E-03
   8.418838E+00   2.097609E+01   4.035493E-02   1.782718E-03
   8.424682E+00   2.112354E+01   3.975349E-02   1.779293E-03
   8.430529E+00   2.127249E+01   3.915781E-02   1.775874E-03
   8.436381E+00   2.142247E+01   3.856849E-02   1.772464E-03
   8.442236E+00   2.157465E+01   3.798058E-02   1.769051E-03
   8.448096E+00   2.172976E+01   3.739117E-02   1.765630E-03
   8.453959E+00   2.188597E+01   3.680823E-02   1.762217E-03
   8.459827E+00   2.204330E+01   3.623170E-02   1.758813E-03
   8.465699E+00   2.220459E+01   3.564942E-02   1.755391E-03
   8.471575E+00   2.236714E+01   3.507334E-02   1.751976E-03
   8.477455E+00   2.253087E+01   3.450378E-02   1.748570E-03
   8.483339E+00   2.269768E+01   3.393372E-02   1.745157E-03
   8.489227E+00   2.286717E+01   3.336497E-02   1.741741E-03
   8.495119E+00   2.303791E+01   3.280285E-02   1.738333E-03
   8.501016E+00   2.321053E+01   3.224369E-02   1.734925E-03
   8.506916E+00   2.338739E+01   3.167388E-02   1.731488E-03
   8.512820E+00   2.356559E+01   3.111102E-02   1.728060E-03
   8.518729E+00   2.374513E+01   3.055503E-02   1.724640E-03
   8.524642E+00   2.392881E+01   3.000339E-02   1.721223E-03
   8.530559E+00   2.411467E+01   2.945790E-02   1.717812E-03
   8.536479E+00   2.430196E+01   2.891920E-02   1.714410E-03
   8.542404E+00   2.449238E+01   2.837916E-02   1.710998E-03
   8.548334E+00   2.468679E+01   2.783430E-02   1.707567E-03
   8.554267E+00   2.488273E+01   2.729653E-02   1.704145E-03
   8.560204E+00   2.508035E+01   2.676541E-02   1.700731E-03
   8.566146E+00   2.528359E+01   2.623043E-02   1.697300E-03
   8.572091E+00   2.548846E+01   2.570266E-02   1.693877E-03
   8.578041E+00   2.569497E+01   2.518203E-02   1.690463E-03
   8.583995E+00   2.590631E+01   2.465585E-02   1.687027E-03
   8.589953E+00   2.612095E+01   2.413091E-02   1.683585E-03
   8.595915E+00   2.633735E+01   2.361342E-02   1.680152E-03
   8.601881E+00   2.655710E+01   2.309990E-02   1.676720E-03
   8.607852E+00   2.678215E+01   2.258648E-02   1.673278E-03
   8.613826E+00   2.700908E+01   2.208060E-02   1.669845E-03
   8.619805E+00   2.723792E+01   2.158221E-02   1.666420E-03
   8.625788E+00   2.747380E+01   2.108116E-02   1.662979E-03
   8.631775E+00   2.771188E+01   2.058741E-02   1.659546E-03
   8.637766E+00   2.795201E+01   2.010124E-02   1.656122E-03
   8.643761E+00   2.819796E+01   1.961186E-02   1.652678E-03
   8.649761E+00   2.844830E+01   1.912395E-02   1.649227E-03
   8.655764E+00   2.870085E+01   1.864393E-02   1.645784E-03
   8.661772E+00   2.895754E+01   1.816681E-02   1.642338E-03
   8.667784E+00   2.922116E+01   1.768602E-02   1.638869E-03
   8.673800E+00   2.948715E+01   1.721343E-02   1.635409E-03
   8.679821E+00   2.975554E+01   1.674896E-02   1.631959E-03
   8.685845E+00   3.003283E+01   1.628323E-02   1.628491E-03
   8.691874E+00   3.031289E+01   1.582551E-02   1.625033E-03
   8.697907E+00   3.059554E+01   1.537599E-02   1.621583E-03
   8.703944E+00   3.088580E+01   1.492459E-02   1.618114E-03
   8.709985E+00   3.118145E+01   1.447638E-02   1.614638E-03
   8.716030E+00   3.147991E+01   1.403668E-02   1.611172E-03
   8.722080E+00   3.178409E+01   1.360032E-02   1.607700E-03
   8.728134E+00   3.209674E+01   1.316296E-02   1.604207E-03
   8.734192E+00   3.241244E+01   1.273442E-02   1.600725E-03
   8.740254E+00   3.273160E+01   1.231402E-02   1.597250E-03
   8.746321E+00   3.306251E+01   1.188889E-02   1.593742E-03
   8.752391E+00   3.339674E+01   1.147289E-02   1.590243E-03
   8.758466E+00   3.373432E+01   1.106592E-02   1.586755E-03
   8.764545E+00   3.408286E+01   1.065788E-02   1.583242E-03
   8.770629E+00   3.443755E+01   1.025582E-02   1.579728E-03
   8.776716E+00   3.479591E+01   9.863098E-03   1.576224E-03
   8.782808E+00   3.516298E+01   9.473723E-03   1.572710E-03
   8.788904E+00   3.553980E+01   9.087030E-03   1.569180E-03
   8.795004E+00   3.592065E+01   8.709984E-03   1.565662E-03
   8.801109E+00   3.630772E+01   8.340275E-03   1.562145E-03
   8.807217E+00   3.670886E+01   7.970413E-03   1.558601E-03
   8.813330E+00   3.711441E+01   7.610504E-03   1.555068E-03
   8.819447E+00   3.752442E+01   7.260441E-03   1.551545E-03
   8.825569E+00   3.795166E+01   6.906195E-03   1.547975E-03
   8.831694E+00   3.838502E+01   6.561019E-03   1.544410E-03
   8.837824E+00   3.882330E+01   6.226219E-03   1.540856E-03
   8.843959E+00   3.927639E+01   5.892432E-03   1.537272E-03
   8.850097E+00   3.974021E+01   5.564438E-03   1.533676E-03
   8.856240E+00   4.020948E+01   5.247359E-03   1.530092E-03
   8.862387E+00   4.069085E+01   4.935906E-03   1.526494E-03
   8.868538E+00   4.118843E+01   4.627623E-03   1.522867E-03
   8.874693E+00   4.169208E+01   4.330799E-03   1.519253E-03
   8.880853E+00   4.220445E+01   4.044046E-03   1.515644E-03
   8.887017E+00   4.273934E+01   3.761091E-03   1.512005E-03
   8.893185E+00   4.328100E+01   3.489898E-03   1.508379E-03
   8.899358E+00   4.382950E+01   3.230328E-03   1.504765E-03
   8.905535E+00   4.440492E+01   2.970421E-03   1.501088E-03
   8.911716E+00   4.499023E+01   2.721648E-03   1.497415E-03
   8.917902E+00   4.558325E+01   2.485290E-03   1.493756E-03
   8.924091E+00   4.620045E+01   2.255053E-03   1.490065E-03
   8.930285E+00   4.683452E+01   2.034624E-03   1.486364E-03
   8.936484E+00   4.747729E+01   1.827161E-03   1.482677E-03
   8.942686E+00   4.814104E+01   1.627354E-03   1.478959E-03
   8.948893E+00   4.883022E+01   1.434591E-03   1.475197E-03
   8.955105E+00   4.952927E+01   1.255876E-03   1.471449E-03
   8.961320E+00   5.024506E+01   1.089634E-03   1.467701E-03
   8.967540E+00   5.099650E+01   9.326052E-04   1.463912E-03
   8.973764E+00   5.175919E+01   7.901911E-04   1.460138E-03
   8.979993E+00   5.253331E+01   6.621921E-04   1.456380E-03
   8.986226E+00   5.335862E+01   5.419466E-04   1.452531E-03
   8.992463E+00   5.419698E+01   4.374357E-04   1.448699E-03
   8.998704E+00   5.504855E+01   3.484446E-04   1.444882E-03
   9.004950E+00   5.594794E+01   2.721462E-04   1.441010E-03
   9.011200E+00   5.687124E+01   2.116154E-04   1.437136E-03
   9.017455E+00   5.780984E+01   1.674514E-04   1.433279E-03
   9.023714E+00   5.879489E+01   1.385605E-04   1.429361E-03
   9.029977E+00   5.981837E+01   1.267942E-04   1.425409E-03
   9.036244E+00   6.085976E+01   1.329297E-04   1.421475E-03
   9.042516E+00   6.194513E+01   1.575201E-04   1.417510E-03
   9.048793E+00   6.308915E+01   2.022808E-04   1.413490E-03
   9.055073E+00   6.425444E+01   2.663468E-04   1.409490E-03
   9.061358E+00   6.545740E+01   3.508086E-04   1.405478E-03
   9.067647E+00   6.674225E+01   4.606905E-04   1.401376E-03
   9.073941E+00   6.805253E+01   5.916405E-04   1.397294E-03
   9.080239E+00   6.939229E+01   7.437677E-04   1.393227E-03
   9.086542E+00   7.085030E+01   9.295727E-04   1.389031E-03
   9.092848E+00   7.233924E+01   1.138541E-03   1.384856E-03
   9.099160E+00   7.385980E+01   1.370271E-03   1.380704E-03
   9.105475E+00   7.551279E+01   1.642772E-03   1.376424E-03
   9.111795E+00   7.721894E+01   1.943515E-03   1.372144E-03
   9.118119E+00   7.896410E+01   2.269455E-03   1.367888E-03
   9.124448E+00   8.085369E+01   2.642207E-03   1.363517E-03
   9.130781E+00   8.283441E+01   3.052361E-03   1.359114E-03
   9.137119E+00   8.486430E+01   3.490703E-03   1.354737E-03
   9.143461E+00   8.704815E+01   3.981500E-03   1.350261E-03
   9.149807E+00   8.937758E+01   4.524312E-03   1.345711E-03
   9.156158E+00   9.177029E+01   5.099091E-03   1.341190E-03
   9.162513E+00   9.432838E+01   5.730705E-03   1.336592E-03
   9.168872E+00   9.711694E+01   6.436812E-03   1.331866E-03
   9.175236E+00   9.998931E+01   7.179720E-03   1.327172E-03
   9.181605E+00   1.030350E+02   7.981722E-03   1.322432E-03
   9.187977E+00   1.064417E+02   8.892997E-03   1.317492E-03
   9.194355E+00   1.099631E+02   9.847443E-03   1.312589E-03
   9.200736E+00   1.136597E+02   1.085933E-02   1.307678E-03
   9.207122E+00   1.179323E+02   1.203572E-02   1.302470E-03
   9.213513E+00   1.223685E+02   1.326408E-02   1.297305E-03
   9.219908E+00   1.269751E+02   1.454321E-02   1.292182E-03
   9.226307E+00   1.325092E+02   1.606901E-02   1.286641E-03
   9.232711E+00   1.383011E+02   1.766209E-02   1.281144E-03
   9.239119E+00   1.443514E+02   1.931822E-02   1.275696E-03
   9.245532E+00   1.517173E+02   2.129434E-02   1.269784E-03
   9.251949E+00   1.596429E+02   2.339368E-02   1.263851E-03
   9.258371E+00   1.679913E+02   2.557490E-02   1.257977E-03
   9.264797E+00   1.783568E+02   2.818549E-02   1.251574E-03
   9.271227E+00   1.899458E+02   3.102573E-02   1.245046E-03
   9.277662E+00   2.023029E+02   3.397969E-02   1.238592E-03
   9.284102E+00   2.180584E+02   3.752387E-02   1.231536E-03
   9.290546E+00   2.366640E+02   4.150405E-02   1.224190E-03
   9.296994E+00   2.568832E+02   4.565857E-02   1.216941E-03
   9.303447E+00   2.833593E+02   5.058813E-02   1.209100E-03
   9.309904E+00   3.169965E+02   5.631005E-02   1.200780E-03
   9.316366E+00   3.546579E+02   6.233931E-02   1.192583E-03
   9.322832E+00   4.022496E+02   6.890026E-02   1.184389E-03
   9.329303E+00   4.642271E+02   7.618051E-02   1.176163E-03
   9.335779E+00   5.356373E+02   8.402446E-02   1.168035E-03
   9.342258E+00   6.137643E+02   9.141032E-02   1.160970E-03
   9.348743E+00   6.943591E+02   9.731614E-02   1.155763E-03
   9.355231E+00   7.850055E+02   1.038825E-01   1.150568E-03
   9.361725E+00   8.765567E+02   1.100781E-01   1.146110E-03
   9.368223E+00   9.475009E+02   1.136210E-01   1.143665E-03
   9.374725E+00   1.023600E+03   1.176388E-01   1.141213E-03
   9.381232E+00   1.099563E+03   1.216887E-01   1.138987E-03
   9.387743E+00   1.155603E+03   1.239607E-01   1.137732E-03
   9.394259E+00   1.214071E+03   1.265490E-01   1.136475E-03
   9.400779E+00   1.272851E+03   1.292992E-01   1.135273E-03
   9.407304E+00   1.317553E+03   1.309754E-01   1.134479E-03
   9.413834E+00   1.363548E+03   1.328748E-01   1.133683E-03
   9.420368E+00   1.410197E+03   1.349577E-01   1.132895E-03
   9.426906E+00   1.446927E+03   1.363368E-01   1.132273E-03
   9.433449E+00   1.484445E+03   1.378831E-01   1.131647E-03
   9.439997E+00   1.522760E+03   1.396049E-01   1.131017E-03
   9.446549E+00   1.553784E+03   1.408239E-01   1.130441E-03
   9.453105E+00   1.585341E+03   1.421735E-01   1.129860E-03
   9.459667E+00   1.617444E+03   1.436594E-01   1.129273E-03
   9.466233E+00   1.644596E+03   1.448150E-01   1.128684E-03
   9.472803E+00   1.671859E+03   1.460527E-01   1.128087E-03
   9.479378E+00   1.699531E+03   1.474003E-01   1.127484E-03
   9.485957E+00   1.723656E+03   1.485139E-01   1.126855E-03
   9.492541E+00   1.747691E+03   1.496809E-01   1.126217E-03
   9.499130E+00   1.772052E+03   1.509390E-01   1.125570E-03
   9.505723E+00   1.793804E+03   1.520285E-01   1.124887E-03
   9.512321E+00   1.815379E+03   1.531546E-01   1.124191E-03
   9.518923E+00   1.837227E+03   1.543578E-01   1.123486E-03
   9.525530E+00   1.857072E+03   1.554299E-01   1.122743E-03
   9.532141E+00   1.876707E+03   1.565273E-01   1.121987E-03
   9.538758E+00   1.896576E+03   1.576911E-01   1.121220E-03
   9.545378E+00   1.914858E+03   1.587507E-01   1.120415E-03
   9.552004E+00   1.932922E+03   1.598284E-01   1.119595E-03
   9.558633E+00   1.951194E+03   1.609640E-01   1.118765E-03
   9.565268E+00   1.968188E+03   1.620160E-01   1.117896E-03
   9.571907E+00   1.984979E+03   1.630821E-01   1.117011E-03
   9.578551E+00   2.001956E+03   1.641992E-01   1.116116E-03
   9.585199E+00   2.017854E+03   1.652430E-01   1.115186E-03
   9.591852E+00   2.033565E+03   1.662973E-01   1.114240E-03
   9.598509E+00   2.049444E+03   1.673968E-01   1.113284E-03
   9.605172E+00   2.064415E+03   1.684353E-01   1.112293E-03
   9.611838E+00   2.079228E+03   1.694834E-01   1.111285E-03
   9.618510E+00   2.094192E+03   1.705720E-01   1.110269E-03
   9.625186E+00   2.108349E+03   1.716033E-01   1.109219E-03
   9.631866E+00   2.122367E+03   1.726427E-01   1.108155E-03
   9.638552E+00   2.136524E+03   1.737183E-01   1.107081E-03
   9.645242E+00   2.149960E+03   1.747426E-01   1.105974E-03
   9.651936E+00   2.163284E+03   1.757752E-01   1.104853E-03
   9.658635E+00   2.176735E+03   1.768403E-01   1.103723E-03
   9.665339E+00   2.189522E+03   1.778575E-01   1.102558E-03
   9.672048E+00   2.202222E+03   1.788833E-01   1.101380E-03
   9.678761E+00   2.215038E+03   1.799384E-01   1.100194E-03
   9.685479E+00   2.227234E+03   1.809465E-01   1.098975E-03
   9.692201E+00   2.239370E+03   1.819637E-01   1.097744E-03
   9.698929E+00   2.251613E+03   1.830074E-01   1.096505E-03
   9.705660E+00   2.263241E+03   1.840036E-01   1.095232E-03
   9.712397E+00   2.274828E+03   1.850094E-01   1.093946E-03
   9.719138E+00   2.286513E+03   1.860389E-01   1.092654E-03
   9.725884E+00   2.297611E+03   1.870238E-01   1.091324E-03
   9.732635E+00   2.308697E+03   1.880197E-01   1.089983E-03
   9.739390E+00   2.319870E+03   1.890368E-01   1.088637E-03
   9.746150E+00   2.330440E+03   1.900063E-01   1.087249E-03
   9.752914E+00   2.341020E+03   1.909876E-01   1.085854E-03
   9.759684E+00   2.351678E+03   1.919877E-01   1.084452E-03
   9.766458E+00   2.361712E+03   1.929385E-01   1.083005E-03
   9.773237E+00   2.371780E+03   1.939023E-01   1.081552E-03
   9.780020E+00   2.381916E+03   1.948822E-01   1.080094E-03
   9.786808E+00   2.391406E+03   1.958124E-01   1.078583E-03
   9.793601E+00   2.400956E+03   1.967564E-01   1.077069E-03
   9.800398E+00   2.410526E+03   1.977111E-01   1.075548E-03
   9.807201E+00   2.419486E+03   1.986223E-01   1.073969E-03
   9.814008E+00   2.428498E+03   1.995452E-01   1.072388E-03
   9.820819E+00   2.437473E+03   2.004727E-01   1.070796E-03
   9.827636E+00   2.445835E+03   2.013577E-01   1.069142E-03
   9.834457E+00   2.454238E+03   2.022521E-01   1.067487E-03
   9.841283E+00   2.462543E+03   2.031460E-01   1.065814E-03
   9.848114E+00   2.470270E+03   2.040048E-01   1.064074E-03
   9.854949E+00   2.478029E+03   2.048708E-01   1.062334E-03
   9.861789E+00   2.485603E+03   2.057304E-01   1.060566E-03
   9.868634E+00   2.492586E+03   2.065574E-01   1.058724E-03
   9.875484E+00   2.499590E+03   2.073891E-01   1.056883E-03
   9.882338E+00   2.506304E+03   2.082101E-01   1.054998E-03
   9.889197E+00   2.512431E+03   2.090045E-01   1.053031E-03
   9.896061E+00   2.518565E+03   2.098012E-01   1.051066E-03
   9.902930E+00   2.524270E+03   2.105856E-01   1.049031E-03
   9.909803E+00   2.529386E+03   2.113509E-01   1.046903E-03
   9.916682E+00   2.534496E+03   2.121161E-01   1.044780E-03
   9.923565E+00   2.539003E+03   2.128752E-01   1.042544E-03
   9.930452E+00   2.542936E+03   2.136270E-01   1.040204E-03
   9.937345E+00   2.546846E+03   2.143763E-01   1.037875E-03
   9.944242E+00   2.549894E+03   2.151402E-01   1.035352E-03
   9.951144E+00   2.552377E+03   2.159109E-01   1.032718E-03
   9.958051E+00   2.554818E+03   2.166769E-01   1.030101E-03
   9.964963E+00   2.556143E+03   2.175314E-01   1.027147E-03
   9.971879E+00   2.556983E+03   2.184167E-01   1.024081E-03
   9.978801E+00   2.557756E+03   2.192953E-01   1.021043E-03
   9.985727E+00   2.557212E+03   2.204592E-01   1.017393E-03
   9.992658E+00   2.556302E+03   2.216751E-01   1.013658E-03
   9.999593E+00   2.555289E+03   2.228798E-01   1.009973E-03
   1.000653E+01   2.553481E+03   2.249486E-01   1.005099E-03
   1.001348E+01   2.551415E+03   2.270429E-01   1.000256E-03
   1.002043E+01   2.549358E+03   2.292614E-01   9.953656E-04
   1.002738E+01   2.550003E+03   2.338127E-01   9.883403E-04
   1.003434E+01   2.549809E+03   2.381869E-01   9.816157E-04
   1.004131E+01   2.552339E+03   2.437008E-01   9.743461E-04
   1.004828E+01   2.566268E+03   2.542926E-01   9.643233E-04
   1.005525E+01   2.573662E+03   2.636262E-01   9.555085E-04
   1.006223E+01   2.585616E+03   2.753133E-01   9.474234E-04
   1.006922E+01   2.599486E+03   2.928678E-01   9.413466E-04
   1.007620E+01   2.583201E+03   3.093309E-01   9.388070E-04
   1.008320E+01   2.580054E+03   3.350064E-01   9.376596E-04
   1.009020E+01   2.641121E+03   3.858614E-01   9.301246E-04
   1.009720E+01   2.758543E+03   4.683189E-01   9.123580E-04
   1.010421E+01   3.041579E+03   5.912222E-01   8.829293E-04
   1.011122E+01   3.501541E+03   7.603893E-01   8.426279E-04
   1.011824E+01   4.117069E+03   9.961197E-01   7.907989E-04
   1.012526E+01   4.909950E+03   1.235734E+00   7.433073E-04
   1.013229E+01   5.752881E+03   1.466061E+00   7.079196E-04
   1.013932E+01   6.556519E+03   1.688469E+00   6.845092E-04
   1.014636E+01   6.806533E+03   1.625138E+00   7.074629E-04
   1.015340E+01   6.871512E+03   1.526594E+00   7.413292E-04
   1.016045E+01   6.775747E+03   1.419872E+00   7.828059E-04
   1.016750E+01   6.271243E+03   1.188414E+00   8.341736E-04
   1.017456E+01   5.811178E+03   1.009875E+00   8.853353E-04
   1.018162E+01   5.405800E+03   8.751159E-01   9.315530E-04
   1.018869E+01   5.095723E+03   7.743317E-01   9.579879E-04
   1.019576E+01   4.808802E+03   6.887215E-01   9.830943E-04
   1.020284E+01   4.563174E+03   6.199266E-01   1.003688E-03
   1.020992E+01   4.362227E+03   5.654764E-01   1.018347E-03
   1.021701E+01   4.172577E+03   5.170621E-01   1.032136E-03
   1.022410E+01   3.983636E+03   4.696691E-01   1.043135E-03
   1.023119E+01   3.798230E+03   4.246014E-01   1.051701E-03
   1.023829E+01   3.623180E+03   3.844972E-01   1.059287E-03
   1.024540E+01   3.492197E+03   3.524508E-01   1.057624E-03
   1.025251E+01   3.375078E+03   3.244459E-01   1.053147E-03
   1.025963E+01   3.260491E+03   2.989810E-01   1.048586E-03
   1.026675E+01   3.229779E+03   2.901465E-01   1.038169E-03
   1.027387E+01   3.201321E+03   2.828042E-01   1.028004E-03
   1.028101E+01   3.176108E+03   2.770505E-01   1.018335E-03
   1.028814E+01   3.181957E+03   2.776291E-01   1.008781E-03
   1.029528E+01   3.186126E+03   2.784586E-01   9.996422E-04
   1.030243E+01   3.191493E+03   2.799943E-01   9.908880E-04
   1.030958E+01   3.200900E+03   2.826630E-01   9.824648E-04
   1.031673E+01   3.208865E+03   2.854829E-01   9.743783E-04
   1.032390E+01   3.216722E+03   2.890085E-01   9.657124E-04
   1.033106E+01   3.223599E+03   2.931635E-01   9.567387E-04
   1.033823E+01   3.228192E+03   2.974278E-01   9.482373E-04
   1.034541E+01   3.243283E+03   3.065456E-01   9.363714E-04
   1.035259E+01   3.256762E+03   3.173950E-01   9.243133E-04
   1.035977E+01   3.263939E+03   3.282909E-01   9.133260E-04
   1.036696E+01   3.348824E+03   3.664716E-01   8.927853E-04
   1.037416E+01   3.426327E+03   4.109988E-01   8.730416E-04
   1.038136E+01   3.544148E+03   4.740954E-01   8.510065E-04
   1.038857E+01   3.924051E+03   6.190433E-01   8.116182E-04
   1.039578E+01   4.471533E+03   8.519235E-01   7.568644E-04
   1.040299E+01   5.330473E+03   1.189854E+00   6.924472E-04
   1.041021E+01   6.436481E+03   1.573977E+00   6.399414E-04
   1.041744E+01   7.557159E+03   2.021977E+00   5.972868E-04
   1.042467E+01   7.958513E+03   2.072717E+00   6.110481E-04
   1.043190E+01   7.826479E+03   1.893666E+00   6.568935E-04
   1.043914E+01   7.500393E+03   1.733089E+00   7.100016E-04
   1.044639E+01   6.832150E+03   1.420796E+00   7.707179E-04
   1.045364E+01   6.195143E+03   1.164608E+00   8.314910E-04
   1.046090E+01   5.656087E+03   9.809129E-01   8.872453E-04
   1.046816E+01   5.407015E+03   8.864795E-01   9.055793E-04
   1.047542E+01   5.168449E+03   8.024483E-01   9.227906E-04
   1.048269E+01   4.986164E+03   7.407421E-01   9.345987E-04
   1.048997E+01   4.885635E+03   7.052561E-01   9.385681E-04
   1.049725E+01   4.786537E+03   6.715372E-01   9.423039E-04
   1.050454E+01   4.719282E+03   6.484579E-01   9.437543E-04
   1.051183E+01   4.670865E+03   6.314828E-01   9.438779E-04
   1.051912E+01   4.622645E+03   6.149463E-01   9.439575E-04
   1.052642E+01   4.595165E+03   6.049539E-01   9.429600E-04
   1.053373E+01   4.570495E+03   5.959446E-01   9.418155E-04
   1.054104E+01   4.547655E+03   5.876175E-01   9.405948E-04
   1.054836E+01   4.535833E+03   5.827003E-01   9.389367E-04
   1.055568E+01   4.523982E+03   5.778224E-01   9.372839E-04
   1.056301E+01   4.515346E+03   5.739658E-01   9.355344E-04
   1.057034E+01   4.511352E+03   5.715409E-01   9.336442E-04
   1.057767E+01   4.507340E+03   5.691268E-01   9.317600E-04
   1.058502E+01   4.506699E+03   5.677586E-01   9.297982E-04
   1.059236E+01   4.507624E+03   5.668751E-01   9.278026E-04
   1.059971E+01   4.508545E+03   5.659951E-01   9.258117E-04
   1.060707E+01   4.513114E+03   5.662497E-01   9.237593E-04
   1.061443E+01   4.517840E+03   5.665532E-01   9.217074E-04
   1.062180E+01   4.523186E+03   5.670481E-01   9.196461E-04
   1.062917E+01   4.530436E+03   5.681295E-01   9.175487E-04
   1.063655E+01   4.537705E+03   5.692165E-01   9.154531E-04
   1.064393E+01   4.546140E+03   5.706710E-01   9.133437E-04
   1.065132E+01   4.555605E+03   5.724513E-01   9.112214E-04
   1.065871E+01   4.565096E+03   5.742411E-01   9.090995E-04
   1.066611E+01   4.575974E+03   5.764672E-01   9.069535E-04
   1.067352E+01   4.587170E+03   5.787964E-01   9.048017E-04
   1.068092E+01   4.598586E+03   5.811982E-01   9.026455E-04
   1.068834E+01   4.611361E+03   5.840301E-01   9.004598E-04
   1.069576E+01   4.624172E+03   5.868803E-01   8.982725E-04
   1.070318E+01   4.637445E+03   5.898925E-01   8.960836E-04
   1.071061E+01   4.651325E+03   5.931172E-01   8.938924E-04
   1.071804E+01   4.665242E+03   5.963639E-01   8.916989E-04
   1.072548E+01   4.680119E+03   5.999207E-01   8.894747E-04
   1.073293E+01   4.695367E+03   6.036067E-01   8.872375E-04
   1.074038E+01   4.710702E+03   6.073345E-01   8.849963E-04
   1.074783E+01   4.726929E+03   6.113711E-01   8.827361E-04
   1.075529E+01   4.743198E+03   6.154389E-01   8.804721E-04
   1.076276E+01   4.759913E+03   6.196653E-01   8.781895E-04
   1.077023E+01   4.777363E+03   6.241444E-01   8.758770E-04
   1.077770E+01   4.794857E+03   6.286601E-01   8.735600E-04
   1.078518E+01   4.812973E+03   6.334118E-01   8.712283E-04
   1.079267E+01   4.831389E+03   6.382924E-01   8.688870E-04
   1.080016E+01   4.849865E+03   6.432197E-01   8.665397E-04
   1.080765E+01   4.869145E+03   6.484366E-01   8.641561E-04
   1.081516E+01   4.888469E+03   6.536996E-01   8.617664E-04
   1.082266E+01   4.908217E+03   6.591311E-01   8.593524E-04
   1.083017E+01   4.928705E+03   6.648360E-01   8.568984E-04
   1.083769E+01   4.949236E+03   6.705937E-01   8.544373E-04
   1.084521E+01   4.970480E+03   6.766350E-01   8.519443E-04
   1.085274E+01   4.992064E+03   6.828368E-01   8.494324E-04
   1.086027E+01   5.013721E+03   6.891091E-01   8.469107E-04
   1.086781E+01   5.036308E+03   6.957296E-01   8.443298E-04
   1.087535E+01   5.058936E+03   7.024165E-01   8.417401E-04
   1.088290E+01   5.082007E+03   7.093135E-01   8.391246E-04
   1.089046E+01   5.105765E+03   7.165121E-01   8.364723E-04
   1.089802E+01   5.129557E+03   7.237854E-01   8.338099E-04
   1.090558E+01   5.154128E+03   7.313843E-01   8.310926E-04
   1.091315E+01   5.178999E+03   7.391543E-01   8.283484E-04
   1.092072E+01   5.204023E+03   7.470495E-01   8.255852E-04
   1.092830E+01   5.230247E+03   7.554289E-01   8.227368E-04
   1.093589E+01   5.256500E+03   7.639029E-01   8.198757E-04
   1.094348E+01   5.283307E+03   7.726640E-01   8.169723E-04
   1.095107E+01   5.310762E+03   7.817550E-01   8.140202E-04
   1.095868E+01   5.338237E+03   7.909519E-01   8.110539E-04
   1.096628E+01   5.366894E+03   8.006871E-01   8.080031E-04
   1.097389E+01   5.395810E+03   8.106320E-01   8.049214E-04
   1.098151E+01   5.425068E+03   8.208153E-01   8.017991E-04
   1.098913E+01   5.455689E+03   8.316062E-01   7.985610E-04
   1.099676E+01   5.486314E+03   8.425351E-01   7.953041E-04
   1.100439E+01   5.517900E+03   8.539655E-01   7.919616E-04
   1.101203E+01   5.550192E+03   8.658168E-01   7.885490E-04
   1.101967E+01   5.582470E+03   8.778263E-01   7.851148E-04
   1.102732E+01   5.616398E+03   8.906465E-01   7.815398E-04
   1.103498E+01   5.650373E+03   9.036750E-01   7.779350E-04
   1.104264E+01   5.685035E+03   9.171730E-01   7.742524E-04
   1.105030E+01   5.721034E+03   9.314203E-01   7.704413E-04
   1.105797E+01   5.756977E+03   9.458764E-01   7.666016E-04
   1.106564E+01   5.794808E+03   9.613152E-01   7.625750E-04
   1.107333E+01   5.833269E+03   9.772737E-01   7.584586E-04
   1.108101E+01   5.871963E+03   9.936171E-01   7.542833E-04
   1.108870E+01   5.912663E+03   1.011135E+00   7.499070E-04
   1.109640E+01   5.953241E+03   1.028939E+00   7.454911E-04
   1.110410E+01   5.995539E+03   1.047819E+00   7.408760E-04
   1.111181E+01   6.039314E+03   1.067724E+00   7.360753E-04
   1.111952E+01   6.082913E+03   1.087977E+00   7.312266E-04
   1.112724E+01   6.129407E+03   1.110028E+00   7.260621E-04
   1.113496E+01   6.175870E+03   1.132587E+00   7.208229E-04
   1.114269E+01   6.223598E+03   1.156272E+00   7.153859E-04
   1.115042E+01   6.273894E+03   1.181767E+00   7.096214E-04
   1.115816E+01   6.323846E+03   1.207770E+00   7.037861E-04
   1.116591E+01   6.377333E+03   1.236225E+00   6.975050E-04
   1.117366E+01   6.431592E+03   1.265900E+00   6.910222E-04
   1.118141E+01   6.486420E+03   1.296769E+00   6.843446E-04
   1.118917E+01   6.545482E+03   1.330868E+00   6.770905E-04
   1.119694E+01   6.603874E+03   1.365764E+00   6.697256E-04
   1.120471E+01   6.666063E+03   1.403995E+00   6.617724E-04
   1.121249E+01   6.730309E+03   1.444858E+00   6.533743E-04
   1.122027E+01   6.793858E+03   1.486945E+00   6.447963E-04
   1.122806E+01   6.864864E+03   1.535339E+00   6.351074E-04
   1.123585E+01   6.934470E+03   1.585101E+00   6.252289E-04
   1.124365E+01   7.007898E+03   1.639773E+00   6.145203E-04
   1.125145E+01   7.085491E+03   1.700201E+00   6.028497E-04
   1.125926E+01   7.160842E+03   1.762514E+00   5.909139E-04
   1.126708E+01   7.246878E+03   1.836492E+00   5.770005E-04
   1.127490E+01   7.330956E+03   1.914118E+00   5.625453E-04
   1.128272E+01   7.417832E+03   1.999933E+00   5.467736E-04
   1.129056E+01   7.511951E+03   2.099609E+00   5.287624E-04
   1.129839E+01   7.600051E+03   2.203212E+00   5.101826E-04
   1.130623E+01   7.700566E+03   2.331376E+00   4.876672E-04
   1.131408E+01   7.795760E+03   2.470727E+00   4.634195E-04
   1.132193E+01   7.885885E+03   2.626383E+00   4.365687E-04
   1.132979E+01   7.978761E+03   2.821943E+00   4.033010E-04
   1.133766E+01   8.047583E+03   3.026258E+00   3.683223E-04
   1.134553E+01   8.088917E+03   3.285996E+00   3.231038E-04
   1.135340E+01   8.076779E+03   3.573504E+00   2.708212E-04
   1.136128E+01   7.972620E+03   3.866076E+00   2.114468E-04
   1.136917E+01   7.623762E+03   4.151800E+00   1.288132E-04
   1.137706E+01   7.133428E+03   4.375793E+00   3.330521E-05
   1.138495E+01   6.262016E+03   4.322643E+00  -8.651020E-05
   1.139286E+01   5.242928E+03   4.075067E+00  -2.372370E-04
   1.140076E+01   4.314786E+03   3.766105E+00  -4.133183E-04
   1.140868E+01   3.493372E+03   3.286539E+00  -5.743364E-04
   1.141660E+01   2.861526E+03   2.923513E+00  -7.408991E-04
   1.142452E+01   2.434252E+03   2.611662E+00  -8.064382E-04
   1.143245E+01   2.098608E+03   2.346827E+00  -7.383254E-04
   1.144038E+01   1.791002E+03   2.143419E+00  -5.503073E-04
   1.144833E+01   1.630601E+03   1.959937E+00   8.833682E-05
   1.145627E+01   1.400714E+03   1.818080E+00   9.085807E-04
   1.146422E+01   1.249267E+03   1.674903E+00   2.088005E-03
   1.147218E+01   1.082606E+03   1.536598E+00   3.228433E-03
   1.148014E+01   8.592185E+02   1.456412E+00   4.199880E-03
   1.148811E+01   7.818012E+02   1.351144E+00   4.207461E-03
   1.149608E+01   6.874976E+02   1.261729E+00   4.091308E-03
   1.150406E+01   6.160233E+02   1.187650E+00   3.883987E-03
   1.151205E+01   5.681697E+02   1.120589E+00   3.640655E-03
   1.152004E+01   5.204335E+02   1.055867E+00   3.406698E-03
   1.152803E+01   4.888257E+02   1.005063E+00   3.224070E-03
   1.153604E+01   4.576768E+02   9.550316E-01   3.051714E-03
   1.154404E+01   4.310806E+02   9.102123E-01   2.904054E-03
   1.155206E+01   4.087600E+02   8.703057E-01   2.778234E-03
   1.156007E+01   3.869587E+02   8.309193E-01   2.659363E-03
   1.156810E+01   3.704369E+02   7.980565E-01   2.564192E-03
   1.157613E+01   3.542072E+02   7.655572E-01   2.473515E-03
   1.158416E+01   3.401774E+02   7.356746E-01   2.393037E-03
   1.159220E+01   3.280948E+02   7.082001E-01   2.321407E-03
   1.160025E+01   3.162716E+02   6.811513E-01   2.253007E-03
   1.160830E+01   3.075270E+02   6.574438E-01   2.194636E-03
   1.161636E+01   2.988343E+02   6.340238E-01   2.138442E-03
   1.162442E+01   2.917139E+02   6.121477E-01   2.087135E-03
   1.163249E+01   2.858327E+02   5.915654E-01   2.039869E-03
   1.164056E+01   2.801179E+02   5.713687E-01   1.994445E-03
   1.164864E+01   2.768971E+02   5.529964E-01   1.953758E-03
   1.165673E+01   2.735981E+02   5.348666E-01   1.914332E-03
   1.166482E+01   2.719275E+02   5.177197E-01   1.877547E-03
   1.167291E+01   2.713228E+02   5.013016E-01   1.842795E-03
   1.168101E+01   2.710196E+02   4.852253E-01   1.809242E-03
   1.168912E+01   2.734210E+02   4.701461E-01   1.777985E-03
   1.169724E+01   2.757544E+02   4.552860E-01   1.747582E-03
   1.170535E+01   2.804791E+02   4.410421E-01   1.718596E-03
   1.171348E+01   2.864998E+02   4.272191E-01   1.690676E-03
   1.172161E+01   2.934468E+02   4.136925E-01   1.663564E-03
   1.172974E+01   3.041772E+02   4.006988E-01   1.637467E-03
   1.173789E+01   3.152094E+02   3.879341E-01   1.612030E-03
   1.174603E+01   3.307388E+02   3.755962E-01   1.587272E-03
   1.175419E+01   3.484889E+02   3.635799E-01   1.563131E-03
   1.176234E+01   3.690860E+02   3.519035E-01   1.539556E-03
   1.177051E+01   3.960902E+02   3.407195E-01   1.516481E-03
   1.177868E+01   4.249484E+02   3.298597E-01   1.493920E-03
   1.178685E+01   4.631312E+02   3.198490E-01   1.472079E-03
   1.179503E+01   5.061627E+02   3.103747E-01   1.450679E-03
   1.180322E+01   5.563690E+02   3.020006E-01   1.430357E-03
   1.181141E+01   6.170894E+02   2.951855E-01   1.411336E-03
   1.181961E+01   6.842630E+02   2.891004E-01   1.392395E-03
   1.182782E+01   7.611649E+02   2.870842E-01   1.378481E-03
   1.183602E+01   8.466942E+02   2.862496E-01   1.364459E-03
   1.184424E+01   9.337066E+02   2.892242E-01   1.355340E-03
   1.185246E+01   1.021319E+03   2.958119E-01   1.350626E-03
   1.186069E+01   1.113602E+03   3.041076E-01   1.346290E-03
   1.186892E+01   1.175135E+03   3.175187E-01   1.354217E-03
   1.187716E+01   1.239521E+03   3.318387E-01   1.361791E-03
   1.188540E+01   1.269902E+03   3.473250E-01   1.377500E-03
   1.189365E+01   1.280766E+03   3.633551E-01   1.398145E-03
   1.190191E+01   1.278372E+03   3.786059E-01   1.420841E-03
   1.191017E+01   1.234460E+03   3.905084E-01   1.449150E-03
   1.191843E+01   1.191353E+03   4.027544E-01   1.478503E-03
   1.192671E+01   1.117157E+03   4.082703E-01   1.505588E-03
   1.193498E+01   1.040226E+03   4.130664E-01   1.532203E-03
   1.194327E+01   9.599591E+02   4.149393E-01   1.554344E-03
   1.195156E+01   8.740316E+02   4.122062E-01   1.568724E-03
   1.195985E+01   7.955180E+02   4.107147E-01   1.582436E-03
   1.196815E+01   7.193668E+02   4.034987E-01   1.583567E-03
   1.197646E+01   6.502354E+02   3.972463E-01   1.583705E-03
   1.198477E+01   5.891284E+02   3.898503E-01   1.579013E-03
   1.199309E+01   5.346630E+02   3.816875E-01   1.570760E-03
   1.200142E+01   4.858880E+02   3.739219E-01   1.561655E-03
   1.200975E+01   4.448517E+02   3.655878E-01   1.549833E-03
   1.201808E+01   4.072111E+02   3.576486E-01   1.537929E-03
   1.202642E+01   3.756115E+02   3.498645E-01   1.525361E-03
   1.203477E+01   3.472232E+02   3.422877E-01   1.512645E-03
   1.204312E+01   3.220673E+02   3.350116E-01   1.500052E-03
   1.205148E+01   3.004605E+02   3.280416E-01   1.487645E-03
   1.205985E+01   2.802738E+02   3.212330E-01   1.475343E-03
   1.206822E+01   2.635425E+02   3.148815E-01   1.463631E-03
   1.207659E+01   2.478260E+02   3.086556E-01   1.452041E-03
   1.208498E+01   2.340043E+02   3.027465E-01   1.440914E-03
   1.209336E+01   2.215712E+02   2.970728E-01   1.430135E-03
   1.210176E+01   2.100445E+02   2.915528E-01   1.419579E-03
   1.211016E+01   2.000403E+02   2.863558E-01   1.409553E-03
   1.211856E+01   1.905012E+02   2.812320E-01   1.399628E-03
   1.212697E+01   1.821667E+02   2.764134E-01   1.390224E-03
   1.213539E+01   1.743382E+02   2.717054E-01   1.380999E-03
   1.214381E+01   1.671632E+02   2.671662E-01   1.372060E-03
   1.215224E+01   1.606542E+02   2.628130E-01   1.363443E-03
   1.216068E+01   1.544375E+02   2.585288E-01   1.354936E-03
   1.216912E+01   1.489580E+02   2.544855E-01   1.346857E-03
   1.217756E+01   1.436675E+02   2.504881E-01   1.338849E-03
   1.218602E+01   1.388709E+02   2.466692E-01   1.331157E-03
   1.219447E+01   1.343518E+02   2.429457E-01   1.323630E-03
   1.220294E+01   1.300994E+02   2.393168E-01   1.316267E-03
   1.221141E+01   1.262036E+02   2.358278E-01   1.309152E-03
   1.221988E+01   1.224209E+02   2.323753E-01   1.302095E-03
   1.222837E+01   1.190280E+02   2.290920E-01   1.295342E-03
   1.223685E+01   1.157297E+02   2.258439E-01   1.288644E-03
   1.224535E+01   1.126698E+02   2.227011E-01   1.282133E-03
   1.225385E+01   1.097741E+02   2.196319E-01   1.275749E-03
   1.226235E+01   1.070051E+02   2.166223E-01   1.269467E-03
   1.227086E+01   1.044435E+02   2.137180E-01   1.263372E-03
   1.227938E+01   1.019410E+02   2.108418E-01   1.257322E-03
   1.228790E+01   9.964831E+01   2.080819E-01   1.251479E-03
   1.229643E+01   9.741689E+01   2.053550E-01   1.245691E-03
   1.230497E+01   9.531469E+01   2.027039E-01   1.240035E-03
   1.231351E+01   9.331324E+01   2.001133E-01   1.234484E-03
   1.232205E+01   9.138129E+01   1.975651E-01   1.229005E-03
   1.233061E+01   8.957814E+01   1.950981E-01   1.223670E-03
   1.233916E+01   8.780908E+01   1.926536E-01   1.218369E-03
   1.234773E+01   8.616633E+01   1.902912E-01   1.213214E-03
   1.235630E+01   8.456284E+01   1.879565E-01   1.208104E-03
   1.236487E+01   8.303934E+01   1.856749E-01   1.203086E-03
   1.237346E+01   8.158048E+01   1.834379E-01   1.198144E-03
   1.238205E+01   8.016527E+01   1.812320E-01   1.193253E-03
   1.239064E+01   7.883389E+01   1.790811E-01   1.188458E-03
   1.239924E+01   7.752355E+01   1.769490E-01   1.183691E-03
   1.240785E+01   7.629614E+01   1.748879E-01   1.179051E-03
   1.241646E+01   7.509312E+01   1.728497E-01   1.174448E-03
   1.242508E+01   7.394473E+01   1.708573E-01   1.169924E-03
   1.243370E+01   7.283820E+01   1.689014E-01   1.165462E-03
   1.244233E+01   7.176223E+01   1.669726E-01   1.161045E-03
   1.245097E+01   7.074099E+01   1.650879E-01   1.156704E-03
   1.245961E+01   6.973350E+01   1.632191E-01   1.152387E-03
   1.246826E+01   6.878634E+01   1.614028E-01   1.148163E-03
   1.247691E+01   6.785351E+01   1.596034E-01   1.143964E-03
   1.248557E+01   6.696169E+01   1.578439E-01   1.139835E-03
   1.249424E+01   6.609686E+01   1.561128E-01   1.135754E-03
   1.250291E+01   6.525632E+01   1.544025E-01   1.131706E-03
   1.251159E+01   6.445283E+01   1.527192E-01   1.127704E-03
   1.252027E+01   6.365974E+01   1.510510E-01   1.123723E-03
   1.252896E+01   6.291013E+01   1.494342E-01   1.119836E-03
   1.253766E+01   6.216878E+01   1.478306E-01   1.115967E-03
   1.254636E+01   6.146050E+01   1.462616E-01   1.112160E-03
   1.255507E+01   6.076885E+01   1.447133E-01   1.108386E-03
   1.256378E+01   6.009807E+01   1.431821E-01   1.104639E-03
   1.257250E+01   5.945178E+01   1.416694E-01   1.100921E-03
   1.258123E+01   5.881591E+01   1.401744E-01   1.097232E-03
   1.258996E+01   5.821037E+01   1.387249E-01   1.093626E-03
   1.259870E+01   5.761063E+01   1.372869E-01   1.090036E-03
   1.260744E+01   5.703901E+01   1.358700E-01   1.086482E-03
   1.261619E+01   5.647651E+01   1.344660E-01   1.082946E-03
   1.262495E+01   5.593308E+01   1.330849E-01   1.079450E-03
   1.263371E+01   5.540510E+01   1.317236E-01   1.075987E-03
   1.264248E+01   5.488820E+01   1.303789E-01   1.072552E-03
   1.265126E+01   5.439203E+01   1.290596E-01   1.069160E-03
   1.266004E+01   5.390007E+01   1.277507E-01   1.065784E-03
   1.266882E+01   5.343284E+01   1.264729E-01   1.062463E-03
   1.267762E+01   5.296931E+01   1.252049E-01   1.059157E-03
   1.268642E+01   5.252436E+01   1.239556E-01   1.055882E-03
   1.269522E+01   5.208829E+01   1.227191E-01   1.052627E-03
   1.270403E+01   5.166377E+01   1.214978E-01   1.049397E-03
   1.271285E+01   5.125208E+01   1.202924E-01   1.046194E-03
   1.272168E+01   5.084682E+01   1.191003E-01   1.043012E-03
   1.273051E+01   5.045919E+01   1.179343E-01   1.039878E-03
   1.273934E+01   5.007422E+01   1.167773E-01   1.036756E-03
   1.274818E+01   4.970703E+01   1.156323E-01   1.033653E-03
   1.275703E+01   4.934347E+01   1.144964E-01   1.030564E-03
   1.276589E+01   4.899260E+01   1.133831E-01   1.027515E-03
   1.277475E+01   4.864914E+01   1.122853E-01   1.024492E-03
   1.278361E+01   4.831370E+01   1.112008E-01   1.021492E-03
   1.279249E+01   4.798882E+01   1.101319E-01   1.018519E-03
   1.280137E+01   4.766820E+01   1.090717E-01   1.015558E-03
   1.281025E+01   4.736221E+01   1.080228E-01   1.012616E-03
   1.281914E+01   4.705793E+01   1.069818E-01   1.009685E-03
   1.282804E+01   4.676798E+01   1.059600E-01   1.006789E-03
   1.283694E+01   4.648093E+01   1.049469E-01   1.003906E-03
   1.284585E+01   4.620366E+01   1.039443E-01   1.001040E-03
   1.285477E+01   4.593210E+01   1.029505E-01   9.981877E-04
   1.286369E+01   4.566626E+01   1.019728E-01   9.953640E-04
   1.287262E+01   4.540787E+01   1.010146E-01   9.925760E-04
   1.288155E+01   4.515324E+01   1.000627E-01   9.897969E-04
   1.289050E+01   4.491173E+01   9.911483E-02   9.870215E-04
   1.289944E+01   4.467130E+01   9.817401E-02   9.842565E-04
   1.290840E+01   4.444075E+01   9.725188E-02   9.815261E-04
   1.291736E+01   4.421178E+01   9.633736E-02   9.788074E-04
   1.292632E+01   4.399209E+01   9.543844E-02   9.761170E-04
   1.293529E+01   4.377678E+01   9.454982E-02   9.734441E-04
   1.294427E+01   4.356710E+01   9.366991E-02   9.707853E-04
   1.295326E+01   4.336349E+01   9.279886E-02   9.681411E-04
   1.296225E+01   4.316344E+01   9.193339E-02   9.655046E-04
   1.297124E+01   4.297247E+01   9.107182E-02   9.628722E-04
   1.298025E+01   4.278240E+01   9.021720E-02   9.602504E-04
   1.298926E+01   4.260095E+01   8.938850E-02   9.576797E-04
   1.299827E+01   4.242011E+01   8.856587E-02   9.551180E-04
   1.300729E+01   4.224776E+01   8.774676E-02   9.525599E-04
   1.301632E+01   4.207781E+01   8.693308E-02   9.500095E-04
   1.302536E+01   4.191389E+01   8.612815E-02   9.474740E-04
   1.303440E+01   4.175421E+01   8.533101E-02   9.449513E-04
   1.304344E+01   4.159862E+01   8.454151E-02   9.424412E-04
   1.305250E+01   4.144936E+01   8.376069E-02   9.399459E-04
   1.306156E+01   4.130187E+01   8.298771E-02   9.374639E-04
   1.307062E+01   4.116141E+01   8.223050E-02   9.350123E-04
   1.307969E+01   4.102128E+01   8.147880E-02   9.325690E-04
   1.308877E+01   4.088894E+01   8.072995E-02   9.301282E-04
   1.309786E+01   4.075712E+01   7.998649E-02   9.276956E-04
   1.310695E+01   4.063262E+01   7.925209E-02   9.252790E-04
   1.311604E+01   4.051051E+01   7.852416E-02   9.228731E-04
   1.312515E+01   4.039279E+01   7.780423E-02   9.204811E-04
   1.313426E+01   4.027847E+01   7.709162E-02   9.181016E-04
   1.314337E+01   4.016712E+01   7.638597E-02   9.157340E-04
   1.315250E+01   4.006068E+01   7.568844E-02   9.133809E-04
   1.316163E+01   3.995575E+01   7.499686E-02   9.110374E-04
   1.317076E+01   3.985726E+01   7.431421E-02   9.087104E-04
   1.317990E+01   3.975889E+01   7.363654E-02   9.063910E-04
   1.318905E+01   3.966805E+01   7.296144E-02   9.040739E-04
   1.319821E+01   3.957736E+01   7.229127E-02   9.017645E-04
   1.320737E+01   3.949232E+01   7.162980E-02   8.994711E-04
   1.321653E+01   3.940869E+01   7.097409E-02   8.971874E-04
   1.322571E+01   3.932949E+01   7.032611E-02   8.949177E-04
   1.323489E+01   3.925299E+01   6.968465E-02   8.926594E-04
   1.324407E+01   3.918000E+01   6.904688E-02   8.904062E-04
   1.325326E+01   3.911138E+01   6.841255E-02   8.881576E-04
   1.326246E+01   3.904424E+01   6.778599E-02   8.859233E-04
   1.327167E+01   3.898116E+01   6.717246E-02   8.837155E-04
   1.328088E+01   3.891880E+01   6.656254E-02   8.815128E-04
   1.329010E+01   3.886336E+01   6.594902E-02   8.792986E-04
   1.329932E+01   3.880789E+01   6.534003E-02   8.770917E-04
   1.330855E+01   3.875768E+01   6.474609E-02   8.749162E-04
   1.331779E+01   3.870784E+01   6.415731E-02   8.727495E-04
   1.332703E+01   3.866312E+01   6.356621E-02   8.705743E-04
   1.333628E+01   3.861995E+01   6.297740E-02   8.684013E-04
   1.334554E+01   3.858024E+01   6.239969E-02   8.662510E-04
   1.335480E+01   3.854281E+01   6.183071E-02   8.641179E-04
   1.336407E+01   3.850805E+01   6.126505E-02   8.619896E-04
   1.337335E+01   3.847671E+01   6.070247E-02   8.598654E-04
   1.338263E+01   3.844736E+01   6.014350E-02   8.577467E-04
   1.339192E+01   3.842319E+01   5.958729E-02   8.556315E-04
   1.340121E+01   3.839966E+01   5.903580E-02   8.535244E-04
   1.341052E+01   3.838097E+01   5.849236E-02   8.514333E-04
   1.341982E+01   3.836219E+01   5.795293E-02   8.493487E-04
   1.342914E+01   3.834855E+01   5.741569E-02   8.472664E-04
   1.343846E+01   3.833490E+01   5.688242E-02   8.451906E-04
   1.344779E+01   3.832596E+01   5.635688E-02   8.431303E-04
   1.345712E+01   3.831786E+01   5.583597E-02   8.410782E-04
   1.346646E+01   3.831487E+01   5.531772E-02   8.390295E-04
   1.347581E+01   3.831408E+01   5.480279E-02   8.369859E-04
   1.348516E+01   3.831561E+01   5.429073E-02   8.349464E-04
   1.349452E+01   3.831900E+01   5.378173E-02   8.329114E-04
   1.350389E+01   3.832471E+01   5.327839E-02   8.308872E-04
   1.351326E+01   3.833374E+01   5.278141E-02   8.288756E-04
   1.352264E+01   3.834451E+01   5.228766E-02   8.268691E-04
   1.353203E+01   3.835989E+01   5.179643E-02   8.248658E-04
   1.354142E+01   3.837589E+01   5.130955E-02   8.228704E-04
   1.355082E+01   3.839591E+01   5.083005E-02   8.208903E-04
   1.356022E+01   3.841599E+01   5.035410E-02   8.189162E-04
   1.356963E+01   3.844240E+01   4.988018E-02   8.169443E-04
   1.357905E+01   3.846872E+01   4.940982E-02   8.149785E-04
   1.358848E+01   3.849993E+01   4.894159E-02   8.130151E-04
   1.359791E+01   3.853161E+01   4.847675E-02   8.110575E-04
   1.360735E+01   3.856752E+01   4.801422E-02   8.091028E-04
   1.361679E+01   3.860459E+01   4.755486E-02   8.071533E-04
   1.362624E+01   3.864480E+01   4.710183E-02   8.052168E-04
   1.363570E+01   3.868660E+01   4.665368E-02   8.032900E-04
   1.364516E+01   3.873173E+01   4.620497E-02   8.013589E-04
   1.365464E+01   3.877962E+01   4.575643E-02   7.994256E-04
   1.366411E+01   3.883004E+01   4.531316E-02   7.975028E-04
   1.367360E+01   3.888379E+01   4.487566E-02   7.955919E-04
   1.368309E+01   3.893909E+01   4.444289E-02   7.936904E-04
   1.369258E+01   3.899764E+01   4.401624E-02   7.918019E-04
   1.370209E+01   3.905753E+01   4.359132E-02   7.899151E-04
   1.371160E+01   3.912223E+01   4.316422E-02   7.880200E-04
   1.372112E+01   3.918762E+01   4.274092E-02   7.861320E-04
   1.373064E+01   3.925824E+01   4.232453E-02   7.842592E-04
   1.374017E+01   3.932896E+01   4.191133E-02   7.823919E-04
   1.374971E+01   3.940401E+01   4.149997E-02   7.805268E-04
   1.375925E+01   3.947911E+01   4.109182E-02   7.786674E-04
   1.376880E+01   3.956028E+01   4.068559E-02   7.768103E-04
   1.377836E+01   3.964202E+01   4.028243E-02   7.749586E-04
   1.378792E+01   3.972833E+01   3.988132E-02   7.731096E-04
   1.379749E+01   3.981566E+01   3.948313E-02   7.712656E-04
   1.380707E+01   3.990706E+01   3.908708E-02   7.694245E-04
   1.381665E+01   3.999999E+01   3.869383E-02   7.675882E-04
   1.382624E+01   4.009723E+01   3.830283E-02   7.657552E-04
   1.383584E+01   4.019687E+01   3.791448E-02   7.639265E-04
   1.384544E+01   4.029929E+01   3.753144E-02   7.621093E-04
   1.385505E+01   4.040388E+01   3.715312E-02   7.603023E-04
   1.386467E+01   4.051208E+01   3.677469E-02   7.584922E-04
   1.387429E+01   4.062411E+01   3.639600E-02   7.566787E-04
   1.388392E+01   4.073820E+01   3.602193E-02   7.548750E-04
   1.389356E+01   4.085522E+01   3.565312E-02   7.530830E-04
   1.390320E+01   4.097443E+01   3.528519E-02   7.512907E-04
   1.391285E+01   4.109784E+01   3.491606E-02   7.494923E-04
   1.392251E+01   4.122324E+01   3.455091E-02   7.477021E-04
   1.393217E+01   4.135386E+01   3.419150E-02   7.459250E-04
   1.394184E+01   4.148590E+01   3.383385E-02   7.441501E-04
   1.395152E+01   4.162295E+01   3.347414E-02   7.423667E-04
   1.396120E+01   4.176103E+01   3.311788E-02   7.405901E-04
   1.397089E+01   4.190424E+01   3.276775E-02   7.388280E-04
   1.398059E+01   4.204820E+01   3.242044E-02   7.370710E-04
   1.399029E+01   4.219828E+01   3.207488E-02   7.353162E-04
   1.400000E+01   4.234879E+01   3.173220E-02   7.335668E-04
