#============================================================================
# Opacities computed by OpTool        <a^n>=  1.0000E-1  1.0000E-1  1.0000E-1
# Method:   DHS  fmax=  0.800
# Parameters:
#   amin [um]=      0.100 amax [um]=      0.100  na  =    1    apow=   3.5    
#   lmin [um]=      7.000 lmax [um]=     14.000  nlam= 1000    nang=   180
#   porosity =      0.000 p_mantle =      0.000  fmax= 0.80    chop=   0.0
# Composition:
#  Where   mfrac  rho   Material
#  -----   -----  ----  -----------------------------------------------------
#  core    1.000  3.27  for
#  - - -   - - -  -  -  - - - - - - - - - - - - - - - - - - - - - - - - - - -
#  grain   1.000  3.27  mixture of  1 materials
#----------------------------------------------------------------------------
# Command: ./optool for -a 0.1 -dhs 0.8 -l 7 14 1000
#============================================================================
# Standard output file, no scattering matrix
#    iformat
#    nlambda
#    lambda[um]  kabs [cm^2/g]  ksca [cm^2/g]    g_asymmetry
#============================================================================
           3
        1000
   7.000000E+00   6.441228E+00   2.962508E-01   3.179341E-03
   7.004859E+00   6.461744E+00   2.948390E-01   3.174374E-03
   7.009721E+00   6.482326E+00   2.934335E-01   3.169416E-03
   7.014586E+00   6.502972E+00   2.920342E-01   3.164466E-03
   7.019455E+00   6.523685E+00   2.906411E-01   3.159523E-03
   7.024327E+00   6.544471E+00   2.892795E-01   3.154612E-03
   7.029202E+00   6.565325E+00   2.879269E-01   3.149712E-03
   7.034081E+00   6.586245E+00   2.865803E-01   3.144820E-03
   7.038963E+00   6.607232E+00   2.852395E-01   3.139935E-03
   7.043849E+00   6.628446E+00   2.838788E-01   3.135034E-03
   7.048738E+00   6.649772E+00   2.825172E-01   3.130134E-03
   7.053630E+00   6.671166E+00   2.811617E-01   3.125242E-03
   7.058526E+00   6.692628E+00   2.798123E-01   3.120357E-03
   7.063425E+00   6.714298E+00   2.784461E-01   3.115459E-03
   7.068328E+00   6.736098E+00   2.770764E-01   3.110559E-03
   7.073234E+00   6.757968E+00   2.757129E-01   3.105668E-03
   7.078143E+00   6.779908E+00   2.743556E-01   3.100784E-03
   7.083056E+00   6.802060E+00   2.730214E-01   3.095924E-03
   7.087972E+00   6.824368E+00   2.717035E-01   3.091082E-03
   7.092892E+00   6.846749E+00   2.703915E-01   3.086248E-03
   7.097815E+00   6.869204E+00   2.690854E-01   3.081421E-03
   7.102741E+00   6.891767E+00   2.677674E-01   3.076585E-03
   7.107671E+00   6.914432E+00   2.664415E-01   3.071743E-03
   7.112605E+00   6.937171E+00   2.651215E-01   3.066909E-03
   7.117541E+00   6.959985E+00   2.638077E-01   3.062083E-03
   7.122481E+00   6.982979E+00   2.625131E-01   3.057278E-03
   7.127425E+00   7.006152E+00   2.612377E-01   3.052493E-03
   7.132372E+00   7.029402E+00   2.599680E-01   3.047716E-03
   7.137322E+00   7.052729E+00   2.587040E-01   3.042947E-03
   7.142276E+00   7.076210E+00   2.574315E-01   3.038171E-03
   7.147234E+00   7.099860E+00   2.561480E-01   3.033386E-03
   7.152194E+00   7.123589E+00   2.548705E-01   3.028610E-03
   7.157159E+00   7.147397E+00   2.535989E-01   3.023840E-03
   7.162126E+00   7.171404E+00   2.523199E-01   3.019066E-03
   7.167097E+00   7.195653E+00   2.510294E-01   3.014282E-03
   7.172072E+00   7.219983E+00   2.497449E-01   3.009505E-03
   7.177050E+00   7.244394E+00   2.484665E-01   3.004737E-03
   7.182031E+00   7.268913E+00   2.472044E-01   2.999986E-03
   7.187016E+00   7.293552E+00   2.459633E-01   2.995258E-03
   7.192005E+00   7.318273E+00   2.447278E-01   2.990538E-03
   7.196997E+00   7.343078E+00   2.434981E-01   2.985826E-03
   7.201992E+00   7.368072E+00   2.422621E-01   2.981109E-03
   7.206991E+00   7.393310E+00   2.410140E-01   2.976382E-03
   7.211993E+00   7.418635E+00   2.397717E-01   2.971662E-03
   7.216999E+00   7.444046E+00   2.385353E-01   2.966950E-03
   7.222008E+00   7.469627E+00   2.373037E-01   2.962245E-03
   7.227020E+00   7.495421E+00   2.360765E-01   2.957546E-03
   7.232037E+00   7.521304E+00   2.348550E-01   2.952854E-03
   7.237056E+00   7.547276E+00   2.336394E-01   2.948171E-03
   7.242079E+00   7.573419E+00   2.324285E-01   2.943493E-03
   7.247106E+00   7.599769E+00   2.312219E-01   2.938822E-03
   7.252136E+00   7.626211E+00   2.300211E-01   2.934159E-03
   7.257170E+00   7.652744E+00   2.288260E-01   2.929503E-03
   7.262207E+00   7.679451E+00   2.276354E-01   2.924854E-03
   7.267247E+00   7.706359E+00   2.264492E-01   2.920211E-03
   7.272291E+00   7.733360E+00   2.252687E-01   2.915575E-03
   7.277339E+00   7.760455E+00   2.240937E-01   2.910948E-03
   7.282390E+00   7.787753E+00   2.229109E-01   2.906313E-03
   7.287444E+00   7.815267E+00   2.217186E-01   2.901670E-03
   7.292503E+00   7.842879E+00   2.205322E-01   2.897035E-03
   7.297564E+00   7.870587E+00   2.193515E-01   2.892408E-03
   7.302629E+00   7.898517E+00   2.181887E-01   2.887801E-03
   7.307698E+00   7.926660E+00   2.170428E-01   2.883213E-03
   7.312770E+00   7.954903E+00   2.159024E-01   2.878634E-03
   7.317846E+00   7.983246E+00   2.147674E-01   2.874061E-03
   7.322925E+00   8.011810E+00   2.136218E-01   2.869479E-03
   7.328008E+00   8.040564E+00   2.124700E-01   2.864892E-03
   7.333094E+00   8.069421E+00   2.113237E-01   2.860312E-03
   7.338184E+00   8.098381E+00   2.101831E-01   2.855740E-03
   7.343277E+00   8.127650E+00   2.090303E-01   2.851156E-03
   7.348374E+00   8.157138E+00   2.078733E-01   2.846570E-03
   7.353474E+00   8.186732E+00   2.067221E-01   2.841991E-03
   7.358578E+00   8.216433E+00   2.055766E-01   2.837419E-03
   7.363685E+00   8.246387E+00   2.044531E-01   2.832873E-03
   7.368796E+00   8.276506E+00   2.033413E-01   2.828341E-03
   7.373911E+00   8.306734E+00   2.022349E-01   2.823817E-03
   7.379029E+00   8.337072E+00   2.011340E-01   2.819300E-03
   7.384151E+00   8.367761E+00   2.000167E-01   2.814766E-03
   7.389276E+00   8.398618E+00   1.988999E-01   2.810235E-03
   7.394405E+00   8.429588E+00   1.977887E-01   2.805711E-03
   7.399537E+00   8.460672E+00   1.966830E-01   2.801194E-03
   7.404673E+00   8.492186E+00   1.955807E-01   2.796683E-03
   7.409812E+00   8.523850E+00   1.944837E-01   2.792179E-03
   7.414955E+00   8.555631E+00   1.933923E-01   2.787682E-03
   7.420102E+00   8.587532E+00   1.923063E-01   2.783193E-03
   7.425252E+00   8.619645E+00   1.912234E-01   2.778709E-03
   7.430406E+00   8.651877E+00   1.901460E-01   2.774232E-03
   7.435563E+00   8.684230E+00   1.890740E-01   2.769763E-03
   7.440724E+00   8.716772E+00   1.880037E-01   2.765297E-03
   7.445888E+00   8.749867E+00   1.869166E-01   2.760813E-03
   7.451057E+00   8.783087E+00   1.858350E-01   2.756337E-03
   7.456228E+00   8.816432E+00   1.847590E-01   2.751868E-03
   7.461403E+00   8.849954E+00   1.836879E-01   2.747406E-03
   7.466582E+00   8.883739E+00   1.826206E-01   2.742949E-03
   7.471765E+00   8.917653E+00   1.815587E-01   2.738500E-03
   7.476951E+00   8.951695E+00   1.805023E-01   2.734059E-03
   7.482140E+00   8.985988E+00   1.794504E-01   2.729624E-03
   7.487334E+00   9.020586E+00   1.784025E-01   2.725194E-03
   7.492530E+00   9.055316E+00   1.773601E-01   2.720773E-03
   7.497731E+00   9.090179E+00   1.763231E-01   2.716358E-03
   7.502935E+00   9.125400E+00   1.752901E-01   2.711950E-03
   7.508142E+00   9.160931E+00   1.742614E-01   2.707547E-03
   7.513354E+00   9.196600E+00   1.732381E-01   2.703153E-03
   7.518569E+00   9.232407E+00   1.722201E-01   2.698765E-03
   7.523787E+00   9.268586E+00   1.711894E-01   2.694364E-03
   7.529009E+00   9.304994E+00   1.701574E-01   2.689962E-03
   7.534235E+00   9.341545E+00   1.691309E-01   2.685568E-03
   7.539464E+00   9.378239E+00   1.681099E-01   2.681181E-03
   7.544697E+00   9.415298E+00   1.670920E-01   2.676799E-03
   7.549934E+00   9.452528E+00   1.660794E-01   2.672425E-03
   7.555174E+00   9.489905E+00   1.650721E-01   2.668057E-03
   7.560418E+00   9.527470E+00   1.640683E-01   2.663695E-03
   7.565666E+00   9.565676E+00   1.630476E-01   2.659314E-03
   7.570917E+00   9.604034E+00   1.620324E-01   2.654940E-03
   7.576172E+00   9.642544E+00   1.610228E-01   2.650574E-03
   7.581430E+00   9.681281E+00   1.600238E-01   2.646221E-03
   7.586692E+00   9.720367E+00   1.590441E-01   2.641893E-03
   7.591958E+00   9.759610E+00   1.580696E-01   2.637572E-03
   7.597228E+00   9.799010E+00   1.571004E-01   2.633258E-03
   7.602501E+00   9.838748E+00   1.561252E-01   2.628938E-03
   7.607777E+00   9.878844E+00   1.551429E-01   2.624611E-03
   7.613058E+00   9.919104E+00   1.541661E-01   2.620291E-03
   7.618342E+00   9.959526E+00   1.531946E-01   2.615978E-03
   7.623630E+00   1.000040E+01   1.522267E-01   2.611670E-03
   7.628921E+00   1.004157E+01   1.512634E-01   2.607370E-03
   7.634216E+00   1.008290E+01   1.503054E-01   2.603076E-03
   7.639515E+00   1.012441E+01   1.493528E-01   2.598790E-03
   7.644817E+00   1.016661E+01   1.483844E-01   2.594485E-03
   7.650124E+00   1.020904E+01   1.474193E-01   2.590185E-03
   7.655433E+00   1.025165E+01   1.464597E-01   2.585893E-03
   7.660747E+00   1.029447E+01   1.455052E-01   2.581607E-03
   7.666064E+00   1.033768E+01   1.445539E-01   2.577326E-03
   7.671385E+00   1.038108E+01   1.436079E-01   2.573053E-03
   7.676710E+00   1.042465E+01   1.426673E-01   2.568787E-03
   7.682038E+00   1.046859E+01   1.417311E-01   2.564528E-03
   7.687370E+00   1.051300E+01   1.407987E-01   2.560274E-03
   7.692705E+00   1.055760E+01   1.398715E-01   2.556027E-03
   7.698045E+00   1.060239E+01   1.389497E-01   2.551788E-03
   7.703388E+00   1.064770E+01   1.380190E-01   2.547538E-03
   7.708735E+00   1.069339E+01   1.370855E-01   2.543284E-03
   7.714085E+00   1.073927E+01   1.361574E-01   2.539039E-03
   7.719439E+00   1.078535E+01   1.352348E-01   2.534801E-03
   7.724797E+00   1.083212E+01   1.343152E-01   2.530567E-03
   7.730159E+00   1.087914E+01   1.334007E-01   2.526341E-03
   7.735524E+00   1.092637E+01   1.324916E-01   2.522122E-03
   7.740893E+00   1.097387E+01   1.315873E-01   2.517910E-03
   7.746266E+00   1.102190E+01   1.306863E-01   2.513702E-03
   7.751643E+00   1.107015E+01   1.297905E-01   2.509502E-03
   7.757023E+00   1.111860E+01   1.289000E-01   2.505310E-03
   7.762407E+00   1.116752E+01   1.280051E-01   2.501112E-03
   7.767795E+00   1.121697E+01   1.271037E-01   2.496906E-03
   7.773186E+00   1.126663E+01   1.262077E-01   2.492707E-03
   7.778581E+00   1.131652E+01   1.253171E-01   2.488516E-03
   7.783980E+00   1.136697E+01   1.244300E-01   2.484330E-03
   7.789383E+00   1.141776E+01   1.235475E-01   2.480150E-03
   7.794790E+00   1.146879E+01   1.226703E-01   2.475978E-03
   7.800200E+00   1.152006E+01   1.217976E-01   2.471812E-03
   7.805614E+00   1.157230E+01   1.209101E-01   2.467626E-03
   7.811032E+00   1.162477E+01   1.200280E-01   2.463448E-03
   7.816453E+00   1.167748E+01   1.191514E-01   2.459277E-03
   7.821878E+00   1.173061E+01   1.182792E-01   2.455113E-03
   7.827307E+00   1.178432E+01   1.174107E-01   2.450954E-03
   7.832740E+00   1.183828E+01   1.165476E-01   2.446802E-03
   7.838177E+00   1.189249E+01   1.156899E-01   2.442658E-03
   7.843617E+00   1.194727E+01   1.148357E-01   2.438519E-03
   7.849061E+00   1.200247E+01   1.139860E-01   2.434386E-03
   7.854509E+00   1.205792E+01   1.131415E-01   2.430260E-03
   7.859961E+00   1.211363E+01   1.123023E-01   2.426142E-03
   7.865416E+00   1.217038E+01   1.114485E-01   2.422004E-03
   7.870875E+00   1.222740E+01   1.105999E-01   2.417873E-03
   7.876338E+00   1.228468E+01   1.097567E-01   2.413749E-03
   7.881805E+00   1.234242E+01   1.089180E-01   2.409632E-03
   7.887276E+00   1.240079E+01   1.080828E-01   2.405520E-03
   7.892750E+00   1.245944E+01   1.072531E-01   2.401415E-03
   7.898228E+00   1.251837E+01   1.064286E-01   2.397317E-03
   7.903710E+00   1.257814E+01   1.055961E-01   2.393209E-03
   7.909196E+00   1.263847E+01   1.047628E-01   2.389098E-03
   7.914686E+00   1.269909E+01   1.039349E-01   2.384995E-03
   7.920179E+00   1.276002E+01   1.031123E-01   2.380900E-03
   7.925677E+00   1.282181E+01   1.022925E-01   2.376808E-03
   7.931178E+00   1.288391E+01   1.014781E-01   2.372724E-03
   7.936683E+00   1.294630E+01   1.006691E-01   2.368648E-03
   7.942191E+00   1.300935E+01   9.985778E-02   2.364567E-03
   7.947704E+00   1.307324E+01   9.904041E-02   2.360478E-03
   7.953220E+00   1.313745E+01   9.822852E-02   2.356396E-03
   7.958740E+00   1.320197E+01   9.742208E-02   2.352322E-03
   7.964264E+00   1.326739E+01   9.661901E-02   2.348252E-03
   7.969792E+00   1.333330E+01   9.582074E-02   2.344189E-03
   7.975324E+00   1.339954E+01   9.502786E-02   2.340133E-03
   7.980859E+00   1.346622E+01   9.423993E-02   2.336085E-03
   7.986399E+00   1.353384E+01   9.345512E-02   2.332041E-03
   7.991942E+00   1.360179E+01   9.267565E-02   2.328004E-03
   7.997489E+00   1.367009E+01   9.190147E-02   2.323975E-03
   8.003040E+00   1.373927E+01   9.112257E-02   2.319938E-03
   8.008595E+00   1.380926E+01   9.034082E-02   2.315895E-03
   8.014153E+00   1.387961E+01   8.956451E-02   2.311861E-03
   8.019716E+00   1.395031E+01   8.879359E-02   2.307834E-03
   8.025282E+00   1.402217E+01   8.801095E-02   2.303788E-03
   8.030852E+00   1.409444E+01   8.723294E-02   2.299749E-03
   8.036426E+00   1.416707E+01   8.646047E-02   2.295717E-03
   8.042004E+00   1.424046E+01   8.569251E-02   2.291691E-03
   8.047586E+00   1.431491E+01   8.492829E-02   2.287671E-03
   8.053172E+00   1.438975E+01   8.416955E-02   2.283658E-03
   8.058761E+00   1.446498E+01   8.341624E-02   2.279652E-03
   8.064355E+00   1.454135E+01   8.265469E-02   2.275633E-03
   8.069952E+00   1.461835E+01   8.189483E-02   2.271615E-03
   8.075553E+00   1.469576E+01   8.114054E-02   2.267605E-03
   8.081158E+00   1.477376E+01   8.039121E-02   2.263601E-03
   8.086767E+00   1.485293E+01   7.964521E-02   2.259602E-03
   8.092380E+00   1.493252E+01   7.890472E-02   2.255611E-03
   8.097997E+00   1.501254E+01   7.816970E-02   2.251627E-03
   8.103618E+00   1.509378E+01   7.742916E-02   2.247633E-03
   8.109242E+00   1.517590E+01   7.668814E-02   2.243637E-03
   8.114871E+00   1.525846E+01   7.595271E-02   2.239649E-03
   8.120503E+00   1.534157E+01   7.522134E-02   2.235666E-03
   8.126140E+00   1.542620E+01   7.448024E-02   2.231665E-03
   8.131780E+00   1.551130E+01   7.374486E-02   2.227672E-03
   8.137424E+00   1.559686E+01   7.301517E-02   2.223687E-03
   8.143072E+00   1.568356E+01   7.228960E-02   2.219707E-03
   8.148724E+00   1.577132E+01   7.156839E-02   2.215733E-03
   8.154380E+00   1.585956E+01   7.085280E-02   2.211767E-03
   8.160040E+00   1.594830E+01   7.014278E-02   2.207809E-03
   8.165703E+00   1.603858E+01   6.943557E-02   2.203854E-03
   8.171371E+00   1.612936E+01   6.873391E-02   2.199906E-03
   8.177043E+00   1.622065E+01   6.803778E-02   2.195967E-03
   8.182718E+00   1.631321E+01   6.733310E-02   2.192011E-03
   8.188398E+00   1.640712E+01   6.661892E-02   2.188036E-03
   8.194081E+00   1.650156E+01   6.591057E-02   2.184069E-03
   8.199768E+00   1.659655E+01   6.520803E-02   2.180110E-03
   8.205460E+00   1.669340E+01   6.450849E-02   2.176154E-03
   8.211155E+00   1.679088E+01   6.381459E-02   2.172207E-03
   8.216854E+00   1.688892E+01   6.312643E-02   2.168267E-03
   8.222557E+00   1.698821E+01   6.243697E-02   2.164322E-03
   8.228264E+00   1.708894E+01   6.174473E-02   2.160370E-03
   8.233976E+00   1.719027E+01   6.105835E-02   2.156427E-03
   8.239691E+00   1.729219E+01   6.037778E-02   2.152491E-03
   8.245410E+00   1.739608E+01   5.970027E-02   2.148558E-03
   8.251133E+00   1.750068E+01   5.902839E-02   2.144633E-03
   8.256860E+00   1.760589E+01   5.836225E-02   2.140717E-03
   8.262590E+00   1.771252E+01   5.769502E-02   2.136795E-03
   8.268325E+00   1.782074E+01   5.702536E-02   2.132867E-03
   8.274064E+00   1.792961E+01   5.636158E-02   2.128946E-03
   8.279807E+00   1.803915E+01   5.570362E-02   2.125034E-03
   8.285554E+00   1.815116E+01   5.503716E-02   2.121102E-03
   8.291305E+00   1.826392E+01   5.437619E-02   2.117178E-03
   8.297060E+00   1.837739E+01   5.372116E-02   2.113262E-03
   8.302819E+00   1.849241E+01   5.306488E-02   2.109341E-03
   8.308581E+00   1.860905E+01   5.240718E-02   2.105413E-03
   8.314348E+00   1.872643E+01   5.175554E-02   2.101494E-03
   8.320119E+00   1.884458E+01   5.110963E-02   2.097582E-03
   8.325894E+00   1.896558E+01   5.045566E-02   2.093651E-03
   8.331673E+00   1.908735E+01   4.980788E-02   2.089729E-03
   8.337456E+00   1.920989E+01   4.916623E-02   2.085815E-03
   8.343242E+00   1.933427E+01   4.852901E-02   2.081906E-03
   8.349033E+00   1.946028E+01   4.789655E-02   2.078003E-03
   8.354828E+00   1.958710E+01   4.727016E-02   2.074108E-03
   8.360627E+00   1.971500E+01   4.664828E-02   2.070218E-03
   8.366430E+00   1.984573E+01   4.602014E-02   2.066312E-03
   8.372237E+00   1.997733E+01   4.539818E-02   2.062414E-03
   8.378048E+00   2.010980E+01   4.478235E-02   2.058525E-03
   8.383863E+00   2.024471E+01   4.416359E-02   2.054625E-03
   8.389682E+00   2.038132E+01   4.354652E-02   2.050724E-03
   8.395505E+00   2.051885E+01   4.293570E-02   2.046832E-03
   8.401333E+00   2.065792E+01   4.232564E-02   2.042937E-03
   8.407164E+00   2.080004E+01   4.170367E-02   2.039011E-03
   8.412999E+00   2.094313E+01   4.108825E-02   2.035095E-03
   8.418838E+00   2.108721E+01   4.047934E-02   2.031187E-03
   8.424682E+00   2.123418E+01   3.987439E-02   2.027282E-03
   8.430529E+00   2.138265E+01   3.927529E-02   2.023385E-03
   8.436381E+00   2.153215E+01   3.868261E-02   2.019497E-03
   8.442236E+00   2.168383E+01   3.809140E-02   2.015606E-03
   8.448096E+00   2.183843E+01   3.749872E-02   2.011707E-03
   8.453959E+00   2.199412E+01   3.691258E-02   2.007816E-03
   8.459827E+00   2.215092E+01   3.633293E-02   2.003935E-03
   8.465699E+00   2.231166E+01   3.574752E-02   2.000034E-03
   8.471575E+00   2.247365E+01   3.516839E-02   1.996142E-03
   8.477455E+00   2.263682E+01   3.459586E-02   1.992258E-03
   8.483339E+00   2.280305E+01   3.402286E-02   1.988367E-03
   8.489227E+00   2.297194E+01   3.345122E-02   1.984472E-03
   8.495119E+00   2.314209E+01   3.288628E-02   1.980587E-03
   8.501016E+00   2.331409E+01   3.232435E-02   1.976702E-03
   8.506916E+00   2.349029E+01   3.175176E-02   1.972784E-03
   8.512820E+00   2.366782E+01   3.118619E-02   1.968876E-03
   8.518729E+00   2.384669E+01   3.062757E-02   1.964976E-03
   8.524642E+00   2.402970E+01   3.007334E-02   1.961080E-03
   8.530559E+00   2.421488E+01   2.952534E-02   1.957192E-03
   8.536479E+00   2.440148E+01   2.898421E-02   1.953313E-03
   8.542404E+00   2.459119E+01   2.844176E-02   1.949423E-03
   8.548334E+00   2.478485E+01   2.789450E-02   1.945511E-03
   8.554267E+00   2.498004E+01   2.735441E-02   1.941610E-03
   8.560204E+00   2.517689E+01   2.682103E-02   1.937717E-03
   8.566146E+00   2.537934E+01   2.628382E-02   1.933805E-03
   8.572091E+00   2.558342E+01   2.575388E-02   1.929902E-03
   8.578041E+00   2.578913E+01   2.523115E-02   1.926010E-03
   8.583995E+00   2.599963E+01   2.470289E-02   1.922092E-03
   8.589953E+00   2.621340E+01   2.417590E-02   1.918168E-03
   8.595915E+00   2.642892E+01   2.365644E-02   1.914254E-03
   8.601881E+00   2.664780E+01   2.314099E-02   1.910340E-03
   8.607852E+00   2.687193E+01   2.262568E-02   1.906415E-03
   8.613826E+00   2.709795E+01   2.211799E-02   1.902500E-03
   8.619805E+00   2.732587E+01   2.161784E-02   1.898596E-03
   8.625788E+00   2.756080E+01   2.111506E-02   1.894672E-03
   8.631775E+00   2.779792E+01   2.061965E-02   1.890758E-03
   8.637766E+00   2.803708E+01   2.013188E-02   1.886853E-03
   8.643761E+00   2.828203E+01   1.964091E-02   1.882926E-03
   8.649761E+00   2.853134E+01   1.915146E-02   1.878991E-03
   8.655764E+00   2.878285E+01   1.866996E-02   1.875066E-03
   8.661772E+00   2.903848E+01   1.819141E-02   1.871136E-03
   8.667784E+00   2.930100E+01   1.770921E-02   1.867181E-03
   8.673800E+00   2.956588E+01   1.723527E-02   1.863236E-03
   8.679821E+00   2.983316E+01   1.676950E-02   1.859301E-03
   8.685845E+00   3.010931E+01   1.630251E-02   1.855347E-03
   8.691874E+00   3.038821E+01   1.584358E-02   1.851403E-03
   8.697907E+00   3.066971E+01   1.539292E-02   1.847470E-03
   8.703944E+00   3.095876E+01   1.494040E-02   1.843514E-03
   8.709985E+00   3.125319E+01   1.449110E-02   1.839550E-03
   8.716030E+00   3.155043E+01   1.405038E-02   1.835598E-03
   8.722080E+00   3.185336E+01   1.361303E-02   1.831639E-03
   8.728134E+00   3.216471E+01   1.317471E-02   1.827656E-03
   8.734192E+00   3.247912E+01   1.274527E-02   1.823685E-03
   8.740254E+00   3.279697E+01   1.232401E-02   1.819724E-03
   8.746321E+00   3.312653E+01   1.189804E-02   1.815723E-03
   8.752391E+00   3.345939E+01   1.148126E-02   1.811733E-03
   8.758466E+00   3.379562E+01   1.107355E-02   1.807756E-03
   8.764545E+00   3.414274E+01   1.066480E-02   1.803750E-03
   8.770629E+00   3.449601E+01   1.026206E-02   1.799743E-03
   8.776716E+00   3.485295E+01   9.868714E-03   1.795748E-03
   8.782808E+00   3.521856E+01   9.478744E-03   1.791740E-03
   8.788904E+00   3.559390E+01   9.091489E-03   1.787716E-03
   8.795004E+00   3.597326E+01   8.713922E-03   1.783704E-03
   8.801109E+00   3.635885E+01   8.343728E-03   1.779694E-03
   8.807217E+00   3.675846E+01   7.973408E-03   1.775653E-03
   8.813330E+00   3.716247E+01   7.613078E-03   1.771624E-03
   8.819447E+00   3.757095E+01   7.262630E-03   1.767608E-03
   8.825569E+00   3.799659E+01   6.908018E-03   1.763537E-03
   8.831694E+00   3.842835E+01   6.562510E-03   1.759472E-03
   8.837824E+00   3.886504E+01   6.227411E-03   1.755421E-03
   8.843959E+00   3.931650E+01   5.893347E-03   1.751334E-03
   8.850097E+00   3.977866E+01   5.565105E-03   1.747234E-03
   8.856240E+00   4.024629E+01   5.247806E-03   1.743148E-03
   8.862387E+00   4.072600E+01   4.936157E-03   1.739045E-03
   8.868538E+00   4.122189E+01   4.627700E-03   1.734911E-03
   8.874693E+00   4.172386E+01   4.330728E-03   1.730791E-03
   8.880853E+00   4.223456E+01   4.043850E-03   1.726677E-03
   8.887017E+00   4.276777E+01   3.760788E-03   1.722528E-03
   8.893185E+00   4.330776E+01   3.489509E-03   1.718394E-03
   8.899358E+00   4.385463E+01   3.229872E-03   1.714274E-03
   8.905535E+00   4.442835E+01   2.969913E-03   1.710082E-03
   8.911716E+00   4.501199E+01   2.721105E-03   1.705896E-03
   8.917902E+00   4.560337E+01   2.484725E-03   1.701725E-03
   8.924091E+00   4.621893E+01   2.254479E-03   1.697518E-03
   8.930285E+00   4.685138E+01   2.034053E-03   1.693300E-03
   8.936484E+00   4.749258E+01   1.826603E-03   1.689098E-03
   8.942686E+00   4.815477E+01   1.626818E-03   1.684860E-03
   8.948893E+00   4.884239E+01   1.434085E-03   1.680573E-03
   8.955105E+00   4.953995E+01   1.255406E-03   1.676302E-03
   8.961320E+00   5.025430E+01   1.089205E-03   1.672031E-03
   8.967540E+00   5.100435E+01   9.322196E-04   1.667714E-03
   8.973764E+00   5.176573E+01   7.898505E-04   1.663414E-03
   8.979993E+00   5.253863E+01   6.618962E-04   1.659131E-03
   8.986226E+00   5.336276E+01   5.416963E-04   1.654747E-03
   8.992463E+00   5.420005E+01   4.372280E-04   1.650381E-03
   8.998704E+00   5.505067E+01   3.482753E-04   1.646033E-03
   9.004950E+00   5.594922E+01   2.720114E-04   1.641623E-03
   9.011200E+00   5.687182E+01   2.115090E-04   1.637210E-03
   9.017455E+00   5.780987E+01   1.673663E-04   1.632818E-03
   9.023714E+00   5.879455E+01   1.384896E-04   1.628357E-03
   9.029977E+00   5.981784E+01   1.267292E-04   1.623856E-03
   9.036244E+00   6.085926E+01   1.328617E-04   1.619377E-03
   9.042516E+00   6.194491E+01   1.574402E-04   1.614863E-03
   9.048793E+00   6.308947E+01   2.021795E-04   1.610287E-03
   9.055073E+00   6.425560E+01   2.662159E-04   1.605734E-03
   9.061358E+00   6.545973E+01   3.506405E-04   1.601168E-03
   9.067647E+00   6.674617E+01   4.604772E-04   1.596500E-03
   9.073941E+00   6.805842E+01   5.913779E-04   1.591857E-03
   9.080239E+00   6.940059E+01   7.434541E-04   1.587230E-03
   9.086542E+00   7.086165E+01   9.292063E-04   1.582457E-03
   9.092848E+00   7.235418E+01   1.138128E-03   1.577710E-03
   9.099160E+00   7.387889E+01   1.369821E-03   1.572988E-03
   9.105475E+00   7.553697E+01   1.642300E-03   1.568122E-03
   9.111795E+00   7.724898E+01   1.943044E-03   1.563257E-03
   9.118119E+00   7.900078E+01   2.269018E-03   1.558421E-03
   9.124448E+00   8.089831E+01   2.641850E-03   1.553455E-03
   9.130781E+00   8.288816E+01   3.052141E-03   1.548453E-03
   9.137119E+00   8.492827E+01   3.490690E-03   1.543483E-03
   9.143461E+00   8.712409E+01   3.981793E-03   1.538402E-03
   9.149807E+00   8.946741E+01   4.525032E-03   1.533237E-03
   9.156158E+00   9.187557E+01   5.100370E-03   1.528106E-03
   9.162513E+00   9.445148E+01   5.732724E-03   1.522891E-03
   9.168872E+00   9.726099E+01   6.439815E-03   1.517532E-03
   9.175236E+00   1.001566E+02   7.183940E-03   1.512211E-03
   9.181605E+00   1.032288E+02   7.987468E-03   1.506839E-03
   9.187977E+00   1.066672E+02   8.900742E-03   1.501244E-03
   9.194355E+00   1.102238E+02   9.857593E-03   1.495692E-03
   9.200736E+00   1.139599E+02   1.087238E-02   1.490134E-03
   9.207122E+00   1.182812E+02   1.205259E-02   1.484244E-03
   9.213513E+00   1.227718E+02   1.328546E-02   1.478405E-03
   9.219908E+00   1.274385E+02   1.456988E-02   1.472615E-03
   9.226307E+00   1.330493E+02   1.610274E-02   1.466359E-03
   9.232711E+00   1.389272E+02   1.770410E-02   1.460155E-03
   9.239119E+00   1.450734E+02   1.936984E-02   1.454009E-03
   9.245532E+00   1.525630E+02   2.135872E-02   1.447347E-03
   9.251949E+00   1.606309E+02   2.347321E-02   1.440665E-03
   9.258371E+00   1.691397E+02   2.567193E-02   1.434054E-03
   9.264797E+00   1.797153E+02   2.830573E-02   1.426855E-03
   9.271227E+00   1.915556E+02   3.117409E-02   1.419521E-03
   9.277662E+00   2.042000E+02   3.416050E-02   1.412276E-03
   9.284102E+00   2.203402E+02   3.774765E-02   1.404363E-03
   9.290546E+00   2.394307E+02   4.178134E-02   1.396131E-03
   9.296994E+00   2.602170E+02   4.599758E-02   1.388010E-03
   9.303447E+00   2.874652E+02   5.100707E-02   1.379227E-03
   9.309904E+00   3.221374E+02   5.682992E-02   1.369904E-03
   9.316366E+00   3.610440E+02   6.297431E-02   1.360705E-03
   9.322832E+00   4.102295E+02   6.966482E-02   1.351472E-03
   9.329303E+00   4.742797E+02   7.708565E-02   1.342127E-03
   9.335779E+00   5.481655E+02   8.507441E-02   1.332806E-03
   9.342258E+00   6.288777E+02   9.256910E-02   1.324552E-03
   9.348743E+00   7.117144E+02   9.850551E-02   1.318245E-03
   9.355231E+00   8.046861E+02   1.050661E-01   1.311794E-03
   9.361725E+00   8.981632E+02   1.111945E-01   1.306045E-03
   9.368223E+00   9.698912E+02   1.146074E-01   1.302620E-03
   9.374725E+00   1.046531E+03   1.184579E-01   1.299081E-03
   9.381232E+00   1.122622E+03   1.223040E-01   1.295733E-03
   9.387743E+00   1.178177E+03   1.243805E-01   1.293648E-03
   9.394259E+00   1.235922E+03   1.267497E-01   1.291508E-03
   9.400779E+00   1.293711E+03   1.292610E-01   1.289400E-03
   9.407304E+00   1.337264E+03   1.307316E-01   1.287914E-03
   9.413834E+00   1.381938E+03   1.324108E-01   1.286401E-03
   9.420368E+00   1.427095E+03   1.342604E-01   1.284881E-03
   9.426906E+00   1.462384E+03   1.354429E-01   1.283680E-03
   9.433449E+00   1.498346E+03   1.367830E-01   1.282465E-03
   9.439997E+00   1.534987E+03   1.382881E-01   1.281236E-03
   9.446549E+00   1.564474E+03   1.393246E-01   1.280173E-03
   9.453105E+00   1.594417E+03   1.404851E-01   1.279101E-03
   9.459667E+00   1.624829E+03   1.417745E-01   1.278021E-03
   9.466233E+00   1.650435E+03   1.427602E-01   1.277011E-03
   9.472803E+00   1.676110E+03   1.438246E-01   1.275999E-03
   9.479378E+00   1.702142E+03   1.449936E-01   1.274980E-03
   9.485957E+00   1.724761E+03   1.459493E-01   1.273987E-03
   9.492541E+00   1.747272E+03   1.469572E-01   1.272991E-03
   9.499130E+00   1.770073E+03   1.480520E-01   1.271989E-03
   9.505723E+00   1.790384E+03   1.489943E-01   1.270986E-03
   9.512321E+00   1.810515E+03   1.499731E-01   1.269977E-03
   9.518923E+00   1.830893E+03   1.510256E-01   1.268961E-03
   9.525530E+00   1.849371E+03   1.519601E-01   1.267934E-03
   9.532141E+00   1.867643E+03   1.529201E-01   1.266900E-03
   9.538758E+00   1.886132E+03   1.539438E-01   1.265859E-03
   9.545378E+00   1.903123E+03   1.548740E-01   1.264797E-03
   9.552004E+00   1.919907E+03   1.558230E-01   1.263727E-03
   9.558633E+00   1.936884E+03   1.568274E-01   1.262649E-03
   9.565268E+00   1.952662E+03   1.577571E-01   1.261546E-03
   9.571907E+00   1.968249E+03   1.587016E-01   1.260431E-03
   9.578551E+00   1.984011E+03   1.596949E-01   1.259310E-03
   9.585199E+00   1.998764E+03   1.606225E-01   1.258162E-03
   9.591852E+00   2.013342E+03   1.615614E-01   1.257003E-03
   9.598509E+00   2.028080E+03   1.625436E-01   1.255837E-03
   9.605172E+00   2.041971E+03   1.634711E-01   1.254642E-03
   9.611838E+00   2.055716E+03   1.644090E-01   1.253433E-03
   9.618510E+00   2.069607E+03   1.653855E-01   1.252218E-03
   9.625186E+00   2.082744E+03   1.663105E-01   1.250974E-03
   9.631866E+00   2.095755E+03   1.672442E-01   1.249717E-03
   9.638552E+00   2.108899E+03   1.682125E-01   1.248454E-03
   9.645242E+00   2.121372E+03   1.691346E-01   1.247159E-03
   9.651936E+00   2.133744E+03   1.700653E-01   1.245851E-03
   9.658635E+00   2.146238E+03   1.710271E-01   1.244537E-03
   9.665339E+00   2.158114E+03   1.719456E-01   1.243189E-03
   9.672048E+00   2.169912E+03   1.728728E-01   1.241827E-03
   9.678761E+00   2.181821E+03   1.738280E-01   1.240459E-03
   9.685479E+00   2.193154E+03   1.747405E-01   1.239058E-03
   9.692201E+00   2.204433E+03   1.756621E-01   1.237645E-03
   9.698929E+00   2.215815E+03   1.766088E-01   1.236227E-03
   9.705660E+00   2.226624E+03   1.775122E-01   1.234770E-03
   9.712397E+00   2.237398E+03   1.784250E-01   1.233301E-03
   9.719138E+00   2.248265E+03   1.793604E-01   1.231828E-03
   9.725884E+00   2.258585E+03   1.802547E-01   1.230311E-03
   9.732635E+00   2.268895E+03   1.811598E-01   1.228784E-03
   9.739390E+00   2.279290E+03   1.820848E-01   1.227252E-03
   9.746150E+00   2.289120E+03   1.829659E-01   1.225672E-03
   9.752914E+00   2.298960E+03   1.838583E-01   1.224084E-03
   9.759684E+00   2.308875E+03   1.847684E-01   1.222492E-03
   9.766458E+00   2.318205E+03   1.856327E-01   1.220844E-03
   9.773237E+00   2.327568E+03   1.865092E-01   1.219191E-03
   9.780020E+00   2.336995E+03   1.874009E-01   1.217533E-03
   9.786808E+00   2.345815E+03   1.882461E-01   1.215811E-03
   9.793601E+00   2.354691E+03   1.891042E-01   1.214086E-03
   9.800398E+00   2.363586E+03   1.899723E-01   1.212353E-03
   9.807201E+00   2.371905E+03   1.907993E-01   1.210548E-03
   9.814008E+00   2.380273E+03   1.916372E-01   1.208741E-03
   9.820819E+00   2.388603E+03   1.924792E-01   1.206921E-03
   9.827636E+00   2.396354E+03   1.932807E-01   1.205022E-03
   9.834457E+00   2.404142E+03   1.940909E-01   1.203122E-03
   9.841283E+00   2.411834E+03   1.949002E-01   1.201201E-03
   9.848114E+00   2.418977E+03   1.956755E-01   1.199192E-03
   9.854949E+00   2.426147E+03   1.964572E-01   1.197184E-03
   9.861789E+00   2.433138E+03   1.972323E-01   1.195139E-03
   9.868634E+00   2.439564E+03   1.979752E-01   1.192996E-03
   9.875484E+00   2.446007E+03   1.987221E-01   1.190855E-03
   9.882338E+00   2.452169E+03   1.994578E-01   1.188656E-03
   9.889197E+00   2.457766E+03   2.001663E-01   1.186346E-03
   9.896061E+00   2.463367E+03   2.008765E-01   1.184040E-03
   9.902930E+00   2.468552E+03   2.015731E-01   1.181639E-03
   9.909803E+00   2.473167E+03   2.022489E-01   1.179113E-03
   9.916682E+00   2.477772E+03   2.029241E-01   1.176592E-03
   9.923565E+00   2.481790E+03   2.035898E-01   1.173917E-03
   9.930452E+00   2.485250E+03   2.042451E-01   1.171102E-03
   9.937345E+00   2.488685E+03   2.048975E-01   1.168297E-03
   9.944242E+00   2.491278E+03   2.055569E-01   1.165229E-03
   9.951144E+00   2.493320E+03   2.062182E-01   1.162006E-03
   9.958051E+00   2.495320E+03   2.068745E-01   1.158801E-03
   9.964963E+00   2.496218E+03   2.076014E-01   1.155135E-03
   9.971879E+00   2.496643E+03   2.083517E-01   1.151309E-03
   9.978801E+00   2.497007E+03   2.090950E-01   1.147513E-03
   9.985727E+00   2.496043E+03   2.100807E-01   1.142869E-03
   9.992658E+00   2.494729E+03   2.111089E-01   1.138094E-03
   9.999593E+00   2.493326E+03   2.121255E-01   1.133375E-03
   1.000653E+01   2.490999E+03   2.138936E-01   1.126985E-03
   1.001348E+01   2.488445E+03   2.156790E-01   1.120604E-03
   1.002043E+01   2.485890E+03   2.175681E-01   1.114117E-03
   1.002738E+01   2.485424E+03   2.214928E-01   1.104529E-03
   1.003434E+01   2.484171E+03   2.252354E-01   1.095256E-03
   1.004131E+01   2.485109E+03   2.299412E-01   1.085031E-03
   1.004828E+01   2.494905E+03   2.389576E-01   1.070295E-03
   1.005525E+01   2.498003E+03   2.467156E-01   1.056872E-03
   1.006223E+01   2.502753E+03   2.562795E-01   1.043657E-03
   1.006922E+01   2.503549E+03   2.705310E-01   1.031830E-03
   1.007620E+01   2.475091E+03   2.837678E-01   1.024882E-03
   1.008320E+01   2.458648E+03   3.056355E-01   1.021800E-03
   1.009020E+01   2.501932E+03   3.506131E-01   1.013599E-03
   1.009720E+01   2.596727E+03   4.241167E-01   9.938283E-04
   1.010421E+01   2.846684E+03   5.344847E-01   9.621254E-04
   1.011122E+01   3.259941E+03   6.866777E-01   9.194394E-04
   1.011824E+01   3.813022E+03   8.984013E-01   8.647004E-04
   1.012526E+01   4.536607E+03   1.115224E+00   8.177172E-04
   1.013229E+01   5.315468E+03   1.325886E+00   7.856552E-04
   1.013932E+01   6.069821E+03   1.532156E+00   7.678674E-04
   1.014636E+01   6.349978E+03   1.485802E+00   8.029914E-04
   1.015340E+01   6.477095E+03   1.409674E+00   8.520365E-04
   1.016045E+01   6.467309E+03   1.327130E+00   9.106916E-04
   1.016750E+01   6.036272E+03   1.119660E+00   9.715648E-04
   1.017456E+01   5.642864E+03   9.597812E-01   1.032453E-03
   1.018162E+01   5.289479E+03   8.382622E-01   1.086698E-03
   1.018869E+01   4.999031E+03   7.438482E-01   1.115005E-03
   1.019576E+01   4.730003E+03   6.636040E-01   1.142055E-03
   1.020284E+01   4.497656E+03   5.988011E-01   1.163996E-03
   1.020992E+01   4.304725E+03   5.470755E-01   1.179089E-03
   1.021701E+01   4.122561E+03   5.010639E-01   1.193358E-03
   1.022410E+01   3.938241E+03   4.556255E-01   1.204074E-03
   1.023119E+01   3.755694E+03   4.121945E-01   1.211855E-03
   1.023829E+01   3.583518E+03   3.735566E-01   1.218744E-03
   1.024540E+01   3.449796E+03   3.421167E-01   1.214708E-03
   1.025251E+01   3.329100E+03   3.145320E-01   1.207460E-03
   1.025963E+01   3.211881E+03   2.895276E-01   1.200284E-03
   1.026675E+01   3.175559E+03   2.803738E-01   1.186824E-03
   1.027387E+01   3.141919E+03   2.727084E-01   1.173684E-03
   1.028101E+01   3.112038E+03   2.666276E-01   1.161185E-03
   1.028814E+01   3.112983E+03   2.666521E-01   1.149159E-03
   1.029528E+01   3.112493E+03   2.669271E-01   1.137595E-03
   1.030243E+01   3.113370E+03   2.678856E-01   1.126493E-03
   1.030958E+01   3.118339E+03   2.699285E-01   1.115819E-03
   1.031673E+01   3.122032E+03   2.721146E-01   1.105519E-03
   1.032390E+01   3.125185E+03   2.748983E-01   1.094391E-03
   1.033106E+01   3.127094E+03   2.782159E-01   1.082769E-03
   1.033823E+01   3.126973E+03   2.816326E-01   1.071675E-03
   1.034541E+01   3.134576E+03   2.892656E-01   1.056040E-03
   1.035259E+01   3.140056E+03   2.983783E-01   1.039942E-03
   1.035977E+01   3.139740E+03   3.074977E-01   1.025062E-03
   1.036696E+01   3.205046E+03   3.408133E-01   9.978680E-04
   1.037416E+01   3.262047E+03   3.796592E-01   9.717784E-04
   1.038136E+01   3.355020E+03   4.352615E-01   9.438333E-04
   1.038857E+01   3.686289E+03   5.650748E-01   8.985128E-04
   1.039578E+01   4.166165E+03   7.735510E-01   8.368000E-04
   1.040299E+01   4.935383E+03   1.077309E+00   7.679772E-04
   1.041021E+01   5.949877E+03   1.426535E+00   7.170970E-04
   1.041744E+01   6.991434E+03   1.837231E+00   6.787713E-04
   1.042467E+01   7.429806E+03   1.899961E+00   7.064679E-04
   1.043190E+01   7.423171E+03   1.761454E+00   7.735829E-04
   1.043914E+01   7.261064E+03   1.643382E+00   8.518297E-04
   1.044639E+01   6.677418E+03   1.359231E+00   9.218161E-04
   1.045364E+01   6.104911E+03   1.123057E+00   9.899609E-04
   1.046090E+01   5.616264E+03   9.532014E-01   1.052297E-03
   1.046816E+01   5.368052E+03   8.614741E-01   1.069414E-03
   1.047542E+01   5.131260E+03   7.800142E-01   1.085626E-03
   1.048269E+01   4.949328E+03   7.200552E-01   1.096388E-03
   1.048997E+01   4.846096E+03   6.851664E-01   1.099015E-03
   1.049725E+01   4.744685E+03   6.520707E-01   1.101468E-03
   1.050454E+01   4.675235E+03   6.293453E-01   1.101812E-03
   1.051183E+01   4.624661E+03   6.125653E-01   1.100928E-03
   1.051912E+01   4.574424E+03   5.962382E-01   1.100020E-03
   1.052642E+01   4.545296E+03   5.863197E-01   1.098242E-03
   1.053373E+01   4.519069E+03   5.773709E-01   1.096352E-03
   1.054104E+01   4.494765E+03   5.690998E-01   1.094416E-03
   1.054836E+01   4.481774E+03   5.641778E-01   1.092186E-03
   1.055568E+01   4.468773E+03   5.592979E-01   1.089965E-03
   1.056301E+01   4.459111E+03   5.554257E-01   1.087698E-03
   1.057034E+01   4.454250E+03   5.529634E-01   1.085363E-03
   1.057767E+01   4.449377E+03   5.505130E-01   1.083035E-03
   1.058502E+01   4.448017E+03   5.490953E-01   1.080690E-03
   1.059236E+01   4.448288E+03   5.481563E-01   1.078338E-03
   1.059971E+01   4.448555E+03   5.472209E-01   1.075992E-03
   1.060707E+01   4.452652E+03   5.474087E-01   1.073657E-03
   1.061443E+01   4.456912E+03   5.476447E-01   1.071326E-03
   1.062180E+01   4.461820E+03   5.480699E-01   1.068997E-03
   1.062917E+01   4.468720E+03   5.490747E-01   1.066668E-03
   1.063655E+01   4.475638E+03   5.500850E-01   1.064342E-03
   1.064393E+01   4.483788E+03   5.514598E-01   1.062027E-03
   1.065132E+01   4.493028E+03   5.531578E-01   1.059721E-03
   1.065871E+01   4.502294E+03   5.548651E-01   1.057416E-03
   1.066611E+01   4.513021E+03   5.570047E-01   1.055116E-03
   1.067352E+01   4.524083E+03   5.592463E-01   1.052816E-03
   1.068092E+01   4.535377E+03   5.615598E-01   1.050516E-03
   1.068834E+01   4.548100E+03   5.642991E-01   1.048213E-03
   1.069576E+01   4.560863E+03   5.670568E-01   1.045910E-03
   1.070318E+01   4.574130E+03   5.699766E-01   1.043618E-03
   1.071061E+01   4.588058E+03   5.731096E-01   1.041340E-03
   1.071804E+01   4.602030E+03   5.762647E-01   1.039061E-03
   1.072548E+01   4.617007E+03   5.797263E-01   1.036768E-03
   1.073293E+01   4.632378E+03   5.833161E-01   1.034469E-03
   1.074038E+01   4.647846E+03   5.869481E-01   1.032169E-03
   1.074783E+01   4.664272E+03   5.908879E-01   1.029870E-03
   1.075529E+01   4.680751E+03   5.948595E-01   1.027568E-03
   1.076276E+01   4.697703E+03   5.989887E-01   1.025256E-03
   1.077023E+01   4.715429E+03   6.033681E-01   1.022927E-03
   1.077770E+01   4.733213E+03   6.077851E-01   1.020594E-03
   1.078518E+01   4.751677E+03   6.124389E-01   1.018264E-03
   1.079267E+01   4.770478E+03   6.172227E-01   1.015931E-03
   1.080016E+01   4.789355E+03   6.220545E-01   1.013596E-03
   1.080765E+01   4.809086E+03   6.271740E-01   1.011238E-03
   1.081516E+01   4.828880E+03   6.323412E-01   1.008876E-03
   1.082266E+01   4.849128E+03   6.376765E-01   1.006498E-03
   1.083017E+01   4.870157E+03   6.432830E-01   1.004090E-03
   1.083769E+01   4.891253E+03   6.489446E-01   1.001679E-03
   1.084521E+01   4.913124E+03   6.548901E-01   9.992506E-04
   1.085274E+01   4.935378E+03   6.609980E-01   9.968121E-04
   1.086027E+01   4.957733E+03   6.671788E-01   9.943674E-04
   1.086781E+01   4.981063E+03   6.737047E-01   9.918756E-04
   1.087535E+01   5.004465E+03   6.803002E-01   9.893787E-04
   1.088290E+01   5.028365E+03   6.871082E-01   9.868669E-04
   1.089046E+01   5.053024E+03   6.942201E-01   9.843337E-04
   1.089802E+01   5.077755E+03   7.014108E-01   9.817949E-04
   1.090558E+01   5.103320E+03   7.089267E-01   9.792128E-04
   1.091315E+01   5.129230E+03   7.166167E-01   9.766110E-04
   1.092072E+01   5.155339E+03   7.244362E-01   9.739962E-04
   1.092830E+01   5.182717E+03   7.327376E-01   9.713122E-04
   1.093589E+01   5.210173E+03   7.411395E-01   9.686208E-04
   1.094348E+01   5.238256E+03   7.498331E-01   9.659001E-04
   1.095107E+01   5.267070E+03   7.588612E-01   9.631453E-04
   1.095868E+01   5.295960E+03   7.680027E-01   9.603824E-04
   1.096628E+01   5.326143E+03   7.776861E-01   9.575566E-04
   1.097389E+01   5.356660E+03   7.875872E-01   9.547101E-04
   1.098151E+01   5.387591E+03   7.977337E-01   9.518324E-04
   1.098913E+01   5.419976E+03   8.084880E-01   9.488559E-04
   1.099676E+01   5.452439E+03   8.193915E-01   9.458687E-04
   1.100439E+01   5.485975E+03   8.308035E-01   9.428140E-04
   1.101203E+01   5.520327E+03   8.426461E-01   9.397054E-04
   1.101967E+01   5.554755E+03   8.546609E-01   9.365845E-04
   1.102732E+01   5.590992E+03   8.674948E-01   9.333505E-04
   1.103498E+01   5.627383E+03   8.805535E-01   9.300979E-04
   1.104264E+01   5.664599E+03   8.940969E-01   9.267861E-04
   1.105030E+01   5.703327E+03   9.084049E-01   9.233728E-04
   1.105797E+01   5.742123E+03   9.229433E-01   9.199429E-04
   1.106564E+01   5.782985E+03   9.384765E-01   9.163536E-04
   1.107333E+01   5.824639E+03   9.545515E-01   9.126937E-04
   1.108101E+01   5.866693E+03   9.710390E-01   9.089933E-04
   1.108870E+01   5.911035E+03   9.887294E-01   9.051334E-04
   1.109640E+01   5.955432E+03   1.006741E+00   9.012505E-04
   1.110410E+01   6.001794E+03   1.025858E+00   8.972006E-04
   1.111181E+01   6.049896E+03   1.046035E+00   8.929975E-04
   1.111952E+01   6.098040E+03   1.066606E+00   8.887665E-04
   1.112724E+01   6.149510E+03   1.089029E+00   8.842788E-04
   1.113496E+01   6.201225E+03   1.112016E+00   8.797426E-04
   1.114269E+01   6.254555E+03   1.136192E+00   8.750475E-04
   1.115042E+01   6.310904E+03   1.162247E+00   8.700795E-04
   1.115816E+01   6.367246E+03   1.188890E+00   8.650698E-04
   1.116591E+01   6.427710E+03   1.218079E+00   8.596850E-04
   1.117366E+01   6.489430E+03   1.248594E+00   8.541464E-04
   1.118141E+01   6.552233E+03   1.280420E+00   8.484613E-04
   1.118917E+01   6.620105E+03   1.315630E+00   8.422948E-04
   1.119694E+01   6.687862E+03   1.351790E+00   8.360626E-04
   1.120471E+01   6.760365E+03   1.391486E+00   8.293419E-04
   1.121249E+01   6.835866E+03   1.434043E+00   8.222663E-04
   1.122027E+01   6.911463E+03   1.478059E+00   8.150735E-04
   1.122806E+01   6.996191E+03   1.528758E+00   8.069439E-04
   1.123585E+01   7.080543E+03   1.581158E+00   7.987006E-04
   1.124365E+01   7.170430E+03   1.638942E+00   7.897819E-04
   1.125145E+01   7.266554E+03   1.703080E+00   7.800842E-04
   1.125926E+01   7.361961E+03   1.769659E+00   7.702260E-04
   1.126708E+01   7.471613E+03   1.848955E+00   7.587063E-04
   1.127490E+01   7.581716E+03   1.932821E+00   7.468094E-04
   1.128272E+01   7.698286E+03   2.026213E+00   7.338705E-04
   1.129056E+01   7.827681E+03   2.135497E+00   7.191182E-04
   1.129839E+01   7.954838E+03   2.250466E+00   7.040120E-04
   1.130623E+01   8.104435E+03   2.393974E+00   6.856932E-04
   1.131408E+01   8.256548E+03   2.552492E+00   6.660894E-04
   1.132193E+01   8.414649E+03   2.732852E+00   6.445127E-04
   1.132979E+01   8.598256E+03   2.964349E+00   6.178881E-04
   1.133766E+01   8.772088E+03   3.214070E+00   5.900965E-04
   1.134553E+01   8.966268E+03   3.546565E+00   5.546816E-04
   1.135340E+01   9.151033E+03   3.938756E+00   5.140255E-04
   1.136128E+01   9.298702E+03   4.381248E+00   4.686041E-04
   1.136917E+01   9.346869E+03   4.934886E+00   4.083859E-04
   1.137706E+01   9.307152E+03   5.520009E+00   3.389349E-04
   1.138495E+01   8.906679E+03   5.920652E+00   2.582903E-04
   1.139286E+01   8.189023E+03   6.102412E+00   1.552225E-04
   1.140076E+01   7.282193E+03   6.072156E+00   2.536544E-05
   1.140868E+01   6.046280E+03   5.426027E+00  -1.045940E-04
   1.141660E+01   4.955815E+03   4.829922E+00  -2.529970E-04
   1.142452E+01   4.106573E+03   4.209304E+00  -3.195848E-04
   1.143245E+01   3.423453E+03   3.665819E+00  -2.643260E-04
   1.144038E+01   2.840958E+03   3.263985E+00  -9.330384E-05
   1.144833E+01   2.499287E+03   2.890847E+00   5.052297E-04
   1.145627E+01   2.096396E+03   2.625477E+00   1.284004E-03
   1.146422E+01   1.818881E+03   2.356776E+00   2.406035E-03
   1.147218E+01   1.535524E+03   2.108198E+00   3.492682E-03
   1.148014E+01   1.202775E+03   1.974250E+00   4.422875E-03
   1.148811E+01   1.072206E+03   1.793330E+00   4.423477E-03
   1.149608E+01   9.267069E+02   1.645829E+00   4.305908E-03
   1.150406E+01   8.183462E+02   1.527016E+00   4.100915E-03
   1.151205E+01   7.446239E+02   1.421862E+00   3.861030E-03
   1.152004E+01   6.731089E+02   1.322776E+00   3.629833E-03
   1.152803E+01   6.256829E+02   1.246671E+00   3.448885E-03
   1.153604E+01   5.797877E+02   1.173056E+00   3.277606E-03
   1.154404E+01   5.410436E+02   1.108257E+00   3.130393E-03
   1.155206E+01   5.087934E+02   1.051464E+00   3.004549E-03
   1.156007E+01   4.777032E+02   9.961890E-01   2.885287E-03
   1.156810E+01   4.541833E+02   9.507148E-01   2.789481E-03
   1.157613E+01   4.313312E+02   9.062538E-01   2.697936E-03
   1.158416E+01   4.116505E+02   8.658397E-01   2.616438E-03
   1.159220E+01   3.947372E+02   8.290743E-01   2.543685E-03
   1.160025E+01   3.783362E+02   7.932221E-01   2.474021E-03
   1.160830E+01   3.660340E+02   7.621044E-01   2.414393E-03
   1.161636E+01   3.539174E+02   7.316148E-01   2.356842E-03
   1.162442E+01   3.438740E+02   7.033703E-01   2.304155E-03
   1.163249E+01   3.354587E+02   6.770009E-01   2.255492E-03
   1.164056E+01   3.273238E+02   6.513101E-01   2.208613E-03
   1.164864E+01   3.222799E+02   6.281082E-01   2.166514E-03
   1.165673E+01   3.171888E+02   6.053582E-01   2.125627E-03
   1.166482E+01   3.140751E+02   5.839782E-01   2.087391E-03
   1.167291E+01   3.122511E+02   5.636299E-01   2.051186E-03
   1.168101E+01   3.107981E+02   5.438192E-01   2.016155E-03
   1.168912E+01   3.125052E+02   5.253406E-01   1.983452E-03
   1.169724E+01   3.141284E+02   5.072269E-01   1.951577E-03
   1.170535E+01   3.184885E+02   4.899524E-01   1.921128E-03
   1.171348E+01   3.243075E+02   4.732712E-01   1.891741E-03
   1.172161E+01   3.311463E+02   4.570261E-01   1.863150E-03
   1.172974E+01   3.422265E+02   4.414901E-01   1.835585E-03
   1.173789E+01   3.535857E+02   4.262980E-01   1.808664E-03
   1.174603E+01   3.699257E+02   4.116728E-01   1.782425E-03
   1.175419E+01   3.886599E+02   3.974876E-01   1.756800E-03
   1.176234E+01   4.104664E+02   3.837573E-01   1.731738E-03
   1.177051E+01   4.392768E+02   3.706475E-01   1.707186E-03
   1.177868E+01   4.699920E+02   3.579639E-01   1.683146E-03
   1.178685E+01   5.108820E+02   3.462936E-01   1.659875E-03
   1.179503E+01   5.569230E+02   3.352715E-01   1.637061E-03
   1.180322E+01   6.107102E+02   3.255327E-01   1.615408E-03
   1.181141E+01   6.759289E+02   3.175786E-01   1.595190E-03
   1.181961E+01   7.479669E+02   3.104494E-01   1.575083E-03
   1.182782E+01   8.310641E+02   3.079417E-01   1.560470E-03
   1.183602E+01   9.234835E+02   3.067289E-01   1.545832E-03
   1.184424E+01   1.018231E+03   3.098316E-01   1.536565E-03
   1.185246E+01   1.114547E+03   3.170332E-01   1.532151E-03
   1.186069E+01   1.216419E+03   3.261426E-01   1.528280E-03
   1.186892E+01   1.287151E+03   3.413059E-01   1.537506E-03
   1.187716E+01   1.361559E+03   3.575541E-01   1.546441E-03
   1.188540E+01   1.400167E+03   3.754607E-01   1.563833E-03
   1.189365E+01   1.418152E+03   3.942626E-01   1.586300E-03
   1.190191E+01   1.421586E+03   4.123825E-01   1.610743E-03
   1.191017E+01   1.378546E+03   4.269781E-01   1.640553E-03
   1.191843E+01   1.336098E+03   4.420801E-01   1.671371E-03
   1.192671E+01   1.256703E+03   4.494056E-01   1.699215E-03
   1.193498E+01   1.173478E+03   4.558872E-01   1.726454E-03
   1.194327E+01   1.085134E+03   4.588377E-01   1.748859E-03
   1.195156E+01   9.887986E+02   4.561924E-01   1.762994E-03
   1.195985E+01   9.008125E+02   4.549602E-01   1.776547E-03
   1.196815E+01   8.139963E+02   4.467149E-01   1.776907E-03
   1.197646E+01   7.353037E+02   4.395725E-01   1.776349E-03
   1.198477E+01   6.654679E+02   4.309874E-01   1.770821E-03
   1.199309E+01   6.030765E+02   4.214415E-01   1.761631E-03
   1.200142E+01   5.472740E+02   4.123549E-01   1.751613E-03
   1.200975E+01   5.002033E+02   4.025678E-01   1.738795E-03
   1.201808E+01   4.571226E+02   3.932576E-01   1.725919E-03
   1.202642E+01   4.209404E+02   3.841320E-01   1.712376E-03
   1.203477E+01   3.884749E+02   3.752624E-01   1.698692E-03
   1.204312E+01   3.597417E+02   3.667597E-01   1.685149E-03
   1.205148E+01   3.350742E+02   3.586292E-01   1.671810E-03
   1.205985E+01   3.120711E+02   3.507027E-01   1.658583E-03
   1.206822E+01   2.930088E+02   3.433242E-01   1.645984E-03
   1.207659E+01   2.751327E+02   3.361058E-01   1.633512E-03
   1.208498E+01   2.594262E+02   3.292694E-01   1.621530E-03
   1.209336E+01   2.453121E+02   3.227188E-01   1.609914E-03
   1.210176E+01   2.322442E+02   3.163579E-01   1.598531E-03
   1.211016E+01   2.209081E+02   3.103820E-01   1.587710E-03
   1.211856E+01   2.101147E+02   3.045003E-01   1.576991E-03
   1.212697E+01   2.006894E+02   2.989808E-01   1.566825E-03
   1.213539E+01   1.918464E+02   2.935970E-01   1.556845E-03
   1.214381E+01   1.837485E+02   2.884157E-01   1.547167E-03
   1.215224E+01   1.764073E+02   2.834556E-01   1.537828E-03
   1.216068E+01   1.694038E+02   2.785815E-01   1.528604E-03
   1.216912E+01   1.632326E+02   2.739902E-01   1.519833E-03
   1.217756E+01   1.572810E+02   2.694573E-01   1.511135E-03
   1.218602E+01   1.518878E+02   2.651341E-01   1.502774E-03
   1.219447E+01   1.468110E+02   2.609250E-01   1.494585E-03
   1.220294E+01   1.420373E+02   2.568288E-01   1.486570E-03
   1.221141E+01   1.376658E+02   2.528964E-01   1.478818E-03
   1.221988E+01   1.334254E+02   2.490099E-01   1.471124E-03
   1.222837E+01   1.296225E+02   2.453198E-01   1.463755E-03
   1.223685E+01   1.259291E+02   2.416733E-01   1.456443E-03
   1.224535E+01   1.225040E+02   2.381499E-01   1.449330E-03
   1.225385E+01   1.192645E+02   2.347131E-01   1.442351E-03
   1.226235E+01   1.161688E+02   2.313470E-01   1.435480E-03
   1.227086E+01   1.133057E+02   2.281030E-01   1.428808E-03
   1.227938E+01   1.105111E+02   2.248935E-01   1.422182E-03
   1.228790E+01   1.079511E+02   2.218178E-01   1.415779E-03
   1.229643E+01   1.054615E+02   2.187820E-01   1.409431E-03
   1.230497E+01   1.031169E+02   2.158339E-01   1.403226E-03
   1.231351E+01   1.008858E+02   2.129562E-01   1.397133E-03
   1.232205E+01   9.873340E+01   2.101282E-01   1.391114E-03
   1.233061E+01   9.672489E+01   2.073935E-01   1.385251E-03
   1.233916E+01   9.475585E+01   2.046860E-01   1.379422E-03
   1.234773E+01   9.292747E+01   2.020724E-01   1.373751E-03
   1.235630E+01   9.114395E+01   1.994916E-01   1.368126E-03
   1.236487E+01   8.944984E+01   1.969720E-01   1.362600E-03
   1.237346E+01   8.782813E+01   1.945038E-01   1.357155E-03
   1.238205E+01   8.625572E+01   1.920719E-01   1.351764E-03
   1.239064E+01   8.477638E+01   1.897030E-01   1.346476E-03
   1.239924E+01   8.332142E+01   1.873565E-01   1.341217E-03
   1.240785E+01   8.195872E+01   1.850904E-01   1.336096E-03
   1.241646E+01   8.062392E+01   1.828512E-01   1.331012E-03
   1.242508E+01   7.935003E+01   1.806641E-01   1.326014E-03
   1.243370E+01   7.812298E+01   1.785189E-01   1.321083E-03
   1.244233E+01   7.693032E+01   1.764049E-01   1.316199E-03
   1.245097E+01   7.579834E+01   1.743410E-01   1.311397E-03
   1.245961E+01   7.468228E+01   1.722959E-01   1.306620E-03
   1.246826E+01   7.363294E+01   1.703099E-01   1.301944E-03
   1.247691E+01   7.260006E+01   1.683436E-01   1.297294E-03
   1.248557E+01   7.161275E+01   1.664225E-01   1.292720E-03
   1.249424E+01   7.065562E+01   1.645336E-01   1.288197E-03
   1.250291E+01   6.972557E+01   1.626687E-01   1.283709E-03
   1.251159E+01   6.883632E+01   1.608346E-01   1.279270E-03
   1.252027E+01   6.795908E+01   1.590179E-01   1.274855E-03
   1.252896E+01   6.713000E+01   1.572587E-01   1.270540E-03
   1.253766E+01   6.631052E+01   1.555148E-01   1.266246E-03
   1.254636E+01   6.552760E+01   1.538098E-01   1.262017E-03
   1.255507E+01   6.476330E+01   1.521282E-01   1.257824E-03
   1.256378E+01   6.402205E+01   1.504663E-01   1.253660E-03
   1.257250E+01   6.330769E+01   1.488253E-01   1.249528E-03
   1.258123E+01   6.260520E+01   1.472044E-01   1.245426E-03
   1.258996E+01   6.193640E+01   1.456342E-01   1.241414E-03
   1.259870E+01   6.127434E+01   1.440772E-01   1.237420E-03
   1.260744E+01   6.064296E+01   1.425439E-01   1.233464E-03
   1.261619E+01   6.002187E+01   1.410254E-01   1.229528E-03
   1.262495E+01   5.942184E+01   1.395324E-01   1.225635E-03
   1.263371E+01   5.883892E+01   1.380618E-01   1.221778E-03
   1.264248E+01   5.826838E+01   1.366098E-01   1.217949E-03
   1.265126E+01   5.772065E+01   1.351862E-01   1.214169E-03
   1.266004E+01   5.717782E+01   1.337744E-01   1.210405E-03
   1.266882E+01   5.666212E+01   1.323970E-01   1.206702E-03
   1.267762E+01   5.615076E+01   1.310309E-01   1.203014E-03
   1.268642E+01   5.565968E+01   1.296855E-01   1.199360E-03
   1.269522E+01   5.517848E+01   1.283547E-01   1.195728E-03
   1.270403E+01   5.471000E+01   1.270408E-01   1.192123E-03
   1.271285E+01   5.425560E+01   1.257446E-01   1.188547E-03
   1.272168E+01   5.380845E+01   1.244634E-01   1.184994E-03
   1.273051E+01   5.338065E+01   1.232110E-01   1.181492E-03
   1.273934E+01   5.295598E+01   1.219687E-01   1.178004E-03
   1.274818E+01   5.255051E+01   1.207399E-01   1.174536E-03
   1.275703E+01   5.214917E+01   1.195214E-01   1.171083E-03
   1.276589E+01   5.176185E+01   1.183277E-01   1.167674E-03
   1.277475E+01   5.138277E+01   1.171512E-01   1.164294E-03
   1.278361E+01   5.101255E+01   1.159896E-01   1.160938E-03
   1.279249E+01   5.065389E+01   1.148451E-01   1.157612E-03
   1.280137E+01   5.030000E+01   1.137104E-01   1.154299E-03
   1.281025E+01   4.996185E+01   1.125883E-01   1.151006E-03
   1.281914E+01   4.962576E+01   1.114751E-01   1.147725E-03
   1.282804E+01   4.930525E+01   1.103828E-01   1.144482E-03
   1.283694E+01   4.898804E+01   1.093005E-01   1.141253E-03
   1.284585E+01   4.868141E+01   1.082296E-01   1.138043E-03
   1.285477E+01   4.838104E+01   1.071687E-01   1.134848E-03
   1.286369E+01   4.808708E+01   1.061254E-01   1.131683E-03
   1.287262E+01   4.780140E+01   1.051033E-01   1.128558E-03
   1.288155E+01   4.751987E+01   1.040884E-01   1.125443E-03
   1.289050E+01   4.725226E+01   1.030781E-01   1.122332E-03
   1.289944E+01   4.698597E+01   1.020757E-01   1.119231E-03
   1.290840E+01   4.673049E+01   1.010936E-01   1.116169E-03
   1.291736E+01   4.647685E+01   1.001201E-01   1.113119E-03
   1.292632E+01   4.623332E+01   9.916349E-02   1.110100E-03
   1.293529E+01   4.599461E+01   9.821825E-02   1.107101E-03
   1.294427E+01   4.576203E+01   9.728262E-02   1.104117E-03
   1.295326E+01   4.553601E+01   9.635674E-02   1.101148E-03
   1.296225E+01   4.531387E+01   9.543710E-02   1.098188E-03
   1.297124E+01   4.510135E+01   9.452187E-02   1.095233E-03
   1.298025E+01   4.488993E+01   9.361434E-02   1.092289E-03
   1.298926E+01   4.468808E+01   9.273482E-02   1.089401E-03
   1.299827E+01   4.448699E+01   9.186202E-02   1.086523E-03
   1.300729E+01   4.429489E+01   9.099321E-02   1.083649E-03
   1.301632E+01   4.410542E+01   9.013043E-02   1.080783E-03
   1.302536E+01   4.392244E+01   8.927722E-02   1.077933E-03
   1.303440E+01   4.374406E+01   8.843256E-02   1.075097E-03
   1.304344E+01   4.357012E+01   8.759627E-02   1.072275E-03
   1.305250E+01   4.340297E+01   8.676946E-02   1.069470E-03
   1.306156E+01   4.323782E+01   8.595123E-02   1.066679E-03
   1.307062E+01   4.308034E+01   8.515003E-02   1.063921E-03
   1.307969E+01   4.292331E+01   8.435491E-02   1.061173E-03
   1.308877E+01   4.277445E+01   8.356301E-02   1.058427E-03
   1.309786E+01   4.262626E+01   8.277705E-02   1.055690E-03
   1.310695E+01   4.248587E+01   8.200092E-02   1.052970E-03
   1.311604E+01   4.234810E+01   8.123188E-02   1.050262E-03
   1.312515E+01   4.221506E+01   8.047154E-02   1.047570E-03
   1.313426E+01   4.208569E+01   7.971916E-02   1.044891E-03
   1.314337E+01   4.195955E+01   7.897437E-02   1.042225E-03
   1.315250E+01   4.183867E+01   7.823839E-02   1.039576E-03
   1.316163E+01   4.171947E+01   7.750889E-02   1.036936E-03
   1.317076E+01   4.160715E+01   7.678907E-02   1.034315E-03
   1.317990E+01   4.149501E+01   7.607469E-02   1.031703E-03
   1.318905E+01   4.139077E+01   7.536320E-02   1.029092E-03
   1.319821E+01   4.128675E+01   7.465711E-02   1.026490E-03
   1.320737E+01   4.118876E+01   7.396041E-02   1.023906E-03
   1.321653E+01   4.109233E+01   7.326997E-02   1.021332E-03
   1.322571E+01   4.100065E+01   7.258790E-02   1.018774E-03
   1.323489E+01   4.091187E+01   7.191287E-02   1.016228E-03
   1.324407E+01   4.082679E+01   7.124192E-02   1.013688E-03
   1.325326E+01   4.074630E+01   7.057475E-02   1.011153E-03
   1.326246E+01   4.066747E+01   6.991595E-02   1.008633E-03
   1.327167E+01   4.059309E+01   6.927110E-02   1.006143E-03
   1.328088E+01   4.051949E+01   6.863021E-02   1.003659E-03
   1.329010E+01   4.045299E+01   6.798564E-02   1.001161E-03
   1.329932E+01   4.038650E+01   6.734599E-02   9.986720E-04
   1.330855E+01   4.032575E+01   6.672240E-02   9.962174E-04
   1.331779E+01   4.026546E+01   6.610440E-02   9.937725E-04
   1.332703E+01   4.021039E+01   6.548406E-02   9.913180E-04
   1.333628E+01   4.015694E+01   6.486628E-02   9.888658E-04
   1.334554E+01   4.010726E+01   6.426036E-02   9.864387E-04
   1.335480E+01   4.006010E+01   6.366378E-02   9.840308E-04
   1.336407E+01   4.001572E+01   6.307082E-02   9.816281E-04
   1.337335E+01   3.997491E+01   6.248124E-02   9.792299E-04
   1.338263E+01   3.993620E+01   6.189557E-02   9.768376E-04
   1.339192E+01   3.990287E+01   6.131294E-02   9.744491E-04
   1.340121E+01   3.987025E+01   6.073540E-02   9.720695E-04
   1.341052E+01   3.984278E+01   6.016647E-02   9.697077E-04
   1.341982E+01   3.981523E+01   5.960187E-02   9.673531E-04
   1.342914E+01   3.979301E+01   5.903970E-02   9.650008E-04
   1.343846E+01   3.977082E+01   5.848180E-02   9.626557E-04
   1.344779E+01   3.975361E+01   5.793216E-02   9.603278E-04
   1.345712E+01   3.973733E+01   5.738751E-02   9.580090E-04
   1.346646E+01   3.972633E+01   5.684576E-02   9.556939E-04
   1.347581E+01   3.971763E+01   5.630760E-02   9.533844E-04
   1.348516E+01   3.971134E+01   5.577258E-02   9.510793E-04
   1.349452E+01   3.970697E+01   5.524086E-02   9.487791E-04
   1.350389E+01   3.970508E+01   5.471521E-02   9.464909E-04
   1.351326E+01   3.970670E+01   5.419632E-02   9.442167E-04
   1.352264E+01   3.971013E+01   5.368095E-02   9.419481E-04
   1.353203E+01   3.971832E+01   5.316831E-02   9.396830E-04
   1.354142E+01   3.972719E+01   5.266033E-02   9.374265E-04
   1.355082E+01   3.974031E+01   5.216020E-02   9.351872E-04
   1.356022E+01   3.975351E+01   5.166389E-02   9.329544E-04
   1.356963E+01   3.977324E+01   5.116980E-02   9.307240E-04
   1.357905E+01   3.979289E+01   5.067953E-02   9.285003E-04
   1.358848E+01   3.981757E+01   5.019159E-02   9.262793E-04
   1.359791E+01   3.984274E+01   4.970730E-02   9.240645E-04
   1.360735E+01   3.987227E+01   4.922551E-02   9.218529E-04
   1.361679E+01   3.990299E+01   4.874714E-02   9.196470E-04
   1.362624E+01   3.993704E+01   4.827548E-02   9.174557E-04
   1.363570E+01   3.997277E+01   4.780902E-02   9.152750E-04
   1.364516E+01   4.001185E+01   4.734206E-02   9.130896E-04
   1.365464E+01   4.005372E+01   4.687536E-02   9.109013E-04
   1.366411E+01   4.009824E+01   4.641427E-02   9.087249E-04
   1.367360E+01   4.014625E+01   4.595930E-02   9.065618E-04
   1.368309E+01   4.019590E+01   4.550935E-02   9.044090E-04
   1.369258E+01   4.024897E+01   4.506589E-02   9.022708E-04
   1.370209E+01   4.030339E+01   4.462431E-02   9.001344E-04
   1.371160E+01   4.036263E+01   4.418054E-02   8.979885E-04
   1.372112E+01   4.042260E+01   4.374081E-02   8.958505E-04
   1.373064E+01   4.048805E+01   4.330838E-02   8.937294E-04
   1.374017E+01   4.055359E+01   4.287936E-02   8.916145E-04
   1.374971E+01   4.062357E+01   4.245234E-02   8.895020E-04
   1.375925E+01   4.069359E+01   4.202874E-02   8.873957E-04
   1.376880E+01   4.076982E+01   4.160723E-02   8.852919E-04
   1.377836E+01   4.084664E+01   4.118899E-02   8.831941E-04
   1.378792E+01   4.092812E+01   4.077296E-02   8.810992E-04
   1.379749E+01   4.101063E+01   4.036005E-02   8.790098E-04
   1.380707E+01   4.109731E+01   3.994945E-02   8.769237E-04
   1.381665E+01   4.118554E+01   3.954184E-02   8.748428E-04
   1.382624E+01   4.127817E+01   3.913664E-02   8.727655E-04
   1.383584E+01   4.137325E+01   3.873428E-02   8.706930E-04
   1.384544E+01   4.147123E+01   3.833751E-02   8.686334E-04
   1.385505E+01   4.157148E+01   3.794574E-02   8.665850E-04
   1.386467E+01   4.167534E+01   3.755392E-02   8.645331E-04
   1.387429E+01   4.178304E+01   3.716190E-02   8.624773E-04
   1.388392E+01   4.189287E+01   3.677475E-02   8.604324E-04
   1.389356E+01   4.200577E+01   3.639314E-02   8.584006E-04
   1.390320E+01   4.212083E+01   3.601252E-02   8.563683E-04
   1.391285E+01   4.224008E+01   3.563070E-02   8.543291E-04
   1.392251E+01   4.236137E+01   3.525311E-02   8.522991E-04
   1.393217E+01   4.248810E+01   3.488154E-02   8.502837E-04
   1.394184E+01   4.261621E+01   3.451185E-02   8.482707E-04
   1.395152E+01   4.274932E+01   3.414011E-02   8.462480E-04
   1.396120E+01   4.288346E+01   3.377200E-02   8.442329E-04
   1.397089E+01   4.302294E+01   3.341033E-02   8.422340E-04
   1.398059E+01   4.316316E+01   3.305165E-02   8.402408E-04
   1.399029E+01   4.330961E+01   3.269484E-02   8.382499E-04
   1.400000E+01   4.345647E+01   3.234109E-02   8.362651E-04
