#============================================================================
# Opacities computed by OpTool        <a^n>=  1.0000E-1  1.0000E-1  1.0000E-1
# Method:   DHS  fmax=  0.100
# Parameters:
#   amin [um]=      0.100 amax [um]=      0.100  na  =    1    apow=   3.5    
#   lmin [um]=      7.000 lmax [um]=     14.000  nlam= 1000    nang=   180
#   porosity =      0.000 p_mantle =      0.000  fmax= 0.10    chop=   0.0
# Composition:
#  Where   mfrac  rho   Material
#  -----   -----  ----  -----------------------------------------------------
#  core    1.000  3.27  for
#  - - -   - - -  -  -  - - - - - - - - - - - - - - - - - - - - - - - - - - -
#  grain   1.000  3.27  mixture of  1 materials
#----------------------------------------------------------------------------
# Command: ./optool for -a 0.1 -dhs 0.1 -l 7 14 1000
#============================================================================
# Standard output file, no scattering matrix
#    iformat
#    nlambda
#    lambda[um]  kabs [cm^2/g]  ksca [cm^2/g]    g_asymmetry
#============================================================================
           3
        1000
   7.000000E+00   5.772993E+00   2.747173E-01   1.674468E-03
   7.004859E+00   5.792438E+00   2.734443E-01   1.671792E-03
   7.009721E+00   5.811948E+00   2.721766E-01   1.669120E-03
   7.014586E+00   5.831523E+00   2.709144E-01   1.666452E-03
   7.019455E+00   5.851163E+00   2.696576E-01   1.663789E-03
   7.024327E+00   5.870829E+00   2.684279E-01   1.661145E-03
   7.029202E+00   5.890556E+00   2.672062E-01   1.658508E-03
   7.034081E+00   5.910348E+00   2.659896E-01   1.655874E-03
   7.038963E+00   5.930205E+00   2.647781E-01   1.653245E-03
   7.043849E+00   5.950322E+00   2.635495E-01   1.650605E-03
   7.048738E+00   5.970558E+00   2.623201E-01   1.647965E-03
   7.053630E+00   5.990863E+00   2.610960E-01   1.645330E-03
   7.058526E+00   6.011235E+00   2.598771E-01   1.642699E-03
   7.063425E+00   6.031844E+00   2.586438E-01   1.640058E-03
   7.068328E+00   6.052596E+00   2.574075E-01   1.637416E-03
   7.073234E+00   6.073417E+00   2.561765E-01   1.634779E-03
   7.078143E+00   6.094309E+00   2.549509E-01   1.632146E-03
   7.083056E+00   6.115363E+00   2.537454E-01   1.629528E-03
   7.087972E+00   6.136545E+00   2.525540E-01   1.626920E-03
   7.092892E+00   6.157800E+00   2.513677E-01   1.624316E-03
   7.097815E+00   6.179126E+00   2.501865E-01   1.621717E-03
   7.102741E+00   6.200594E+00   2.489952E-01   1.619112E-03
   7.107671E+00   6.222189E+00   2.477968E-01   1.616502E-03
   7.112605E+00   6.243858E+00   2.466037E-01   1.613896E-03
   7.117541E+00   6.265602E+00   2.454159E-01   1.611295E-03
   7.122481E+00   6.287486E+00   2.442449E-01   1.608707E-03
   7.127425E+00   6.309512E+00   2.430905E-01   1.606131E-03
   7.132372E+00   6.331613E+00   2.419411E-01   1.603559E-03
   7.137322E+00   6.353791E+00   2.407966E-01   1.600991E-03
   7.142276E+00   6.376145E+00   2.396448E-01   1.598419E-03
   7.147234E+00   6.398696E+00   2.384835E-01   1.595841E-03
   7.152194E+00   6.421325E+00   2.373273E-01   1.593267E-03
   7.157159E+00   6.444033E+00   2.361762E-01   1.590697E-03
   7.162126E+00   6.466958E+00   2.350188E-01   1.588124E-03
   7.167097E+00   6.490147E+00   2.338513E-01   1.585544E-03
   7.172072E+00   6.513418E+00   2.326890E-01   1.582968E-03
   7.177050E+00   6.536770E+00   2.315320E-01   1.580397E-03
   7.182031E+00   6.560204E+00   2.303892E-01   1.577837E-03
   7.187016E+00   6.583718E+00   2.292647E-01   1.575290E-03
   7.192005E+00   6.607316E+00   2.281451E-01   1.572748E-03
   7.196997E+00   6.630997E+00   2.270305E-01   1.570210E-03
   7.201992E+00   6.654884E+00   2.259105E-01   1.567668E-03
   7.206991E+00   6.679044E+00   2.247798E-01   1.565120E-03
   7.211993E+00   6.703289E+00   2.236542E-01   1.562576E-03
   7.216999E+00   6.727621E+00   2.225337E-01   1.560036E-03
   7.222008E+00   6.752117E+00   2.214174E-01   1.557500E-03
   7.227020E+00   6.776818E+00   2.203050E-01   1.554967E-03
   7.232037E+00   6.801608E+00   2.191975E-01   1.552438E-03
   7.237056E+00   6.826487E+00   2.180951E-01   1.549914E-03
   7.242079E+00   6.851533E+00   2.169969E-01   1.547393E-03
   7.247106E+00   6.876777E+00   2.159023E-01   1.544876E-03
   7.252136E+00   6.902114E+00   2.148128E-01   1.542363E-03
   7.257170E+00   6.927542E+00   2.137283E-01   1.539855E-03
   7.262207E+00   6.953139E+00   2.126477E-01   1.537350E-03
   7.267247E+00   6.978930E+00   2.115710E-01   1.534848E-03
   7.272291E+00   7.004815E+00   2.104991E-01   1.532351E-03
   7.277339E+00   7.030794E+00   2.094321E-01   1.529857E-03
   7.282390E+00   7.057001E+00   2.083582E-01   1.527360E-03
   7.287444E+00   7.083454E+00   2.072760E-01   1.524856E-03
   7.292503E+00   7.110004E+00   2.061988E-01   1.522357E-03
   7.297564E+00   7.136652E+00   2.051267E-01   1.519862E-03
   7.302629E+00   7.163477E+00   2.040703E-01   1.517380E-03
   7.307698E+00   7.190475E+00   2.030286E-01   1.514909E-03
   7.312770E+00   7.217573E+00   2.019917E-01   1.512443E-03
   7.317846E+00   7.244771E+00   2.009595E-01   1.509980E-03
   7.322925E+00   7.272223E+00   1.999180E-01   1.507511E-03
   7.328008E+00   7.299891E+00   1.988710E-01   1.505039E-03
   7.333094E+00   7.327663E+00   1.978289E-01   1.502571E-03
   7.338184E+00   7.355538E+00   1.967917E-01   1.500107E-03
   7.343277E+00   7.383755E+00   1.957436E-01   1.497635E-03
   7.348374E+00   7.412210E+00   1.946919E-01   1.495161E-03
   7.353474E+00   7.440772E+00   1.936452E-01   1.492691E-03
   7.358578E+00   7.469443E+00   1.926035E-01   1.490226E-03
   7.363685E+00   7.498306E+00   1.915810E-01   1.487776E-03
   7.368796E+00   7.527311E+00   1.905688E-01   1.485334E-03
   7.373911E+00   7.556426E+00   1.895614E-01   1.482897E-03
   7.379029E+00   7.585652E+00   1.885588E-01   1.480463E-03
   7.384151E+00   7.615273E+00   1.875416E-01   1.478019E-03
   7.389276E+00   7.645075E+00   1.865248E-01   1.475576E-03
   7.394405E+00   7.674991E+00   1.855129E-01   1.473137E-03
   7.399537E+00   7.705022E+00   1.845059E-01   1.470702E-03
   7.404673E+00   7.735464E+00   1.835017E-01   1.468270E-03
   7.409812E+00   7.766053E+00   1.825022E-01   1.465843E-03
   7.414955E+00   7.796761E+00   1.815075E-01   1.463419E-03
   7.420102E+00   7.827589E+00   1.805176E-01   1.460999E-03
   7.425252E+00   7.858631E+00   1.795303E-01   1.458583E-03
   7.430406E+00   7.889793E+00   1.785479E-01   1.456170E-03
   7.435563E+00   7.921076E+00   1.775701E-01   1.453761E-03
   7.440724E+00   7.952557E+00   1.765939E-01   1.451355E-03
   7.445888E+00   7.984627E+00   1.756026E-01   1.448936E-03
   7.451057E+00   8.016824E+00   1.746162E-01   1.446522E-03
   7.456228E+00   8.049149E+00   1.736347E-01   1.444113E-03
   7.461403E+00   8.081649E+00   1.726574E-01   1.441707E-03
   7.466582E+00   8.114409E+00   1.716833E-01   1.439304E-03
   7.471765E+00   8.147299E+00   1.707141E-01   1.436905E-03
   7.476951E+00   8.180320E+00   1.697496E-01   1.434511E-03
   7.482140E+00   8.213586E+00   1.687890E-01   1.432120E-03
   7.487334E+00   8.247148E+00   1.678320E-01   1.429732E-03
   7.492530E+00   8.280845E+00   1.668796E-01   1.427348E-03
   7.497731E+00   8.314676E+00   1.659320E-01   1.424969E-03
   7.502935E+00   8.348853E+00   1.649879E-01   1.422593E-03
   7.508142E+00   8.383331E+00   1.640476E-01   1.420220E-03
   7.513354E+00   8.417949E+00   1.631120E-01   1.417852E-03
   7.518569E+00   8.452707E+00   1.621810E-01   1.415488E-03
   7.523787E+00   8.487885E+00   1.612387E-01   1.413115E-03
   7.529009E+00   8.523314E+00   1.602950E-01   1.410741E-03
   7.534235E+00   8.558888E+00   1.593562E-01   1.408371E-03
   7.539464E+00   8.594606E+00   1.584222E-01   1.406006E-03
   7.544697E+00   8.630682E+00   1.574909E-01   1.403643E-03
   7.549934E+00   8.666931E+00   1.565641E-01   1.401284E-03
   7.555174E+00   8.703328E+00   1.556421E-01   1.398930E-03
   7.560418E+00   8.739922E+00   1.547231E-01   1.396578E-03
   7.565666E+00   8.777205E+00   1.537888E-01   1.394215E-03
   7.570917E+00   8.814644E+00   1.528594E-01   1.391855E-03
   7.576172E+00   8.852238E+00   1.519349E-01   1.389500E-03
   7.581430E+00   8.890035E+00   1.510197E-01   1.387152E-03
   7.586692E+00   8.928112E+00   1.501217E-01   1.384820E-03
   7.591958E+00   8.966348E+00   1.492283E-01   1.382491E-03
   7.597228E+00   9.004744E+00   1.483394E-01   1.380167E-03
   7.602501E+00   9.043513E+00   1.474452E-01   1.377838E-03
   7.607777E+00   9.082680E+00   1.465445E-01   1.375505E-03
   7.613058E+00   9.122012E+00   1.456485E-01   1.373175E-03
   7.618342E+00   9.161511E+00   1.447572E-01   1.370850E-03
   7.623630E+00   9.201446E+00   1.438691E-01   1.368528E-03
   7.628921E+00   9.241675E+00   1.429849E-01   1.366209E-03
   7.634216E+00   9.282076E+00   1.421055E-01   1.363895E-03
   7.639515E+00   9.322649E+00   1.412306E-01   1.361585E-03
   7.644817E+00   9.363975E+00   1.403416E-01   1.359263E-03
   7.650124E+00   9.405538E+00   1.394555E-01   1.356943E-03
   7.655433E+00   9.447281E+00   1.385741E-01   1.354628E-03
   7.660747E+00   9.489239E+00   1.376971E-01   1.352317E-03
   7.666064E+00   9.531587E+00   1.368229E-01   1.350009E-03
   7.671385E+00   9.574120E+00   1.359535E-01   1.347704E-03
   7.676710E+00   9.616837E+00   1.350887E-01   1.345404E-03
   7.682038E+00   9.659912E+00   1.342277E-01   1.343108E-03
   7.687370E+00   9.703453E+00   1.333700E-01   1.340814E-03
   7.692705E+00   9.747185E+00   1.325170E-01   1.338525E-03
   7.698045E+00   9.791109E+00   1.316686E-01   1.336240E-03
   7.703388E+00   9.835599E+00   1.308121E-01   1.333948E-03
   7.708735E+00   9.880503E+00   1.299530E-01   1.331654E-03
   7.714085E+00   9.925606E+00   1.290986E-01   1.329364E-03
   7.719439E+00   9.970910E+00   1.282490E-01   1.327078E-03
   7.724797E+00   1.001688E+01   1.274021E-01   1.324795E-03
   7.730159E+00   1.006311E+01   1.265596E-01   1.322516E-03
   7.735524E+00   1.010955E+01   1.257217E-01   1.320241E-03
   7.740893E+00   1.015626E+01   1.248882E-01   1.317970E-03
   7.746266E+00   1.020349E+01   1.240574E-01   1.315702E-03
   7.751643E+00   1.025095E+01   1.232313E-01   1.313438E-03
   7.757023E+00   1.029861E+01   1.224098E-01   1.311178E-03
   7.762407E+00   1.034678E+01   1.215842E-01   1.308915E-03
   7.767795E+00   1.039553E+01   1.207526E-01   1.306646E-03
   7.773186E+00   1.044450E+01   1.199257E-01   1.304382E-03
   7.778581E+00   1.049369E+01   1.191036E-01   1.302122E-03
   7.783980E+00   1.054344E+01   1.182844E-01   1.299864E-03
   7.789383E+00   1.059354E+01   1.174694E-01   1.297610E-03
   7.794790E+00   1.064387E+01   1.166590E-01   1.295361E-03
   7.800200E+00   1.069446E+01   1.158525E-01   1.293115E-03
   7.805614E+00   1.074608E+01   1.150324E-01   1.290857E-03
   7.811032E+00   1.079795E+01   1.142172E-01   1.288603E-03
   7.816453E+00   1.085005E+01   1.134067E-01   1.286354E-03
   7.821878E+00   1.090258E+01   1.126001E-01   1.284108E-03
   7.827307E+00   1.095569E+01   1.117968E-01   1.281865E-03
   7.832740E+00   1.100904E+01   1.109981E-01   1.279626E-03
   7.838177E+00   1.106265E+01   1.102042E-01   1.277392E-03
   7.843617E+00   1.111683E+01   1.094134E-01   1.275160E-03
   7.849061E+00   1.117144E+01   1.086264E-01   1.272932E-03
   7.854509E+00   1.122630E+01   1.078441E-01   1.270708E-03
   7.859961E+00   1.128142E+01   1.070665E-01   1.268489E-03
   7.865416E+00   1.133767E+01   1.062753E-01   1.266256E-03
   7.870875E+00   1.139419E+01   1.054888E-01   1.264028E-03
   7.876338E+00   1.145098E+01   1.047071E-01   1.261805E-03
   7.881805E+00   1.150823E+01   1.039292E-01   1.259585E-03
   7.887276E+00   1.156611E+01   1.031545E-01   1.257367E-03
   7.892750E+00   1.162428E+01   1.023845E-01   1.255155E-03
   7.898228E+00   1.168273E+01   1.016192E-01   1.252946E-03
   7.903710E+00   1.174208E+01   1.008464E-01   1.250730E-03
   7.909196E+00   1.180203E+01   1.000727E-01   1.248513E-03
   7.914686E+00   1.186228E+01   9.930376E-02   1.246300E-03
   7.920179E+00   1.192284E+01   9.853951E-02   1.244092E-03
   7.925677E+00   1.198426E+01   9.777768E-02   1.241886E-03
   7.931178E+00   1.204599E+01   9.702060E-02   1.239684E-03
   7.936683E+00   1.210803E+01   9.626825E-02   1.237486E-03
   7.942191E+00   1.217076E+01   9.551365E-02   1.235286E-03
   7.947704E+00   1.223439E+01   9.475333E-02   1.233081E-03
   7.953220E+00   1.229835E+01   9.399785E-02   1.230879E-03
   7.958740E+00   1.236263E+01   9.324720E-02   1.228682E-03
   7.964264E+00   1.242781E+01   9.249944E-02   1.226488E-03
   7.969792E+00   1.249348E+01   9.175593E-02   1.224297E-03
   7.975324E+00   1.255949E+01   9.101719E-02   1.222111E-03
   7.980859E+00   1.262595E+01   9.028281E-02   1.219929E-03
   7.986399E+00   1.269333E+01   8.955114E-02   1.217749E-03
   7.991942E+00   1.276106E+01   8.882419E-02   1.215574E-03
   7.997489E+00   1.282914E+01   8.810194E-02   1.213402E-03
   8.003040E+00   1.289817E+01   8.737517E-02   1.211226E-03
   8.008595E+00   1.296806E+01   8.664560E-02   1.209047E-03
   8.014153E+00   1.303831E+01   8.592085E-02   1.206872E-03
   8.019716E+00   1.310893E+01   8.520089E-02   1.204702E-03
   8.025282E+00   1.318081E+01   8.446994E-02   1.202520E-03
   8.030852E+00   1.325312E+01   8.374307E-02   1.200342E-03
   8.036426E+00   1.332582E+01   8.302111E-02   1.198168E-03
   8.042004E+00   1.339926E+01   8.230313E-02   1.195998E-03
   8.047586E+00   1.347376E+01   8.158841E-02   1.193830E-03
   8.053172E+00   1.354865E+01   8.087855E-02   1.191667E-03
   8.058761E+00   1.362395E+01   8.017352E-02   1.189509E-03
   8.064355E+00   1.370049E+01   7.946069E-02   1.187342E-03
   8.069952E+00   1.377768E+01   7.874923E-02   1.185175E-03
   8.075553E+00   1.385530E+01   7.804271E-02   1.183014E-03
   8.081158E+00   1.393353E+01   7.734060E-02   1.180856E-03
   8.086767E+00   1.401291E+01   7.664137E-02   1.178700E-03
   8.092380E+00   1.409274E+01   7.594705E-02   1.176549E-03
   8.097997E+00   1.417300E+01   7.525760E-02   1.174403E-03
   8.103618E+00   1.425456E+01   7.456284E-02   1.172250E-03
   8.109242E+00   1.433704E+01   7.386742E-02   1.170096E-03
   8.114871E+00   1.441999E+01   7.317700E-02   1.167947E-03
   8.120503E+00   1.450351E+01   7.249014E-02   1.165800E-03
   8.126140E+00   1.458867E+01   7.179403E-02   1.163643E-03
   8.131780E+00   1.467430E+01   7.110304E-02   1.161490E-03
   8.137424E+00   1.476042E+01   7.041711E-02   1.159343E-03
   8.143072E+00   1.484768E+01   6.973481E-02   1.157198E-03
   8.148724E+00   1.493599E+01   6.905636E-02   1.155056E-03
   8.154380E+00   1.502480E+01   6.838293E-02   1.152919E-03
   8.160040E+00   1.511414E+01   6.771449E-02   1.150787E-03
   8.165703E+00   1.520500E+01   6.704846E-02   1.148656E-03
   8.171371E+00   1.529639E+01   6.638740E-02   1.146530E-03
   8.177043E+00   1.538831E+01   6.573130E-02   1.144409E-03
   8.182718E+00   1.548163E+01   6.506701E-02   1.142278E-03
   8.188398E+00   1.557643E+01   6.439363E-02   1.140135E-03
   8.194081E+00   1.567180E+01   6.372547E-02   1.137997E-03
   8.199768E+00   1.576773E+01   6.306252E-02   1.135864E-03
   8.205460E+00   1.586551E+01   6.240215E-02   1.133733E-03
   8.211155E+00   1.596394E+01   6.174685E-02   1.131606E-03
   8.216854E+00   1.606295E+01   6.109670E-02   1.129484E-03
   8.222557E+00   1.616330E+01   6.044511E-02   1.127360E-03
   8.228264E+00   1.626515E+01   5.979070E-02   1.125231E-03
   8.233976E+00   1.636762E+01   5.914155E-02   1.123106E-03
   8.239691E+00   1.647072E+01   5.849763E-02   1.120987E-03
   8.245410E+00   1.657578E+01   5.785636E-02   1.118869E-03
   8.251133E+00   1.668156E+01   5.722015E-02   1.116756E-03
   8.256860E+00   1.678799E+01   5.658911E-02   1.114647E-03
   8.262590E+00   1.689591E+01   5.595683E-02   1.112536E-03
   8.268325E+00   1.700550E+01   5.532205E-02   1.110421E-03
   8.274064E+00   1.711577E+01   5.469256E-02   1.108310E-03
   8.279807E+00   1.722673E+01   5.406833E-02   1.106204E-03
   8.285554E+00   1.734029E+01   5.343587E-02   1.104087E-03
   8.291305E+00   1.745465E+01   5.280835E-02   1.101974E-03
   8.297060E+00   1.756972E+01   5.218619E-02   1.099866E-03
   8.302819E+00   1.768645E+01   5.156263E-02   1.097755E-03
   8.308581E+00   1.780488E+01   5.093749E-02   1.095641E-03
   8.314348E+00   1.792407E+01   5.031784E-02   1.093531E-03
   8.320119E+00   1.804408E+01   4.970336E-02   1.091426E-03
   8.325894E+00   1.816706E+01   4.908103E-02   1.089309E-03
   8.331673E+00   1.829085E+01   4.846430E-02   1.087198E-03
   8.337456E+00   1.841545E+01   4.785315E-02   1.085091E-03
   8.343242E+00   1.854190E+01   4.724593E-02   1.082988E-03
   8.349033E+00   1.866999E+01   4.664300E-02   1.080888E-03
   8.354828E+00   1.879893E+01   4.604558E-02   1.078793E-03
   8.360627E+00   1.892898E+01   4.545222E-02   1.076701E-03
   8.366430E+00   1.906201E+01   4.485267E-02   1.074600E-03
   8.372237E+00   1.919595E+01   4.425874E-02   1.072503E-03
   8.378048E+00   1.933078E+01   4.367041E-02   1.070412E-03
   8.383863E+00   1.946817E+01   4.307905E-02   1.068314E-03
   8.389682E+00   1.960734E+01   4.248906E-02   1.066216E-03
   8.395505E+00   1.974746E+01   4.190477E-02   1.064124E-03
   8.401333E+00   1.988922E+01   4.132097E-02   1.062029E-03
   8.407164E+00   2.003429E+01   4.072556E-02   1.059917E-03
   8.412999E+00   2.018038E+01   4.013615E-02   1.057811E-03
   8.418838E+00   2.032748E+01   3.955269E-02   1.055709E-03
   8.424682E+00   2.047749E+01   3.897277E-02   1.053610E-03
   8.430529E+00   2.062903E+01   3.839817E-02   1.051515E-03
   8.436381E+00   2.078165E+01   3.782947E-02   1.049426E-03
   8.442236E+00   2.093652E+01   3.726191E-02   1.047335E-03
   8.448096E+00   2.109444E+01   3.669271E-02   1.045239E-03
   8.453959E+00   2.125349E+01   3.612952E-02   1.043149E-03
   8.459827E+00   2.141369E+01   3.557229E-02   1.041064E-03
   8.465699E+00   2.157800E+01   3.500931E-02   1.038968E-03
   8.471575E+00   2.174361E+01   3.445208E-02   1.036878E-03
   8.477455E+00   2.191043E+01   3.390094E-02   1.034792E-03
   8.483339E+00   2.208044E+01   3.334911E-02   1.032702E-03
   8.489227E+00   2.225322E+01   3.279833E-02   1.030611E-03
   8.495119E+00   2.242728E+01   3.225374E-02   1.028525E-03
   8.501016E+00   2.260331E+01   3.171179E-02   1.026440E-03
   8.506916E+00   2.278384E+01   3.115934E-02   1.024336E-03
   8.512820E+00   2.296575E+01   3.061338E-02   1.022237E-03
   8.518729E+00   2.314904E+01   3.007386E-02   1.020144E-03
   8.524642E+00   2.333648E+01   2.953833E-02   1.018054E-03
   8.530559E+00   2.352614E+01   2.900855E-02   1.015968E-03
   8.536479E+00   2.371726E+01   2.848514E-02   1.013887E-03
   8.542404E+00   2.391168E+01   2.796021E-02   1.011801E-03
   8.548334E+00   2.411029E+01   2.743040E-02   1.009702E-03
   8.554267E+00   2.431047E+01   2.690725E-02   1.007610E-03
   8.560204E+00   2.451237E+01   2.639034E-02   1.005523E-03
   8.566146E+00   2.472006E+01   2.586948E-02   1.003425E-03
   8.572091E+00   2.492943E+01   2.535540E-02   1.001333E-03
   8.578041E+00   2.514048E+01   2.484805E-02   9.992470E-04
   8.583995E+00   2.535660E+01   2.433510E-02   9.971473E-04
   8.589953E+00   2.557615E+01   2.382314E-02   9.950440E-04
   8.595915E+00   2.579750E+01   2.331821E-02   9.929468E-04
   8.601881E+00   2.602230E+01   2.281693E-02   9.908502E-04
   8.607852E+00   2.625252E+01   2.231554E-02   9.887479E-04
   8.613826E+00   2.648468E+01   2.182129E-02   9.866518E-04
   8.619805E+00   2.671878E+01   2.133414E-02   9.845618E-04
   8.625788E+00   2.696011E+01   2.084419E-02   9.824613E-04
   8.631775E+00   2.720368E+01   2.036116E-02   9.803664E-04
   8.637766E+00   2.744934E+01   1.988533E-02   9.782777E-04
   8.643761E+00   2.770106E+01   1.940615E-02   9.761770E-04
   8.649761E+00   2.795732E+01   1.892821E-02   9.740718E-04
   8.655764E+00   2.821584E+01   1.845778E-02   9.719729E-04
   8.661772E+00   2.847863E+01   1.798999E-02   9.698719E-04
   8.667784E+00   2.874860E+01   1.751840E-02   9.677567E-04
   8.673800E+00   2.902099E+01   1.705464E-02   9.656482E-04
   8.679821E+00   2.929583E+01   1.659863E-02   9.635462E-04
   8.685845E+00   2.957975E+01   1.614120E-02   9.614337E-04
   8.691874E+00   2.986649E+01   1.569142E-02   9.593274E-04
   8.697907E+00   3.015585E+01   1.524951E-02   9.572277E-04
   8.703944E+00   3.045306E+01   1.480556E-02   9.551156E-04
   8.709985E+00   3.075582E+01   1.436453E-02   9.530002E-04
   8.716030E+00   3.106143E+01   1.393170E-02   9.508916E-04
   8.722080E+00   3.137289E+01   1.350195E-02   9.487798E-04
   8.728134E+00   3.169307E+01   1.307104E-02   9.466557E-04
   8.734192E+00   3.201633E+01   1.264862E-02   9.445387E-04
   8.740254E+00   3.234309E+01   1.223404E-02   9.424275E-04
   8.746321E+00   3.268194E+01   1.181462E-02   9.402952E-04
   8.752391E+00   3.302414E+01   1.140401E-02   9.381702E-04
   8.758466E+00   3.336972E+01   1.100215E-02   9.360524E-04
   8.764545E+00   3.372652E+01   1.059905E-02   9.339198E-04
   8.770629E+00   3.408957E+01   1.020167E-02   9.317872E-04
   8.776716E+00   3.445630E+01   9.813362E-03   9.296620E-04
   8.782808E+00   3.483190E+01   9.428191E-03   9.275306E-04
   8.788904E+00   3.521745E+01   9.045508E-03   9.253909E-04
   8.795004E+00   3.560702E+01   8.672208E-03   9.232588E-04
   8.801109E+00   3.600289E+01   8.306015E-03   9.211290E-04
   8.807217E+00   3.641309E+01   7.939518E-03   9.189825E-04
   8.813330E+00   3.682768E+01   7.582729E-03   9.168440E-04
   8.819447E+00   3.724672E+01   7.235554E-03   9.147133E-04
   8.825569E+00   3.768341E+01   6.884087E-03   9.125533E-04
   8.831694E+00   3.812623E+01   6.541475E-03   9.103980E-04
   8.837824E+00   3.857394E+01   6.209024E-03   9.082508E-04
   8.843959E+00   3.903673E+01   5.877444E-03   9.060853E-04
   8.850097E+00   3.951036E+01   5.551487E-03   9.039138E-04
   8.856240E+00   3.998938E+01   5.236249E-03   9.017509E-04
   8.862387E+00   4.048061E+01   4.926483E-03   8.995805E-04
   8.868538E+00   4.098825E+01   4.619749E-03   8.973936E-04
   8.874693E+00   4.150187E+01   4.324301E-03   8.952157E-04
   8.880853E+00   4.202414E+01   4.038771E-03   8.930424E-04
   8.887017E+00   4.256909E+01   3.756917E-03   8.908515E-04
   8.893185E+00   4.312067E+01   3.486682E-03   8.886699E-04
   8.899358E+00   4.367895E+01   3.227936E-03   8.864973E-04
   8.905535E+00   4.426448E+01   2.968766E-03   8.842873E-04
   8.911716E+00   4.485977E+01   2.720612E-03   8.820816E-04
   8.917902E+00   4.546255E+01   2.484763E-03   8.798856E-04
   8.924091E+00   4.608957E+01   2.254949E-03   8.776714E-04
   8.930285E+00   4.673332E+01   2.034855E-03   8.754531E-04
   8.936484E+00   4.738550E+01   1.827645E-03   8.732448E-04
   8.942686E+00   4.805860E+01   1.628025E-03   8.710192E-04
   8.948893E+00   4.875711E+01   1.435388E-03   8.687686E-04
   8.955105E+00   4.946509E+01   1.256742E-03   8.665287E-04
   8.961320E+00   5.018946E+01   1.090522E-03   8.642903E-04
   8.967540E+00   5.094928E+01   9.334765E-04   8.620291E-04
   8.973764E+00   5.171983E+01   7.910156E-04   8.597791E-04
   8.979993E+00   5.250126E+01   6.629485E-04   8.575401E-04
   8.986226E+00   5.333369E+01   5.426164E-04   8.552491E-04
   8.992463E+00   5.417846E+01   4.380123E-04   8.529700E-04
   8.998704E+00   5.503571E+01   3.489285E-04   8.507026E-04
   9.004950E+00   5.594018E+01   2.725408E-04   8.484045E-04
   9.011200E+00   5.686769E+01   2.119326E-04   8.461076E-04
   9.017455E+00   5.780954E+01   1.677085E-04   8.438230E-04
   9.023714E+00   5.879689E+01   1.387766E-04   8.415052E-04
   9.029977E+00   5.982150E+01   1.269933E-04   8.391694E-04
   9.036244E+00   6.086272E+01   1.331379E-04   8.368470E-04
   9.042516E+00   6.194649E+01   1.577638E-04   8.345090E-04
   9.048793E+00   6.308722E+01   2.025863E-04   8.321422E-04
   9.055073E+00   6.424749E+01   2.667350E-04   8.297896E-04
   9.061358E+00   6.544348E+01   3.512951E-04   8.274334E-04
   9.067647E+00   6.671882E+01   4.612869E-04   8.250279E-04
   9.073941E+00   6.801725E+01   5.923404E-04   8.226378E-04
   9.080239E+00   6.934266E+01   7.445504E-04   8.202594E-04
   9.086542E+00   7.078238E+01   9.304015E-04   8.178099E-04
   9.092848E+00   7.224986E+01   1.139349E-03   8.153772E-04
   9.099160E+00   7.374559E+01   1.370963E-03   8.129609E-04
   9.105475E+00   7.536817E+01   1.643205E-03   8.104752E-04
   9.111795E+00   7.703927E+01   1.943504E-03   8.079943E-04
   9.118119E+00   7.874477E+01   2.268776E-03   8.055315E-04
   9.124448E+00   8.058703E+01   2.640522E-03   8.030083E-04
   9.130781E+00   8.251329E+01   3.049269E-03   8.004718E-04
   9.137119E+00   8.448230E+01   3.485755E-03   7.979550E-04
   9.143461E+00   8.659485E+01   3.974042E-03   7.953885E-04
   9.149807E+00   8.884168E+01   4.513538E-03   7.927858E-04
   9.156158E+00   9.114265E+01   5.084183E-03   7.902052E-04
   9.162513E+00   9.359499E+01   5.710511E-03   7.875885E-04
   9.168872E+00   9.625939E+01   6.409784E-03   7.849076E-04
   9.175236E+00   9.899426E+01   7.144431E-03   7.822516E-04
   9.181605E+00   1.018837E+02   7.936279E-03   7.795771E-04
   9.187977E+00   1.051034E+02   8.834455E-03   7.768020E-04
   9.194355E+00   1.084176E+02   9.773375E-03   7.740554E-04
   9.200736E+00   1.118821E+02   1.076677E-02   7.713132E-04
   9.207122E+00   1.158690E+02   1.191905E-02   7.684212E-04
   9.213513E+00   1.199883E+02   1.311918E-02   7.655624E-04
   9.219908E+00   1.242440E+02   1.436558E-02   7.627361E-04
   9.226307E+00   1.293323E+02   1.584797E-02   7.597013E-04
   9.232711E+00   1.346259E+02   1.739053E-02   7.567023E-04
   9.239119E+00   1.401220E+02   1.898848E-02   7.537420E-04
   9.245532E+00   1.467769E+02   2.088784E-02   7.505563E-04
   9.251949E+00   1.538867E+02   2.289671E-02   7.473762E-04
   9.258371E+00   1.613198E+02   2.497415E-02   7.442432E-04
   9.264797E+00   1.704922E+02   2.744795E-02   7.408613E-04
   9.271227E+00   1.806614E+02   3.012363E-02   7.374383E-04
   9.277662E+00   1.914036E+02   3.288904E-02   7.340746E-04
   9.284102E+00   2.050088E+02   3.618517E-02   7.304387E-04
   9.290546E+00   2.209210E+02   3.985875E-02   7.266902E-04
   9.296994E+00   2.380113E+02   4.366205E-02   7.230180E-04
   9.303447E+00   2.602512E+02   4.813976E-02   7.190919E-04
   9.309904E+00   2.882444E+02   5.329418E-02   7.149720E-04
   9.316366E+00   3.191565E+02   5.867907E-02   7.109421E-04
   9.322832E+00   3.581196E+02   6.451363E-02   7.069284E-04
   9.329303E+00   4.088337E+02   7.099562E-02   7.028912E-04
   9.335779E+00   4.667088E+02   7.799839E-02   6.988922E-04
   9.342258E+00   5.304040E+02   8.470655E-02   6.953240E-04
   9.348743E+00   5.978658E+02   9.032419E-02   6.924934E-04
   9.355231E+00   6.742208E+02   9.674660E-02   6.895843E-04
   9.361725E+00   7.528441E+02   1.030961E-01   6.869187E-04
   9.368223E+00   8.169504E+02   1.071818E-01   6.851271E-04
   9.374725E+00   8.868951E+02   1.119333E-01   6.832498E-04
   9.381232E+00   9.585004E+02   1.169300E-01   6.814069E-04
   9.387743E+00   1.014287E+03   1.201905E-01   6.800602E-04
   9.394259E+00   1.073603E+03   1.239196E-01   6.786530E-04
   9.400779E+00   1.134646E+03   1.279566E-01   6.772222E-04
   9.407304E+00   1.183401E+03   1.308000E-01   6.760594E-04
   9.413834E+00   1.234449E+03   1.339813E-01   6.748532E-04
   9.420368E+00   1.287239E+03   1.374609E-01   6.736117E-04
   9.426906E+00   1.330588E+03   1.400664E-01   6.725300E-04
   9.433449E+00   1.375539E+03   1.429275E-01   6.714152E-04
   9.439997E+00   1.422162E+03   1.460624E-01   6.702648E-04
   9.446549E+00   1.461276E+03   1.485133E-01   6.692190E-04
   9.453105E+00   1.501563E+03   1.511648E-01   6.681466E-04
   9.459667E+00   1.543073E+03   1.540287E-01   6.670458E-04
   9.466233E+00   1.579165E+03   1.564106E-01   6.660078E-04
   9.472803E+00   1.615816E+03   1.589198E-01   6.649521E-04
   9.479378E+00   1.653400E+03   1.616001E-01   6.638727E-04
   9.485957E+00   1.686890E+03   1.639191E-01   6.628344E-04
   9.492541E+00   1.720583E+03   1.663198E-01   6.617832E-04
   9.499130E+00   1.755012E+03   1.688620E-01   6.607117E-04
   9.505723E+00   1.786275E+03   1.711300E-01   6.596665E-04
   9.512321E+00   1.817538E+03   1.734517E-01   6.586111E-04
   9.518923E+00   1.849400E+03   1.758930E-01   6.575377E-04
   9.525530E+00   1.878729E+03   1.781138E-01   6.564834E-04
   9.532141E+00   1.907942E+03   1.803694E-01   6.554209E-04
   9.538758E+00   1.937652E+03   1.827278E-01   6.543423E-04
   9.545378E+00   1.965270E+03   1.849051E-01   6.532771E-04
   9.552004E+00   1.992708E+03   1.871051E-01   6.522048E-04
   9.558633E+00   2.020564E+03   1.893945E-01   6.511180E-04
   9.565268E+00   2.046675E+03   1.915347E-01   6.500405E-04
   9.571907E+00   2.072583E+03   1.936907E-01   6.489564E-04
   9.578551E+00   2.098848E+03   1.959254E-01   6.478592E-04
   9.585199E+00   2.123598E+03   1.980279E-01   6.467698E-04
   9.591852E+00   2.148136E+03   2.001408E-01   6.456745E-04
   9.598509E+00   2.172984E+03   2.023234E-01   6.445673E-04
   9.605172E+00   2.196519E+03   2.043937E-01   6.434652E-04
   9.611838E+00   2.219858E+03   2.064734E-01   6.423573E-04
   9.618510E+00   2.243468E+03   2.086155E-01   6.412384E-04
   9.625186E+00   2.265884E+03   2.106525E-01   6.401245E-04
   9.631866E+00   2.288118E+03   2.126970E-01   6.390053E-04
   9.638552E+00   2.310592E+03   2.147975E-01   6.378759E-04
   9.645242E+00   2.331976E+03   2.168032E-01   6.367501E-04
   9.651936E+00   2.353207E+03   2.188174E-01   6.356189E-04
   9.658635E+00   2.374650E+03   2.208823E-01   6.344784E-04
   9.665339E+00   2.395074E+03   2.228586E-01   6.333404E-04
   9.672048E+00   2.415374E+03   2.248450E-01   6.321970E-04
   9.678761E+00   2.435864E+03   2.268772E-01   6.310451E-04
   9.685479E+00   2.455396E+03   2.288240E-01   6.298960E-04
   9.692201E+00   2.474840E+03   2.307824E-01   6.287416E-04
   9.698929E+00   2.494456E+03   2.327825E-01   6.275794E-04
   9.705660E+00   2.513114E+03   2.346976E-01   6.264192E-04
   9.712397E+00   2.531713E+03   2.366262E-01   6.252539E-04
   9.719138E+00   2.550467E+03   2.385925E-01   6.240814E-04
   9.725884E+00   2.568306E+03   2.404800E-01   6.229095E-04
   9.732635E+00   2.586129E+03   2.423845E-01   6.217324E-04
   9.739390E+00   2.604093E+03   2.443233E-01   6.205488E-04
   9.746150E+00   2.621117E+03   2.461802E-01   6.193658E-04
   9.752914E+00   2.638162E+03   2.480564E-01   6.181778E-04
   9.759684E+00   2.655336E+03   2.499636E-01   6.169840E-04
   9.766458E+00   2.671543E+03   2.517885E-01   6.157897E-04
   9.773237E+00   2.687813E+03   2.536357E-01   6.145907E-04
   9.780020E+00   2.704199E+03   2.555104E-01   6.133866E-04
   9.786808E+00   2.719595E+03   2.573051E-01   6.121804E-04
   9.793601E+00   2.735099E+03   2.591245E-01   6.109699E-04
   9.800398E+00   2.750647E+03   2.609636E-01   6.097549E-04
   9.807201E+00   2.765280E+03   2.627367E-01   6.085352E-04
   9.814008E+00   2.780012E+03   2.645320E-01   6.073118E-04
   9.820819E+00   2.794707E+03   2.663388E-01   6.060844E-04
   9.827636E+00   2.808500E+03   2.680853E-01   6.048509E-04
   9.834457E+00   2.822384E+03   2.698514E-01   6.036146E-04
   9.841283E+00   2.836148E+03   2.716232E-01   6.023739E-04
   9.848114E+00   2.849087E+03   2.733521E-01   6.011241E-04
   9.854949E+00   2.862108E+03   2.750982E-01   5.998724E-04
   9.861789E+00   2.874895E+03   2.768445E-01   5.986153E-04
   9.868634E+00   2.886860E+03   2.785577E-01   5.973468E-04
   9.875484E+00   2.898899E+03   2.802858E-01   5.960776E-04
   9.882338E+00   2.910568E+03   2.820135E-01   5.948003E-04
   9.889197E+00   2.921447E+03   2.837250E-01   5.935086E-04
   9.896061E+00   2.932387E+03   2.854490E-01   5.922178E-04
   9.902930E+00   2.942781E+03   2.871810E-01   5.909132E-04
   9.909803E+00   2.952409E+03   2.889179E-01   5.895912E-04
   9.916682E+00   2.962078E+03   2.906652E-01   5.882722E-04
   9.923565E+00   2.970990E+03   2.924494E-01   5.869287E-04
   9.930452E+00   2.979176E+03   2.942675E-01   5.855648E-04
   9.937345E+00   2.987374E+03   2.960944E-01   5.842070E-04
   9.944242E+00   2.994491E+03   2.980265E-01   5.828047E-04
   9.951144E+00   3.000891E+03   3.000270E-01   5.813807E-04
   9.958051E+00   3.007248E+03   3.020350E-01   5.799678E-04
   9.964963E+00   3.012241E+03   3.043387E-01   5.784684E-04
   9.971879E+00   3.016577E+03   3.067637E-01   5.769497E-04
   9.978801E+00   3.020762E+03   3.091961E-01   5.754508E-04
   9.985727E+00   3.023404E+03   3.124017E-01   5.737805E-04
   9.992658E+00   3.025378E+03   3.157780E-01   5.721076E-04
   9.999593E+00   3.026960E+03   3.191626E-01   5.704727E-04
   1.000653E+01   3.028000E+03   3.246951E-01   5.684749E-04
   1.001348E+01   3.028050E+03   3.303768E-01   5.665366E-04
   1.002043E+01   3.027625E+03   3.364493E-01   5.646233E-04
   1.002738E+01   3.032860E+03   3.483984E-01   5.620123E-04
   1.003434E+01   3.035509E+03   3.603886E-01   5.596312E-04
   1.004131E+01   3.043698E+03   3.759495E-01   5.571177E-04
   1.004828E+01   3.081805E+03   4.073990E-01   5.536849E-04
   1.005525E+01   3.114078E+03   4.394247E-01   5.510576E-04
   1.006223E+01   3.185631E+03   4.857209E-01   5.486818E-04
   1.006922E+01   3.352105E+03   5.676671E-01   5.469959E-04
   1.007620E+01   3.520019E+03   6.603562E-01   5.475682E-04
   1.008320E+01   3.779089E+03   7.817989E-01   5.475782E-04
   1.009020E+01   4.218464E+03   9.679266E-01   5.421833E-04
   1.009720E+01   4.816832E+03   1.246752E+00   5.306089E-04
   1.010421E+01   5.725718E+03   1.618157E+00   5.054895E-04
   1.011122E+01   6.984832E+03   2.100392E+00   4.654606E-04
   1.011824E+01   8.603489E+03   2.763847E+00   4.123786E-04
   1.012526E+01   1.013138E+04   3.276763E+00   3.579822E-04
   1.013229E+01   1.110744E+04   3.556939E+00   3.133578E-04
   1.013932E+01   1.132245E+04   3.612039E+00   2.776234E-04
   1.014636E+01   1.010741E+04   2.972594E+00   2.760678E-04
   1.015340E+01   8.732482E+03   2.373680E+00   2.818107E-04
   1.016045E+01   7.444283E+03   1.893160E+00   2.947464E-04
   1.016750E+01   6.659373E+03   1.520823E+00   3.342750E-04
   1.017456E+01   5.925657E+03   1.229547E+00   3.740891E-04
   1.018162E+01   5.335653E+03   1.021482E+00   4.117946E-04
   1.018869E+01   5.051138E+03   9.023461E-01   4.382922E-04
   1.019576E+01   4.768778E+03   7.978221E-01   4.632720E-04
   1.020284E+01   4.529409E+03   7.145689E-01   4.843439E-04
   1.020992E+01   4.347488E+03   6.512709E-01   5.004995E-04
   1.021701E+01   4.168283E+03   5.939284E-01   5.156561E-04
   1.022410E+01   4.005768E+03   5.404044E-01   5.292208E-04
   1.023119E+01   3.853032E+03   4.904962E-01   5.411535E-04
   1.023829E+01   3.701206E+03   4.450879E-01   5.519495E-04
   1.024540E+01   3.624898E+03   4.135446E-01   5.557614E-04
   1.025251E+01   3.564874E+03   3.867572E-01   5.573577E-04
   1.025963E+01   3.497514E+03   3.614202E-01   5.587139E-04
   1.026675E+01   3.524444E+03   3.576491E-01   5.539464E-04
   1.027387E+01   3.551135E+03   3.553934E-01   5.493133E-04
   1.028101E+01   3.577215E+03   3.546998E-01   5.449142E-04
   1.028814E+01   3.631831E+03   3.617879E-01   5.396000E-04
   1.029528E+01   3.684123E+03   3.693318E-01   5.346300E-04
   1.030243E+01   3.736949E+03   3.779359E-01   5.298827E-04
   1.030958E+01   3.793629E+03   3.882329E-01   5.252243E-04
   1.031673E+01   3.848617E+03   3.990013E-01   5.208408E-04
   1.032390E+01   3.910009E+03   4.120885E-01   5.162439E-04
   1.033106E+01   3.975600E+03   4.273843E-01   5.116124E-04
   1.033823E+01   4.038181E+03   4.433421E-01   5.073630E-04
   1.034541E+01   4.146589E+03   4.731651E-01   5.013267E-04
   1.035259E+01   4.265244E+03   5.095708E-01   4.954403E-04
   1.035977E+01   4.377451E+03   5.483503E-01   4.904171E-04
   1.036696E+01   4.730487E+03   6.632026E-01   4.787031E-04
   1.037416E+01   5.121697E+03   8.069625E-01   4.678107E-04
   1.038136E+01   5.642960E+03   1.007334E+00   4.543141E-04
   1.038857E+01   6.752067E+03   1.410369E+00   4.221684E-04
   1.039578E+01   8.318661E+03   2.059226E+00   3.759495E-04
   1.040299E+01   1.019675E+04   2.878758E+00   3.154287E-04
   1.041021E+01   1.132772E+04   3.429300E+00   2.579460E-04
   1.041744E+01   1.133141E+04   3.712927E+00   2.060733E-04
   1.042467E+01   9.642789E+03   3.070344E+00   1.900234E-04
   1.043190E+01   7.752770E+03   2.287024E+00   1.962933E-04
   1.043914E+01   6.191642E+03   1.734173E+00   2.101951E-04
   1.044639E+01   5.670186E+03   1.418654E+00   2.612855E-04
   1.045364E+01   5.186765E+03   1.162739E+00   3.158482E-04
   1.046090E+01   4.727269E+03   9.686316E-01   3.663056E-04
   1.046816E+01   4.643821E+03   8.961132E-01   3.883716E-04
   1.047542E+01   4.543003E+03   8.269217E-01   4.090026E-04
   1.048269E+01   4.463550E+03   7.749897E-01   4.239549E-04
   1.048997E+01   4.437087E+03   7.474507E-01   4.309345E-04
   1.049725E+01   4.406739E+03   7.203835E-01   4.376076E-04
   1.050454E+01   4.389571E+03   7.021226E-01   4.415213E-04
   1.051183E+01   4.380963E+03   6.890644E-01   4.438308E-04
   1.051912E+01   4.371186E+03   6.761049E-01   4.460731E-04
   1.052642E+01   4.368967E+03   6.685938E-01   4.467785E-04
   1.053373E+01   4.367508E+03   6.618429E-01   4.472674E-04
   1.054104E+01   4.366269E+03   6.555801E-01   4.476227E-04
   1.054836E+01   4.368428E+03   6.521144E-01   4.472437E-04
   1.055568E+01   4.370470E+03   6.486571E-01   4.468658E-04
   1.056301E+01   4.373229E+03   6.460012E-01   4.462893E-04
   1.057034E+01   4.377136E+03   6.444906E-01   4.454287E-04
   1.057767E+01   4.381019E+03   6.429839E-01   4.445717E-04
   1.058502E+01   4.385507E+03   6.422864E-01   4.435215E-04
   1.059236E+01   4.390284E+03   6.419652E-01   4.423833E-04
   1.059971E+01   4.395061E+03   6.416469E-01   4.412484E-04
   1.060707E+01   4.400216E+03   6.421726E-01   4.399157E-04
   1.061443E+01   4.405385E+03   6.427345E-01   4.385769E-04
   1.062180E+01   4.410627E+03   6.434398E-01   4.372057E-04
   1.062917E+01   4.416085E+03   6.445835E-01   4.357295E-04
   1.063655E+01   4.421530E+03   6.457293E-01   4.342540E-04
   1.064393E+01   4.426981E+03   6.471327E-01   4.327181E-04
   1.065132E+01   4.432420E+03   6.487620E-01   4.311281E-04
   1.065871E+01   4.437824E+03   6.503926E-01   4.295375E-04
   1.066611E+01   4.443256E+03   6.523305E-01   4.278702E-04
   1.067352E+01   4.448649E+03   6.543336E-01   4.261853E-04
   1.068092E+01   4.453998E+03   6.563801E-01   4.244877E-04
   1.068834E+01   4.459365E+03   6.587267E-01   4.227114E-04
   1.069576E+01   4.464654E+03   6.610733E-01   4.209321E-04
   1.070318E+01   4.469758E+03   6.635063E-01   4.191290E-04
   1.071061E+01   4.474627E+03   6.660537E-01   4.172945E-04
   1.071804E+01   4.479393E+03   6.685996E-01   4.154561E-04
   1.072548E+01   4.484162E+03   6.713566E-01   4.135559E-04
   1.073293E+01   4.488844E+03   6.741873E-01   4.116301E-04
   1.074038E+01   4.493392E+03   6.770251E-01   4.096966E-04
   1.074783E+01   4.497729E+03   6.800430E-01   4.077086E-04
   1.075529E+01   4.501912E+03   6.830567E-01   4.057145E-04
   1.076276E+01   4.505992E+03   6.861598E-01   4.036877E-04
   1.077023E+01   4.509989E+03   6.894184E-01   4.016084E-04
   1.077770E+01   4.513804E+03   6.926711E-01   3.995219E-04
   1.078518E+01   4.517317E+03   6.960376E-01   3.973942E-04
   1.079267E+01   4.520573E+03   6.994495E-01   3.952434E-04
   1.080016E+01   4.523618E+03   7.028564E-01   3.930834E-04
   1.080765E+01   4.526515E+03   7.064301E-01   3.908623E-04
   1.081516E+01   4.529176E+03   7.099932E-01   3.886321E-04
   1.082266E+01   4.531662E+03   7.136356E-01   3.863651E-04
   1.083017E+01   4.534006E+03   7.174306E-01   3.840374E-04
   1.083769E+01   4.536080E+03   7.212121E-01   3.816994E-04
   1.084521E+01   4.537842E+03   7.251275E-01   3.793041E-04
   1.085274E+01   4.539287E+03   7.290923E-01   3.768766E-04
   1.086027E+01   4.540431E+03   7.330476E-01   3.744348E-04
   1.086781E+01   4.541452E+03   7.371995E-01   3.719116E-04
   1.087535E+01   4.542135E+03   7.413311E-01   3.693754E-04
   1.088290E+01   4.542439E+03   7.455302E-01   3.667963E-04
   1.089046E+01   4.542317E+03   7.498476E-01   3.641554E-04
   1.089802E+01   4.541811E+03   7.541392E-01   3.614998E-04
   1.090558E+01   4.541039E+03   7.585816E-01   3.587691E-04
   1.091315E+01   4.539894E+03   7.630580E-01   3.560009E-04
   1.092072E+01   4.538346E+03   7.675327E-01   3.532061E-04
   1.092830E+01   4.536542E+03   7.722528E-01   3.502978E-04
   1.093589E+01   4.534269E+03   7.769371E-01   3.473709E-04
   1.094348E+01   4.531502E+03   7.817019E-01   3.443821E-04
   1.095107E+01   4.528206E+03   7.865653E-01   3.413222E-04
   1.095868E+01   4.524389E+03   7.913848E-01   3.382415E-04
   1.096628E+01   4.520003E+03   7.964195E-01   3.350410E-04
   1.097389E+01   4.515035E+03   8.014582E-01   3.317964E-04
   1.098151E+01   4.509540E+03   8.065232E-01   3.284985E-04
   1.098913E+01   4.503651E+03   8.118538E-01   3.250551E-04
   1.099676E+01   4.497116E+03   8.171229E-01   3.215848E-04
   1.100439E+01   4.489942E+03   8.225462E-01   3.180008E-04
   1.101203E+01   4.482074E+03   8.280602E-01   3.143230E-04
   1.101967E+01   4.473487E+03   8.334995E-01   3.106142E-04
   1.102732E+01   4.464108E+03   8.392319E-01   3.067201E-04
   1.103498E+01   4.453935E+03   8.448944E-01   3.027841E-04
   1.104264E+01   4.442918E+03   8.506255E-01   2.987445E-04
   1.105030E+01   4.430956E+03   8.565606E-01   2.945359E-04
   1.105797E+01   4.418109E+03   8.623903E-01   2.902866E-04
   1.106564E+01   4.404421E+03   8.685491E-01   2.858067E-04
   1.107333E+01   4.389770E+03   8.747439E-01   2.812119E-04
   1.108101E+01   4.374072E+03   8.808774E-01   2.765370E-04
   1.108870E+01   4.356968E+03   8.873128E-01   2.715993E-04
   1.109640E+01   4.338763E+03   8.935976E-01   2.666058E-04
   1.110410E+01   4.319362E+03   9.001267E-01   2.613664E-04
   1.111181E+01   4.298657E+03   9.068331E-01   2.558963E-04
   1.111952E+01   4.276709E+03   9.133540E-01   2.503589E-04
   1.112724E+01   4.252784E+03   9.202997E-01   2.444192E-04
   1.113496E+01   4.227426E+03   9.270664E-01   2.383782E-04
   1.114269E+01   4.200447E+03   9.339155E-01   2.320897E-04
   1.115042E+01   4.171493E+03   9.410908E-01   2.253974E-04
   1.115816E+01   4.140978E+03   9.479917E-01   2.186075E-04
   1.116591E+01   4.108036E+03   9.553685E-01   2.112720E-04
   1.117366E+01   4.073065E+03   9.626526E-01   2.036805E-04
   1.118141E+01   4.036052E+03   9.697930E-01   1.958405E-04
   1.118917E+01   3.995805E+03   9.774461E-01   1.872946E-04
   1.119694E+01   3.953572E+03   9.846774E-01   1.785979E-04
   1.120471E+01   3.907923E+03   9.922784E-01   1.691835E-04
   1.121249E+01   3.859089E+03   9.998888E-01   1.592181E-04
   1.122027E+01   3.807935E+03   1.007011E+00   1.490162E-04
   1.122806E+01   3.751202E+03   1.014981E+00   1.374725E-04
   1.123585E+01   3.691931E+03   1.022265E+00   1.256751E-04
   1.124365E+01   3.627858E+03   1.029681E+00   1.128656E-04
   1.125145E+01   3.558269E+03   1.037194E+00   9.888122E-05
   1.125926E+01   3.485962E+03   1.043803E+00   8.454692E-05
   1.126708E+01   3.404394E+03   1.051326E+00   6.784286E-05
   1.127490E+01   3.319049E+03   1.057851E+00   5.045128E-05
   1.128272E+01   3.226994E+03   1.063980E+00   3.145200E-05
   1.129056E+01   3.124355E+03   1.070111E+00   9.735358E-06
   1.129839E+01   3.018857E+03   1.074610E+00  -1.271453E-05
   1.130623E+01   2.896453E+03   1.079368E+00  -3.991993E-05
   1.131408E+01   2.767672E+03   1.082370E+00  -6.927033E-05
   1.132193E+01   2.629793E+03   1.083600E+00  -1.018338E-04
   1.132979E+01   2.468021E+03   1.083303E+00  -1.422629E-04
   1.133766E+01   2.306930E+03   1.079898E+00  -1.848213E-04
   1.134553E+01   2.112104E+03   1.071876E+00  -2.401759E-04
   1.135340E+01   1.909805E+03   1.059404E+00  -3.041292E-04
   1.136128E+01   1.706976E+03   1.041244E+00  -3.766398E-04
   1.136917E+01   1.468236E+03   1.008587E+00  -4.768997E-04
   1.137706E+01   1.259559E+03   9.763097E-01  -5.887696E-04
   1.138495E+01   1.067870E+03   9.299509E-01  -7.214724E-04
   1.139286E+01   9.039611E+02   8.826105E-01  -8.774396E-04
   1.140076E+01   7.719951E+02   8.417419E-01  -1.051309E-03
   1.140868E+01   6.835860E+02   7.961461E-01  -1.200467E-03
   1.141660E+01   6.052395E+02   7.587194E-01  -1.354250E-03
   1.142452E+01   5.563874E+02   7.257949E-01  -1.408278E-03
   1.143245E+01   5.163535E+02   6.953139E-01  -1.332845E-03
   1.144038E+01   4.690521E+02   6.688780E-01  -1.143381E-03
   1.144833E+01   4.535432E+02   6.444373E-01  -5.165264E-04
   1.145627E+01   4.099038E+02   6.226858E-01   2.836424E-04
   1.146422E+01   3.843098E+02   6.001540E-01   1.434448E-03
   1.147218E+01   3.493440E+02   5.765620E-01   2.548888E-03
   1.148014E+01   2.856135E+02   5.608345E-01   3.496248E-03
   1.148811E+01   2.690546E+02   5.409417E-01   3.511154E-03
   1.149608E+01   2.444103E+02   5.226841E-01   3.404743E-03
   1.150406E+01   2.254144E+02   5.066502E-01   3.209066E-03
   1.151205E+01   2.137946E+02   4.914480E-01   2.978283E-03
   1.152004E+01   2.015296E+02   4.760544E-01   2.756712E-03
   1.152803E+01   1.937847E+02   4.633452E-01   2.584125E-03
   1.153604E+01   1.858748E+02   4.503500E-01   2.421637E-03
   1.154404E+01   1.790477E+02   4.382288E-01   2.282848E-03
   1.155206E+01   1.733131E+02   4.270232E-01   2.164959E-03
   1.156007E+01   1.675631E+02   4.156077E-01   2.053902E-03
   1.156810E+01   1.633152E+02   4.057243E-01   1.965327E-03
   1.157613E+01   1.590434E+02   3.956828E-01   1.881178E-03
   1.158416E+01   1.553987E+02   3.861726E-01   1.806750E-03
   1.159220E+01   1.523261E+02   3.771811E-01   1.740734E-03
   1.160025E+01   1.492598E+02   3.681129E-01   1.677887E-03
   1.160830E+01   1.472643E+02   3.599404E-01   1.624467E-03
   1.161636E+01   1.452284E+02   3.516922E-01   1.573191E-03
   1.162442E+01   1.437738E+02   3.438066E-01   1.526537E-03
   1.163249E+01   1.427858E+02   3.362224E-01   1.483707E-03
   1.164056E+01   1.418343E+02   3.286316E-01   1.442671E-03
   1.164864E+01   1.419643E+02   3.215740E-01   1.406054E-03
   1.165673E+01   1.420482E+02   3.144825E-01   1.370678E-03
   1.166482E+01   1.429008E+02   3.076457E-01   1.337783E-03
   1.167291E+01   1.442764E+02   3.009798E-01   1.306808E-03
   1.168101E+01   1.458244E+02   2.943400E-01   1.276994E-03
   1.168912E+01   1.487806E+02   2.880013E-01   1.249314E-03
   1.169724E+01   1.517560E+02   2.816532E-01   1.222472E-03
   1.170535E+01   1.560695E+02   2.754697E-01   1.196959E-03
   1.171348E+01   1.611698E+02   2.693745E-01   1.172458E-03
   1.172161E+01   1.668864E+02   2.633181E-01   1.148739E-03
   1.172974E+01   1.748471E+02   2.574159E-01   1.125968E-03
   1.173789E+01   1.831388E+02   2.515310E-01   1.103841E-03
   1.174603E+01   1.942066E+02   2.457675E-01   1.082353E-03
   1.175419E+01   2.067972E+02   2.400778E-01   1.061456E-03
   1.176234E+01   2.213271E+02   2.344773E-01   1.041099E-03
   1.177051E+01   2.399846E+02   2.290572E-01   1.021200E-03
   1.177868E+01   2.601269E+02   2.237314E-01   1.001790E-03
   1.178685E+01   2.862945E+02   2.187941E-01   9.829997E-04
   1.179503E+01   3.159145E+02   2.140938E-01   9.645994E-04
   1.180322E+01   3.503418E+02   2.099413E-01   9.471124E-04
   1.181141E+01   3.915878E+02   2.066171E-01   9.306820E-04
   1.181961E+01   4.374333E+02   2.037087E-01   9.142669E-04
   1.182782E+01   4.883138E+02   2.029924E-01   9.020308E-04
   1.183602E+01   5.447015E+02   2.030040E-01   8.895587E-04
   1.184424E+01   6.000437E+02   2.050641E-01   8.811528E-04
   1.185246E+01   6.532418E+02   2.090360E-01   8.763682E-04
   1.186069E+01   7.079160E+02   2.139445E-01   8.717215E-04
   1.186892E+01   7.375452E+02   2.210574E-01   8.778057E-04
   1.187716E+01   7.676485E+02   2.285152E-01   8.834839E-04
   1.188540E+01   7.740902E+02   2.359794E-01   8.966211E-04
   1.189365E+01   7.675376E+02   2.432688E-01   9.143590E-04
   1.190191E+01   7.535576E+02   2.498549E-01   9.341836E-04
   1.191017E+01   7.170703E+02   2.543401E-01   9.597309E-04
   1.191843E+01   6.819552E+02   2.588938E-01   9.863049E-04
   1.192671E+01   6.336896E+02   2.602246E-01   1.011581E-03
   1.193498E+01   5.852073E+02   2.612620E-01   1.036545E-03
   1.194327E+01   5.371708E+02   2.610990E-01   1.057657E-03
   1.195156E+01   4.886183E+02   2.590395E-01   1.071973E-03
   1.195985E+01   4.439691E+02   2.576179E-01   1.085532E-03
   1.196815E+01   4.030537E+02   2.538711E-01   1.087841E-03
   1.197646E+01   3.655582E+02   2.506018E-01   1.089108E-03
   1.198477E+01   3.328073E+02   2.469099E-01   1.085944E-03
   1.199309E+01   3.038160E+02   2.429244E-01   1.079509E-03
   1.200142E+01   2.776910E+02   2.391290E-01   1.072234E-03
   1.200975E+01   2.559163E+02   2.351019E-01   1.062472E-03
   1.201808E+01   2.357625E+02   2.312414E-01   1.052599E-03
   1.202642E+01   2.188734E+02   2.274486E-01   1.042096E-03
   1.203477E+01   2.036304E+02   2.237356E-01   1.031444E-03
   1.204312E+01   1.900615E+02   2.201452E-01   1.020886E-03
   1.205148E+01   1.783919E+02   2.166820E-01   1.010481E-03
   1.205985E+01   1.674126E+02   2.132747E-01   1.000169E-03
   1.206822E+01   1.583142E+02   2.100684E-01   9.903672E-04
   1.207659E+01   1.497144E+02   2.069035E-01   9.806779E-04
   1.208498E+01   1.421292E+02   2.038745E-01   9.713954E-04
   1.209336E+01   1.352828E+02   2.009437E-01   9.624206E-04
   1.210176E+01   1.289058E+02   1.980720E-01   9.536459E-04
   1.211016E+01   1.233644E+02   1.953452E-01   9.453374E-04
   1.211856E+01   1.180527E+02   1.926402E-01   9.371229E-04
   1.212697E+01   1.134054E+02   1.900747E-01   9.293664E-04
   1.213539E+01   1.090225E+02   1.875522E-01   9.217700E-04
   1.214381E+01   1.049941E+02   1.851033E-01   9.144275E-04
   1.215224E+01   1.013324E+02   1.827381E-01   9.073682E-04
   1.216068E+01   9.782047E+01   1.803974E-01   9.004103E-04
   1.216912E+01   9.472418E+01   1.781711E-01   8.938253E-04
   1.217756E+01   9.172192E+01   1.759589E-01   8.873075E-04
   1.218602E+01   8.899612E+01   1.738309E-01   8.810666E-04
   1.219447E+01   8.642082E+01   1.717445E-01   8.749719E-04
   1.220294E+01   8.399124E+01   1.696998E-01   8.690224E-04
   1.221141E+01   8.176322E+01   1.677217E-01   8.632897E-04
   1.221988E+01   7.959162E+01   1.657555E-01   8.576108E-04
   1.222837E+01   7.764464E+01   1.638732E-01   8.521954E-04
   1.223685E+01   7.574527E+01   1.620032E-01   8.468316E-04
   1.224535E+01   7.398171E+01   1.601838E-01   8.416304E-04
   1.225385E+01   7.230988E+01   1.583983E-01   8.365415E-04
   1.226235E+01   7.070738E+01   1.566396E-01   8.315428E-04
   1.227086E+01   6.922447E+01   1.549332E-01   8.267068E-04
   1.227938E+01   6.777093E+01   1.532367E-01   8.219111E-04
   1.228790E+01   6.643975E+01   1.515998E-01   8.172953E-04
   1.229643E+01   6.514040E+01   1.499762E-01   8.127276E-04
   1.230497E+01   6.391506E+01   1.483904E-01   8.082757E-04
   1.231351E+01   6.274677E+01   1.468341E-01   8.039152E-04
   1.232205E+01   6.161660E+01   1.452972E-01   7.996176E-04
   1.233061E+01   6.056181E+01   1.438022E-01   7.954441E-04
   1.233916E+01   5.952389E+01   1.423159E-01   7.913019E-04
   1.234773E+01   5.856076E+01   1.408727E-01   7.872853E-04
   1.235630E+01   5.761833E+01   1.394416E-01   7.833080E-04
   1.236487E+01   5.672256E+01   1.380375E-01   7.794105E-04
   1.237346E+01   5.586408E+01   1.366557E-01   7.755792E-04
   1.238205E+01   5.502992E+01   1.352884E-01   7.717925E-04
   1.239064E+01   5.424605E+01   1.339500E-01   7.680885E-04
   1.239924E+01   5.347246E+01   1.326193E-01   7.644099E-04
   1.240785E+01   5.274796E+01   1.313273E-01   7.608396E-04
   1.241646E+01   5.203619E+01   1.300457E-01   7.573010E-04
   1.242508E+01   5.135649E+01   1.287883E-01   7.538306E-04
   1.243370E+01   5.070095E+01   1.275499E-01   7.504139E-04
   1.244233E+01   5.006265E+01   1.263248E-01   7.470357E-04
   1.245097E+01   4.945731E+01   1.251236E-01   7.437231E-04
   1.245961E+01   4.885862E+01   1.239292E-01   7.404314E-04
   1.246826E+01   4.829660E+01   1.227640E-01   7.372187E-04
   1.247691E+01   4.774184E+01   1.216066E-01   7.340285E-04
   1.248557E+01   4.721149E+01   1.204710E-01   7.308975E-04
   1.249424E+01   4.669670E+01   1.193504E-01   7.278074E-04
   1.250291E+01   4.619622E+01   1.182403E-01   7.247461E-04
   1.251159E+01   4.571875E+01   1.171446E-01   7.217235E-04
   1.252027E+01   4.524638E+01   1.160560E-01   7.187207E-04
   1.252896E+01   4.480007E+01   1.149970E-01   7.157958E-04
   1.253766E+01   4.435767E+01   1.139442E-01   7.128877E-04
   1.254636E+01   4.393537E+01   1.129108E-01   7.100308E-04
   1.255507E+01   4.352255E+01   1.118884E-01   7.072027E-04
   1.256378E+01   4.312258E+01   1.108749E-01   7.043980E-04
   1.257250E+01   4.273803E+01   1.098711E-01   7.016185E-04
   1.258123E+01   4.235893E+01   1.088766E-01   6.988634E-04
   1.258996E+01   4.199770E+01   1.079090E-01   6.961774E-04
   1.259870E+01   4.163914E+01   1.069470E-01   6.935058E-04
   1.260744E+01   4.129877E+01   1.059967E-01   6.908641E-04
   1.261619E+01   4.096347E+01   1.050530E-01   6.882391E-04
   1.262495E+01   4.063981E+01   1.041223E-01   6.856469E-04
   1.263371E+01   4.032544E+01   1.032027E-01   6.830828E-04
   1.264248E+01   4.001744E+01   1.022922E-01   6.805416E-04
   1.265126E+01   3.972230E+01   1.013965E-01   6.780376E-04
   1.266004E+01   3.942904E+01   1.005061E-01   6.755466E-04
   1.266882E+01   3.915128E+01   9.963422E-02   6.731020E-04
   1.267762E+01   3.887515E+01   9.876744E-02   6.706696E-04
   1.268642E+01   3.861098E+01   9.791137E-02   6.682636E-04
   1.269522E+01   3.835209E+01   9.706238E-02   6.658748E-04
   1.270403E+01   3.810032E+01   9.622195E-02   6.635069E-04
   1.271285E+01   3.785660E+01   9.539066E-02   6.611612E-04
   1.272168E+01   3.761642E+01   9.456685E-02   6.588336E-04
   1.273051E+01   3.738721E+01   9.375892E-02   6.565449E-04
   1.273934E+01   3.715910E+01   9.295570E-02   6.542672E-04
   1.274818E+01   3.694311E+01   9.215933E-02   6.520058E-04
   1.275703E+01   3.672899E+01   9.136780E-02   6.497555E-04
   1.276589E+01   3.652256E+01   9.059009E-02   6.475389E-04
   1.277475E+01   3.632040E+01   8.982153E-02   6.453440E-04
   1.278361E+01   3.612314E+01   8.906083E-02   6.431678E-04
   1.279249E+01   3.593256E+01   8.830943E-02   6.410137E-04
   1.280137E+01   3.574442E+01   8.756282E-02   6.388705E-04
   1.281025E+01   3.556635E+01   8.682282E-02   6.367425E-04
   1.281914E+01   3.538891E+01   8.608715E-02   6.346244E-04
   1.282804E+01   3.522084E+01   8.536331E-02   6.325344E-04
   1.283694E+01   3.505425E+01   8.464451E-02   6.304558E-04
   1.284585E+01   3.489426E+01   8.393175E-02   6.283911E-04
   1.285477E+01   3.473790E+01   8.322413E-02   6.263379E-04
   1.286369E+01   3.458471E+01   8.252646E-02   6.243082E-04
   1.287262E+01   3.443577E+01   8.184106E-02   6.223077E-04
   1.288155E+01   3.428921E+01   8.115921E-02   6.203147E-04
   1.289050E+01   3.415231E+01   8.047922E-02   6.183251E-04
   1.289944E+01   3.401574E+01   7.980323E-02   6.163442E-04
   1.290840E+01   3.388540E+01   7.913917E-02   6.143914E-04
   1.291736E+01   3.375573E+01   7.847954E-02   6.124484E-04
   1.292632E+01   3.363209E+01   7.782980E-02   6.105284E-04
   1.293529E+01   3.351109E+01   7.718640E-02   6.086228E-04
   1.294427E+01   3.339384E+01   7.654824E-02   6.067289E-04
   1.295326E+01   3.328065E+01   7.591547E-02   6.048469E-04
   1.296225E+01   3.316985E+01   7.528584E-02   6.029714E-04
   1.297124E+01   3.306582E+01   7.465819E-02   6.010994E-04
   1.298025E+01   3.296206E+01   7.403465E-02   5.992364E-04
   1.298926E+01   3.286318E+01   7.342838E-02   5.974144E-04
   1.299827E+01   3.276441E+01   7.282567E-02   5.955998E-04
   1.300729E+01   3.267204E+01   7.222478E-02   5.937884E-04
   1.301632E+01   3.258123E+01   7.162702E-02   5.919835E-04
   1.302536E+01   3.249457E+01   7.103472E-02   5.901906E-04
   1.303440E+01   3.241074E+01   7.044725E-02   5.884082E-04
   1.304344E+01   3.232965E+01   6.986450E-02   5.866361E-04
   1.305250E+01   3.225298E+01   6.928723E-02   5.848762E-04
   1.306156E+01   3.217723E+01   6.871487E-02   5.831269E-04
   1.307062E+01   3.210596E+01   6.815301E-02   5.814021E-04
   1.307969E+01   3.203468E+01   6.759449E-02   5.796841E-04
   1.308877E+01   3.196940E+01   6.703741E-02   5.779684E-04
   1.309786E+01   3.190430E+01   6.648358E-02   5.762593E-04
   1.310695E+01   3.184440E+01   6.593560E-02   5.745632E-04
   1.311604E+01   3.178606E+01   6.539168E-02   5.728757E-04
   1.312515E+01   3.173074E+01   6.485290E-02   5.711996E-04
   1.313426E+01   3.167772E+01   6.431880E-02   5.695335E-04
   1.314337E+01   3.162668E+01   6.378914E-02   5.678770E-04
   1.315250E+01   3.157907E+01   6.326478E-02   5.662322E-04
   1.316163E+01   3.153240E+01   6.274415E-02   5.645952E-04
   1.317076E+01   3.149032E+01   6.222944E-02   5.629713E-04
   1.317990E+01   3.144814E+01   6.171781E-02   5.613537E-04
   1.318905E+01   3.141192E+01   6.120754E-02   5.597382E-04
   1.319821E+01   3.137564E+01   6.070033E-02   5.581288E-04
   1.320737E+01   3.134339E+01   6.019891E-02   5.565323E-04
   1.321653E+01   3.131202E+01   5.970118E-02   5.549435E-04
   1.322571E+01   3.128378E+01   5.920858E-02   5.533660E-04
   1.323489E+01   3.125740E+01   5.872024E-02   5.517977E-04
   1.324407E+01   3.123375E+01   5.823414E-02   5.502335E-04
   1.325326E+01   3.121354E+01   5.775008E-02   5.486730E-04
   1.326246E+01   3.119414E+01   5.727122E-02   5.471240E-04
   1.327167E+01   3.117718E+01   5.680145E-02   5.455959E-04
   1.328088E+01   3.116074E+01   5.633389E-02   5.440720E-04
   1.329010E+01   3.115037E+01   5.586326E-02   5.425393E-04
   1.329932E+01   3.113986E+01   5.539551E-02   5.410124E-04
   1.330855E+01   3.113261E+01   5.493839E-02   5.395102E-04
   1.331779E+01   3.112550E+01   5.448466E-02   5.380151E-04
   1.332703E+01   3.112294E+01   5.402881E-02   5.365136E-04
   1.333628E+01   3.112171E+01   5.357424E-02   5.350139E-04
   1.334554E+01   3.112262E+01   5.312745E-02   5.335320E-04
   1.335480E+01   3.112491E+01   5.268673E-02   5.320638E-04
   1.336407E+01   3.112936E+01   5.224808E-02   5.305994E-04
   1.337335E+01   3.113658E+01   5.181133E-02   5.291384E-04
   1.338263E+01   3.114540E+01   5.137686E-02   5.276818E-04
   1.339192E+01   3.115845E+01   5.094407E-02   5.262280E-04
   1.340121E+01   3.117191E+01   5.051441E-02   5.247807E-04
   1.341052E+01   3.118892E+01   5.009039E-02   5.233460E-04
   1.341982E+01   3.120579E+01   4.966898E-02   5.219166E-04
   1.342914E+01   3.122695E+01   4.924886E-02   5.204890E-04
   1.343846E+01   3.124807E+01   4.883133E-02   5.190666E-04
   1.344779E+01   3.127266E+01   4.841925E-02   5.176563E-04
   1.345712E+01   3.129784E+01   4.801029E-02   5.162526E-04
   1.346646E+01   3.132726E+01   4.760298E-02   5.148517E-04
   1.347581E+01   3.135850E+01   4.719782E-02   5.134548E-04
   1.348516E+01   3.139171E+01   4.679448E-02   5.120613E-04
   1.349452E+01   3.142649E+01   4.639309E-02   5.106713E-04
   1.350389E+01   3.146299E+01   4.599565E-02   5.092898E-04
   1.351326E+01   3.150198E+01   4.560268E-02   5.079182E-04
   1.352264E+01   3.154243E+01   4.521184E-02   5.065507E-04
   1.353203E+01   3.158677E+01   4.482257E-02   5.051858E-04
   1.354142E+01   3.163157E+01   4.443628E-02   5.038271E-04
   1.355082E+01   3.167934E+01   4.405530E-02   5.024803E-04
   1.356022E+01   3.172717E+01   4.367670E-02   5.011383E-04
   1.356963E+01   3.178039E+01   4.329934E-02   4.997980E-04
   1.357905E+01   3.183356E+01   4.292438E-02   4.984626E-04
   1.358848E+01   3.189092E+01   4.255073E-02   4.971293E-04
   1.359791E+01   3.194872E+01   4.217937E-02   4.958004E-04
   1.360735E+01   3.201016E+01   4.180947E-02   4.944739E-04
   1.361679E+01   3.207264E+01   4.144169E-02   4.931516E-04
   1.362624E+01   3.213748E+01   4.107847E-02   4.918394E-04
   1.363570E+01   3.220355E+01   4.071873E-02   4.905346E-04
   1.364516E+01   3.227282E+01   4.035824E-02   4.892269E-04
   1.365464E+01   3.234477E+01   3.999756E-02   4.879174E-04
   1.366411E+01   3.241870E+01   3.964067E-02   4.866162E-04
   1.367360E+01   3.249522E+01   3.928795E-02   4.853242E-04
   1.368309E+01   3.257295E+01   3.893861E-02   4.840395E-04
   1.369258E+01   3.265318E+01   3.859375E-02   4.827649E-04
   1.370209E+01   3.273476E+01   3.824995E-02   4.814917E-04
   1.371160E+01   3.282100E+01   3.790415E-02   4.802124E-04
   1.372112E+01   3.290785E+01   3.756102E-02   4.789385E-04
   1.373064E+01   3.299879E+01   3.722301E-02   4.776763E-04
   1.374017E+01   3.308989E+01   3.688722E-02   4.764185E-04
   1.374971E+01   3.318487E+01   3.655260E-02   4.751625E-04
   1.375925E+01   3.327998E+01   3.622021E-02   4.739109E-04
   1.376880E+01   3.338044E+01   3.588905E-02   4.726613E-04
   1.377836E+01   3.348149E+01   3.556003E-02   4.714158E-04
   1.378792E+01   3.358662E+01   3.523233E-02   4.701725E-04
   1.379749E+01   3.369274E+01   3.490667E-02   4.689332E-04
   1.380707E+01   3.380254E+01   3.458243E-02   4.676963E-04
   1.381665E+01   3.391378E+01   3.426012E-02   4.664630E-04
   1.382624E+01   3.402889E+01   3.393931E-02   4.652324E-04
   1.383584E+01   3.414622E+01   3.362034E-02   4.640053E-04
   1.384544E+01   3.426577E+01   3.330532E-02   4.627870E-04
   1.385505E+01   3.438711E+01   3.299380E-02   4.615764E-04
   1.386467E+01   3.451201E+01   3.268192E-02   4.603638E-04
   1.387429E+01   3.464072E+01   3.236956E-02   4.591486E-04
   1.388392E+01   3.477114E+01   3.206062E-02   4.579411E-04
   1.389356E+01   3.490393E+01   3.175564E-02   4.567424E-04
   1.390320E+01   3.503900E+01   3.145110E-02   4.555437E-04
   1.391285E+01   3.517833E+01   3.114531E-02   4.543406E-04
   1.392251E+01   3.531940E+01   3.084247E-02   4.531438E-04
   1.393217E+01   3.546477E+01   3.054399E-02   4.519570E-04
   1.394184E+01   3.561167E+01   3.024666E-02   4.507719E-04
   1.395152E+01   3.576370E+01   2.994741E-02   4.495807E-04
   1.396120E+01   3.591672E+01   2.965067E-02   4.483947E-04
   1.397089E+01   3.607392E+01   2.935865E-02   4.472197E-04
   1.398059E+01   3.623196E+01   2.906867E-02   4.460487E-04
   1.399029E+01   3.639562E+01   2.877984E-02   4.448795E-04
   1.400000E+01   3.655985E+01   2.849311E-02   4.437146E-04
