#============================================================================
# Opacities computed by OpTool        <a^n>=  1.0000E-1  1.0000E-1  1.0000E-1
# Method:   DHS  fmax=  0.600
# Parameters:
#   amin [um]=      0.100 amax [um]=      0.100  na  =    1    apow=   3.5    
#   lmin [um]=      7.000 lmax [um]=     14.000  nlam= 1000    nang=   180
#   porosity =      0.000 p_mantle =      0.000  fmax= 0.60    chop=   0.0
# Composition:
#  Where   mfrac  rho   Material
#  -----   -----  ----  -----------------------------------------------------
#  core    1.000  3.27  for
#  - - -   - - -  -  -  - - - - - - - - - - - - - - - - - - - - - - - - - - -
#  grain   1.000  3.27  mixture of  1 materials
#----------------------------------------------------------------------------
# Command: ./optool for -a 0.1 -dhs 0.6 -l 7 14 1000
#============================================================================
# Standard output file, no scattering matrix
#    iformat
#    nlambda
#    lambda[um]  kabs [cm^2/g]  ksca [cm^2/g]    g_asymmetry
#============================================================================
           3
        1000
   7.000000E+00   6.238377E+00   2.899172E-01   2.507726E-03
   7.004859E+00   6.258589E+00   2.885469E-01   2.503799E-03
   7.009721E+00   6.278866E+00   2.871826E-01   2.499877E-03
   7.014586E+00   6.299209E+00   2.858242E-01   2.495962E-03
   7.019455E+00   6.319616E+00   2.844718E-01   2.492053E-03
   7.024327E+00   6.340083E+00   2.831496E-01   2.488169E-03
   7.029202E+00   6.360615E+00   2.818360E-01   2.484294E-03
   7.034081E+00   6.381213E+00   2.805282E-01   2.480425E-03
   7.038963E+00   6.401877E+00   2.792260E-01   2.476562E-03
   7.043849E+00   6.422779E+00   2.779047E-01   2.472685E-03
   7.048738E+00   6.443796E+00   2.765826E-01   2.468810E-03
   7.053630E+00   6.464881E+00   2.752663E-01   2.464941E-03
   7.058526E+00   6.486034E+00   2.739559E-01   2.461078E-03
   7.063425E+00   6.507404E+00   2.726294E-01   2.457204E-03
   7.068328E+00   6.528909E+00   2.712995E-01   2.453329E-03
   7.073234E+00   6.550483E+00   2.699755E-01   2.449460E-03
   7.078143E+00   6.572129E+00   2.686575E-01   2.445597E-03
   7.083056E+00   6.593969E+00   2.673617E-01   2.441754E-03
   7.087972E+00   6.615958E+00   2.660816E-01   2.437925E-03
   7.092892E+00   6.638019E+00   2.648070E-01   2.434102E-03
   7.097815E+00   6.660154E+00   2.635382E-01   2.430285E-03
   7.102741E+00   6.682407E+00   2.622580E-01   2.426460E-03
   7.107671E+00   6.704771E+00   2.609701E-01   2.422631E-03
   7.112605E+00   6.727209E+00   2.596880E-01   2.418808E-03
   7.117541E+00   6.749722E+00   2.584117E-01   2.414991E-03
   7.122481E+00   6.772402E+00   2.571540E-01   2.411191E-03
   7.127425E+00   6.795249E+00   2.559146E-01   2.407407E-03
   7.132372E+00   6.818173E+00   2.546808E-01   2.403629E-03
   7.137322E+00   6.841174E+00   2.534524E-01   2.399858E-03
   7.142276E+00   6.864337E+00   2.522158E-01   2.396081E-03
   7.147234E+00   6.887677E+00   2.509688E-01   2.392297E-03
   7.152194E+00   6.911097E+00   2.497274E-01   2.388520E-03
   7.157159E+00   6.934595E+00   2.484917E-01   2.384748E-03
   7.162126E+00   6.958299E+00   2.472490E-01   2.380972E-03
   7.167097E+00   6.982251E+00   2.459951E-01   2.377189E-03
   7.172072E+00   7.006285E+00   2.447471E-01   2.373411E-03
   7.177050E+00   7.030401E+00   2.435048E-01   2.369640E-03
   7.182031E+00   7.054616E+00   2.422783E-01   2.365883E-03
   7.187016E+00   7.078938E+00   2.410718E-01   2.362145E-03
   7.192005E+00   7.103343E+00   2.398709E-01   2.358412E-03
   7.196997E+00   7.127831E+00   2.386755E-01   2.354686E-03
   7.201992E+00   7.152515E+00   2.374740E-01   2.350956E-03
   7.206991E+00   7.177452E+00   2.362608E-01   2.347217E-03
   7.211993E+00   7.202475E+00   2.350533E-01   2.343485E-03
   7.216999E+00   7.227585E+00   2.338514E-01   2.339759E-03
   7.222008E+00   7.252863E+00   2.326541E-01   2.336038E-03
   7.227020E+00   7.278352E+00   2.314611E-01   2.332322E-03
   7.232037E+00   7.303930E+00   2.302736E-01   2.328612E-03
   7.237056E+00   7.329597E+00   2.290916E-01   2.324908E-03
   7.242079E+00   7.355433E+00   2.279142E-01   2.321209E-03
   7.247106E+00   7.381475E+00   2.267410E-01   2.317516E-03
   7.252136E+00   7.407608E+00   2.255733E-01   2.313828E-03
   7.257170E+00   7.433833E+00   2.244110E-01   2.310147E-03
   7.262207E+00   7.460230E+00   2.232532E-01   2.306470E-03
   7.267247E+00   7.486826E+00   2.220996E-01   2.302799E-03
   7.272291E+00   7.513515E+00   2.209513E-01   2.299133E-03
   7.277339E+00   7.540299E+00   2.198085E-01   2.295474E-03
   7.282390E+00   7.567294E+00   2.186580E-01   2.291809E-03
   7.287444E+00   7.594515E+00   2.174985E-01   2.288138E-03
   7.292503E+00   7.621833E+00   2.163445E-01   2.284473E-03
   7.297564E+00   7.649248E+00   2.151961E-01   2.280814E-03
   7.302629E+00   7.676871E+00   2.140649E-01   2.277171E-03
   7.307698E+00   7.704694E+00   2.129500E-01   2.273544E-03
   7.312770E+00   7.732618E+00   2.118403E-01   2.269922E-03
   7.317846E+00   7.760641E+00   2.107358E-01   2.266307E-03
   7.322925E+00   7.788896E+00   2.096212E-01   2.262684E-03
   7.328008E+00   7.817350E+00   2.085005E-01   2.259057E-03
   7.333094E+00   7.845907E+00   2.073852E-01   2.255436E-03
   7.338184E+00   7.874567E+00   2.062752E-01   2.251821E-03
   7.343277E+00   7.903547E+00   2.051535E-01   2.248196E-03
   7.348374E+00   7.932752E+00   2.040278E-01   2.244569E-03
   7.353474E+00   7.962064E+00   2.029076E-01   2.240948E-03
   7.358578E+00   7.991483E+00   2.017930E-01   2.237334E-03
   7.363685E+00   8.021136E+00   2.006994E-01   2.233739E-03
   7.368796E+00   8.050947E+00   1.996172E-01   2.230156E-03
   7.373911E+00   8.080867E+00   1.985402E-01   2.226579E-03
   7.379029E+00   8.110898E+00   1.974684E-01   2.223007E-03
   7.384151E+00   8.141293E+00   1.963808E-01   2.219423E-03
   7.389276E+00   8.171862E+00   1.952937E-01   2.215840E-03
   7.394405E+00   8.202543E+00   1.942119E-01   2.212263E-03
   7.399537E+00   8.233339E+00   1.931355E-01   2.208692E-03
   7.404673E+00   8.264560E+00   1.920623E-01   2.205125E-03
   7.409812E+00   8.295929E+00   1.909943E-01   2.201563E-03
   7.414955E+00   8.327416E+00   1.899315E-01   2.198008E-03
   7.420102E+00   8.359023E+00   1.888739E-01   2.194459E-03
   7.425252E+00   8.390843E+00   1.878194E-01   2.190914E-03
   7.430406E+00   8.422783E+00   1.867701E-01   2.187374E-03
   7.435563E+00   8.454843E+00   1.857261E-01   2.183841E-03
   7.440724E+00   8.487096E+00   1.846837E-01   2.180310E-03
   7.445888E+00   8.519913E+00   1.836249E-01   2.176765E-03
   7.451057E+00   8.552856E+00   1.825716E-01   2.173225E-03
   7.456228E+00   8.585925E+00   1.815235E-01   2.169692E-03
   7.461403E+00   8.619170E+00   1.804802E-01   2.166164E-03
   7.466582E+00   8.652678E+00   1.794405E-01   2.162641E-03
   7.471765E+00   8.686315E+00   1.784061E-01   2.159124E-03
   7.476951E+00   8.720081E+00   1.773769E-01   2.155612E-03
   7.482140E+00   8.754096E+00   1.763520E-01   2.152106E-03
   7.487334E+00   8.788413E+00   1.753310E-01   2.148604E-03
   7.492530E+00   8.822864E+00   1.743152E-01   2.145108E-03
   7.497731E+00   8.857448E+00   1.733047E-01   2.141618E-03
   7.502935E+00   8.892386E+00   1.722980E-01   2.138133E-03
   7.508142E+00   8.927632E+00   1.712954E-01   2.134653E-03
   7.513354E+00   8.963017E+00   1.702980E-01   2.131178E-03
   7.518569E+00   8.998540E+00   1.693058E-01   2.127710E-03
   7.523787E+00   9.034451E+00   1.683012E-01   2.124230E-03
   7.529009E+00   9.070598E+00   1.672954E-01   2.120751E-03
   7.534235E+00   9.106888E+00   1.662948E-01   2.117277E-03
   7.539464E+00   9.143322E+00   1.652994E-01   2.113809E-03
   7.544697E+00   9.180119E+00   1.643072E-01   2.110345E-03
   7.549934E+00   9.217087E+00   1.633199E-01   2.106886E-03
   7.555174E+00   9.254202E+00   1.623379E-01   2.103434E-03
   7.560418E+00   9.291509E+00   1.613591E-01   2.099985E-03
   7.565666E+00   9.329472E+00   1.603639E-01   2.096522E-03
   7.570917E+00   9.367589E+00   1.593741E-01   2.093064E-03
   7.576172E+00   9.405859E+00   1.583895E-01   2.089612E-03
   7.581430E+00   9.444347E+00   1.574153E-01   2.086171E-03
   7.586692E+00   9.483164E+00   1.564597E-01   2.082750E-03
   7.591958E+00   9.522138E+00   1.555092E-01   2.079334E-03
   7.597228E+00   9.561270E+00   1.545637E-01   2.075924E-03
   7.602501E+00   9.600751E+00   1.536123E-01   2.072510E-03
   7.607777E+00   9.640604E+00   1.526541E-01   2.069089E-03
   7.613058E+00   9.680620E+00   1.517011E-01   2.065673E-03
   7.618342E+00   9.720800E+00   1.507533E-01   2.062264E-03
   7.623630E+00   9.761425E+00   1.498089E-01   2.058859E-03
   7.628921E+00   9.802346E+00   1.488690E-01   2.055460E-03
   7.634216E+00   9.843437E+00   1.479341E-01   2.052066E-03
   7.639515E+00   9.884698E+00   1.470044E-01   2.048678E-03
   7.644817E+00   9.926675E+00   1.460594E-01   2.045275E-03
   7.650124E+00   9.968883E+00   1.451176E-01   2.041876E-03
   7.655433E+00   1.001127E+01   1.441811E-01   2.038483E-03
   7.660747E+00   1.005387E+01   1.432494E-01   2.035096E-03
   7.666064E+00   1.009686E+01   1.423208E-01   2.031712E-03
   7.671385E+00   1.014003E+01   1.413973E-01   2.028334E-03
   7.676710E+00   1.018338E+01   1.404791E-01   2.024962E-03
   7.682038E+00   1.022710E+01   1.395650E-01   2.021596E-03
   7.687370E+00   1.027129E+01   1.386546E-01   2.018233E-03
   7.692705E+00   1.031566E+01   1.377492E-01   2.014877E-03
   7.698045E+00   1.036023E+01   1.368490E-01   2.011526E-03
   7.703388E+00   1.040533E+01   1.359401E-01   2.008167E-03
   7.708735E+00   1.045082E+01   1.350285E-01   2.004805E-03
   7.714085E+00   1.049651E+01   1.341221E-01   2.001449E-03
   7.719439E+00   1.054240E+01   1.332209E-01   1.998100E-03
   7.724797E+00   1.058896E+01   1.323227E-01   1.994754E-03
   7.730159E+00   1.063579E+01   1.314294E-01   1.991413E-03
   7.735524E+00   1.068282E+01   1.305412E-01   1.988079E-03
   7.740893E+00   1.073012E+01   1.296577E-01   1.984750E-03
   7.746266E+00   1.077795E+01   1.287773E-01   1.981424E-03
   7.751643E+00   1.082600E+01   1.279020E-01   1.978105E-03
   7.757023E+00   1.087425E+01   1.270317E-01   1.974792E-03
   7.762407E+00   1.092299E+01   1.261572E-01   1.971474E-03
   7.767795E+00   1.097226E+01   1.252763E-01   1.968150E-03
   7.773186E+00   1.102176E+01   1.244006E-01   1.964831E-03
   7.778581E+00   1.107148E+01   1.235301E-01   1.961519E-03
   7.783980E+00   1.112176E+01   1.226629E-01   1.958211E-03
   7.789383E+00   1.117239E+01   1.218002E-01   1.954907E-03
   7.794790E+00   1.122324E+01   1.209425E-01   1.951610E-03
   7.800200E+00   1.127435E+01   1.200893E-01   1.948318E-03
   7.805614E+00   1.132645E+01   1.192215E-01   1.945010E-03
   7.811032E+00   1.137878E+01   1.183591E-01   1.941708E-03
   7.816453E+00   1.143135E+01   1.175018E-01   1.938412E-03
   7.821878E+00   1.148434E+01   1.166489E-01   1.935121E-03
   7.827307E+00   1.153791E+01   1.157995E-01   1.931834E-03
   7.832740E+00   1.159173E+01   1.149553E-01   1.928553E-03
   7.838177E+00   1.164580E+01   1.141162E-01   1.925278E-03
   7.843617E+00   1.170044E+01   1.132805E-01   1.922007E-03
   7.849061E+00   1.175550E+01   1.124492E-01   1.918742E-03
   7.854509E+00   1.181082E+01   1.116229E-01   1.915482E-03
   7.859961E+00   1.186639E+01   1.108017E-01   1.912228E-03
   7.865416E+00   1.192304E+01   1.099662E-01   1.908958E-03
   7.870875E+00   1.197995E+01   1.091358E-01   1.905693E-03
   7.876338E+00   1.203713E+01   1.083105E-01   1.902435E-03
   7.881805E+00   1.209476E+01   1.074896E-01   1.899181E-03
   7.887276E+00   1.215303E+01   1.066722E-01   1.895932E-03
   7.892750E+00   1.221158E+01   1.058599E-01   1.892688E-03
   7.898228E+00   1.227040E+01   1.050527E-01   1.889451E-03
   7.903710E+00   1.233010E+01   1.042376E-01   1.886204E-03
   7.909196E+00   1.239036E+01   1.034217E-01   1.882956E-03
   7.914686E+00   1.245091E+01   1.026110E-01   1.879714E-03
   7.920179E+00   1.251177E+01   1.018054E-01   1.876478E-03
   7.925677E+00   1.257350E+01   1.010026E-01   1.873246E-03
   7.931178E+00   1.263553E+01   1.002049E-01   1.870019E-03
   7.936683E+00   1.269786E+01   9.941240E-02   1.866798E-03
   7.942191E+00   1.276085E+01   9.861762E-02   1.863574E-03
   7.947704E+00   1.282472E+01   9.781689E-02   1.860343E-03
   7.953220E+00   1.288889E+01   9.702144E-02   1.857118E-03
   7.958740E+00   1.295338E+01   9.623126E-02   1.853899E-03
   7.964264E+00   1.301877E+01   9.544430E-02   1.850684E-03
   7.969792E+00   1.308466E+01   9.466197E-02   1.847473E-03
   7.975324E+00   1.315088E+01   9.388486E-02   1.844269E-03
   7.980859E+00   1.321754E+01   9.311252E-02   1.841071E-03
   7.986399E+00   1.328513E+01   9.234317E-02   1.837876E-03
   7.991942E+00   1.335306E+01   9.157898E-02   1.834687E-03
   7.997489E+00   1.342133E+01   9.081991E-02   1.831504E-03
   8.003040E+00   1.349051E+01   9.005616E-02   1.828315E-03
   8.008595E+00   1.356052E+01   8.928959E-02   1.825121E-03
   8.014153E+00   1.363088E+01   8.852826E-02   1.821934E-03
   8.019716E+00   1.370161E+01   8.777215E-02   1.818753E-03
   8.025282E+00   1.377352E+01   8.700452E-02   1.815557E-03
   8.030852E+00   1.384584E+01   8.624137E-02   1.812366E-03
   8.036426E+00   1.391854E+01   8.548356E-02   1.809181E-03
   8.042004E+00   1.399200E+01   8.473011E-02   1.806001E-03
   8.047586E+00   1.406651E+01   8.398026E-02   1.802825E-03
   8.053172E+00   1.414140E+01   8.323570E-02   1.799655E-03
   8.058761E+00   1.421670E+01   8.249639E-02   1.796491E-03
   8.064355E+00   1.429317E+01   8.174897E-02   1.793316E-03
   8.069952E+00   1.437027E+01   8.100314E-02   1.790142E-03
   8.075553E+00   1.444779E+01   8.026269E-02   1.786974E-03
   8.081158E+00   1.452590E+01   7.952704E-02   1.783812E-03
   8.086767E+00   1.460518E+01   7.879460E-02   1.780654E-03
   8.092380E+00   1.468489E+01   7.806747E-02   1.777501E-03
   8.097997E+00   1.476503E+01   7.734564E-02   1.774355E-03
   8.103618E+00   1.484641E+01   7.661835E-02   1.771200E-03
   8.109242E+00   1.492868E+01   7.589052E-02   1.768044E-03
   8.114871E+00   1.501140E+01   7.516811E-02   1.764894E-03
   8.120503E+00   1.509468E+01   7.444960E-02   1.761748E-03
   8.126140E+00   1.517952E+01   7.372151E-02   1.758588E-03
   8.131780E+00   1.526482E+01   7.299896E-02   1.755434E-03
   8.137424E+00   1.535059E+01   7.228191E-02   1.752287E-03
   8.143072E+00   1.543751E+01   7.156884E-02   1.749144E-03
   8.148724E+00   1.552548E+01   7.085997E-02   1.746005E-03
   8.154380E+00   1.561394E+01   7.015655E-02   1.742873E-03
   8.160040E+00   1.570290E+01   6.945852E-02   1.739747E-03
   8.165703E+00   1.579339E+01   6.876318E-02   1.736624E-03
   8.171371E+00   1.588440E+01   6.807323E-02   1.733507E-03
   8.177043E+00   1.597593E+01   6.738863E-02   1.730396E-03
   8.182718E+00   1.606876E+01   6.669559E-02   1.727272E-03
   8.188398E+00   1.616298E+01   6.599316E-02   1.724133E-03
   8.194081E+00   1.625774E+01   6.529639E-02   1.721000E-03
   8.199768E+00   1.635306E+01   6.460524E-02   1.717874E-03
   8.205460E+00   1.645023E+01   6.391697E-02   1.714750E-03
   8.211155E+00   1.654804E+01   6.323417E-02   1.711633E-03
   8.216854E+00   1.664641E+01   6.255694E-02   1.708522E-03
   8.222557E+00   1.674607E+01   6.187836E-02   1.705408E-03
   8.228264E+00   1.684718E+01   6.119699E-02   1.702287E-03
   8.233976E+00   1.694889E+01   6.052130E-02   1.699173E-03
   8.239691E+00   1.705120E+01   5.985126E-02   1.696066E-03
   8.245410E+00   1.715549E+01   5.918415E-02   1.692961E-03
   8.251133E+00   1.726048E+01   5.852250E-02   1.689862E-03
   8.256860E+00   1.736610E+01   5.786642E-02   1.686770E-03
   8.262590E+00   1.747315E+01   5.720921E-02   1.683674E-03
   8.268325E+00   1.758182E+01   5.654955E-02   1.680572E-03
   8.274064E+00   1.769116E+01   5.589558E-02   1.677477E-03
   8.279807E+00   1.780116E+01   5.524728E-02   1.674388E-03
   8.285554E+00   1.791368E+01   5.459055E-02   1.671284E-03
   8.291305E+00   1.802696E+01   5.393915E-02   1.668186E-03
   8.297060E+00   1.814094E+01   5.329352E-02   1.665095E-03
   8.302819E+00   1.825651E+01   5.264660E-02   1.661999E-03
   8.308581E+00   1.837373E+01   5.199820E-02   1.658898E-03
   8.314348E+00   1.849168E+01   5.135570E-02   1.655805E-03
   8.320119E+00   1.861043E+01   5.071876E-02   1.652717E-03
   8.325894E+00   1.873206E+01   5.007382E-02   1.649614E-03
   8.331673E+00   1.885447E+01   4.943489E-02   1.646518E-03
   8.337456E+00   1.897767E+01   4.880194E-02   1.643428E-03
   8.343242E+00   1.910270E+01   4.817327E-02   1.640342E-03
   8.349033E+00   1.922937E+01   4.754922E-02   1.637262E-03
   8.354828E+00   1.935686E+01   4.693108E-02   1.634187E-03
   8.360627E+00   1.948543E+01   4.631731E-02   1.631117E-03
   8.366430E+00   1.961689E+01   4.569730E-02   1.628034E-03
   8.372237E+00   1.974922E+01   4.508331E-02   1.624958E-03
   8.378048E+00   1.988243E+01   4.447530E-02   1.621888E-03
   8.383863E+00   2.001812E+01   4.386432E-02   1.618810E-03
   8.389682E+00   2.015552E+01   4.325493E-02   1.615732E-03
   8.395505E+00   2.029385E+01   4.265164E-02   1.612660E-03
   8.401333E+00   2.043376E+01   4.204903E-02   1.609586E-03
   8.407164E+00   2.057679E+01   4.143459E-02   1.606488E-03
   8.412999E+00   2.072081E+01   4.082653E-02   1.603397E-03
   8.418838E+00   2.086582E+01   4.022483E-02   1.600313E-03
   8.424682E+00   2.101372E+01   3.962696E-02   1.597232E-03
   8.430529E+00   2.116314E+01   3.903479E-02   1.594157E-03
   8.436381E+00   2.131359E+01   3.844889E-02   1.591088E-03
   8.442236E+00   2.146625E+01   3.786436E-02   1.588019E-03
   8.448096E+00   2.162186E+01   3.727831E-02   1.584942E-03
   8.453959E+00   2.177858E+01   3.669864E-02   1.581872E-03
   8.459827E+00   2.193642E+01   3.612531E-02   1.578809E-03
   8.465699E+00   2.209825E+01   3.554622E-02   1.575731E-03
   8.471575E+00   2.226134E+01   3.497326E-02   1.572660E-03
   8.477455E+00   2.242562E+01   3.440675E-02   1.569596E-03
   8.483339E+00   2.259300E+01   3.383971E-02   1.566526E-03
   8.489227E+00   2.276307E+01   3.327393E-02   1.563453E-03
   8.495119E+00   2.293440E+01   3.271471E-02   1.560388E-03
   8.501016E+00   2.310762E+01   3.215838E-02   1.557323E-03
   8.506916E+00   2.328513E+01   3.159144E-02   1.554232E-03
   8.512820E+00   2.346398E+01   3.103136E-02   1.551149E-03
   8.518729E+00   2.364418E+01   3.047809E-02   1.548073E-03
   8.524642E+00   2.382852E+01   2.992910E-02   1.544999E-03
   8.530559E+00   2.401504E+01   2.938620E-02   1.541932E-03
   8.536479E+00   2.420300E+01   2.885001E-02   1.538872E-03
   8.542404E+00   2.439412E+01   2.831246E-02   1.535803E-03
   8.548334E+00   2.458927E+01   2.777006E-02   1.532718E-03
   8.554267E+00   2.478595E+01   2.723469E-02   1.529641E-03
   8.560204E+00   2.498431E+01   2.670590E-02   1.526570E-03
   8.566146E+00   2.518833E+01   2.617324E-02   1.523484E-03
   8.572091E+00   2.539398E+01   2.564771E-02   1.520406E-03
   8.578041E+00   2.560128E+01   2.512925E-02   1.517336E-03
   8.583995E+00   2.581345E+01   2.460524E-02   1.514247E-03
   8.589953E+00   2.602894E+01   2.408242E-02   1.511152E-03
   8.595915E+00   2.624619E+01   2.356697E-02   1.508065E-03
   8.601881E+00   2.646682E+01   2.305545E-02   1.504978E-03
   8.607852E+00   2.669276E+01   2.254398E-02   1.501883E-03
   8.613826E+00   2.692060E+01   2.204000E-02   1.498796E-03
   8.619805E+00   2.715035E+01   2.154344E-02   1.495717E-03
   8.625788E+00   2.738717E+01   2.104419E-02   1.492622E-03
   8.631775E+00   2.762620E+01   2.055218E-02   1.489536E-03
   8.637766E+00   2.786728E+01   2.006769E-02   1.486457E-03
   8.643761E+00   2.811422E+01   1.957995E-02   1.483360E-03
   8.649761E+00   2.836558E+01   1.909366E-02   1.480257E-03
   8.655764E+00   2.861915E+01   1.861519E-02   1.477163E-03
   8.661772E+00   2.887689E+01   1.813957E-02   1.474064E-03
   8.667784E+00   2.914159E+01   1.766027E-02   1.470945E-03
   8.673800E+00   2.940868E+01   1.718910E-02   1.467835E-03
   8.679821E+00   2.967817E+01   1.672598E-02   1.464733E-03
   8.685845E+00   2.995660E+01   1.626159E-02   1.461616E-03
   8.691874E+00   3.023780E+01   1.580514E-02   1.458506E-03
   8.697907E+00   3.052160E+01   1.535684E-02   1.455405E-03
   8.703944E+00   3.081304E+01   1.490663E-02   1.452286E-03
   8.709985E+00   3.110991E+01   1.445956E-02   1.449162E-03
   8.716030E+00   3.140959E+01   1.402096E-02   1.446046E-03
   8.722080E+00   3.171501E+01   1.358565E-02   1.442925E-03
   8.728134E+00   3.202894E+01   1.314931E-02   1.439786E-03
   8.734192E+00   3.234592E+01   1.272174E-02   1.436655E-03
   8.740254E+00   3.266637E+01   1.230226E-02   1.433533E-03
   8.746321E+00   3.299863E+01   1.187803E-02   1.430379E-03
   8.752391E+00   3.333421E+01   1.146288E-02   1.427234E-03
   8.758466E+00   3.367315E+01   1.105671E-02   1.424099E-03
   8.764545E+00   3.402309E+01   1.064944E-02   1.420942E-03
   8.770629E+00   3.437919E+01   1.024811E-02   1.417784E-03
   8.776716E+00   3.473897E+01   9.856075E-03   1.414635E-03
   8.782808E+00   3.510748E+01   9.467351E-03   1.411476E-03
   8.788904E+00   3.548578E+01   9.081277E-03   1.408304E-03
   8.795004E+00   3.586810E+01   8.704808E-03   1.405142E-03
   8.801109E+00   3.625666E+01   8.335637E-03   1.401982E-03
   8.807217E+00   3.665933E+01   7.966289E-03   1.398797E-03
   8.813330E+00   3.706640E+01   7.606854E-03   1.395622E-03
   8.819447E+00   3.747793E+01   7.257227E-03   1.392457E-03
   8.825569E+00   3.790676E+01   6.903398E-03   1.389248E-03
   8.831694E+00   3.834171E+01   6.558605E-03   1.386045E-03
   8.837824E+00   3.878158E+01   6.224153E-03   1.382852E-03
   8.843959E+00   3.923630E+01   5.890690E-03   1.379632E-03
   8.850097E+00   3.970177E+01   5.562994E-03   1.376401E-03
   8.856240E+00   4.017268E+01   5.246180E-03   1.373180E-03
   8.862387E+00   4.065570E+01   4.934968E-03   1.369948E-03
   8.868538E+00   4.115498E+01   4.626903E-03   1.366690E-03
   8.874693E+00   4.166030E+01   4.330269E-03   1.363443E-03
   8.880853E+00   4.217432E+01   4.043683E-03   1.360201E-03
   8.887017E+00   4.271090E+01   3.760874E-03   1.356931E-03
   8.893185E+00   4.325422E+01   3.489806E-03   1.353674E-03
   8.899358E+00   4.380437E+01   3.230340E-03   1.350427E-03
   8.905535E+00   4.438148E+01   2.970522E-03   1.347124E-03
   8.911716E+00   4.496846E+01   2.721820E-03   1.343825E-03
   8.917902E+00   4.556311E+01   2.485516E-03   1.340538E-03
   8.924091E+00   4.618195E+01   2.255320E-03   1.337223E-03
   8.930285E+00   4.681764E+01   2.034918E-03   1.333899E-03
   8.936484E+00   4.746198E+01   1.827471E-03   1.330587E-03
   8.942686E+00   4.812729E+01   1.627669E-03   1.327248E-03
   8.948893E+00   4.881803E+01   1.434903E-03   1.323869E-03
   8.955105E+00   4.951857E+01   1.256177E-03   1.320503E-03
   8.961320E+00   5.023579E+01   1.089918E-03   1.317137E-03
   8.967540E+00   5.098863E+01   9.328661E-04   1.313734E-03
   8.973764E+00   5.175263E+01   7.904263E-04   1.310345E-03
   8.979993E+00   5.252797E+01   6.623999E-04   1.306970E-03
   8.986226E+00   5.335447E+01   5.421250E-04   1.303514E-03
   8.992463E+00   5.419390E+01   4.375856E-04   1.300072E-03
   8.998704E+00   5.504641E+01   3.485679E-04   1.296645E-03
   9.004950E+00   5.594665E+01   2.722452E-04   1.293168E-03
   9.011200E+00   5.687065E+01   2.116941E-04   1.289690E-03
   9.017455E+00   5.780979E+01   1.675147E-04   1.286226E-03
   9.023714E+00   5.879522E+01   1.386134E-04   1.282709E-03
   9.029977E+00   5.981889E+01   1.268427E-04   1.279161E-03
   9.036244E+00   6.086025E+01   1.329804E-04   1.275628E-03
   9.042516E+00   6.194536E+01   1.575797E-04   1.272068E-03
   9.048793E+00   6.308883E+01   2.023561E-04   1.268459E-03
   9.055073E+00   6.425328E+01   2.664435E-04   1.264868E-03
   9.061358E+00   6.545508E+01   3.509316E-04   1.261266E-03
   9.067647E+00   6.673834E+01   4.608449E-04   1.257584E-03
   9.073941E+00   6.804664E+01   5.918276E-04   1.253920E-03
   9.080239E+00   6.938401E+01   7.439865E-04   1.250269E-03
   9.086542E+00   7.083897E+01   9.298209E-04   1.246502E-03
   9.092848E+00   7.232433E+01   1.138811E-03   1.242755E-03
   9.099160E+00   7.384074E+01   1.370548E-03   1.239027E-03
   9.105475E+00   7.548866E+01   1.643037E-03   1.235185E-03
   9.111795E+00   7.718895E+01   1.943741E-03   1.231343E-03
   9.118119E+00   7.892748E+01   2.269607E-03   1.227523E-03
   9.124448E+00   8.080916E+01   2.642234E-03   1.223600E-03
   9.130781E+00   8.278076E+01   3.052200E-03   1.219647E-03
   9.137119E+00   8.480046E+01   3.490281E-03   1.215719E-03
   9.143461E+00   8.697237E+01   3.980715E-03   1.211701E-03
   9.149807E+00   8.928795E+01   4.523033E-03   1.207617E-03
   9.156158E+00   9.166526E+01   5.097186E-03   1.203559E-03
   9.162513E+00   9.420559E+01   5.727985E-03   1.199432E-03
   9.168872E+00   9.697327E+01   6.433025E-03   1.195190E-03
   9.175236E+00   9.982250E+01   7.174630E-03   1.190977E-03
   9.181605E+00   1.028419E+02   7.975016E-03   1.186721E-03
   9.187977E+00   1.062170E+02   8.884190E-03   1.182287E-03
   9.194355E+00   1.097034E+02   9.836129E-03   1.177886E-03
   9.200736E+00   1.133608E+02   1.084501E-02   1.173478E-03
   9.207122E+00   1.175849E+02   1.201747E-02   1.168803E-03
   9.213513E+00   1.219673E+02   1.324118E-02   1.164167E-03
   9.219908E+00   1.265142E+02   1.451492E-02   1.159567E-03
   9.226307E+00   1.319723E+02   1.603353E-02   1.154593E-03
   9.232711E+00   1.376790E+02   1.761820E-02   1.149658E-03
   9.239119E+00   1.436344E+02   1.926461E-02   1.144766E-03
   9.245532E+00   1.508783E+02   2.122785E-02   1.139459E-03
   9.251949E+00   1.586634E+02   2.331196E-02   1.134131E-03
   9.258371E+00   1.668537E+02   2.547563E-02   1.128857E-03
   9.264797E+00   1.770125E+02   2.806298E-02   1.123108E-03
   9.271227E+00   1.883546E+02   3.087516E-02   1.117246E-03
   9.277662E+00   2.004298E+02   3.379682E-02   1.111451E-03
   9.284102E+00   2.158084E+02   3.729832E-02   1.105117E-03
   9.290546E+00   2.339398E+02   4.122550E-02   1.098524E-03
   9.296994E+00   2.536056E+02   4.531901E-02   1.092019E-03
   9.303447E+00   2.793295E+02   5.016977E-02   1.084987E-03
   9.309904E+00   3.119601E+02   5.579234E-02   1.077532E-03
   9.316366E+00   3.484125E+02   6.170844E-02   1.070195E-03
   9.322832E+00   3.944570E+02   6.814196E-02   1.062879E-03
   9.329303E+00   4.544198E+02   7.528335E-02   1.055564E-03
   9.335779E+00   5.234181E+02   8.298316E-02   1.048371E-03
   9.342258E+00   5.990085E+02   9.025806E-02   1.042169E-03
   9.348743E+00   6.773686E+02   9.612714E-02   1.037668E-03
   9.355231E+00   7.656591E+02   1.026892E-01   1.033234E-03
   9.361725E+00   8.551989E+02   1.089387E-01   1.029501E-03
   9.368223E+00   9.252408E+02   1.125997E-01   1.027534E-03
   9.374725E+00   1.000644E+03   1.167717E-01   1.025601E-03
   9.381232E+00   1.076293E+03   1.210124E-01   1.023893E-03
   9.387743E+00   1.132660E+03   1.234720E-01   1.022989E-03
   9.394259E+00   1.191686E+03   1.262724E-01   1.022104E-03
   9.400779E+00   1.251285E+03   1.292561E-01   1.021282E-03
   9.407304E+00   1.297011E+03   1.311365E-01   1.020764E-03
   9.413834E+00   1.344205E+03   1.332560E-01   1.020255E-03
   9.420368E+00   1.392230E+03   1.355741E-01   1.019761E-03
   9.426906E+00   1.430324E+03   1.371538E-01   1.019366E-03
   9.433449E+00   1.469328E+03   1.389117E-01   1.018973E-03
   9.439997E+00   1.509261E+03   1.408570E-01   1.018581E-03
   9.446549E+00   1.541789E+03   1.422662E-01   1.018198E-03
   9.453105E+00   1.574937E+03   1.438139E-01   1.017811E-03
   9.459667E+00   1.608721E+03   1.455064E-01   1.017420E-03
   9.466233E+00   1.637424E+03   1.468423E-01   1.017000E-03
   9.472803E+00   1.666288E+03   1.482644E-01   1.016571E-03
   9.479378E+00   1.695624E+03   1.498030E-01   1.016135E-03
   9.485957E+00   1.721287E+03   1.510863E-01   1.015656E-03
   9.492541E+00   1.746885E+03   1.524251E-01   1.015165E-03
   9.499130E+00   1.772855E+03   1.538601E-01   1.014665E-03
   9.505723E+00   1.796100E+03   1.551096E-01   1.014117E-03
   9.512321E+00   1.819178E+03   1.563964E-01   1.013554E-03
   9.518923E+00   1.842562E+03   1.577646E-01   1.012980E-03
   9.525530E+00   1.863841E+03   1.589878E-01   1.012362E-03
   9.532141E+00   1.884908E+03   1.602362E-01   1.011726E-03
   9.538758E+00   1.906235E+03   1.615546E-01   1.011080E-03
   9.545378E+00   1.925884E+03   1.627574E-01   1.010391E-03
   9.552004E+00   1.945308E+03   1.639778E-01   1.009683E-03
   9.558633E+00   1.964958E+03   1.652591E-01   1.008965E-03
   9.565268E+00   1.983251E+03   1.664474E-01   1.008205E-03
   9.571907E+00   2.001331E+03   1.676490E-01   1.007428E-03
   9.578551E+00   2.019610E+03   1.689044E-01   1.006639E-03
   9.585199E+00   2.036740E+03   1.700782E-01   1.005814E-03
   9.591852E+00   2.053670E+03   1.712617E-01   1.004971E-03
   9.598509E+00   2.070780E+03   1.724928E-01   1.004118E-03
   9.605172E+00   2.086919E+03   1.736559E-01   1.003229E-03
   9.611838E+00   2.102887E+03   1.748280E-01   1.002323E-03
   9.618510E+00   2.119017E+03   1.760427E-01   1.001406E-03
   9.625186E+00   2.134280E+03   1.771938E-01   1.000457E-03
   9.631866E+00   2.149393E+03   1.783524E-01   9.994929E-04
   9.638552E+00   2.164653E+03   1.795492E-01   9.985185E-04
   9.645242E+00   2.179139E+03   1.806890E-01   9.975122E-04
   9.651936E+00   2.193502E+03   1.818367E-01   9.964908E-04
   9.658635E+00   2.208000E+03   1.830188E-01   9.954601E-04
   9.665339E+00   2.221782E+03   1.841478E-01   9.943978E-04
   9.672048E+00   2.235469E+03   1.852852E-01   9.933213E-04
   9.678761E+00   2.249279E+03   1.864536E-01   9.922361E-04
   9.685479E+00   2.262422E+03   1.875702E-01   9.911216E-04
   9.692201E+00   2.275498E+03   1.886959E-01   9.899944E-04
   9.698929E+00   2.288685E+03   1.898495E-01   9.888593E-04
   9.705660E+00   2.301213E+03   1.909512E-01   9.876930E-04
   9.712397E+00   2.313695E+03   1.920627E-01   9.865151E-04
   9.719138E+00   2.326278E+03   1.931992E-01   9.853299E-04
   9.725884E+00   2.338233E+03   1.942870E-01   9.841120E-04
   9.732635E+00   2.350172E+03   1.953863E-01   9.828838E-04
   9.739390E+00   2.362204E+03   1.965081E-01   9.816491E-04
   9.746150E+00   2.373589E+03   1.975783E-01   9.803802E-04
   9.752914E+00   2.384983E+03   1.986609E-01   9.791027E-04
   9.759684E+00   2.396461E+03   1.997634E-01   9.778195E-04
   9.766458E+00   2.407271E+03   2.008128E-01   9.764985E-04
   9.773237E+00   2.418117E+03   2.018760E-01   9.751711E-04
   9.780020E+00   2.429036E+03   2.029566E-01   9.738385E-04
   9.786808E+00   2.439265E+03   2.039837E-01   9.724636E-04
   9.793601E+00   2.449559E+03   2.050258E-01   9.710846E-04
   9.800398E+00   2.459874E+03   2.060794E-01   9.696987E-04
   9.807201E+00   2.469543E+03   2.070868E-01   9.682675E-04
   9.814008E+00   2.479268E+03   2.081068E-01   9.668331E-04
   9.820819E+00   2.488953E+03   2.091321E-01   9.653891E-04
   9.827636E+00   2.497991E+03   2.101126E-01   9.638970E-04
   9.834457E+00   2.507075E+03   2.111035E-01   9.624028E-04
   9.841283E+00   2.516057E+03   2.120943E-01   9.608947E-04
   9.848114E+00   2.524431E+03   2.130489E-01   9.593345E-04
   9.854949E+00   2.532842E+03   2.140115E-01   9.577734E-04
   9.861789E+00   2.541060E+03   2.149683E-01   9.561910E-04
   9.868634E+00   2.548660E+03   2.158920E-01   9.545514E-04
   9.875484E+00   2.556286E+03   2.168212E-01   9.529124E-04
   9.882338E+00   2.563611E+03   2.177406E-01   9.512404E-04
   9.889197E+00   2.570324E+03   2.186340E-01   9.495053E-04
   9.896061E+00   2.577050E+03   2.195305E-01   9.477728E-04
   9.902930E+00   2.583332E+03   2.204165E-01   9.459874E-04
   9.909803E+00   2.589004E+03   2.212855E-01   9.441320E-04
   9.916682E+00   2.594673E+03   2.221550E-01   9.422818E-04
   9.923565E+00   2.599722E+03   2.230226E-01   9.403463E-04
   9.930452E+00   2.604180E+03   2.238866E-01   9.383345E-04
   9.937345E+00   2.608618E+03   2.247489E-01   9.363317E-04
   9.944242E+00   2.612170E+03   2.256347E-01   9.341854E-04
   9.951144E+00   2.615143E+03   2.265331E-01   9.319576E-04
   9.958051E+00   2.618073E+03   2.274276E-01   9.297449E-04
   9.964963E+00   2.619867E+03   2.284316E-01   9.272829E-04
   9.971879E+00   2.621162E+03   2.294751E-01   9.247416E-04
   9.978801E+00   2.622384E+03   2.305127E-01   9.222263E-04
   9.985727E+00   2.622293E+03   2.318858E-01   9.192589E-04
   9.992658E+00   2.621818E+03   2.333223E-01   9.162383E-04
   9.999593E+00   2.621217E+03   2.347486E-01   9.132654E-04
   1.000653E+01   2.619946E+03   2.371707E-01   9.094261E-04
   1.001348E+01   2.618375E+03   2.396290E-01   9.056339E-04
   1.002043E+01   2.616809E+03   2.422362E-01   9.018312E-04
   1.002738E+01   2.618580E+03   2.475282E-01   8.965346E-04
   1.003434E+01   2.619432E+03   2.526529E-01   8.915306E-04
   1.004131E+01   2.623574E+03   2.591336E-01   8.862485E-04
   1.004828E+01   2.641919E+03   2.716332E-01   8.793770E-04
   1.005525E+01   2.653963E+03   2.829095E-01   8.736718E-04
   1.006223E+01   2.674113E+03   2.972732E-01   8.690845E-04
   1.006922E+01   2.703694E+03   3.191068E-01   8.670429E-04
   1.007620E+01   2.702730E+03   3.398586E-01   8.677514E-04
   1.008320E+01   2.716895E+03   3.705569E-01   8.681652E-04
   1.009020E+01   2.800994E+03   4.289482E-01   8.612525E-04
   1.009720E+01   2.947463E+03   5.227684E-01   8.450480E-04
   1.010421E+01   3.271906E+03   6.613697E-01   8.172403E-04
   1.011122E+01   3.789572E+03   8.516778E-01   7.784390E-04
   1.011824E+01   4.482119E+03   1.117342E+00   7.283015E-04
   1.012526E+01   5.357822E+03   1.384676E+00   6.795976E-04
   1.013229E+01   6.273260E+03   1.637795E+00   6.406206E-04
   1.013932E+01   7.126083E+03   1.877232E+00   6.116553E-04
   1.014636E+01   7.323213E+03   1.788926E+00   6.245401E-04
   1.015340E+01   7.295425E+03   1.658790E+00   6.464897E-04
   1.016045E+01   7.081462E+03   1.519202E+00   6.752766E-04
   1.016750E+01   6.494416E+03   1.260227E+00   7.209898E-04
   1.017456E+01   5.961237E+03   1.060597E+00   7.664475E-04
   1.018162E+01   5.501347E+03   9.113282E-01   8.081740E-04
   1.018869E+01   5.174487E+03   8.042580E-01   8.341110E-04
   1.019576E+01   4.871946E+03   7.133095E-01   8.586076E-04
   1.020284E+01   4.615045E+03   6.405789E-01   8.788851E-04
   1.020992E+01   4.407955E+03   5.835064E-01   8.937225E-04
   1.021701E+01   4.212374E+03   5.327571E-01   9.076244E-04
   1.022410E+01   4.020554E+03   4.835202E-01   9.192271E-04
   1.023119E+01   3.833988E+03   4.369292E-01   9.287041E-04
   1.023829E+01   3.657432E+03   3.954325E-01   9.371129E-04
   1.024540E+01   3.530691E+03   3.629101E-01   9.372764E-04
   1.025251E+01   3.418546E+03   3.346043E-01   9.348598E-04
   1.025963E+01   3.307769E+03   3.087650E-01   9.322526E-04
   1.026675E+01   3.283650E+03   3.003623E-01   9.239218E-04
   1.027387E+01   3.261318E+03   2.934516E-01   9.157996E-04
   1.028101E+01   3.241652E+03   2.881286E-01   9.080783E-04
   1.028814E+01   3.253150E+03   2.893712E-01   9.001804E-04
   1.029528E+01   3.262729E+03   2.908686E-01   8.926740E-04
   1.030243E+01   3.273328E+03   2.930994E-01   8.855029E-04
   1.030958E+01   3.287907E+03   2.965185E-01   8.785933E-04
   1.031673E+01   3.300882E+03   3.001021E-01   8.720014E-04
   1.032390E+01   3.314290E+03   3.045256E-01   8.650014E-04
   1.033106E+01   3.327074E+03   3.096991E-01   8.578264E-04
   1.033823E+01   3.337313E+03   3.150006E-01   8.510943E-04
   1.034541E+01   3.361373E+03   3.259329E-01   8.417892E-04
   1.035259E+01   3.384524E+03   3.389225E-01   8.324929E-04
   1.035977E+01   3.400866E+03   3.520306E-01   8.241909E-04
   1.036696E+01   3.509459E+03   3.962347E-01   8.081858E-04
   1.037416E+01   3.612272E+03   4.478955E-01   7.928615E-04
   1.038136E+01   3.761016E+03   5.204280E-01   7.749861E-04
   1.038857E+01   4.200570E+03   6.841741E-01   7.395996E-04
   1.039578E+01   4.831597E+03   9.474656E-01   6.895209E-04
   1.040299E+01   5.799299E+03   1.327506E+00   6.275257E-04
   1.041021E+01   7.008316E+03   1.752631E+00   5.723032E-04
   1.041744E+01   8.207213E+03   2.241748E+00   5.243640E-04
   1.042467E+01   8.532656E+03   2.269613E+00   5.259039E-04
   1.043190E+01   8.216828E+03   2.033139E+00   5.552486E-04
   1.043914E+01   7.671259E+03   1.815002E+00   5.905901E-04
   1.044639E+01   6.922572E+03   1.474552E+00   6.467817E-04
   1.045364E+01   6.230212E+03   1.199500E+00   7.043860E-04
   1.046090E+01   5.648941E+03   1.002923E+00   7.572896E-04
   1.046816E+01   5.406540E+03   9.071109E-01   7.771144E-04
   1.047542E+01   5.172447E+03   8.215146E-01   7.956195E-04
   1.048269E+01   4.994254E+03   7.587385E-01   8.085888E-04
   1.048997E+01   4.899145E+03   7.230810E-01   8.137013E-04
   1.049725E+01   4.804855E+03   6.891110E-01   8.185329E-04
   1.050454E+01   4.741505E+03   6.659303E-01   8.208856E-04
   1.051183E+01   4.696523E+03   6.489494E-01   8.218010E-04
   1.051912E+01   4.651546E+03   6.323798E-01   8.226579E-04
   1.052642E+01   4.626464E+03   6.224242E-01   8.222536E-04
   1.053373E+01   4.604028E+03   6.134535E-01   8.216733E-04
   1.054104E+01   4.583273E+03   6.051606E-01   8.209925E-04
   1.054836E+01   4.572988E+03   6.003051E-01   8.197556E-04
   1.055568E+01   4.562653E+03   5.954851E-01   8.185218E-04
   1.056301E+01   4.555331E+03   5.916893E-01   8.171502E-04
   1.057034E+01   4.552380E+03   5.893324E-01   8.155802E-04
   1.057767E+01   4.549406E+03   5.869853E-01   8.140153E-04
   1.058502E+01   4.549577E+03   5.856861E-01   8.123260E-04
   1.059236E+01   4.551210E+03   5.848728E-01   8.105810E-04
   1.059971E+01   4.552838E+03   5.840628E-01   8.088404E-04
   1.060707E+01   4.557838E+03   5.843864E-01   8.069825E-04
   1.061443E+01   4.562983E+03   5.847589E-01   8.051225E-04
   1.062180E+01   4.568704E+03   5.853229E-01   8.032438E-04
   1.062917E+01   4.576191E+03   5.864738E-01   8.013010E-04
   1.063655E+01   4.583696E+03   5.876305E-01   7.993595E-04
   1.064393E+01   4.592267E+03   5.891531E-01   7.973849E-04
   1.065132E+01   4.601779E+03   5.910000E-01   7.953803E-04
   1.065871E+01   4.611314E+03   5.928563E-01   7.933758E-04
   1.066611E+01   4.622121E+03   5.951478E-01   7.913253E-04
   1.067352E+01   4.633218E+03   5.975417E-01   7.892640E-04
   1.068092E+01   4.644514E+03   6.000078E-01   7.871947E-04
   1.068834E+01   4.657057E+03   6.029030E-01   7.850754E-04
   1.069576E+01   4.669629E+03   6.058157E-01   7.829537E-04
   1.070318E+01   4.682602E+03   6.088874E-01   7.808208E-04
   1.071061E+01   4.696101E+03   6.121675E-01   7.786729E-04
   1.071804E+01   4.709627E+03   6.154685E-01   7.765217E-04
   1.072548E+01   4.724036E+03   6.190790E-01   7.743267E-04
   1.073293E+01   4.738778E+03   6.228174E-01   7.721130E-04
   1.074038E+01   4.753587E+03   6.265961E-01   7.698935E-04
   1.074783E+01   4.769188E+03   6.306793E-01   7.676394E-04
   1.075529E+01   4.784813E+03   6.347917E-01   7.653802E-04
   1.076276E+01   4.800838E+03   6.390611E-01   7.630959E-04
   1.077023E+01   4.817530E+03   6.435815E-01   7.607718E-04
   1.077770E+01   4.834245E+03   6.481359E-01   7.584415E-04
   1.078518E+01   4.851492E+03   6.529208E-01   7.560846E-04
   1.079267E+01   4.868983E+03   6.578301E-01   7.537116E-04
   1.080016E+01   4.886504E+03   6.627829E-01   7.513306E-04
   1.080765E+01   4.904749E+03   6.680221E-01   7.489020E-04
   1.081516E+01   4.923006E+03   6.733034E-01   7.464655E-04
   1.082266E+01   4.941634E+03   6.787500E-01   7.439986E-04
   1.083017E+01   4.960925E+03   6.844666E-01   7.414821E-04
   1.083769E+01   4.980224E+03   6.902314E-01   7.389564E-04
   1.084521E+01   5.000137E+03   6.962730E-01   7.363869E-04
   1.085274E+01   5.020321E+03   7.024688E-01   7.337919E-04
   1.086027E+01   5.040534E+03   7.087293E-01   7.311841E-04
   1.086781E+01   5.061588E+03   7.153342E-01   7.285067E-04
   1.087535E+01   5.082636E+03   7.219987E-01   7.258177E-04
   1.088290E+01   5.104038E+03   7.288648E-01   7.230943E-04
   1.089046E+01   5.126010E+03   7.360224E-01   7.203220E-04
   1.089802E+01   5.147961E+03   7.432463E-01   7.175365E-04
   1.090558E+01   5.170591E+03   7.507882E-01   7.146860E-04
   1.091315E+01   5.193443E+03   7.584921E-01   7.118027E-04
   1.092072E+01   5.216378E+03   7.663112E-01   7.088959E-04
   1.092830E+01   5.240378E+03   7.746055E-01   7.058900E-04
   1.093589E+01   5.264335E+03   7.829825E-01   7.028674E-04
   1.094348E+01   5.288724E+03   7.916329E-01   6.997923E-04
   1.095107E+01   5.313625E+03   8.005977E-01   6.966569E-04
   1.095868E+01   5.338461E+03   8.096540E-01   6.935027E-04
   1.096628E+01   5.364290E+03   8.192299E-01   6.902464E-04
   1.097389E+01   5.390259E+03   8.289976E-01   6.869515E-04
   1.098151E+01   5.416453E+03   8.389865E-01   6.836085E-04
   1.098913E+01   5.443833E+03   8.495652E-01   6.801343E-04
   1.099676E+01   5.471101E+03   8.602612E-01   6.766357E-04
   1.100439E+01   5.499139E+03   8.714341E-01   6.730365E-04
   1.101203E+01   5.527698E+03   8.830016E-01   6.693541E-04
   1.101967E+01   5.556108E+03   8.947012E-01   6.656436E-04
   1.102732E+01   5.585884E+03   9.071767E-01   6.617691E-04
   1.103498E+01   5.615546E+03   9.198293E-01   6.578568E-04
   1.104264E+01   5.645670E+03   9.329148E-01   6.538521E-04
   1.105030E+01   5.676828E+03   9.467055E-01   6.496969E-04
   1.105797E+01   5.707746E+03   9.606657E-01   6.455047E-04
   1.106564E+01   5.740216E+03   9.755604E-01   6.411018E-04
   1.107333E+01   5.773049E+03   9.909251E-01   6.365940E-04
   1.108101E+01   5.805856E+03   1.006621E+00   6.320140E-04
   1.108870E+01   5.840185E+03   1.023414E+00   6.271994E-04
   1.109640E+01   5.874130E+03   1.040432E+00   6.223340E-04
   1.110410E+01   5.909357E+03   1.058447E+00   6.172426E-04
   1.111181E+01   5.945609E+03   1.077399E+00   6.119394E-04
   1.111952E+01   5.981357E+03   1.096619E+00   6.065748E-04
   1.112724E+01   6.019256E+03   1.117501E+00   6.008465E-04
   1.113496E+01   6.056704E+03   1.138785E+00   5.950258E-04
   1.114269E+01   6.094837E+03   1.161066E+00   5.889774E-04
   1.115042E+01   6.134747E+03   1.184990E+00   5.825573E-04
   1.115816E+01   6.173814E+03   1.209284E+00   5.760477E-04
   1.116591E+01   6.215377E+03   1.235802E+00   5.690347E-04
   1.117366E+01   6.256936E+03   1.263338E+00   5.617859E-04
   1.118141E+01   6.298261E+03   1.291846E+00   5.543083E-04
   1.118917E+01   6.342361E+03   1.323235E+00   5.461785E-04
   1.119694E+01   6.384978E+03   1.355162E+00   5.379102E-04
   1.120471E+01   6.429763E+03   1.389994E+00   5.289765E-04
   1.121249E+01   6.475071E+03   1.427013E+00   5.195326E-04
   1.122027E+01   6.518521E+03   1.464854E+00   5.098706E-04
   1.122806E+01   6.566484E+03   1.508185E+00   4.989607E-04
   1.123585E+01   6.611579E+03   1.552331E+00   4.878172E-04
   1.124365E+01   6.657686E+03   1.600473E+00   4.757320E-04
   1.125145E+01   6.704587E+03   1.653233E+00   4.625541E-04
   1.125926E+01   6.747120E+03   1.706971E+00   4.490528E-04
   1.126708E+01   6.794256E+03   1.770287E+00   4.333359E-04
   1.127490E+01   6.836011E+03   1.835724E+00   4.169809E-04
   1.128272E+01   6.874950E+03   1.907005E+00   3.991259E-04
   1.129056E+01   6.912402E+03   1.988515E+00   3.787349E-04
   1.129839E+01   6.938977E+03   2.071248E+00   3.576594E-04
   1.130623E+01   6.962531E+03   2.171589E+00   3.321368E-04
   1.131408E+01   6.970523E+03   2.277215E+00   3.046012E-04
   1.132193E+01   6.959323E+03   2.390769E+00   2.740461E-04
   1.132979E+01   6.921018E+03   2.527094E+00   2.361083E-04
   1.133766E+01   6.845720E+03   2.660217E+00   1.960687E-04
   1.134553E+01   6.693747E+03   2.813753E+00   1.438881E-04
   1.135340E+01   6.458670E+03   2.961762E+00   8.314593E-05
   1.136128E+01   6.116954E+03   3.080368E+00   1.347031E-05
   1.136917E+01   5.517601E+03   3.128967E+00  -8.478644E-05
   1.137706E+01   4.867621E+03   3.117620E+00  -1.970365E-04
   1.138495E+01   4.069646E+03   2.939638E+00  -3.344089E-04
   1.139286E+01   3.319000E+03   2.702236E+00  -4.989913E-04
   1.140076E+01   2.716099E+03   2.483173E+00  -6.838235E-04
   1.140868E+01   2.253169E+03   2.216617E+00  -8.452394E-04
   1.141660E+01   1.889674E+03   2.015018E+00  -1.010921E-03
   1.142452E+01   1.650569E+03   1.844284E+00  -1.071757E-03
   1.143245E+01   1.459503E+03   1.695829E+00  -9.962479E-04
   1.144038E+01   1.271411E+03   1.577082E+00  -8.000349E-04
   1.144833E+01   1.181997E+03   1.469618E+00  -1.447901E-04
   1.145627E+01   1.031902E+03   1.382227E+00   6.930971E-04
   1.146422E+01   9.360116E+02   1.293432E+00   1.897016E-03
   1.147218E+01   8.243350E+02   1.205214E+00   3.061025E-03
   1.148014E+01   6.602059E+02   1.151687E+00   4.050975E-03
   1.148811E+01   6.080833E+02   1.082337E+00   4.061911E-03
   1.149608E+01   5.405353E+02   1.021898E+00   3.946544E-03
   1.150406E+01   4.888722E+02   9.708926E-01   3.738252E-03
   1.151205E+01   4.548877E+02   9.240296E-01   3.493394E-03
   1.152004E+01   4.203561E+02   8.780903E-01   3.258200E-03
   1.152803E+01   3.976259E+02   8.414869E-01   3.074824E-03
   1.153604E+01   3.749566E+02   8.050064E-01   2.901989E-03
   1.154404E+01   3.554776E+02   7.719274E-01   2.754143E-03
   1.155206E+01   3.390654E+02   7.421464E-01   2.628358E-03
   1.156007E+01   3.228939E+02   7.124675E-01   2.509695E-03
   1.156810E+01   3.106560E+02   6.874485E-01   2.414855E-03
   1.157613E+01   2.985432E+02   6.625055E-01   2.324623E-03
   1.158416E+01   2.880636E+02   6.393777E-01   2.244665E-03
   1.159220E+01   2.790437E+02   6.179471E-01   2.173609E-03
   1.160025E+01   2.701608E+02   5.967011E-01   2.105856E-03
   1.160830E+01   2.637012E+02   5.779409E-01   2.048134E-03
   1.161636E+01   2.572346E+02   5.592952E-01   1.992640E-03
   1.162442E+01   2.520182E+02   5.417690E-01   1.942048E-03
   1.163249E+01   2.477904E+02   5.251814E-01   1.895510E-03
   1.164056E+01   2.436701E+02   5.088161E-01   1.850848E-03
   1.164864E+01   2.416263E+02   4.938447E-01   1.810902E-03
   1.165673E+01   2.394983E+02   4.789985E-01   1.772247E-03
   1.166482E+01   2.387510E+02   4.648869E-01   1.736231E-03
   1.167291E+01   2.389127E+02   4.513111E-01   1.702250E-03
   1.168101E+01   2.393332E+02   4.379579E-01   1.669486E-03
   1.168912E+01   2.421130E+02   4.253770E-01   1.639003E-03
   1.169724E+01   2.448440E+02   4.129269E-01   1.609392E-03
   1.170535E+01   2.496970E+02   4.009442E-01   1.581195E-03
   1.171348E+01   2.557188E+02   3.892696E-01   1.554068E-03
   1.172161E+01   2.625933E+02   3.778007E-01   1.527759E-03
   1.172974E+01   2.728783E+02   3.667442E-01   1.502461E-03
   1.173789E+01   2.834813E+02   3.558418E-01   1.477833E-03
   1.174603E+01   2.981782E+02   3.452695E-01   1.453885E-03
   1.175419E+01   3.149448E+02   3.349380E-01   1.430559E-03
   1.176234E+01   3.343617E+02   3.248667E-01   1.407802E-03
   1.177051E+01   3.596728E+02   3.151952E-01   1.385540E-03
   1.177868E+01   3.867803E+02   3.057762E-01   1.363794E-03
   1.178685E+01   4.224760E+02   2.970809E-01   1.342744E-03
   1.179503E+01   4.627401E+02   2.888382E-01   1.322124E-03
   1.180322E+01   5.096708E+02   2.815517E-01   1.302537E-03
   1.181141E+01   5.663079E+02   2.756416E-01   1.284177E-03
   1.181961E+01   6.290426E+02   2.703845E-01   1.265874E-03
   1.182782E+01   7.003866E+02   2.687392E-01   1.252340E-03
   1.183602E+01   7.797128E+02   2.681756E-01   1.238646E-03
   1.184424E+01   8.598426E+02   2.709976E-01   1.229596E-03
   1.185246E+01   9.398035E+02   2.770245E-01   1.224701E-03
   1.186069E+01   1.023670E+03   2.845836E-01   1.220088E-03
   1.186892E+01   1.077476E+03   2.965028E-01   1.227309E-03
   1.187716E+01   1.133476E+03   3.091853E-01   1.234142E-03
   1.188540E+01   1.157346E+03   3.226731E-01   1.248970E-03
   1.189365E+01   1.162883E+03   3.364588E-01   1.268684E-03
   1.190191E+01   1.156391E+03   3.494263E-01   1.290507E-03
   1.191017E+01   1.112744E+03   3.592641E-01   1.318114E-03
   1.191843E+01   1.070086E+03   3.693428E-01   1.346788E-03
   1.192671E+01   1.001039E+03   3.735659E-01   1.373586E-03
   1.193498E+01   9.300515E+02   3.771769E-01   1.399983E-03
   1.194327E+01   8.569757E+02   3.783367E-01   1.422090E-03
   1.195156E+01   7.798821E+02   3.756443E-01   1.436695E-03
   1.195985E+01   7.093829E+02   3.740479E-01   1.450578E-03
   1.196815E+01   6.419486E+02   3.676892E-01   1.452187E-03
   1.197646E+01   5.806287E+02   3.621753E-01   1.452757E-03
   1.198477E+01   5.265940E+02   3.557321E-01   1.448563E-03
   1.199309E+01   4.785188E+02   3.486617E-01   1.440854E-03
   1.200142E+01   4.354138E+02   3.419365E-01   1.432280E-03
   1.200975E+01   3.992262E+02   3.347393E-01   1.421028E-03
   1.201808E+01   3.659681E+02   3.278743E-01   1.409680E-03
   1.202642E+01   3.380582E+02   3.211410E-01   1.397667E-03
   1.203477E+01   3.129581E+02   3.145786E-01   1.385503E-03
   1.204312E+01   2.906926E+02   3.082669E-01   1.373453E-03
   1.205148E+01   2.715612E+02   3.022114E-01   1.361578E-03
   1.205985E+01   2.536588E+02   2.962862E-01   1.349806E-03
   1.206822E+01   2.388194E+02   2.907482E-01   1.338603E-03
   1.207659E+01   2.248602E+02   2.853109E-01   1.327520E-03
   1.208498E+01   2.125748E+02   2.801407E-01   1.316886E-03
   1.209336E+01   2.015144E+02   2.751677E-01   1.306591E-03
   1.210176E+01   1.912490E+02   2.703215E-01   1.296513E-03
   1.211016E+01   1.823361E+02   2.657503E-01   1.286950E-03
   1.211856E+01   1.738272E+02   2.612369E-01   1.277487E-03
   1.212697E+01   1.663897E+02   2.569847E-01   1.268530E-03
   1.213539E+01   1.593971E+02   2.528238E-01   1.259747E-03
   1.214381E+01   1.529836E+02   2.488060E-01   1.251242E-03
   1.215224E+01   1.471624E+02   2.449468E-01   1.243050E-03
   1.216068E+01   1.415971E+02   2.411438E-01   1.234966E-03
   1.216912E+01   1.366910E+02   2.375487E-01   1.227296E-03
   1.217756E+01   1.319494E+02   2.339902E-01   1.219697E-03
   1.218602E+01   1.276487E+02   2.305855E-01   1.212404E-03
   1.219447E+01   1.235941E+02   2.272617E-01   1.205271E-03
   1.220294E+01   1.197763E+02   2.240183E-01   1.198298E-03
   1.221141E+01   1.162776E+02   2.208958E-01   1.191564E-03
   1.221988E+01   1.128775E+02   2.178028E-01   1.184888E-03
   1.222837E+01   1.098276E+02   2.148573E-01   1.178505E-03
   1.223685E+01   1.068604E+02   2.119404E-01   1.172177E-03
   1.224535E+01   1.041069E+02   2.091147E-01   1.166029E-03
   1.225385E+01   1.015000E+02   2.063523E-01   1.160004E-03
   1.226235E+01   9.900571E+01   2.036407E-01   1.154079E-03
   1.227086E+01   9.669785E+01   2.010211E-01   1.148335E-03
   1.227938E+01   9.444152E+01   1.984244E-01   1.142634E-03
   1.228790E+01   9.237426E+01   1.959299E-01   1.137133E-03
   1.229643E+01   9.036093E+01   1.934630E-01   1.131685E-03
   1.230497E+01   8.846362E+01   1.910624E-01   1.126365E-03
   1.231351E+01   8.665655E+01   1.887143E-01   1.121147E-03
   1.232205E+01   8.491132E+01   1.864027E-01   1.115998E-03
   1.233061E+01   8.328228E+01   1.841624E-01   1.110987E-03
   1.233916E+01   8.168298E+01   1.819409E-01   1.106010E-03
   1.234773E+01   8.019790E+01   1.797920E-01   1.101174E-03
   1.235630E+01   7.874750E+01   1.776666E-01   1.096381E-03
   1.236487E+01   7.736921E+01   1.755878E-01   1.091676E-03
   1.237346E+01   7.604905E+01   1.735480E-01   1.087045E-03
   1.238205E+01   7.476787E+01   1.715351E-01   1.082464E-03
   1.239064E+01   7.356271E+01   1.695707E-01   1.077975E-03
   1.239924E+01   7.237587E+01   1.676222E-01   1.073513E-03
   1.240785E+01   7.126407E+01   1.657369E-01   1.069173E-03
   1.241646E+01   7.017379E+01   1.638713E-01   1.064869E-03
   1.242508E+01   6.913284E+01   1.620462E-01   1.060640E-03
   1.243370E+01   6.812956E+01   1.602533E-01   1.056472E-03
   1.244233E+01   6.715366E+01   1.584841E-01   1.052346E-03
   1.245097E+01   6.622744E+01   1.567540E-01   1.048294E-03
   1.245961E+01   6.531319E+01   1.550376E-01   1.044265E-03
   1.246826E+01   6.445382E+01   1.533680E-01   1.040324E-03
   1.247691E+01   6.360704E+01   1.517129E-01   1.036409E-03
   1.248557E+01   6.279741E+01   1.500936E-01   1.032560E-03
   1.249424E+01   6.201207E+01   1.484992E-01   1.028757E-03
   1.250291E+01   6.124868E+01   1.469232E-01   1.024987E-03
   1.251159E+01   6.051913E+01   1.453712E-01   1.021259E-03
   1.252027E+01   5.979865E+01   1.438322E-01   1.017554E-03
   1.252896E+01   5.911765E+01   1.423395E-01   1.013936E-03
   1.253766E+01   5.844383E+01   1.408582E-01   1.010338E-03
   1.254636E+01   5.780010E+01   1.394080E-01   1.006797E-03
   1.255507E+01   5.717131E+01   1.379760E-01   1.003288E-03
   1.256378E+01   5.656155E+01   1.365593E-01   9.998060E-04
   1.257250E+01   5.597420E+01   1.351588E-01   9.963519E-04
   1.258123E+01   5.539607E+01   1.337740E-01   9.929252E-04
   1.258996E+01   5.484541E+01   1.324305E-01   9.895771E-04
   1.259870E+01   5.429977E+01   1.310970E-01   9.862451E-04
   1.260744E+01   5.378002E+01   1.297824E-01   9.829468E-04
   1.261619E+01   5.326842E+01   1.284791E-01   9.796672E-04
   1.262495E+01   5.277420E+01   1.271964E-01   9.764248E-04
   1.263371E+01   5.229401E+01   1.259314E-01   9.732141E-04
   1.264248E+01   5.182378E+01   1.246813E-01   9.700293E-04
   1.265126E+01   5.137251E+01   1.234541E-01   9.668868E-04
   1.266004E+01   5.092486E+01   1.222361E-01   9.637588E-04
   1.266882E+01   5.049987E+01   1.210463E-01   9.606838E-04
   1.267762E+01   5.007806E+01   1.198652E-01   9.576226E-04
   1.268642E+01   4.967335E+01   1.187009E-01   9.545913E-04
   1.269522E+01   4.927670E+01   1.175481E-01   9.515795E-04
   1.270403E+01   4.889057E+01   1.164089E-01   9.485913E-04
   1.271285E+01   4.851618E+01   1.152840E-01   9.456284E-04
   1.272168E+01   4.814756E+01   1.141711E-01   9.426860E-04
   1.273051E+01   4.779506E+01   1.130820E-01   9.397883E-04
   1.273934E+01   4.744482E+01   1.120007E-01   9.369029E-04
   1.274818E+01   4.711114E+01   1.109304E-01   9.340359E-04
   1.275703E+01   4.678065E+01   1.098682E-01   9.311816E-04
   1.276589E+01   4.646173E+01   1.088265E-01   9.283658E-04
   1.277475E+01   4.614948E+01   1.077989E-01   9.255750E-04
   1.278361E+01   4.584456E+01   1.067834E-01   9.228054E-04
   1.279249E+01   4.554931E+01   1.057820E-01   9.200612E-04
   1.280137E+01   4.525790E+01   1.047883E-01   9.173294E-04
   1.281025E+01   4.498012E+01   1.038050E-01   9.146150E-04
   1.281914E+01   4.470378E+01   1.028287E-01   9.119116E-04
   1.282804E+01   4.444069E+01   1.018699E-01   9.092408E-04
   1.283694E+01   4.418015E+01   1.009190E-01   9.065829E-04
   1.284585E+01   4.392869E+01   9.997752E-02   9.039408E-04
   1.285477E+01   4.368247E+01   9.904409E-02   9.013119E-04
   1.286369E+01   4.344137E+01   9.812536E-02   8.987101E-04
   1.287262E+01   4.320700E+01   9.722445E-02   8.961420E-04
   1.288155E+01   4.297608E+01   9.632932E-02   8.935825E-04
   1.289050E+01   4.275754E+01   9.543761E-02   8.910266E-04
   1.289944E+01   4.253989E+01   9.455229E-02   8.884807E-04
   1.290840E+01   4.233131E+01   9.368415E-02   8.859674E-04
   1.291736E+01   4.212409E+01   9.282291E-02   8.834652E-04
   1.292632E+01   4.192544E+01   9.197601E-02   8.809898E-04
   1.293529E+01   4.173076E+01   9.113852E-02   8.785309E-04
   1.294427E+01   4.154130E+01   9.030896E-02   8.760855E-04
   1.295326E+01   4.135746E+01   8.948748E-02   8.736538E-04
   1.296225E+01   4.117692E+01   8.867103E-02   8.712296E-04
   1.297124E+01   4.100498E+01   8.785802E-02   8.688093E-04
   1.298025E+01   4.083377E+01   8.705133E-02   8.663992E-04
   1.298926E+01   4.067035E+01   8.626869E-02   8.640370E-04
   1.299827E+01   4.050741E+01   8.549155E-02   8.616834E-04
   1.300729E+01   4.035252E+01   8.471754E-02   8.593333E-04
   1.301632E+01   4.019984E+01   8.394844E-02   8.569906E-04
   1.302536E+01   4.005277E+01   8.318736E-02   8.546619E-04
   1.303440E+01   3.990964E+01   8.243341E-02   8.523454E-04
   1.304344E+01   3.977030E+01   8.168646E-02   8.500409E-04
   1.305250E+01   3.963687E+01   8.094748E-02   8.477503E-04
   1.306156E+01   3.950501E+01   8.021570E-02   8.454723E-04
   1.307062E+01   3.937963E+01   7.949856E-02   8.432228E-04
   1.307969E+01   3.925448E+01   7.878644E-02   8.409812E-04
   1.308877E+01   3.913675E+01   7.807685E-02   8.387421E-04
   1.309786E+01   3.901945E+01   7.737217E-02   8.365107E-04
   1.310695E+01   3.890902E+01   7.667585E-02   8.342944E-04
   1.311604E+01   3.880079E+01   7.598547E-02   8.320882E-04
   1.312515E+01   3.869666E+01   7.530248E-02   8.298952E-04
   1.313426E+01   3.859568E+01   7.462622E-02   8.277140E-04
   1.314337E+01   3.849745E+01   7.395638E-02   8.255440E-04
   1.315250E+01   3.840381E+01   7.329404E-02   8.233875E-04
   1.316163E+01   3.831154E+01   7.263717E-02   8.212403E-04
   1.317076E+01   3.822533E+01   7.198859E-02   8.191084E-04
   1.317990E+01   3.813917E+01   7.134457E-02   8.169838E-04
   1.318905E+01   3.806022E+01   7.070284E-02   8.148615E-04
   1.319821E+01   3.798137E+01   7.006564E-02   8.127464E-04
   1.320737E+01   3.790781E+01   6.943651E-02   8.106465E-04
   1.321653E+01   3.783555E+01   6.881269E-02   8.085555E-04
   1.322571E+01   3.776744E+01   6.819605E-02   8.064778E-04
   1.323489E+01   3.770184E+01   6.758543E-02   8.044109E-04
   1.324407E+01   3.763958E+01   6.697820E-02   8.023487E-04
   1.325326E+01   3.758150E+01   6.637409E-02   8.002909E-04
   1.326246E+01   3.752474E+01   6.577721E-02   7.982466E-04
   1.327167E+01   3.747170E+01   6.519253E-02   7.962270E-04
   1.328088E+01   3.741932E+01   6.461115E-02   7.942123E-04
   1.329010E+01   3.737371E+01   6.402627E-02   7.921871E-04
   1.329932E+01   3.732802E+01   6.344555E-02   7.901686E-04
   1.330855E+01   3.728716E+01   6.287897E-02   7.881795E-04
   1.331779E+01   3.724662E+01   6.231717E-02   7.861987E-04
   1.332703E+01   3.721109E+01   6.175307E-02   7.842101E-04
   1.333628E+01   3.717706E+01   6.119104E-02   7.822236E-04
   1.334554E+01   3.714620E+01   6.063941E-02   7.802582E-04
   1.335480E+01   3.711743E+01   6.009597E-02   7.783091E-04
   1.336407E+01   3.709122E+01   5.955557E-02   7.763644E-04
   1.337335E+01   3.706828E+01   5.901800E-02   7.744237E-04
   1.338263E+01   3.704726E+01   5.848374E-02   7.724881E-04
   1.339192E+01   3.703122E+01   5.795202E-02   7.705558E-04
   1.340121E+01   3.701576E+01   5.742468E-02   7.686312E-04
   1.341052E+01   3.700488E+01   5.690488E-02   7.667215E-04
   1.341982E+01   3.699388E+01   5.638880E-02   7.648181E-04
   1.342914E+01   3.698785E+01   5.587472E-02   7.629167E-04
   1.343846E+01   3.698180E+01   5.536430E-02   7.610215E-04
   1.344779E+01   3.698020E+01   5.486115E-02   7.591408E-04
   1.345712E+01   3.697938E+01   5.436232E-02   7.572678E-04
   1.346646E+01   3.698349E+01   5.386592E-02   7.553980E-04
   1.347581E+01   3.698972E+01   5.337260E-02   7.535331E-04
   1.348516E+01   3.699820E+01   5.288192E-02   7.516720E-04
   1.349452E+01   3.700847E+01   5.239407E-02   7.498151E-04
   1.350389E+01   3.702093E+01   5.191152E-02   7.479684E-04
   1.351326E+01   3.703654E+01   5.143493E-02   7.461334E-04
   1.352264E+01   3.705383E+01   5.096136E-02   7.443032E-04
   1.353203E+01   3.707558E+01   5.049009E-02   7.424761E-04
   1.354142E+01   3.709792E+01   5.002289E-02   7.406564E-04
   1.355082E+01   3.712405E+01   4.956265E-02   7.388509E-04
   1.356022E+01   3.715024E+01   4.910572E-02   7.370511E-04
   1.356963E+01   3.718257E+01   4.865064E-02   7.352534E-04
   1.357905E+01   3.721481E+01   4.819888E-02   7.334614E-04
   1.358848E+01   3.725180E+01   4.774908E-02   7.316718E-04
   1.359791E+01   3.728925E+01   4.730244E-02   7.298874E-04
   1.360735E+01   3.733082E+01   4.685793E-02   7.281060E-04
   1.361679E+01   3.737350E+01   4.641637E-02   7.263294E-04
   1.362624E+01   3.741917E+01   4.598078E-02   7.245649E-04
   1.363570E+01   3.746635E+01   4.554978E-02   7.228094E-04
   1.364516E+01   3.751684E+01   4.511817E-02   7.210502E-04
   1.365464E+01   3.757007E+01   4.468665E-02   7.192888E-04
   1.366411E+01   3.762572E+01   4.426011E-02   7.175373E-04
   1.367360E+01   3.768454E+01   4.383900E-02   7.157969E-04
   1.368309E+01   3.774484E+01   4.342235E-02   7.140652E-04
   1.369258E+01   3.780822E+01   4.301150E-02   7.123456E-04
   1.370209E+01   3.787295E+01   4.260222E-02   7.106277E-04
   1.371160E+01   3.794247E+01   4.219080E-02   7.089022E-04
   1.372112E+01   3.801266E+01   4.178294E-02   7.071833E-04
   1.373064E+01   3.808784E+01   4.138163E-02   7.054785E-04
   1.374017E+01   3.816313E+01   4.098332E-02   7.037789E-04
   1.374971E+01   3.824267E+01   4.058671E-02   7.020814E-04
   1.375925E+01   3.832226E+01   4.019310E-02   7.003891E-04
   1.376880E+01   3.840778E+01   3.980127E-02   6.986992E-04
   1.377836E+01   3.849387E+01   3.941233E-02   6.970142E-04
   1.378792E+01   3.858443E+01   3.902527E-02   6.953318E-04
   1.379749E+01   3.867600E+01   3.864096E-02   6.936541E-04
   1.380707E+01   3.877157E+01   3.825865E-02   6.919792E-04
   1.381665E+01   3.886864E+01   3.787895E-02   6.903087E-04
   1.382624E+01   3.896994E+01   3.750135E-02   6.886414E-04
   1.383584E+01   3.907360E+01   3.712624E-02   6.869781E-04
   1.384544E+01   3.917992E+01   3.675616E-02   6.853255E-04
   1.385505E+01   3.928834E+01   3.639057E-02   6.836823E-04
   1.386467E+01   3.940035E+01   3.602480E-02   6.820364E-04
   1.387429E+01   3.951619E+01   3.565873E-02   6.803874E-04
   1.388392E+01   3.963402E+01   3.529704E-02   6.787476E-04
   1.389356E+01   3.975467E+01   3.494035E-02   6.771185E-04
   1.390320E+01   3.987752E+01   3.458444E-02   6.754892E-04
   1.391285E+01   4.000458E+01   3.422731E-02   6.738544E-04
   1.392251E+01   4.013358E+01   3.387397E-02   6.722273E-04
   1.393217E+01   4.026762E+01   3.352609E-02   6.706123E-04
   1.394184E+01   4.040309E+01   3.317984E-02   6.689993E-04
   1.395152E+01   4.054361E+01   3.283156E-02   6.673787E-04
   1.396120E+01   4.068514E+01   3.248654E-02   6.657643E-04
   1.397089E+01   4.083161E+01   3.214737E-02   6.641633E-04
   1.398059E+01   4.097884E+01   3.181087E-02   6.625671E-04
   1.399029E+01   4.113211E+01   3.147599E-02   6.609730E-04
   1.400000E+01   4.128581E+01   3.114384E-02   6.593840E-04
