#============================================================================
# Opacities computed by OpTool        <a^n>=  1.0000E-1  1.0000E-1  1.0000E-1
# Method:   DHS  fmax=  0.900
# Parameters:
#   amin [um]=      0.100 amax [um]=      0.100  na  =    1    apow=   3.5    
#   lmin [um]=      7.000 lmax [um]=     14.000  nlam= 1000    nang=   180
#   porosity =      0.000 p_mantle =      0.000  fmax= 0.90    chop=   0.0
# Composition:
#  Where   mfrac  rho   Material
#  -----   -----  ----  -----------------------------------------------------
#  core    1.000  3.27  for
#  - - -   - - -  -  -  - - - - - - - - - - - - - - - - - - - - - - - - - - -
#  grain   1.000  3.27  mixture of  1 materials
#----------------------------------------------------------------------------
# Command: ./optool for -a 0.1 -dhs 0.9 -l 7 14 1000
#============================================================================
# Standard output file, no scattering matrix
#    iformat
#    nlambda
#    lambda[um]  kabs [cm^2/g]  ksca [cm^2/g]    g_asymmetry
#============================================================================
           3
        1000
   7.000000E+00   6.546467E+00   2.993140E-01   3.804977E-03
   7.004859E+00   6.567134E+00   2.978820E-01   3.799025E-03
   7.009721E+00   6.587866E+00   2.964563E-01   3.793083E-03
   7.014586E+00   6.608664E+00   2.950370E-01   3.787150E-03
   7.019455E+00   6.629527E+00   2.936241E-01   3.781226E-03
   7.024327E+00   6.650473E+00   2.922431E-01   3.775341E-03
   7.029202E+00   6.671487E+00   2.908715E-01   3.769468E-03
   7.034081E+00   6.692568E+00   2.895059E-01   3.763605E-03
   7.038963E+00   6.713715E+00   2.881462E-01   3.757752E-03
   7.043849E+00   6.735084E+00   2.867663E-01   3.751877E-03
   7.048738E+00   6.756563E+00   2.853854E-01   3.746005E-03
   7.053630E+00   6.778110E+00   2.840107E-01   3.740141E-03
   7.058526E+00   6.799726E+00   2.826422E-01   3.734287E-03
   7.063425E+00   6.821544E+00   2.812567E-01   3.728416E-03
   7.068328E+00   6.843489E+00   2.798674E-01   3.722543E-03
   7.073234E+00   6.865505E+00   2.784846E-01   3.716679E-03
   7.078143E+00   6.887591E+00   2.771080E-01   3.710825E-03
   7.083056E+00   6.909896E+00   2.757551E-01   3.705000E-03
   7.087972E+00   6.932363E+00   2.744187E-01   3.699197E-03
   7.092892E+00   6.954902E+00   2.730884E-01   3.693403E-03
   7.097815E+00   6.977515E+00   2.717640E-01   3.687618E-03
   7.102741E+00   7.000232E+00   2.704276E-01   3.681821E-03
   7.107671E+00   7.023045E+00   2.690830E-01   3.676017E-03
   7.112605E+00   7.045933E+00   2.677446E-01   3.670223E-03
   7.117541E+00   7.068895E+00   2.664123E-01   3.664438E-03
   7.122481E+00   7.092044E+00   2.650998E-01   3.658678E-03
   7.127425E+00   7.115378E+00   2.638067E-01   3.652943E-03
   7.132372E+00   7.138790E+00   2.625195E-01   3.647218E-03
   7.137322E+00   7.162278E+00   2.612381E-01   3.641501E-03
   7.142276E+00   7.185916E+00   2.599480E-01   3.635777E-03
   7.147234E+00   7.209719E+00   2.586468E-01   3.630042E-03
   7.152194E+00   7.233601E+00   2.573516E-01   3.624316E-03
   7.157159E+00   7.257562E+00   2.560624E-01   3.618599E-03
   7.162126E+00   7.281718E+00   2.547657E-01   3.612875E-03
   7.167097E+00   7.306112E+00   2.534573E-01   3.607140E-03
   7.172072E+00   7.330586E+00   2.521550E-01   3.601414E-03
   7.177050E+00   7.355143E+00   2.508588E-01   3.595697E-03
   7.182031E+00   7.379812E+00   2.495793E-01   3.590002E-03
   7.187016E+00   7.404606E+00   2.483212E-01   3.584335E-03
   7.192005E+00   7.429483E+00   2.470689E-01   3.578677E-03
   7.196997E+00   7.454443E+00   2.458225E-01   3.573028E-03
   7.201992E+00   7.479590E+00   2.445696E-01   3.567374E-03
   7.206991E+00   7.504976E+00   2.433043E-01   3.561706E-03
   7.211993E+00   7.530448E+00   2.420451E-01   3.556048E-03
   7.216999E+00   7.556007E+00   2.407917E-01   3.550399E-03
   7.222008E+00   7.581736E+00   2.395434E-01   3.544758E-03
   7.227020E+00   7.607680E+00   2.382995E-01   3.539125E-03
   7.232037E+00   7.633712E+00   2.370615E-01   3.533500E-03
   7.237056E+00   7.659833E+00   2.358293E-01   3.527885E-03
   7.242079E+00   7.686127E+00   2.346021E-01   3.522278E-03
   7.247106E+00   7.712628E+00   2.333792E-01   3.516678E-03
   7.252136E+00   7.739221E+00   2.321622E-01   3.511087E-03
   7.257170E+00   7.765905E+00   2.309510E-01   3.505505E-03
   7.262207E+00   7.792765E+00   2.297445E-01   3.499932E-03
   7.267247E+00   7.819825E+00   2.285424E-01   3.494365E-03
   7.272291E+00   7.846978E+00   2.273460E-01   3.488808E-03
   7.277339E+00   7.874226E+00   2.261554E-01   3.483260E-03
   7.282390E+00   7.901672E+00   2.249567E-01   3.477703E-03
   7.287444E+00   7.929329E+00   2.237485E-01   3.472136E-03
   7.292503E+00   7.957084E+00   2.225461E-01   3.466579E-03
   7.297564E+00   7.984935E+00   2.213497E-01   3.461031E-03
   7.302629E+00   8.013014E+00   2.201715E-01   3.455507E-03
   7.307698E+00   8.041314E+00   2.190104E-01   3.450008E-03
   7.312770E+00   8.069714E+00   2.178550E-01   3.444517E-03
   7.317846E+00   8.098213E+00   2.167051E-01   3.439035E-03
   7.322925E+00   8.126928E+00   2.155444E-01   3.433541E-03
   7.328008E+00   8.155828E+00   2.143774E-01   3.428041E-03
   7.333094E+00   8.184831E+00   2.132160E-01   3.422550E-03
   7.338184E+00   8.213937E+00   2.120604E-01   3.417068E-03
   7.343277E+00   8.243345E+00   2.108924E-01   3.411572E-03
   7.348374E+00   8.272970E+00   2.097201E-01   3.406072E-03
   7.353474E+00   8.302701E+00   2.085537E-01   3.400581E-03
   7.358578E+00   8.332538E+00   2.073932E-01   3.395099E-03
   7.363685E+00   8.362638E+00   2.062550E-01   3.389648E-03
   7.368796E+00   8.392907E+00   2.051288E-01   3.384214E-03
   7.373911E+00   8.423285E+00   2.040081E-01   3.378789E-03
   7.379029E+00   8.453773E+00   2.028930E-01   3.373373E-03
   7.384151E+00   8.484603E+00   2.017612E-01   3.367937E-03
   7.389276E+00   8.515599E+00   2.006299E-01   3.362503E-03
   7.394405E+00   8.546709E+00   1.995042E-01   3.357078E-03
   7.399537E+00   8.577932E+00   1.983843E-01   3.351662E-03
   7.404673E+00   8.609589E+00   1.972678E-01   3.346252E-03
   7.409812E+00   8.641395E+00   1.961567E-01   3.340851E-03
   7.414955E+00   8.673317E+00   1.950513E-01   3.335459E-03
   7.420102E+00   8.705360E+00   1.939514E-01   3.330076E-03
   7.425252E+00   8.737615E+00   1.928546E-01   3.324698E-03
   7.430406E+00   8.769988E+00   1.917635E-01   3.319330E-03
   7.435563E+00   8.802482E+00   1.906779E-01   3.313970E-03
   7.440724E+00   8.835164E+00   1.895940E-01   3.308615E-03
   7.445888E+00   8.868392E+00   1.884930E-01   3.303237E-03
   7.451057E+00   8.901745E+00   1.873977E-01   3.297869E-03
   7.456228E+00   8.935222E+00   1.863081E-01   3.292510E-03
   7.461403E+00   8.968876E+00   1.852234E-01   3.287158E-03
   7.466582E+00   9.002795E+00   1.841425E-01   3.281814E-03
   7.471765E+00   9.036841E+00   1.830673E-01   3.276478E-03
   7.476951E+00   9.071015E+00   1.819977E-01   3.271151E-03
   7.482140E+00   9.105441E+00   1.809326E-01   3.265832E-03
   7.487334E+00   9.140173E+00   1.798716E-01   3.260520E-03
   7.492530E+00   9.175037E+00   1.788162E-01   3.255217E-03
   7.497731E+00   9.210033E+00   1.777662E-01   3.249923E-03
   7.502935E+00   9.245389E+00   1.767204E-01   3.244636E-03
   7.508142E+00   9.281057E+00   1.756790E-01   3.239356E-03
   7.513354E+00   9.316863E+00   1.746431E-01   3.234086E-03
   7.518569E+00   9.352806E+00   1.736125E-01   3.228824E-03
   7.523787E+00   9.389112E+00   1.725691E-01   3.223545E-03
   7.529009E+00   9.425645E+00   1.715244E-01   3.218265E-03
   7.534235E+00   9.462320E+00   1.704852E-01   3.212995E-03
   7.539464E+00   9.499137E+00   1.694517E-01   3.207733E-03
   7.544697E+00   9.536320E+00   1.684214E-01   3.202478E-03
   7.549934E+00   9.573674E+00   1.673963E-01   3.197230E-03
   7.555174E+00   9.611174E+00   1.663768E-01   3.191992E-03
   7.560418E+00   9.648862E+00   1.653608E-01   3.186760E-03
   7.565666E+00   9.687181E+00   1.643276E-01   3.181504E-03
   7.570917E+00   9.725652E+00   1.633001E-01   3.176257E-03
   7.576172E+00   9.764275E+00   1.622782E-01   3.171020E-03
   7.581430E+00   9.803128E+00   1.612672E-01   3.165799E-03
   7.586692E+00   9.842342E+00   1.602757E-01   3.160607E-03
   7.591958E+00   9.881713E+00   1.592896E-01   3.155424E-03
   7.597228E+00   9.921240E+00   1.583089E-01   3.150251E-03
   7.602501E+00   9.961099E+00   1.573221E-01   3.145069E-03
   7.607777E+00   1.000131E+01   1.563281E-01   3.139878E-03
   7.613058E+00   1.004168E+01   1.553396E-01   3.134695E-03
   7.618342E+00   1.008222E+01   1.543566E-01   3.129522E-03
   7.623630E+00   1.012320E+01   1.533773E-01   3.124355E-03
   7.628921E+00   1.016449E+01   1.524027E-01   3.119196E-03
   7.634216E+00   1.020594E+01   1.514334E-01   3.114046E-03
   7.639515E+00   1.024756E+01   1.504696E-01   3.108904E-03
   7.644817E+00   1.028987E+01   1.494898E-01   3.103740E-03
   7.650124E+00   1.033240E+01   1.485135E-01   3.098581E-03
   7.655433E+00   1.037512E+01   1.475427E-01   3.093431E-03
   7.660747E+00   1.041804E+01   1.465770E-01   3.088290E-03
   7.666064E+00   1.046135E+01   1.456146E-01   3.083155E-03
   7.671385E+00   1.050485E+01   1.446577E-01   3.078028E-03
   7.676710E+00   1.054852E+01   1.437063E-01   3.072910E-03
   7.682038E+00   1.059256E+01   1.427593E-01   3.067800E-03
   7.687370E+00   1.063708E+01   1.418162E-01   3.062697E-03
   7.692705E+00   1.068178E+01   1.408785E-01   3.057602E-03
   7.698045E+00   1.072667E+01   1.399461E-01   3.052516E-03
   7.703388E+00   1.077208E+01   1.390048E-01   3.047417E-03
   7.708735E+00   1.081786E+01   1.380607E-01   3.042314E-03
   7.714085E+00   1.086383E+01   1.371221E-01   3.037220E-03
   7.719439E+00   1.091000E+01   1.361890E-01   3.032135E-03
   7.724797E+00   1.095685E+01   1.352591E-01   3.027056E-03
   7.730159E+00   1.100397E+01   1.343343E-01   3.021985E-03
   7.735524E+00   1.105129E+01   1.334150E-01   3.016923E-03
   7.740893E+00   1.109887E+01   1.325007E-01   3.011870E-03
   7.746266E+00   1.114700E+01   1.315896E-01   3.006822E-03
   7.751643E+00   1.119533E+01   1.306839E-01   3.001782E-03
   7.757023E+00   1.124387E+01   1.297836E-01   2.996752E-03
   7.762407E+00   1.129287E+01   1.288788E-01   2.991715E-03
   7.767795E+00   1.134240E+01   1.279675E-01   2.986668E-03
   7.773186E+00   1.139214E+01   1.270617E-01   2.981630E-03
   7.778581E+00   1.144210E+01   1.261614E-01   2.976601E-03
   7.783980E+00   1.149262E+01   1.252645E-01   2.971578E-03
   7.789383E+00   1.154349E+01   1.243724E-01   2.966563E-03
   7.794790E+00   1.159459E+01   1.234858E-01   2.961557E-03
   7.800200E+00   1.164593E+01   1.226037E-01   2.956558E-03
   7.805614E+00   1.169823E+01   1.217066E-01   2.951535E-03
   7.811032E+00   1.175076E+01   1.208150E-01   2.946521E-03
   7.816453E+00   1.180353E+01   1.199290E-01   2.941516E-03
   7.821878E+00   1.185671E+01   1.190475E-01   2.936518E-03
   7.827307E+00   1.191049E+01   1.181698E-01   2.931527E-03
   7.832740E+00   1.196450E+01   1.172976E-01   2.926545E-03
   7.838177E+00   1.201877E+01   1.164308E-01   2.921572E-03
   7.843617E+00   1.207360E+01   1.155676E-01   2.916605E-03
   7.849061E+00   1.212886E+01   1.147090E-01   2.911646E-03
   7.854509E+00   1.218437E+01   1.138558E-01   2.906695E-03
   7.859961E+00   1.224014E+01   1.130079E-01   2.901754E-03
   7.865416E+00   1.229693E+01   1.121451E-01   2.896787E-03
   7.870875E+00   1.235399E+01   1.112878E-01   2.891829E-03
   7.876338E+00   1.241131E+01   1.104359E-01   2.886880E-03
   7.881805E+00   1.246909E+01   1.095886E-01   2.881939E-03
   7.887276E+00   1.252750E+01   1.087449E-01   2.877003E-03
   7.892750E+00   1.258619E+01   1.079067E-01   2.872077E-03
   7.898228E+00   1.264515E+01   1.070739E-01   2.867160E-03
   7.903710E+00   1.270495E+01   1.062330E-01   2.862228E-03
   7.909196E+00   1.276531E+01   1.053913E-01   2.857295E-03
   7.914686E+00   1.282595E+01   1.045550E-01   2.852370E-03
   7.920179E+00   1.288689E+01   1.037242E-01   2.847455E-03
   7.925677E+00   1.294871E+01   1.028963E-01   2.842544E-03
   7.931178E+00   1.301083E+01   1.020739E-01   2.837642E-03
   7.936683E+00   1.307324E+01   1.012569E-01   2.832750E-03
   7.942191E+00   1.313630E+01   1.004376E-01   2.827853E-03
   7.947704E+00   1.320019E+01   9.961218E-02   2.822944E-03
   7.953220E+00   1.326440E+01   9.879236E-02   2.818044E-03
   7.958740E+00   1.332892E+01   9.797809E-02   2.813154E-03
   7.964264E+00   1.339434E+01   9.716725E-02   2.808269E-03
   7.969792E+00   1.346025E+01   9.636130E-02   2.803392E-03
   7.975324E+00   1.352649E+01   9.556083E-02   2.798524E-03
   7.980859E+00   1.359317E+01   9.476540E-02   2.793664E-03
   7.986399E+00   1.366079E+01   9.397316E-02   2.788810E-03
   7.991942E+00   1.372874E+01   9.318633E-02   2.783965E-03
   7.997489E+00   1.379702E+01   9.240490E-02   2.779129E-03
   8.003040E+00   1.386620E+01   9.161871E-02   2.774283E-03
   8.008595E+00   1.393617E+01   9.082967E-02   2.769431E-03
   8.014153E+00   1.400649E+01   9.004615E-02   2.764588E-03
   8.019716E+00   1.407717E+01   8.926812E-02   2.759754E-03
   8.025282E+00   1.414898E+01   8.847826E-02   2.754897E-03
   8.030852E+00   1.422120E+01   8.769312E-02   2.750047E-03
   8.036426E+00   1.429380E+01   8.691360E-02   2.745207E-03
   8.042004E+00   1.436714E+01   8.613868E-02   2.740375E-03
   8.047586E+00   1.444155E+01   8.536757E-02   2.735548E-03
   8.053172E+00   1.451633E+01   8.460202E-02   2.730730E-03
   8.058761E+00   1.459151E+01   8.384199E-02   2.725922E-03
   8.064355E+00   1.466783E+01   8.307367E-02   2.721096E-03
   8.069952E+00   1.474476E+01   8.230709E-02   2.716272E-03
   8.075553E+00   1.482209E+01   8.154616E-02   2.711458E-03
   8.081158E+00   1.490002E+01   8.079028E-02   2.706652E-03
   8.086767E+00   1.497912E+01   8.003780E-02   2.701850E-03
   8.092380E+00   1.505864E+01   7.929091E-02   2.697059E-03
   8.097997E+00   1.513858E+01   7.854958E-02   2.692276E-03
   8.103618E+00   1.521973E+01   7.780270E-02   2.687481E-03
   8.109242E+00   1.530175E+01   7.705536E-02   2.682683E-03
   8.114871E+00   1.538422E+01   7.631372E-02   2.677894E-03
   8.120503E+00   1.546723E+01   7.557619E-02   2.673112E-03
   8.126140E+00   1.555174E+01   7.482888E-02   2.668308E-03
   8.131780E+00   1.563672E+01   7.408737E-02   2.663514E-03
   8.137424E+00   1.572216E+01   7.335165E-02   2.658729E-03
   8.143072E+00   1.580874E+01   7.262012E-02   2.653950E-03
   8.148724E+00   1.589637E+01   7.189302E-02   2.649179E-03
   8.154380E+00   1.598449E+01   7.117162E-02   2.644417E-03
   8.160040E+00   1.607310E+01   7.045589E-02   2.639664E-03
   8.165703E+00   1.616325E+01   6.974302E-02   2.634915E-03
   8.171371E+00   1.625390E+01   6.903579E-02   2.630176E-03
   8.177043E+00   1.634506E+01   6.833416E-02   2.625446E-03
   8.182718E+00   1.643746E+01   6.762395E-02   2.620695E-03
   8.188398E+00   1.653120E+01   6.690418E-02   2.615922E-03
   8.194081E+00   1.662546E+01   6.619033E-02   2.611159E-03
   8.199768E+00   1.672026E+01   6.548237E-02   2.606405E-03
   8.205460E+00   1.681694E+01   6.477747E-02   2.601655E-03
   8.211155E+00   1.691423E+01   6.407830E-02   2.596914E-03
   8.216854E+00   1.701208E+01   6.338495E-02   2.592183E-03
   8.222557E+00   1.711119E+01   6.269033E-02   2.587446E-03
   8.228264E+00   1.721171E+01   6.199294E-02   2.582700E-03
   8.233976E+00   1.731282E+01   6.130149E-02   2.577964E-03
   8.239691E+00   1.741452E+01   6.061593E-02   2.573238E-03
   8.245410E+00   1.751820E+01   5.993350E-02   2.568516E-03
   8.251133E+00   1.762258E+01   5.925677E-02   2.563803E-03
   8.256860E+00   1.772757E+01   5.858587E-02   2.559099E-03
   8.262590E+00   1.783397E+01   5.791390E-02   2.554390E-03
   8.268325E+00   1.794194E+01   5.723952E-02   2.549672E-03
   8.274064E+00   1.805056E+01   5.657110E-02   2.544964E-03
   8.279807E+00   1.815985E+01   5.590858E-02   2.540266E-03
   8.285554E+00   1.827159E+01   5.523753E-02   2.535544E-03
   8.291305E+00   1.838407E+01   5.457204E-02   2.530831E-03
   8.297060E+00   1.849726E+01   5.391258E-02   2.526129E-03
   8.302819E+00   1.861199E+01   5.325190E-02   2.521419E-03
   8.308581E+00   1.872832E+01   5.258982E-02   2.516702E-03
   8.314348E+00   1.884538E+01   5.193388E-02   2.511995E-03
   8.320119E+00   1.896322E+01   5.128375E-02   2.507297E-03
   8.325894E+00   1.908388E+01   5.062554E-02   2.502575E-03
   8.331673E+00   1.920531E+01   4.997360E-02   2.497864E-03
   8.337456E+00   1.932751E+01   4.932787E-02   2.493163E-03
   8.343242E+00   1.945154E+01   4.868663E-02   2.488468E-03
   8.349033E+00   1.957720E+01   4.805024E-02   2.483781E-03
   8.354828E+00   1.970367E+01   4.741998E-02   2.479103E-03
   8.360627E+00   1.983120E+01   4.679431E-02   2.474432E-03
   8.366430E+00   1.996156E+01   4.616237E-02   2.469740E-03
   8.372237E+00   2.009277E+01   4.553668E-02   2.465059E-03
   8.378048E+00   2.022485E+01   4.491720E-02   2.460387E-03
   8.383863E+00   2.035935E+01   4.429481E-02   2.455704E-03
   8.389682E+00   2.049554E+01   4.367416E-02   2.451018E-03
   8.395505E+00   2.063264E+01   4.305983E-02   2.446344E-03
   8.401333E+00   2.077128E+01   4.244631E-02   2.441665E-03
   8.407164E+00   2.091292E+01   4.182083E-02   2.436950E-03
   8.412999E+00   2.105553E+01   4.120198E-02   2.432245E-03
   8.418838E+00   2.119912E+01   4.058973E-02   2.427551E-03
   8.424682E+00   2.134560E+01   3.998149E-02   2.422861E-03
   8.430529E+00   2.149358E+01   3.937918E-02   2.418180E-03
   8.436381E+00   2.164258E+01   3.878337E-02   2.413510E-03
   8.442236E+00   2.179375E+01   3.818906E-02   2.408837E-03
   8.448096E+00   2.194782E+01   3.759332E-02   2.404153E-03
   8.453959E+00   2.210298E+01   3.700420E-02   2.399481E-03
   8.459827E+00   2.225924E+01   3.642163E-02   2.394819E-03
   8.465699E+00   2.241941E+01   3.583331E-02   2.390133E-03
   8.471575E+00   2.258083E+01   3.525135E-02   2.385458E-03
   8.477455E+00   2.274342E+01   3.467605E-02   2.380793E-03
   8.483339E+00   2.290906E+01   3.410032E-02   2.376120E-03
   8.489227E+00   2.307734E+01   3.352599E-02   2.371442E-03
   8.495119E+00   2.324687E+01   3.295844E-02   2.366775E-03
   8.501016E+00   2.341824E+01   3.239394E-02   2.362109E-03
   8.506916E+00   2.359377E+01   3.181877E-02   2.357403E-03
   8.512820E+00   2.377063E+01   3.125069E-02   2.352708E-03
   8.518729E+00   2.394881E+01   3.068963E-02   2.348024E-03
   8.524642E+00   2.413113E+01   3.013303E-02   2.343345E-03
   8.530559E+00   2.431561E+01   2.958272E-02   2.338675E-03
   8.536479E+00   2.450151E+01   2.903934E-02   2.334016E-03
   8.542404E+00   2.469050E+01   2.849468E-02   2.329343E-03
   8.548334E+00   2.488340E+01   2.794522E-02   2.324645E-03
   8.554267E+00   2.507782E+01   2.740300E-02   2.319959E-03
   8.560204E+00   2.527390E+01   2.686755E-02   2.315284E-03
   8.566146E+00   2.547555E+01   2.632830E-02   2.310585E-03
   8.572091E+00   2.567881E+01   2.579638E-02   2.305898E-03
   8.578041E+00   2.588370E+01   2.527174E-02   2.301222E-03
   8.583995E+00   2.609335E+01   2.474158E-02   2.296517E-03
   8.589953E+00   2.630624E+01   2.421274E-02   2.291804E-03
   8.595915E+00   2.652088E+01   2.369148E-02   2.287103E-03
   8.601881E+00   2.673886E+01   2.317430E-02   2.282402E-03
   8.607852E+00   2.696207E+01   2.265729E-02   2.277688E-03
   8.613826E+00   2.718716E+01   2.214795E-02   2.272987E-03
   8.619805E+00   2.741414E+01   2.164623E-02   2.268298E-03
   8.625788E+00   2.764811E+01   2.114189E-02   2.263586E-03
   8.631775E+00   2.788426E+01   2.064499E-02   2.258884E-03
   8.637766E+00   2.812244E+01   2.015579E-02   2.254196E-03
   8.643761E+00   2.836637E+01   1.966341E-02   2.249480E-03
   8.649761E+00   2.861464E+01   1.917259E-02   2.244754E-03
   8.655764E+00   2.886510E+01   1.868979E-02   2.240041E-03
   8.661772E+00   2.911967E+01   1.820997E-02   2.235322E-03
   8.667784E+00   2.938107E+01   1.772653E-02   2.230572E-03
   8.673800E+00   2.964483E+01   1.725140E-02   2.225835E-03
   8.679821E+00   2.991098E+01   1.678450E-02   2.221111E-03
   8.685845E+00   3.018597E+01   1.631641E-02   2.216363E-03
   8.691874E+00   3.046372E+01   1.585644E-02   2.211628E-03
   8.697907E+00   3.074404E+01   1.540478E-02   2.206906E-03
   8.703944E+00   3.103189E+01   1.495130E-02   2.202156E-03
   8.709985E+00   3.132509E+01   1.450107E-02   2.197397E-03
   8.716030E+00   3.162109E+01   1.405947E-02   2.192652E-03
   8.722080E+00   3.192275E+01   1.362129E-02   2.187899E-03
   8.728134E+00   3.223281E+01   1.318217E-02   2.183118E-03
   8.734192E+00   3.254591E+01   1.275196E-02   2.178352E-03
   8.740254E+00   3.286245E+01   1.232999E-02   2.173596E-03
   8.746321E+00   3.319064E+01   1.190334E-02   2.168794E-03
   8.752391E+00   3.352214E+01   1.148590E-02   2.164005E-03
   8.758466E+00   3.385698E+01   1.107760E-02   2.159232E-03
   8.764545E+00   3.420269E+01   1.066827E-02   2.154424E-03
   8.770629E+00   3.455453E+01   1.026500E-02   2.149615E-03
   8.776716E+00   3.491003E+01   9.871157E-03   2.144821E-03
   8.782808E+00   3.527419E+01   9.480725E-03   2.140012E-03
   8.788904E+00   3.564804E+01   9.093037E-03   2.135183E-03
   8.795004E+00   3.602591E+01   8.715076E-03   2.130369E-03
   8.801109E+00   3.641000E+01   8.344521E-03   2.125559E-03
   8.807217E+00   3.680806E+01   7.973866E-03   2.120710E-03
   8.813330E+00   3.721054E+01   7.613235E-03   2.115877E-03
   8.819447E+00   3.761749E+01   7.262518E-03   2.111060E-03
   8.825569E+00   3.804153E+01   6.907657E-03   2.106177E-03
   8.831694E+00   3.847168E+01   6.561931E-03   2.101302E-03
   8.837824E+00   3.890677E+01   6.226643E-03   2.096443E-03
   8.843959E+00   3.935658E+01   5.892412E-03   2.091542E-03
   8.850097E+00   3.981709E+01   5.564027E-03   2.086626E-03
   8.856240E+00   4.028308E+01   5.246612E-03   2.081726E-03
   8.862387E+00   4.076112E+01   4.934869E-03   2.076808E-03
   8.868538E+00   4.125531E+01   4.626338E-03   2.071852E-03
   8.874693E+00   4.175561E+01   4.329312E-03   2.066913E-03
   8.880853E+00   4.226464E+01   4.042401E-03   2.061982E-03
   8.887017E+00   4.279616E+01   3.759323E-03   2.057010E-03
   8.893185E+00   4.333448E+01   3.488045E-03   2.052057E-03
   8.899358E+00   4.387971E+01   3.228424E-03   2.047121E-03
   8.905535E+00   4.445174E+01   2.968495E-03   2.042100E-03
   8.911716E+00   4.503370E+01   2.719728E-03   2.037085E-03
   8.917902E+00   4.562345E+01   2.483401E-03   2.032090E-03
   8.924091E+00   4.623737E+01   2.253219E-03   2.027051E-03
   8.930285E+00   4.686820E+01   2.032865E-03   2.022001E-03
   8.936484E+00   4.750782E+01   1.825492E-03   2.016970E-03
   8.942686E+00   4.816845E+01   1.625791E-03   2.011898E-03
   8.948893E+00   4.885451E+01   1.433148E-03   2.006767E-03
   8.955105E+00   4.955058E+01   1.254559E-03   2.001657E-03
   8.961320E+00   5.026351E+01   1.088449E-03   1.996547E-03
   8.967540E+00   5.101215E+01   9.315554E-04   1.991383E-03
   8.973764E+00   5.177223E+01   7.892744E-04   1.986241E-03
   8.979993E+00   5.254392E+01   6.614035E-04   1.981121E-03
   8.986226E+00   5.336686E+01   5.412854E-04   1.975879E-03
   8.992463E+00   5.420308E+01   4.368910E-04   1.970661E-03
   8.998704E+00   5.505277E+01   3.480032E-04   1.965466E-03
   9.004950E+00   5.595047E+01   2.717965E-04   1.960198E-03
   9.011200E+00   5.687237E+01   2.113405E-04   1.954928E-03
   9.017455E+00   5.780990E+01   1.672322E-04   1.949683E-03
   9.023714E+00   5.879419E+01   1.383783E-04   1.944359E-03
   9.029977E+00   5.981730E+01   1.266273E-04   1.938988E-03
   9.036244E+00   6.085876E+01   1.327551E-04   1.933645E-03
   9.042516E+00   6.194468E+01   1.573146E-04   1.928261E-03
   9.048793E+00   6.308980E+01   2.020198E-04   1.922807E-03
   9.055073E+00   6.425677E+01   2.660083E-04   1.917380E-03
   9.061358E+00   6.546207E+01   3.503716E-04   1.911941E-03
   9.067647E+00   6.675010E+01   4.601318E-04   1.906383E-03
   9.073941E+00   6.806435E+01   5.909461E-04   1.900855E-03
   9.080239E+00   6.940892E+01   7.429285E-04   1.895350E-03
   9.086542E+00   7.087305E+01   9.285755E-04   1.889674E-03
   9.092848E+00   7.236917E+01   1.137392E-03   1.884031E-03
   9.099160E+00   7.389803E+01   1.368983E-03   1.878421E-03
   9.105475E+00   7.556122E+01   1.641364E-03   1.872642E-03
   9.111795E+00   7.727911E+01   1.942027E-03   1.866868E-03
   9.118119E+00   7.903756E+01   2.267944E-03   1.861131E-03
   9.124448E+00   8.094304E+01   2.640752E-03   1.855244E-03
   9.130781E+00   8.294204E+01   3.051069E-03   1.849319E-03
   9.137119E+00   8.499240E+01   3.489705E-03   1.843434E-03
   9.143461E+00   8.720024E+01   3.980979E-03   1.837423E-03
   9.149807E+00   8.955749E+01   4.524499E-03   1.831319E-03
   9.156158E+00   9.198115E+01   5.100241E-03   1.825258E-03
   9.162513E+00   9.457495E+01   5.733165E-03   1.819104E-03
   9.168872E+00   9.740551E+01   6.441051E-03   1.812786E-03
   9.175236E+00   1.003245E+02   7.186198E-03   1.806518E-03
   9.181605E+00   1.034232E+02   7.991040E-03   1.800196E-03
   9.187977E+00   1.068936E+02   8.906076E-03   1.793621E-03
   9.194355E+00   1.104856E+02   9.865085E-03   1.787103E-03
   9.200736E+00   1.142615E+02   1.088251E-02   1.780585E-03
   9.207122E+00   1.186319E+02   1.206625E-02   1.773690E-03
   9.213513E+00   1.231771E+02   1.330332E-02   1.766862E-03
   9.219908E+00   1.279045E+02   1.459272E-02   1.760099E-03
   9.226307E+00   1.335928E+02   1.613229E-02   1.752810E-03
   9.232711E+00   1.395576E+02   1.774157E-02   1.745591E-03
   9.239119E+00   1.458009E+02   1.941656E-02   1.738451E-03
   9.245532E+00   1.534156E+02   2.141779E-02   1.730732E-03
   9.251949E+00   1.616279E+02   2.354703E-02   1.723005E-03
   9.258371E+00   1.702995E+02   2.576287E-02   1.715372E-03
   9.264797E+00   1.810885E+02   2.841948E-02   1.707088E-03
   9.271227E+00   1.931845E+02   3.131560E-02   1.698668E-03
   9.277662E+00   2.061219E+02   3.433417E-02   1.690366E-03
   9.284102E+00   2.226549E+02   3.796405E-02   1.681329E-03
   9.290546E+00   2.422414E+02   4.205115E-02   1.671953E-03
   9.296994E+00   2.636089E+02   4.632924E-02   1.662718E-03
   9.303447E+00   2.916499E+02   5.141902E-02   1.652747E-03
   9.309904E+00   3.273864E+02   5.734354E-02   1.642165E-03
   9.316366E+00   3.675756E+02   6.360414E-02   1.631702E-03
   9.322832E+00   4.184033E+02   7.042535E-02   1.621113E-03
   9.329303E+00   4.845854E+02   7.798731E-02   1.610216E-03
   9.335779E+00   5.610108E+02   8.612018E-02   1.599132E-03
   9.342258E+00   6.443551E+02   9.372011E-02   1.588938E-03
   9.348743E+00   7.294350E+02   9.967964E-02   1.580583E-03
   9.355231E+00   8.246914E+02   1.062230E-01   1.571664E-03
   9.361725E+00   9.199961E+02   1.122695E-01   1.563228E-03
   9.368223E+00   9.923791E+02   1.155400E-01   1.557588E-03
   9.374725E+00   1.069392E+03   1.192099E-01   1.551564E-03
   9.381232E+00   1.145421E+03   1.228395E-01   1.545620E-03
   9.387743E+00   1.200335E+03   1.247132E-01   1.541546E-03
   9.394259E+00   1.257190E+03   1.268573E-01   1.537293E-03
   9.400779E+00   1.313825E+03   1.291257E-01   1.533023E-03
   9.407304E+00   1.356111E+03   1.303902E-01   1.529861E-03
   9.413834E+00   1.399353E+03   1.318504E-01   1.526621E-03
   9.420368E+00   1.442915E+03   1.334697E-01   1.523348E-03
   9.426906E+00   1.476699E+03   1.344602E-01   1.520755E-03
   9.433449E+00   1.511050E+03   1.356003E-01   1.518130E-03
   9.439997E+00   1.545971E+03   1.368967E-01   1.515474E-03
   9.446549E+00   1.573902E+03   1.377588E-01   1.513252E-03
   9.453105E+00   1.602222E+03   1.387393E-01   1.511018E-03
   9.459667E+00   1.630942E+03   1.398430E-01   1.508772E-03
   9.466233E+00   1.655016E+03   1.406689E-01   1.506778E-03
   9.472803E+00   1.679126E+03   1.415712E-01   1.504794E-03
   9.479378E+00   1.703549E+03   1.425736E-01   1.502806E-03
   9.485957E+00   1.724702E+03   1.433829E-01   1.500971E-03
   9.492541E+00   1.745735E+03   1.442437E-01   1.499152E-03
   9.499130E+00   1.767029E+03   1.451879E-01   1.497332E-03
   9.505723E+00   1.785955E+03   1.459954E-01   1.495599E-03
   9.512321E+00   1.804703E+03   1.468394E-01   1.493879E-03
   9.518923E+00   1.823677E+03   1.477542E-01   1.492160E-03
   9.525530E+00   1.840855E+03   1.485635E-01   1.490494E-03
   9.532141E+00   1.857837E+03   1.493990E-01   1.488839E-03
   9.538758E+00   1.875020E+03   1.502956E-01   1.487184E-03
   9.545378E+00   1.890795E+03   1.511090E-01   1.485556E-03
   9.552004E+00   1.906376E+03   1.519419E-01   1.483935E-03
   9.558633E+00   1.922139E+03   1.528281E-01   1.482313E-03
   9.565268E+00   1.936778E+03   1.536479E-01   1.480700E-03
   9.571907E+00   1.951242E+03   1.544833E-01   1.479088E-03
   9.578551E+00   1.965872E+03   1.553656E-01   1.477476E-03
   9.585199E+00   1.979560E+03   1.561893E-01   1.475864E-03
   9.591852E+00   1.993087E+03   1.570251E-01   1.474252E-03
   9.598509E+00   2.006767E+03   1.579024E-01   1.472639E-03
   9.605172E+00   2.019659E+03   1.587311E-01   1.471014E-03
   9.611838E+00   2.032419E+03   1.595707E-01   1.469385E-03
   9.618510E+00   2.045317E+03   1.604474E-01   1.467754E-03
   9.625186E+00   2.057516E+03   1.612779E-01   1.466108E-03
   9.631866E+00   2.069600E+03   1.621177E-01   1.464457E-03
   9.638552E+00   2.081812E+03   1.629905E-01   1.462804E-03
   9.645242E+00   2.093401E+03   1.638219E-01   1.461128E-03
   9.651936E+00   2.104899E+03   1.646623E-01   1.459445E-03
   9.658635E+00   2.116515E+03   1.655324E-01   1.457759E-03
   9.665339E+00   2.127558E+03   1.663634E-01   1.456043E-03
   9.672048E+00   2.138530E+03   1.672033E-01   1.454319E-03
   9.678761E+00   2.149610E+03   1.680700E-01   1.452592E-03
   9.685479E+00   2.160154E+03   1.688978E-01   1.450834E-03
   9.692201E+00   2.170650E+03   1.697348E-01   1.449067E-03
   9.698929E+00   2.181246E+03   1.705957E-01   1.447297E-03
   9.705660E+00   2.191308E+03   1.714171E-01   1.445488E-03
   9.712397E+00   2.201340E+03   1.722478E-01   1.443670E-03
   9.719138E+00   2.211461E+03   1.730998E-01   1.441849E-03
   9.725884E+00   2.221073E+03   1.739143E-01   1.439980E-03
   9.732635E+00   2.230677E+03   1.747390E-01   1.438101E-03
   9.739390E+00   2.240361E+03   1.755828E-01   1.436221E-03
   9.746150E+00   2.249518E+03   1.763859E-01   1.434284E-03
   9.752914E+00   2.258685E+03   1.771998E-01   1.432340E-03
   9.759684E+00   2.267925E+03   1.780304E-01   1.430394E-03
   9.766458E+00   2.276615E+03   1.788185E-01   1.428381E-03
   9.773237E+00   2.285336E+03   1.796181E-01   1.426362E-03
   9.780020E+00   2.294119E+03   1.804321E-01   1.424341E-03
   9.786808E+00   2.302330E+03   1.812023E-01   1.422237E-03
   9.793601E+00   2.310593E+03   1.819849E-01   1.420132E-03
   9.800398E+00   2.318874E+03   1.827767E-01   1.418020E-03
   9.807201E+00   2.326612E+03   1.835296E-01   1.415813E-03
   9.814008E+00   2.334393E+03   1.842927E-01   1.413606E-03
   9.820819E+00   2.342139E+03   1.850596E-01   1.411383E-03
   9.827636E+00   2.349334E+03   1.857879E-01   1.409055E-03
   9.834457E+00   2.356564E+03   1.865240E-01   1.406727E-03
   9.841283E+00   2.363700E+03   1.872591E-01   1.404371E-03
   9.848114E+00   2.370312E+03   1.879612E-01   1.401896E-03
   9.854949E+00   2.376948E+03   1.886692E-01   1.399422E-03
   9.861789E+00   2.383411E+03   1.893702E-01   1.396900E-03
   9.868634E+00   2.389333E+03   1.900396E-01   1.394242E-03
   9.875484E+00   2.395267E+03   1.907125E-01   1.391587E-03
   9.882338E+00   2.400929E+03   1.913737E-01   1.388851E-03
   9.889197E+00   2.406047E+03   1.920074E-01   1.385960E-03
   9.896061E+00   2.411165E+03   1.926424E-01   1.383074E-03
   9.902930E+00   2.415879E+03   1.932626E-01   1.380054E-03
   9.909803E+00   2.420040E+03   1.938608E-01   1.376856E-03
   9.916682E+00   2.424188E+03   1.944579E-01   1.373666E-03
   9.923565E+00   2.427765E+03   1.950428E-01   1.370254E-03
   9.930452E+00   2.430798E+03   1.956148E-01   1.366641E-03
   9.937345E+00   2.433804E+03   1.961835E-01   1.363041E-03
   9.944242E+00   2.435984E+03   1.967529E-01   1.359062E-03
   9.951144E+00   2.437627E+03   1.973203E-01   1.354858E-03
   9.958051E+00   2.439227E+03   1.978823E-01   1.350674E-03
   9.964963E+00   2.439739E+03   1.984997E-01   1.345820E-03
   9.971879E+00   2.439785E+03   1.991345E-01   1.340730E-03
   9.978801E+00   2.439776E+03   1.997619E-01   1.335674E-03
   9.985727E+00   2.438425E+03   2.005951E-01   1.329376E-03
   9.992658E+00   2.436732E+03   2.014630E-01   1.322872E-03
   9.999593E+00   2.434966E+03   2.023188E-01   1.316432E-03
   1.000653E+01   2.432143E+03   2.038300E-01   1.307508E-03
   1.001348E+01   2.429114E+03   2.053519E-01   1.298556E-03
   1.002043E+01   2.426071E+03   2.069606E-01   1.289403E-03
   1.002738E+01   2.424528E+03   2.103521E-01   1.275505E-03
   1.003434E+01   2.422235E+03   2.135602E-01   1.261952E-03
   1.004131E+01   2.421639E+03   2.175863E-01   1.246762E-03
   1.004828E+01   2.427612E+03   2.252920E-01   1.224087E-03
   1.005525E+01   2.426787E+03   2.317609E-01   1.202978E-03
   1.006223E+01   2.425232E+03   2.396219E-01   1.181287E-03
   1.006922E+01   2.415110E+03   2.512843E-01   1.160115E-03
   1.007620E+01   2.376908E+03   2.620452E-01   1.146184E-03
   1.008320E+01   2.350116E+03   2.809526E-01   1.140076E-03
   1.009020E+01   2.379411E+03   3.212278E-01   1.130784E-03
   1.009720E+01   2.456217E+03   3.874993E-01   1.107882E-03
   1.010421E+01   2.679205E+03   4.876278E-01   1.072571E-03
   1.011122E+01   3.053941E+03   6.258986E-01   1.025907E-03
   1.011824E+01   3.555472E+03   8.179628E-01   9.661610E-04
   1.012526E+01   4.220454E+03   1.015780E+00   9.188895E-04
   1.013229E+01   4.943066E+03   1.209493E+00   8.903971E-04
   1.013932E+01   5.650826E+03   1.401040E+00   8.792319E-04
   1.014636E+01   5.947139E+03   1.366557E+00   9.311002E-04
   1.015340E+01   6.115740E+03   1.306651E+00   1.001698E-03
   1.016045E+01   6.168038E+03   1.242011E+00   1.085698E-03
   1.016750E+01   5.800432E+03   1.055134E+00   1.163065E-03
   1.017456E+01   5.465791E+03   9.114592E-01   1.241230E-03
   1.018162E+01   5.160039E+03   8.017411E-01   1.310392E-03
   1.018869E+01   4.890346E+03   7.135159E-01   1.343491E-03
   1.019576E+01   4.640147E+03   6.384762E-01   1.375366E-03
   1.020284E+01   4.422109E+03   5.775876E-01   1.400950E-03
   1.020992E+01   4.238367E+03   5.285928E-01   1.417918E-03
   1.021701E+01   4.064681E+03   4.849792E-01   1.434076E-03
   1.022410E+01   3.886238E+03   4.415426E-01   1.445367E-03
   1.023119E+01   3.707846E+03   3.998100E-01   1.452827E-03
   1.023829E+01   3.539589E+03   3.626752E-01   1.459464E-03
   1.024540E+01   3.404406E+03   3.319417E-01   1.452038E-03
   1.025251E+01   3.281330E+03   3.048710E-01   1.440629E-03
   1.025963E+01   3.162476E+03   2.803934E-01   1.429534E-03
   1.026675E+01   3.121416E+03   2.710156E-01   1.411028E-03
   1.027387E+01   3.083421E+03   2.631184E-01   1.392961E-03
   1.028101E+01   3.049633E+03   2.567963E-01   1.375775E-03
   1.028814E+01   3.046327E+03   2.563594E-01   1.359549E-03
   1.029528E+01   3.041824E+03   2.561744E-01   1.343885E-03
   1.030243E+01   3.038848E+03   2.566531E-01   1.328814E-03
   1.030958E+01   3.040002E+03   2.581730E-01   1.314330E-03
   1.031673E+01   3.040046E+03   2.598313E-01   1.300297E-03
   1.032390E+01   3.039203E+03   2.619990E-01   1.285029E-03
   1.033106E+01   3.036917E+03   2.646244E-01   1.268966E-03
   1.033823E+01   3.032841E+03   2.673437E-01   1.253545E-03
   1.034541E+01   3.034156E+03   2.737517E-01   1.231600E-03
   1.035259E+01   3.032974E+03   2.814413E-01   1.208779E-03
   1.035977E+01   3.026482E+03   2.891178E-01   1.187474E-03
   1.036696E+01   3.075456E+03   3.184487E-01   1.149183E-03
   1.037416E+01   3.115650E+03   3.526933E-01   1.112703E-03
   1.038136E+01   3.188377E+03   4.022288E-01   1.075186E-03
   1.038857E+01   3.479429E+03   5.196256E-01   1.020063E-03
   1.039578E+01   3.903768E+03   7.081357E-01   9.470022E-04
   1.040299E+01   4.598160E+03   9.837063E-01   8.703627E-04
   1.041021E+01   5.532351E+03   1.303197E+00   8.199419E-04
   1.041744E+01   6.499474E+03   1.680904E+00   7.853636E-04
   1.042467E+01   6.952487E+03   1.749454E+00   8.309554E-04
   1.043190E+01   7.030870E+03   1.639951E+00   9.276327E-04
   1.043914E+01   6.987737E+03   1.552787E+00   1.042782E-03
   1.044639E+01   6.483645E+03   1.294685E+00   1.130556E-03
   1.045364E+01   5.976456E+03   1.077942E+00   1.214213E-03
   1.046090E+01   5.540435E+03   9.217682E-01   1.290728E-03
   1.046816E+01   5.298537E+03   8.335977E-01   1.307646E-03
   1.047542E+01   5.068072E+03   7.553520E-01   1.323864E-03
   1.048269E+01   4.889831E+03   6.975878E-01   1.334123E-03
   1.048997E+01   4.786095E+03   6.636052E-01   1.335193E-03
   1.049725E+01   4.684384E+03   6.314006E-01   1.336160E-03
   1.050454E+01   4.614144E+03   6.092152E-01   1.335097E-03
   1.051183E+01   4.562483E+03   5.927731E-01   1.332849E-03
   1.051912E+01   4.511252E+03   5.767876E-01   1.330605E-03
   1.052642E+01   4.481119E+03   5.670286E-01   1.327712E-03
   1.053373E+01   4.453913E+03   5.582171E-01   1.324744E-03
   1.054104E+01   4.428680E+03   5.500718E-01   1.321770E-03
   1.054836E+01   4.414848E+03   5.451907E-01   1.318676E-03
   1.055568E+01   4.401022E+03   5.403533E-01   1.315596E-03
   1.056301E+01   4.390592E+03   5.365022E-01   1.312540E-03
   1.057034E+01   4.385033E+03   5.340288E-01   1.309508E-03
   1.057767E+01   4.379467E+03   5.315680E-01   1.306486E-03
   1.058502E+01   4.377487E+03   5.301188E-01   1.303527E-03
   1.059236E+01   4.377170E+03   5.291382E-01   1.300600E-03
   1.059971E+01   4.376851E+03   5.281616E-01   1.297680E-03
   1.060707E+01   4.380463E+03   5.282872E-01   1.294871E-03
   1.061443E+01   4.384241E+03   5.284601E-01   1.292070E-03
   1.062180E+01   4.388681E+03   5.288183E-01   1.289289E-03
   1.062917E+01   4.395160E+03   5.297446E-01   1.286557E-03
   1.063655E+01   4.401655E+03   5.306761E-01   1.283828E-03
   1.064393E+01   4.409421E+03   5.319658E-01   1.281146E-03
   1.065132E+01   4.418309E+03   5.335731E-01   1.278505E-03
   1.065871E+01   4.427224E+03   5.351894E-01   1.275865E-03
   1.066611E+01   4.437639E+03   5.372299E-01   1.273268E-03
   1.067352E+01   4.448398E+03   5.393704E-01   1.270682E-03
   1.068092E+01   4.459395E+03   5.415813E-01   1.268101E-03
   1.068834E+01   4.471856E+03   5.442096E-01   1.265552E-03
   1.069576E+01   4.484359E+03   5.468558E-01   1.263005E-03
   1.070318E+01   4.497391E+03   5.496625E-01   1.260487E-03
   1.071061E+01   4.511118E+03   5.526801E-01   1.258008E-03
   1.071804E+01   4.524892E+03   5.557195E-01   1.255529E-03
   1.072548E+01   4.539692E+03   5.590586E-01   1.253058E-03
   1.073293E+01   4.554894E+03   5.625233E-01   1.250589E-03
   1.074038E+01   4.570199E+03   5.660297E-01   1.248122E-03
   1.074783E+01   4.586499E+03   5.698393E-01   1.245684E-03
   1.075529E+01   4.602857E+03   5.736804E-01   1.243246E-03
   1.076276E+01   4.619699E+03   5.776758E-01   1.240807E-03
   1.077023E+01   4.637331E+03   5.819161E-01   1.238367E-03
   1.077770E+01   4.655028E+03   5.861938E-01   1.235926E-03
   1.078518E+01   4.673439E+03   5.907055E-01   1.233508E-03
   1.079267E+01   4.692207E+03   5.953460E-01   1.231100E-03
   1.080016E+01   4.711061E+03   6.000344E-01   1.228692E-03
   1.080765E+01   4.730788E+03   6.050047E-01   1.226278E-03
   1.081516E+01   4.750588E+03   6.100227E-01   1.223864E-03
   1.082266E+01   4.770856E+03   6.152057E-01   1.221442E-03
   1.083017E+01   4.791920E+03   6.206541E-01   1.219004E-03
   1.083769E+01   4.813062E+03   6.261576E-01   1.216566E-03
   1.084521E+01   4.835010E+03   6.319410E-01   1.214129E-03
   1.085274E+01   4.857363E+03   6.378851E-01   1.211694E-03
   1.086027E+01   4.879832E+03   6.439023E-01   1.209256E-03
   1.086781E+01   4.903288E+03   6.502564E-01   1.206785E-03
   1.087535E+01   4.926832E+03   6.566806E-01   1.204313E-03
   1.088290E+01   4.950903E+03   6.633153E-01   1.201839E-03
   1.089046E+01   4.975769E+03   6.702502E-01   1.199363E-03
   1.089802E+01   5.000726E+03   6.772650E-01   1.196887E-03
   1.090558E+01   5.026537E+03   6.845987E-01   1.194381E-03
   1.091315E+01   5.052715E+03   6.921050E-01   1.191863E-03
   1.092072E+01   5.079114E+03   6.997408E-01   1.189338E-03
   1.092830E+01   5.106802E+03   7.078482E-01   1.186761E-03
   1.093589E+01   5.134594E+03   7.160575E-01   1.184183E-03
   1.094348E+01   5.163048E+03   7.245559E-01   1.181590E-03
   1.095107E+01   5.192273E+03   7.333856E-01   1.178981E-03
   1.095868E+01   5.221604E+03   7.423309E-01   1.176371E-03
   1.096628E+01   5.252275E+03   7.518104E-01   1.173723E-03
   1.097389E+01   5.283318E+03   7.615083E-01   1.171065E-03
   1.098151E+01   5.314808E+03   7.714507E-01   1.168387E-03
   1.098913E+01   5.347773E+03   7.819885E-01   1.165625E-03
   1.099676E+01   5.380859E+03   7.926791E-01   1.162862E-03
   1.100439E+01   5.415062E+03   8.038724E-01   1.160050E-03
   1.101203E+01   5.450129E+03   8.154934E-01   1.157203E-03
   1.101967E+01   5.485322E+03   8.272913E-01   1.154354E-03
   1.102732E+01   5.522383E+03   8.398969E-01   1.151420E-03
   1.103498E+01   5.559654E+03   8.527322E-01   1.148481E-03
   1.104264E+01   5.597813E+03   8.660514E-01   1.145503E-03
   1.105030E+01   5.637555E+03   8.801285E-01   1.142452E-03
   1.105797E+01   5.677434E+03   8.944438E-01   1.139399E-03
   1.106564E+01   5.719429E+03   9.097391E-01   1.136209E-03
   1.107333E+01   5.762288E+03   9.255771E-01   1.132970E-03
   1.108101E+01   5.805632E+03   9.418348E-01   1.129710E-03
   1.108870E+01   5.851377E+03   9.592870E-01   1.126334E-03
   1.109640E+01   5.897275E+03   9.770733E-01   1.122956E-03
   1.110410E+01   5.945223E+03   9.959566E-01   1.119439E-03
   1.111181E+01   5.995008E+03   1.015896E+00   1.115799E-03
   1.111952E+01   6.044954E+03   1.036247E+00   1.112156E-03
   1.112724E+01   6.098388E+03   1.058438E+00   1.108313E-03
   1.113496E+01   6.152212E+03   1.081215E+00   1.104454E-03
   1.114269E+01   6.207796E+03   1.105186E+00   1.100473E-03
   1.115042E+01   6.266559E+03   1.131031E+00   1.096269E-03
   1.115816E+01   6.325495E+03   1.157496E+00   1.092058E-03
   1.116591E+01   6.388746E+03   1.186495E+00   1.087534E-03
   1.117366E+01   6.453475E+03   1.216848E+00   1.082906E-03
   1.118141E+01   6.519523E+03   1.248545E+00   1.078184E-03
   1.118917E+01   6.590927E+03   1.283626E+00   1.073064E-03
   1.119694E+01   6.662507E+03   1.319716E+00   1.067933E-03
   1.120471E+01   6.739171E+03   1.359361E+00   1.062403E-03
   1.121249E+01   6.819217E+03   1.401917E+00   1.056607E-03
   1.122027E+01   6.899755E+03   1.446019E+00   1.050767E-03
   1.122806E+01   6.989960E+03   1.496828E+00   1.044136E-03
   1.123585E+01   7.080306E+03   1.549466E+00   1.037484E-03
   1.124365E+01   7.176834E+03   1.607590E+00   1.030302E-03
   1.125145E+01   7.280388E+03   1.672204E+00   1.022514E-03
   1.125926E+01   7.383981E+03   1.739477E+00   1.014695E-03
   1.126708E+01   7.502960E+03   1.819635E+00   1.005481E-03
   1.127490E+01   7.623492E+03   1.904696E+00   9.960819E-04
   1.128272E+01   7.751939E+03   1.999671E+00   9.859191E-04
   1.129056E+01   7.895264E+03   2.111070E+00   9.743542E-04
   1.129839E+01   8.038137E+03   2.228839E+00   9.627183E-04
   1.130623E+01   8.207004E+03   2.376193E+00   9.485646E-04
   1.131408E+01   8.381713E+03   2.539902E+00   9.336695E-04
   1.132193E+01   8.567044E+03   2.727389E+00   9.175672E-04
   1.132979E+01   8.786888E+03   2.969688E+00   8.979782E-04
   1.133766E+01   9.003487E+03   3.233949E+00   8.781087E-04
   1.134553E+01   9.262262E+03   3.591528E+00   8.541476E-04
   1.135340E+01   9.532617E+03   4.021973E+00   8.277990E-04
   1.136128E+01   9.797063E+03   4.524035E+00   8.007002E-04
   1.136917E+01   1.006277E+04   5.203454E+00   7.724541E-04
   1.137706E+01   1.030050E+04   5.977971E+00   7.396618E-04
   1.138495E+01   1.036452E+04   6.727254E+00   7.178613E-04
   1.139286E+01   1.027531E+04   7.451653E+00   6.930413E-04
   1.140076E+01   1.006145E+04   8.130870E+00   6.550244E-04
   1.140868E+01   9.370698E+03   8.105231E+00   6.420024E-04
   1.141660E+01   8.540516E+03   7.983495E+00   6.093566E-04
   1.142452E+01   7.509406E+03   7.360542E+00   6.227835E-04
   1.143245E+01   6.393722E+03   6.539375E+00   7.164749E-04
   1.144038E+01   5.336945E+03   5.858498E+00   8.968749E-04
   1.144833E+01   4.511791E+03   4.995023E+00   1.420758E-03
   1.145627E+01   3.702317E+03   4.447603E+00   2.120888E-03
   1.146422E+01   3.075508E+03   3.829396E+00   3.114983E-03
   1.147218E+01   2.485946E+03   3.283572E+00   4.080089E-03
   1.148014E+01   1.913580E+03   3.025228E+00   4.922011E-03
   1.148811E+01   1.641033E+03   2.642856E+00   4.898806E-03
   1.149608E+01   1.375384E+03   2.352538E+00   4.770654E-03
   1.150406E+01   1.184223E+03   2.129105E+00   4.563671E-03
   1.151205E+01   1.053024E+03   1.938539E+00   4.324249E-03
   1.152004E+01   9.314082E+02   1.765970E+00   4.092216E-03
   1.152803E+01   8.514259E+02   1.637897E+00   3.909557E-03
   1.153604E+01   7.762764E+02   1.517534E+00   3.735415E-03
   1.154404E+01   7.141380E+02   1.414437E+00   3.584619E-03
   1.155206E+01   6.632339E+02   1.326222E+00   3.454781E-03
   1.156007E+01   6.151594E+02   1.242178E+00   3.330880E-03
   1.156810E+01   5.790638E+02   1.174441E+00   3.230651E-03
   1.157613E+01   5.445707E+02   1.109328E+00   3.134295E-03
   1.158416E+01   5.151198E+02   1.051114E+00   3.047986E-03
   1.159220E+01   4.899753E+02   9.989488E-01   2.970490E-03
   1.160025E+01   4.659139E+02   9.487687E-01   2.895884E-03
   1.160830E+01   4.476854E+02   9.057966E-01   2.831681E-03
   1.161636E+01   4.299576E+02   8.641729E-01   2.769416E-03
   1.162442E+01   4.151523E+02   8.260484E-01   2.712144E-03
   1.163249E+01   4.026318E+02   7.908265E-01   2.659008E-03
   1.164056E+01   3.906272E+02   7.568431E-01   2.607602E-03
   1.164864E+01   3.826251E+02   7.264436E-01   2.561248E-03
   1.165673E+01   3.746685E+02   6.968900E-01   2.516056E-03
   1.166482E+01   3.692142E+02   6.693476E-01   2.473637E-03
   1.167291E+01   3.653906E+02   6.433399E-01   2.433329E-03
   1.168101E+01   3.620623E+02   6.182086E-01   2.394194E-03
   1.168912E+01   3.625237E+02   5.949347E-01   2.357547E-03
   1.169724E+01   3.628999E+02   5.722761E-01   2.321711E-03
   1.170535E+01   3.664762E+02   5.508071E-01   2.287383E-03
   1.171348E+01   3.717316E+02   5.302055E-01   2.254158E-03
   1.172161E+01   3.781338E+02   5.102646E-01   2.221741E-03
   1.172974E+01   3.893563E+02   4.913001E-01   2.190418E-03
   1.173789E+01   4.008301E+02   4.728625E-01   2.159742E-03
   1.174603E+01   4.178776E+02   4.552018E-01   2.129790E-03
   1.175419E+01   4.375243E+02   4.381602E-01   2.100473E-03
   1.176234E+01   4.605065E+02   4.217451E-01   2.071743E-03
   1.177051E+01   4.911974E+02   4.061335E-01   2.043572E-03
   1.177868E+01   5.238331E+02   3.910970E-01   2.015935E-03
   1.178685E+01   5.676367E+02   3.772948E-01   1.989192E-03
   1.179503E+01   6.169154E+02   3.642942E-01   1.962964E-03
   1.180322E+01   6.745873E+02   3.528151E-01   1.938098E-03
   1.181141E+01   7.447377E+02   3.434047E-01   1.914968E-03
   1.181961E+01   8.220736E+02   3.349389E-01   1.892016E-03
   1.182782E+01   9.120648E+02   3.317698E-01   1.875627E-03
   1.183602E+01   1.012112E+03   3.300241E-01   1.859358E-03
   1.184424E+01   1.115538E+03   3.332038E-01   1.849527E-03
   1.185246E+01   1.221746E+03   3.410622E-01   1.845568E-03
   1.186069E+01   1.334513E+03   3.510529E-01   1.842471E-03
   1.186892E+01   1.416212E+03   3.682702E-01   1.854564E-03
   1.187716E+01   1.502602E+03   3.867821E-01   1.866492E-03
   1.188540E+01   1.551619E+03   4.076234E-01   1.887864E-03
   1.189365E+01   1.579110E+03   4.298611E-01   1.914822E-03
   1.190191E+01   1.590769E+03   4.516075E-01   1.943734E-03
   1.191017E+01   1.550438E+03   4.697561E-01   1.977793E-03
   1.191843E+01   1.510499E+03   4.886747E-01   2.012846E-03
   1.192671E+01   1.426305E+03   4.985833E-01   2.043434E-03
   1.193498E+01   1.336771E+03   5.075179E-01   2.073123E-03
   1.194327E+01   1.239553E+03   5.121353E-01   2.097068E-03
   1.195156E+01   1.130973E+03   5.098366E-01   2.111401E-03
   1.195985E+01   1.031778E+03   5.091504E-01   2.125294E-03
   1.196815E+01   9.317490E+02   4.996816E-01   2.124277E-03
   1.197646E+01   8.411874E+02   4.914733E-01   2.122457E-03
   1.198477E+01   7.603925E+02   4.813896E-01   2.115207E-03
   1.199309E+01   6.879827E+02   4.700642E-01   2.103965E-03
   1.200142E+01   6.232987E+02   4.592707E-01   2.091913E-03
   1.200975E+01   5.685617E+02   4.475894E-01   2.076800E-03
   1.201808E+01   5.185887E+02   4.364933E-01   2.061682E-03
   1.202642E+01   4.765956E+02   4.256191E-01   2.045869E-03
   1.203477E+01   4.389702E+02   4.150671E-01   2.029927E-03
   1.204312E+01   4.057192E+02   4.049723E-01   2.014169E-03
   1.205148E+01   3.771909E+02   3.953390E-01   1.998663E-03
   1.205985E+01   3.506465E+02   3.859694E-01   1.983287E-03
   1.206822E+01   3.286560E+02   3.772694E-01   1.968643E-03
   1.207659E+01   3.080754E+02   3.687777E-01   1.954140E-03
   1.208498E+01   2.900134E+02   3.607558E-01   1.940199E-03
   1.209336E+01   2.738031E+02   3.530878E-01   1.926676E-03
   1.210176E+01   2.588181E+02   3.456586E-01   1.913415E-03
   1.211016E+01   2.458281E+02   3.386966E-01   1.900799E-03
   1.211856E+01   2.334811E+02   3.318584E-01   1.888294E-03
   1.212697E+01   2.227070E+02   3.254570E-01   1.876423E-03
   1.213539E+01   2.126124E+02   3.192254E-01   1.864760E-03
   1.214381E+01   2.033783E+02   3.132409E-01   1.853442E-03
   1.215224E+01   1.950140E+02   3.075239E-01   1.842512E-03
   1.216068E+01   1.870456E+02   3.019161E-01   1.831709E-03
   1.216912E+01   1.800271E+02   2.966451E-01   1.821427E-03
   1.217756E+01   1.732675E+02   2.914496E-01   1.811225E-03
   1.218602E+01   1.671464E+02   2.865043E-01   1.801409E-03
   1.219447E+01   1.613899E+02   2.816975E-01   1.791790E-03
   1.220294E+01   1.559823E+02   2.770273E-01   1.782368E-03
   1.221141E+01   1.510330E+02   2.725520E-01   1.773249E-03
   1.221988E+01   1.462379E+02   2.681350E-01   1.764194E-03
   1.222837E+01   1.419384E+02   2.639488E-01   1.755514E-03
   1.223685E+01   1.377675E+02   2.598176E-01   1.746897E-03
   1.224535E+01   1.339013E+02   2.558320E-01   1.738508E-03
   1.225385E+01   1.302473E+02   2.519500E-01   1.730274E-03
   1.226235E+01   1.267583E+02   2.481528E-01   1.722162E-03
   1.227086E+01   1.235327E+02   2.444988E-01   1.714282E-03
   1.227938E+01   1.203874E+02   2.408879E-01   1.706451E-03
   1.228790E+01   1.175068E+02   2.374328E-01   1.698879E-03
   1.229643E+01   1.147079E+02   2.340262E-01   1.691369E-03
   1.230497E+01   1.120733E+02   2.307225E-01   1.684025E-03
   1.231351E+01   1.095677E+02   2.275015E-01   1.676809E-03
   1.232205E+01   1.071523E+02   2.243397E-01   1.669679E-03
   1.233061E+01   1.048990E+02   2.212861E-01   1.662728E-03
   1.233916E+01   1.026919E+02   2.182658E-01   1.655817E-03
   1.234773E+01   1.006427E+02   2.153540E-01   1.649089E-03
   1.235630E+01   9.864525E+01   2.124814E-01   1.642413E-03
   1.236487E+01   9.674861E+01   2.096800E-01   1.635852E-03
   1.237346E+01   9.493381E+01   2.069387E-01   1.629385E-03
   1.238205E+01   9.317520E+01   2.042402E-01   1.622980E-03
   1.239064E+01   9.152072E+01   2.016142E-01   1.616695E-03
   1.239924E+01   8.989481E+01   1.990155E-01   1.610443E-03
   1.240785E+01   8.837230E+01   1.965087E-01   1.604351E-03
   1.241646E+01   8.688203E+01   1.940335E-01   1.598302E-03
   1.242508E+01   8.546020E+01   1.916185E-01   1.592353E-03
   1.243370E+01   8.409121E+01   1.892518E-01   1.586482E-03
   1.244233E+01   8.276127E+01   1.869214E-01   1.580664E-03
   1.245097E+01   8.149907E+01   1.846484E-01   1.574944E-03
   1.245961E+01   8.025553E+01   1.823978E-01   1.569252E-03
   1.246826E+01   7.908625E+01   1.802143E-01   1.563677E-03
   1.247691E+01   7.793608E+01   1.780540E-01   1.558133E-03
   1.248557E+01   7.683688E+01   1.759453E-01   1.552677E-03
   1.249424E+01   7.577171E+01   1.738736E-01   1.547281E-03
   1.250291E+01   7.473697E+01   1.718297E-01   1.541926E-03
   1.251159E+01   7.374747E+01   1.698209E-01   1.536627E-03
   1.252027E+01   7.277195E+01   1.678327E-01   1.531355E-03
   1.252896E+01   7.185013E+01   1.659091E-01   1.526202E-03
   1.253766E+01   7.093957E+01   1.640035E-01   1.521072E-03
   1.254636E+01   7.006966E+01   1.621419E-01   1.516020E-03
   1.255507E+01   6.922078E+01   1.603070E-01   1.511009E-03
   1.256378E+01   6.839754E+01   1.584948E-01   1.506032E-03
   1.257250E+01   6.760402E+01   1.567066E-01   1.501091E-03
   1.258123E+01   6.682414E+01   1.549414E-01   1.496186E-03
   1.258996E+01   6.608187E+01   1.532329E-01   1.491388E-03
   1.259870E+01   6.534752E+01   1.515397E-01   1.486609E-03
   1.260744E+01   6.464686E+01   1.498734E-01   1.481876E-03
   1.261619E+01   6.395787E+01   1.482241E-01   1.477166E-03
   1.262495E+01   6.329228E+01   1.466036E-01   1.472506E-03
   1.263371E+01   6.264578E+01   1.450083E-01   1.467887E-03
   1.264248E+01   6.201321E+01   1.434342E-01   1.463303E-03
   1.265126E+01   6.140586E+01   1.418918E-01   1.458776E-03
   1.266004E+01   6.080429E+01   1.403632E-01   1.454268E-03
   1.266882E+01   6.023264E+01   1.388727E-01   1.449831E-03
   1.267762E+01   5.966610E+01   1.373952E-01   1.445412E-03
   1.268642E+01   5.912183E+01   1.359410E-01   1.441033E-03
   1.269522E+01   5.858861E+01   1.345033E-01   1.436680E-03
   1.270403E+01   5.806949E+01   1.330846E-01   1.432358E-03
   1.271285E+01   5.756592E+01   1.316859E-01   1.428070E-03
   1.272168E+01   5.707059E+01   1.303040E-01   1.423809E-03
   1.273051E+01   5.659659E+01   1.289540E-01   1.419609E-03
   1.273934E+01   5.612632E+01   1.276155E-01   1.415425E-03
   1.274818E+01   5.567685E+01   1.262924E-01   1.411266E-03
   1.275703E+01   5.523214E+01   1.249808E-01   1.407122E-03
   1.276589E+01   5.480297E+01   1.236968E-01   1.403032E-03
   1.277475E+01   5.438305E+01   1.224318E-01   1.398975E-03
   1.278361E+01   5.397296E+01   1.211835E-01   1.394947E-03
   1.279249E+01   5.357560E+01   1.199542E-01   1.390954E-03
   1.280137E+01   5.318361E+01   1.187360E-01   1.386977E-03
   1.281025E+01   5.280865E+01   1.175318E-01   1.383023E-03
   1.281914E+01   5.243616E+01   1.163378E-01   1.379083E-03
   1.282804E+01   5.208068E+01   1.151668E-01   1.375188E-03
   1.283694E+01   5.172899E+01   1.140070E-01   1.371311E-03
   1.284585E+01   5.138880E+01   1.128599E-01   1.367454E-03
   1.285477E+01   5.105552E+01   1.117240E-01   1.363615E-03
   1.286369E+01   5.072944E+01   1.106075E-01   1.359813E-03
   1.287262E+01   5.041263E+01   1.095143E-01   1.356058E-03
   1.288155E+01   5.010042E+01   1.084293E-01   1.352315E-03
   1.289050E+01   4.980303E+01   1.073495E-01   1.348575E-03
   1.289944E+01   4.950726E+01   1.062785E-01   1.344848E-03
   1.290840E+01   4.922336E+01   1.052299E-01   1.341167E-03
   1.291736E+01   4.894163E+01   1.041907E-01   1.337501E-03
   1.292632E+01   4.867095E+01   1.031701E-01   1.333872E-03
   1.293529E+01   4.840562E+01   1.021621E-01   1.330265E-03
   1.294427E+01   4.814698E+01   1.011647E-01   1.326677E-03
   1.295326E+01   4.789548E+01   1.001781E-01   1.323107E-03
   1.296225E+01   4.764821E+01   9.919848E-02   1.319547E-03
   1.297124E+01   4.741119E+01   9.822389E-02   1.315992E-03
   1.298025E+01   4.717550E+01   9.725786E-02   1.312450E-03
   1.298926E+01   4.695048E+01   9.632220E-02   1.308976E-03
   1.299827E+01   4.672641E+01   9.539400E-02   1.305514E-03
   1.300729E+01   4.651189E+01   9.447034E-02   1.302056E-03
   1.301632E+01   4.630025E+01   9.355342E-02   1.298607E-03
   1.302536E+01   4.609565E+01   9.264700E-02   1.295178E-03
   1.303440E+01   4.589606E+01   9.174999E-02   1.291765E-03
   1.304344E+01   4.570130E+01   9.086221E-02   1.288369E-03
   1.305250E+01   4.551387E+01   8.998480E-02   1.284992E-03
   1.306156E+01   4.532870E+01   8.911682E-02   1.281632E-03
   1.307062E+01   4.515194E+01   8.826730E-02   1.278313E-03
   1.307969E+01   4.497576E+01   8.742449E-02   1.275004E-03
   1.308877E+01   4.480822E+01   8.658534E-02   1.271698E-03
   1.309786E+01   4.464148E+01   8.575276E-02   1.268403E-03
   1.310695E+01   4.448310E+01   8.493090E-02   1.265128E-03
   1.311604E+01   4.432761E+01   8.411681E-02   1.261868E-03
   1.312515E+01   4.417723E+01   8.331222E-02   1.258625E-03
   1.313426E+01   4.403084E+01   8.251633E-02   1.255399E-03
   1.314337E+01   4.388797E+01   8.172872E-02   1.252189E-03
   1.315250E+01   4.375077E+01   8.095071E-02   1.248997E-03
   1.316163E+01   4.361543E+01   8.017981E-02   1.245818E-03
   1.317076E+01   4.348747E+01   7.941938E-02   1.242661E-03
   1.317990E+01   4.335980E+01   7.866495E-02   1.239513E-03
   1.318905E+01   4.324039E+01   7.791377E-02   1.236369E-03
   1.319821E+01   4.312132E+01   7.716852E-02   1.233234E-03
   1.320737E+01   4.300871E+01   7.643343E-02   1.230120E-03
   1.321653E+01   4.289783E+01   7.570518E-02   1.227019E-03
   1.322571E+01   4.279204E+01   7.498600E-02   1.223936E-03
   1.323489E+01   4.268941E+01   7.427447E-02   1.220869E-03
   1.324407E+01   4.259067E+01   7.356743E-02   1.217808E-03
   1.325326E+01   4.249678E+01   7.286457E-02   1.214752E-03
   1.326246E+01   4.240475E+01   7.217077E-02   1.211716E-03
   1.327167E+01   4.231763E+01   7.149192E-02   1.208715E-03
   1.328088E+01   4.223136E+01   7.081742E-02   1.205720E-03
   1.329010E+01   4.215238E+01   7.013917E-02   1.202710E-03
   1.329932E+01   4.207346E+01   6.946630E-02   1.199709E-03
   1.330855E+01   4.200083E+01   6.881059E-02   1.196750E-03
   1.331779E+01   4.192873E+01   6.816095E-02   1.193803E-03
   1.332703E+01   4.186200E+01   6.750898E-02   1.190844E-03
   1.333628E+01   4.179695E+01   6.685986E-02   1.187887E-03
   1.334554E+01   4.173604E+01   6.622342E-02   1.184961E-03
   1.335480E+01   4.167789E+01   6.559702E-02   1.182058E-03
   1.336407E+01   4.162268E+01   6.497458E-02   1.179160E-03
   1.337335E+01   4.157119E+01   6.435584E-02   1.176269E-03
   1.338263E+01   4.152193E+01   6.374137E-02   1.173384E-03
   1.339192E+01   4.147826E+01   6.313025E-02   1.170503E-03
   1.340121E+01   4.143540E+01   6.252463E-02   1.167634E-03
   1.341052E+01   4.139802E+01   6.192822E-02   1.164785E-03
   1.341982E+01   4.136060E+01   6.133651E-02   1.161945E-03
   1.342914E+01   4.132871E+01   6.074749E-02   1.159108E-03
   1.343846E+01   4.129689E+01   6.016311E-02   1.156280E-03
   1.344779E+01   4.127037E+01   5.958756E-02   1.153472E-03
   1.345712E+01   4.124486E+01   5.901738E-02   1.150675E-03
   1.346646E+01   4.122483E+01   5.845038E-02   1.147882E-03
   1.347581E+01   4.120722E+01   5.788727E-02   1.145096E-03
   1.348516E+01   4.119210E+01   5.732759E-02   1.142315E-03
   1.349452E+01   4.117900E+01   5.677150E-02   1.139540E-03
   1.350389E+01   4.116853E+01   5.622191E-02   1.136780E-03
   1.351326E+01   4.116179E+01   5.567955E-02   1.134036E-03
   1.352264E+01   4.115695E+01   5.514100E-02   1.131299E-03
   1.353203E+01   4.115703E+01   5.460542E-02   1.128566E-03
   1.354142E+01   4.115786E+01   5.407487E-02   1.125843E-03
   1.355082E+01   4.116320E+01   5.355266E-02   1.123141E-03
   1.356022E+01   4.116865E+01   5.303457E-02   1.120447E-03
   1.356963E+01   4.118083E+01   5.251891E-02   1.117755E-03
   1.357905E+01   4.119296E+01   5.200737E-02   1.115072E-03
   1.358848E+01   4.121027E+01   5.149838E-02   1.112392E-03
   1.359791E+01   4.122811E+01   5.099331E-02   1.109719E-03
   1.360735E+01   4.125044E+01   5.049097E-02   1.107050E-03
   1.361679E+01   4.127400E+01   4.999231E-02   1.104387E-03
   1.362624E+01   4.130109E+01   4.950079E-02   1.101743E-03
   1.363570E+01   4.132998E+01   4.901481E-02   1.099111E-03
   1.364516E+01   4.136223E+01   4.852841E-02   1.096473E-03
   1.365464E+01   4.139728E+01   4.804237E-02   1.093831E-03
   1.366411E+01   4.143514E+01   4.756230E-02   1.091204E-03
   1.367360E+01   4.147667E+01   4.708874E-02   1.088593E-03
   1.368309E+01   4.151994E+01   4.662052E-02   1.085994E-03
   1.369258E+01   4.156682E+01   4.615919E-02   1.083413E-03
   1.370209E+01   4.161506E+01   4.569991E-02   1.080834E-03
   1.371160E+01   4.166814E+01   4.523842E-02   1.078243E-03
   1.372112E+01   4.172198E+01   4.478126E-02   1.075662E-03
   1.373064E+01   4.178158E+01   4.433180E-02   1.073101E-03
   1.374017E+01   4.184127E+01   4.388599E-02   1.070548E-03
   1.374971E+01   4.190551E+01   4.344237E-02   1.067997E-03
   1.375925E+01   4.196977E+01   4.300239E-02   1.065454E-03
   1.376880E+01   4.204042E+01   4.256468E-02   1.062914E-03
   1.377836E+01   4.211166E+01   4.213047E-02   1.060381E-03
   1.378792E+01   4.218768E+01   4.169864E-02   1.057851E-03
   1.379749E+01   4.226475E+01   4.127016E-02   1.055328E-03
   1.380707E+01   4.234607E+01   4.084417E-02   1.052809E-03
   1.381665E+01   4.242897E+01   4.042136E-02   1.050296E-03
   1.382624E+01   4.251639E+01   4.000116E-02   1.047787E-03
   1.383584E+01   4.260629E+01   3.958400E-02   1.045284E-03
   1.384544E+01   4.269924E+01   3.917274E-02   1.042797E-03
   1.385505E+01   4.279457E+01   3.876676E-02   1.040323E-03
   1.386467E+01   4.289350E+01   3.836080E-02   1.037845E-03
   1.387429E+01   4.299628E+01   3.795472E-02   1.035362E-03
   1.388392E+01   4.310129E+01   3.755378E-02   1.032892E-03
   1.389356E+01   4.320950E+01   3.715869E-02   1.030438E-03
   1.390320E+01   4.331986E+01   3.676469E-02   1.027983E-03
   1.391285E+01   4.343438E+01   3.636952E-02   1.025520E-03
   1.392251E+01   4.355102E+01   3.597882E-02   1.023067E-03
   1.393217E+01   4.367331E+01   3.559445E-02   1.020633E-03
   1.394184E+01   4.379697E+01   3.521212E-02   1.018201E-03
   1.395152E+01   4.392559E+01   3.482771E-02   1.015758E-03
   1.396120E+01   4.405525E+01   3.444716E-02   1.013323E-03
   1.397089E+01   4.419049E+01   3.407336E-02   1.010908E-03
   1.398059E+01   4.432646E+01   3.370274E-02   1.008500E-03
   1.399029E+01   4.446876E+01   3.333413E-02   1.006095E-03
   1.400000E+01   4.461146E+01   3.296875E-02   1.003697E-03
