#============================================================================
# Opacities computed by OpTool        <a^n>=  1.0000E-1  1.0000E-1  1.0000E-1
# Method:   DHS  fmax=  0.500
# Parameters:
#   amin [um]=      0.100 amax [um]=      0.100  na  =    1    apow=   3.5    
#   lmin [um]=      7.000 lmax [um]=     14.000  nlam= 1000    nang=   180
#   porosity =      0.000 p_mantle =      0.000  fmax= 0.50    chop=   0.0
# Composition:
#  Where   mfrac  rho   Material
#  -----   -----  ----  -----------------------------------------------------
#  core    1.000  3.27  for
#  - - -   - - -  -  -  - - - - - - - - - - - - - - - - - - - - - - - - - - -
#  grain   1.000  3.27  mixture of  1 materials
#----------------------------------------------------------------------------
# Command: ./optool for -a 0.1 -dhs 0.5 -l 7 14 1000
#============================================================================
# Standard output file, no scattering matrix
#    iformat
#    nlambda
#    lambda[um]  kabs [cm^2/g]  ksca [cm^2/g]    g_asymmetry
#============================================================================
           3
        1000
   7.000000E+00   6.140661E+00   2.867777E-01   2.284598E-03
   7.004859E+00   6.160721E+00   2.854277E-01   2.281009E-03
   7.009721E+00   6.180845E+00   2.840836E-01   2.277426E-03
   7.014586E+00   6.201034E+00   2.827454E-01   2.273849E-03
   7.019455E+00   6.221289E+00   2.814130E-01   2.270277E-03
   7.024327E+00   6.241595E+00   2.801101E-01   2.266729E-03
   7.029202E+00   6.261965E+00   2.788157E-01   2.263189E-03
   7.034081E+00   6.282402E+00   2.775269E-01   2.259654E-03
   7.038963E+00   6.302904E+00   2.762437E-01   2.256125E-03
   7.043849E+00   6.323650E+00   2.749418E-01   2.252584E-03
   7.048738E+00   6.344511E+00   2.736390E-01   2.249043E-03
   7.053630E+00   6.365440E+00   2.723420E-01   2.245508E-03
   7.058526E+00   6.386438E+00   2.710507E-01   2.241979E-03
   7.063425E+00   6.407657E+00   2.697436E-01   2.238439E-03
   7.068328E+00   6.429012E+00   2.684333E-01   2.234898E-03
   7.073234E+00   6.450437E+00   2.671288E-01   2.231363E-03
   7.078143E+00   6.471933E+00   2.658301E-01   2.227833E-03
   7.083056E+00   6.493618E+00   2.645531E-01   2.224322E-03
   7.087972E+00   6.515445E+00   2.632915E-01   2.220823E-03
   7.092892E+00   6.537346E+00   2.620354E-01   2.217330E-03
   7.097815E+00   6.559319E+00   2.607848E-01   2.213843E-03
   7.102741E+00   6.581416E+00   2.595232E-01   2.210349E-03
   7.107671E+00   6.603628E+00   2.582540E-01   2.206850E-03
   7.112605E+00   6.625914E+00   2.569905E-01   2.203357E-03
   7.117541E+00   6.648274E+00   2.557327E-01   2.199869E-03
   7.122481E+00   6.670796E+00   2.544930E-01   2.196398E-03
   7.127425E+00   6.693479E+00   2.532714E-01   2.192941E-03
   7.132372E+00   6.716239E+00   2.520551E-01   2.189490E-03
   7.137322E+00   6.739076E+00   2.508443E-01   2.186044E-03
   7.142276E+00   6.762078E+00   2.496254E-01   2.182594E-03
   7.147234E+00   6.785262E+00   2.483962E-01   2.179137E-03
   7.152194E+00   6.808525E+00   2.471726E-01   2.175685E-03
   7.157159E+00   6.831867E+00   2.459546E-01   2.172239E-03
   7.162126E+00   6.855417E+00   2.447297E-01   2.168789E-03
   7.167097E+00   6.879218E+00   2.434938E-01   2.165332E-03
   7.172072E+00   6.903102E+00   2.422636E-01   2.161880E-03
   7.177050E+00   6.927067E+00   2.410392E-01   2.158434E-03
   7.182031E+00   6.951128E+00   2.398301E-01   2.155002E-03
   7.187016E+00   6.975290E+00   2.386407E-01   2.151586E-03
   7.192005E+00   6.999535E+00   2.374568E-01   2.148176E-03
   7.196997E+00   7.023864E+00   2.362782E-01   2.144772E-03
   7.201992E+00   7.048390E+00   2.350937E-01   2.141364E-03
   7.206991E+00   7.073174E+00   2.338977E-01   2.137948E-03
   7.211993E+00   7.098044E+00   2.327073E-01   2.134537E-03
   7.216999E+00   7.123000E+00   2.315223E-01   2.131133E-03
   7.222008E+00   7.148125E+00   2.303419E-01   2.127733E-03
   7.227020E+00   7.173458E+00   2.291657E-01   2.124338E-03
   7.232037E+00   7.198881E+00   2.279949E-01   2.120948E-03
   7.237056E+00   7.224393E+00   2.268295E-01   2.117564E-03
   7.242079E+00   7.250073E+00   2.256686E-01   2.114185E-03
   7.247106E+00   7.275958E+00   2.245118E-01   2.110810E-03
   7.252136E+00   7.301934E+00   2.233603E-01   2.107441E-03
   7.257170E+00   7.328002E+00   2.222142E-01   2.104077E-03
   7.262207E+00   7.354242E+00   2.210725E-01   2.100718E-03
   7.267247E+00   7.380679E+00   2.199349E-01   2.097364E-03
   7.272291E+00   7.407210E+00   2.188025E-01   2.094015E-03
   7.277339E+00   7.433835E+00   2.176755E-01   2.090671E-03
   7.282390E+00   7.460676E+00   2.165409E-01   2.087323E-03
   7.287444E+00   7.487747E+00   2.153975E-01   2.083968E-03
   7.292503E+00   7.514915E+00   2.142596E-01   2.080619E-03
   7.297564E+00   7.542180E+00   2.131270E-01   2.077276E-03
   7.302629E+00   7.569646E+00   2.120114E-01   2.073948E-03
   7.307698E+00   7.597307E+00   2.109117E-01   2.070634E-03
   7.312770E+00   7.625068E+00   2.098171E-01   2.067326E-03
   7.317846E+00   7.652929E+00   2.087277E-01   2.064023E-03
   7.322925E+00   7.681026E+00   2.076283E-01   2.060713E-03
   7.328008E+00   7.709327E+00   2.065229E-01   2.057399E-03
   7.333094E+00   7.737730E+00   2.054228E-01   2.054090E-03
   7.338184E+00   7.766237E+00   2.043280E-01   2.050787E-03
   7.343277E+00   7.795068E+00   2.032216E-01   2.047475E-03
   7.348374E+00   7.824127E+00   2.021113E-01   2.044161E-03
   7.353474E+00   7.853294E+00   2.010064E-01   2.040852E-03
   7.358578E+00   7.882568E+00   1.999069E-01   2.037549E-03
   7.363685E+00   7.912066E+00   1.988282E-01   2.034265E-03
   7.368796E+00   7.941720E+00   1.977605E-01   2.030991E-03
   7.373911E+00   7.971483E+00   1.966980E-01   2.027723E-03
   7.379029E+00   8.001356E+00   1.956406E-01   2.024460E-03
   7.384151E+00   8.031601E+00   1.945676E-01   2.021185E-03
   7.389276E+00   8.062021E+00   1.934951E-01   2.017911E-03
   7.394405E+00   8.092554E+00   1.924279E-01   2.014643E-03
   7.399537E+00   8.123201E+00   1.913659E-01   2.011380E-03
   7.404673E+00   8.154271E+00   1.903070E-01   2.008121E-03
   7.409812E+00   8.185489E+00   1.892532E-01   2.004867E-03
   7.414955E+00   8.216824E+00   1.882045E-01   2.001619E-03
   7.420102E+00   8.248281E+00   1.871610E-01   1.998376E-03
   7.425252E+00   8.279949E+00   1.861205E-01   1.995137E-03
   7.430406E+00   8.311738E+00   1.850851E-01   1.991903E-03
   7.435563E+00   8.343648E+00   1.840548E-01   1.988675E-03
   7.440724E+00   8.375751E+00   1.830261E-01   1.985449E-03
   7.445888E+00   8.408424E+00   1.819814E-01   1.982209E-03
   7.451057E+00   8.441224E+00   1.809419E-01   1.978976E-03
   7.456228E+00   8.474149E+00   1.799077E-01   1.975747E-03
   7.461403E+00   8.507251E+00   1.788781E-01   1.972524E-03
   7.466582E+00   8.540615E+00   1.778520E-01   1.969304E-03
   7.471765E+00   8.574109E+00   1.768311E-01   1.966091E-03
   7.476951E+00   8.607731E+00   1.758153E-01   1.962882E-03
   7.482140E+00   8.641602E+00   1.748038E-01   1.959678E-03
   7.487334E+00   8.675775E+00   1.737961E-01   1.956479E-03
   7.492530E+00   8.710080E+00   1.727934E-01   1.953285E-03
   7.497731E+00   8.744519E+00   1.717959E-01   1.950096E-03
   7.502935E+00   8.779311E+00   1.708022E-01   1.946912E-03
   7.508142E+00   8.814409E+00   1.698126E-01   1.943732E-03
   7.513354E+00   8.849646E+00   1.688280E-01   1.940558E-03
   7.518569E+00   8.885022E+00   1.678484E-01   1.937389E-03
   7.523787E+00   8.920793E+00   1.668568E-01   1.934210E-03
   7.529009E+00   8.956803E+00   1.658638E-01   1.931030E-03
   7.534235E+00   8.992957E+00   1.648760E-01   1.927856E-03
   7.539464E+00   9.029254E+00   1.638934E-01   1.924687E-03
   7.544697E+00   9.065914E+00   1.629138E-01   1.921522E-03
   7.549934E+00   9.102745E+00   1.619390E-01   1.918362E-03
   7.555174E+00   9.139724E+00   1.609694E-01   1.915208E-03
   7.560418E+00   9.176895E+00   1.600030E-01   1.912057E-03
   7.565666E+00   9.214730E+00   1.590204E-01   1.908892E-03
   7.570917E+00   9.252718E+00   1.580431E-01   1.905733E-03
   7.576172E+00   9.290861E+00   1.570710E-01   1.902579E-03
   7.581430E+00   9.329219E+00   1.561090E-01   1.899435E-03
   7.586692E+00   9.367895E+00   1.551653E-01   1.896309E-03
   7.591958E+00   9.406728E+00   1.542266E-01   1.893188E-03
   7.597228E+00   9.445720E+00   1.532928E-01   1.890073E-03
   7.602501E+00   9.485066E+00   1.523533E-01   1.886953E-03
   7.607777E+00   9.524790E+00   1.514070E-01   1.883827E-03
   7.613058E+00   9.564677E+00   1.504658E-01   1.880707E-03
   7.618342E+00   9.604729E+00   1.495296E-01   1.877592E-03
   7.623630E+00   9.645224E+00   1.485969E-01   1.874481E-03
   7.628921E+00   9.686015E+00   1.476685E-01   1.871375E-03
   7.634216E+00   9.726976E+00   1.467451E-01   1.868274E-03
   7.639515E+00   9.768107E+00   1.458267E-01   1.865179E-03
   7.644817E+00   9.809963E+00   1.448933E-01   1.862070E-03
   7.650124E+00   9.852051E+00   1.439630E-01   1.858964E-03
   7.655433E+00   9.894316E+00   1.430379E-01   1.855864E-03
   7.660747E+00   9.936795E+00   1.421175E-01   1.852768E-03
   7.666064E+00   9.979666E+00   1.412001E-01   1.849677E-03
   7.671385E+00   1.002272E+01   1.402878E-01   1.846591E-03
   7.676710E+00   1.006596E+01   1.393806E-01   1.843510E-03
   7.682038E+00   1.010955E+01   1.384775E-01   1.840434E-03
   7.687370E+00   1.015362E+01   1.375780E-01   1.837362E-03
   7.692705E+00   1.019788E+01   1.366835E-01   1.834295E-03
   7.698045E+00   1.024232E+01   1.357939E-01   1.831234E-03
   7.703388E+00   1.028731E+01   1.348958E-01   1.828164E-03
   7.708735E+00   1.033270E+01   1.339951E-01   1.825093E-03
   7.714085E+00   1.037828E+01   1.330994E-01   1.822027E-03
   7.719439E+00   1.042406E+01   1.322089E-01   1.818966E-03
   7.724797E+00   1.047052E+01   1.313212E-01   1.815909E-03
   7.730159E+00   1.051723E+01   1.304384E-01   1.812857E-03
   7.735524E+00   1.056415E+01   1.295606E-01   1.809810E-03
   7.740893E+00   1.061134E+01   1.286874E-01   1.806769E-03
   7.746266E+00   1.065907E+01   1.278173E-01   1.803730E-03
   7.751643E+00   1.070701E+01   1.269521E-01   1.800698E-03
   7.757023E+00   1.075516E+01   1.260919E-01   1.797670E-03
   7.762407E+00   1.080379E+01   1.252274E-01   1.794639E-03
   7.767795E+00   1.085297E+01   1.243567E-01   1.791602E-03
   7.773186E+00   1.090237E+01   1.234910E-01   1.788570E-03
   7.778581E+00   1.095200E+01   1.226305E-01   1.785544E-03
   7.783980E+00   1.100218E+01   1.217732E-01   1.782521E-03
   7.789383E+00   1.105272E+01   1.209203E-01   1.779503E-03
   7.794790E+00   1.110348E+01   1.200724E-01   1.776490E-03
   7.800200E+00   1.115450E+01   1.192288E-01   1.773482E-03
   7.805614E+00   1.120651E+01   1.183708E-01   1.770460E-03
   7.811032E+00   1.125876E+01   1.175181E-01   1.767443E-03
   7.816453E+00   1.131125E+01   1.166705E-01   1.764431E-03
   7.821878E+00   1.136416E+01   1.158271E-01   1.761424E-03
   7.827307E+00   1.141765E+01   1.149871E-01   1.758421E-03
   7.832740E+00   1.147139E+01   1.141523E-01   1.755424E-03
   7.838177E+00   1.152538E+01   1.133225E-01   1.752432E-03
   7.843617E+00   1.157994E+01   1.124961E-01   1.749443E-03
   7.849061E+00   1.163492E+01   1.116739E-01   1.746460E-03
   7.854509E+00   1.169016E+01   1.108567E-01   1.743481E-03
   7.859961E+00   1.174566E+01   1.100444E-01   1.740509E-03
   7.865416E+00   1.180224E+01   1.092180E-01   1.737520E-03
   7.870875E+00   1.185909E+01   1.083966E-01   1.734538E-03
   7.876338E+00   1.191620E+01   1.075803E-01   1.731561E-03
   7.881805E+00   1.197377E+01   1.067682E-01   1.728588E-03
   7.887276E+00   1.203198E+01   1.059595E-01   1.725620E-03
   7.892750E+00   1.209046E+01   1.051559E-01   1.722656E-03
   7.898228E+00   1.214923E+01   1.043573E-01   1.719699E-03
   7.903710E+00   1.220886E+01   1.035510E-01   1.716732E-03
   7.909196E+00   1.226908E+01   1.027437E-01   1.713765E-03
   7.914686E+00   1.232958E+01   1.019416E-01   1.710803E-03
   7.920179E+00   1.239040E+01   1.011445E-01   1.707846E-03
   7.925677E+00   1.245208E+01   1.003500E-01   1.704893E-03
   7.931178E+00   1.251406E+01   9.956070E-02   1.701945E-03
   7.936683E+00   1.257635E+01   9.877643E-02   1.699002E-03
   7.942191E+00   1.263931E+01   9.798989E-02   1.696057E-03
   7.947704E+00   1.270314E+01   9.719744E-02   1.693105E-03
   7.953220E+00   1.276729E+01   9.641019E-02   1.690158E-03
   7.958740E+00   1.283176E+01   9.562811E-02   1.687217E-03
   7.964264E+00   1.289712E+01   9.484919E-02   1.684279E-03
   7.969792E+00   1.296298E+01   9.407481E-02   1.681347E-03
   7.975324E+00   1.302917E+01   9.330556E-02   1.678419E-03
   7.980859E+00   1.309580E+01   9.254099E-02   1.675497E-03
   7.986399E+00   1.316337E+01   9.177936E-02   1.672579E-03
   7.991942E+00   1.323127E+01   9.102279E-02   1.669665E-03
   7.997489E+00   1.329952E+01   9.027126E-02   1.666757E-03
   8.003040E+00   1.336869E+01   8.951508E-02   1.663844E-03
   8.008595E+00   1.343869E+01   8.875608E-02   1.660926E-03
   8.014153E+00   1.350905E+01   8.800223E-02   1.658015E-03
   8.019716E+00   1.357977E+01   8.725352E-02   1.655109E-03
   8.025282E+00   1.365169E+01   8.649339E-02   1.652189E-03
   8.030852E+00   1.372403E+01   8.573766E-02   1.649273E-03
   8.036426E+00   1.379675E+01   8.498718E-02   1.646363E-03
   8.042004E+00   1.387022E+01   8.424098E-02   1.643458E-03
   8.047586E+00   1.394474E+01   8.349831E-02   1.640556E-03
   8.053172E+00   1.401966E+01   8.276083E-02   1.637661E-03
   8.058761E+00   1.409497E+01   8.202853E-02   1.634770E-03
   8.064355E+00   1.417148E+01   8.128817E-02   1.631870E-03
   8.069952E+00   1.424862E+01   8.054936E-02   1.628970E-03
   8.075553E+00   1.432617E+01   7.981584E-02   1.626076E-03
   8.081158E+00   1.440433E+01   7.908703E-02   1.623187E-03
   8.086767E+00   1.448365E+01   7.836137E-02   1.620302E-03
   8.092380E+00   1.456340E+01   7.764093E-02   1.617422E-03
   8.097997E+00   1.464358E+01   7.692571E-02   1.614548E-03
   8.103618E+00   1.472501E+01   7.620505E-02   1.611666E-03
   8.109242E+00   1.480735E+01   7.548383E-02   1.608782E-03
   8.114871E+00   1.489013E+01   7.476794E-02   1.605905E-03
   8.120503E+00   1.497348E+01   7.405589E-02   1.603031E-03
   8.126140E+00   1.505840E+01   7.333431E-02   1.600144E-03
   8.131780E+00   1.514379E+01   7.261819E-02   1.597263E-03
   8.137424E+00   1.522965E+01   7.190748E-02   1.594388E-03
   8.143072E+00   1.531666E+01   7.120067E-02   1.591517E-03
   8.148724E+00   1.540471E+01   7.049799E-02   1.588650E-03
   8.154380E+00   1.549327E+01   6.980068E-02   1.585788E-03
   8.160040E+00   1.558232E+01   6.910867E-02   1.582933E-03
   8.165703E+00   1.567291E+01   6.841929E-02   1.580080E-03
   8.171371E+00   1.576402E+01   6.773522E-02   1.577232E-03
   8.177043E+00   1.585564E+01   6.705641E-02   1.574391E-03
   8.182718E+00   1.594859E+01   6.636922E-02   1.571537E-03
   8.188398E+00   1.604295E+01   6.567269E-02   1.568670E-03
   8.194081E+00   1.613786E+01   6.498174E-02   1.565808E-03
   8.199768E+00   1.623332E+01   6.429632E-02   1.562952E-03
   8.205460E+00   1.633064E+01   6.361371E-02   1.560099E-03
   8.211155E+00   1.642859E+01   6.293650E-02   1.557252E-03
   8.216854E+00   1.652711E+01   6.226476E-02   1.554410E-03
   8.222557E+00   1.662693E+01   6.159167E-02   1.551565E-03
   8.228264E+00   1.672821E+01   6.091577E-02   1.548715E-03
   8.233976E+00   1.683009E+01   6.024546E-02   1.545870E-03
   8.239691E+00   1.693259E+01   5.958071E-02   1.543032E-03
   8.245410E+00   1.703705E+01   5.891884E-02   1.540196E-03
   8.251133E+00   1.714222E+01   5.826235E-02   1.537365E-03
   8.256860E+00   1.724803E+01   5.761135E-02   1.534541E-03
   8.262590E+00   1.735528E+01   5.695918E-02   1.531713E-03
   8.268325E+00   1.746415E+01   5.630456E-02   1.528880E-03
   8.274064E+00   1.757370E+01   5.565556E-02   1.526053E-03
   8.279807E+00   1.768392E+01   5.501213E-02   1.523232E-03
   8.285554E+00   1.779667E+01   5.436031E-02   1.520397E-03
   8.291305E+00   1.791019E+01   5.371374E-02   1.517568E-03
   8.297060E+00   1.802441E+01   5.307286E-02   1.514744E-03
   8.302819E+00   1.814024E+01   5.243066E-02   1.511917E-03
   8.308581E+00   1.825772E+01   5.178696E-02   1.509085E-03
   8.314348E+00   1.837595E+01   5.114908E-02   1.506259E-03
   8.320119E+00   1.849497E+01   5.051668E-02   1.503439E-03
   8.325894E+00   1.861690E+01   4.987631E-02   1.500605E-03
   8.331673E+00   1.873961E+01   4.924186E-02   1.497777E-03
   8.337456E+00   1.886311E+01   4.861331E-02   1.494955E-03
   8.343242E+00   1.898845E+01   4.798897E-02   1.492137E-03
   8.349033E+00   1.911543E+01   4.736918E-02   1.489323E-03
   8.354828E+00   1.924324E+01   4.675522E-02   1.486516E-03
   8.360627E+00   1.937213E+01   4.614557E-02   1.483713E-03
   8.366430E+00   1.950393E+01   4.552968E-02   1.480897E-03
   8.372237E+00   1.963661E+01   4.491973E-02   1.478087E-03
   8.378048E+00   1.977017E+01   4.431568E-02   1.475284E-03
   8.383863E+00   1.990622E+01   4.370865E-02   1.472473E-03
   8.389682E+00   2.004400E+01   4.310317E-02   1.469662E-03
   8.395505E+00   2.018271E+01   4.250371E-02   1.466857E-03
   8.401333E+00   2.032302E+01   4.190488E-02   1.464050E-03
   8.407164E+00   2.046649E+01   4.129426E-02   1.461221E-03
   8.412999E+00   2.061094E+01   4.068996E-02   1.458398E-03
   8.418838E+00   2.075640E+01   4.009192E-02   1.455582E-03
   8.424682E+00   2.090475E+01   3.949766E-02   1.452768E-03
   8.430529E+00   2.105461E+01   3.890902E-02   1.449960E-03
   8.436381E+00   2.120553E+01   3.832657E-02   1.447158E-03
   8.442236E+00   2.135866E+01   3.774544E-02   1.444355E-03
   8.448096E+00   2.151476E+01   3.716277E-02   1.441546E-03
   8.453959E+00   2.167197E+01   3.658641E-02   1.438743E-03
   8.459827E+00   2.183030E+01   3.601631E-02   1.435946E-03
   8.465699E+00   2.199266E+01   3.544045E-02   1.433136E-03
   8.471575E+00   2.215628E+01   3.487064E-02   1.430332E-03
   8.477455E+00   2.232109E+01   3.430721E-02   1.427534E-03
   8.483339E+00   2.248902E+01   3.374321E-02   1.424731E-03
   8.489227E+00   2.265966E+01   3.318043E-02   1.421926E-03
   8.495119E+00   2.283157E+01   3.262413E-02   1.419128E-03
   8.501016E+00   2.300537E+01   3.207068E-02   1.416329E-03
   8.506916E+00   2.318351E+01   3.150664E-02   1.413507E-03
   8.512820E+00   2.336300E+01   3.094938E-02   1.410692E-03
   8.518729E+00   2.354385E+01   3.039886E-02   1.407884E-03
   8.524642E+00   2.372883E+01   2.985255E-02   1.405078E-03
   8.530559E+00   2.391601E+01   2.931226E-02   1.402278E-03
   8.536479E+00   2.410463E+01   2.877863E-02   1.399485E-03
   8.542404E+00   2.429644E+01   2.824359E-02   1.396683E-03
   8.548334E+00   2.449230E+01   2.770370E-02   1.393867E-03
   8.554267E+00   2.468970E+01   2.717076E-02   1.391058E-03
   8.560204E+00   2.488881E+01   2.664434E-02   1.388255E-03
   8.566146E+00   2.509358E+01   2.611402E-02   1.385438E-03
   8.572091E+00   2.530000E+01   2.559077E-02   1.382629E-03
   8.578041E+00   2.550808E+01   2.507452E-02   1.379827E-03
   8.583995E+00   2.572107E+01   2.455270E-02   1.377006E-03
   8.589953E+00   2.593739E+01   2.403204E-02   1.374181E-03
   8.595915E+00   2.615549E+01   2.351868E-02   1.371364E-03
   8.601881E+00   2.637698E+01   2.300919E-02   1.368547E-03
   8.607852E+00   2.660381E+01   2.249972E-02   1.365722E-03
   8.613826E+00   2.683253E+01   2.199766E-02   1.362904E-03
   8.619805E+00   2.706317E+01   2.150296E-02   1.360094E-03
   8.625788E+00   2.730092E+01   2.100555E-02   1.357271E-03
   8.631775E+00   2.754089E+01   2.051531E-02   1.354454E-03
   8.637766E+00   2.778291E+01   2.003254E-02   1.351644E-03
   8.643761E+00   2.803082E+01   1.954649E-02   1.348819E-03
   8.649761E+00   2.828319E+01   1.906184E-02   1.345987E-03
   8.655764E+00   2.853778E+01   1.858496E-02   1.343163E-03
   8.661772E+00   2.879655E+01   1.811088E-02   1.340336E-03
   8.667784E+00   2.906233E+01   1.763310E-02   1.337490E-03
   8.673800E+00   2.933050E+01   1.716338E-02   1.334652E-03
   8.679821E+00   2.960109E+01   1.670167E-02   1.331822E-03
   8.685845E+00   2.988064E+01   1.623864E-02   1.328977E-03
   8.691874E+00   3.016297E+01   1.578350E-02   1.326141E-03
   8.697907E+00   3.044790E+01   1.533645E-02   1.323312E-03
   8.703944E+00   3.074052E+01   1.488747E-02   1.320466E-03
   8.709985E+00   3.103858E+01   1.444158E-02   1.317616E-03
   8.716030E+00   3.133947E+01   1.400410E-02   1.314774E-03
   8.722080E+00   3.164612E+01   1.356988E-02   1.311926E-03
   8.728134E+00   3.196132E+01   1.313460E-02   1.309063E-03
   8.734192E+00   3.227958E+01   1.270803E-02   1.306208E-03
   8.740254E+00   3.260131E+01   1.228951E-02   1.303359E-03
   8.746321E+00   3.293491E+01   1.186621E-02   1.300483E-03
   8.752391E+00   3.327183E+01   1.145194E-02   1.297615E-03
   8.758466E+00   3.361212E+01   1.104661E-02   1.294755E-03
   8.764545E+00   3.396345E+01   1.064014E-02   1.291876E-03
   8.770629E+00   3.432096E+01   1.023957E-02   1.288996E-03
   8.776716E+00   3.468215E+01   9.848256E-03   1.286124E-03
   8.782808E+00   3.505209E+01   9.460216E-03   1.283244E-03
   8.788904E+00   3.543186E+01   9.074794E-03   1.280352E-03
   8.795004E+00   3.581564E+01   8.698931E-03   1.277469E-03
   8.801109E+00   3.620568E+01   8.330330E-03   1.274588E-03
   8.807217E+00   3.660987E+01   7.961525E-03   1.271684E-03
   8.813330E+00   3.701846E+01   7.602593E-03   1.268789E-03
   8.819447E+00   3.743151E+01   7.253431E-03   1.265904E-03
   8.825569E+00   3.786192E+01   6.900049E-03   1.262979E-03
   8.831694E+00   3.829846E+01   6.555666E-03   1.260059E-03
   8.837824E+00   3.873991E+01   6.221590E-03   1.257149E-03
   8.843959E+00   3.919626E+01   5.888479E-03   1.254213E-03
   8.850097E+00   3.966337E+01   5.561106E-03   1.251268E-03
   8.856240E+00   4.013591E+01   5.244584E-03   1.248333E-03
   8.862387E+00   4.062058E+01   4.933638E-03   1.245387E-03
   8.868538E+00   4.112154E+01   4.625816E-03   1.242418E-03
   8.874693E+00   4.162853E+01   4.329397E-03   1.239459E-03
   8.880853E+00   4.214421E+01   4.043001E-03   1.236505E-03
   8.887017E+00   4.268248E+01   3.760362E-03   1.233527E-03
   8.893185E+00   4.322746E+01   3.489440E-03   1.230559E-03
   8.899358E+00   4.377923E+01   3.230098E-03   1.227601E-03
   8.905535E+00   4.435804E+01   2.970390E-03   1.224592E-03
   8.911716E+00   4.494669E+01   2.721779E-03   1.221587E-03
   8.917902E+00   4.554296E+01   2.485548E-03   1.218593E-03
   8.924091E+00   4.616345E+01   2.255411E-03   1.215574E-03
   8.930285E+00   4.680075E+01   2.035055E-03   1.212546E-03
   8.936484E+00   4.744666E+01   1.827640E-03   1.209531E-03
   8.942686E+00   4.811354E+01   1.627859E-03   1.206490E-03
   8.948893E+00   4.880583E+01   1.435104E-03   1.203413E-03
   8.955105E+00   4.950787E+01   1.256381E-03   1.200349E-03
   8.961320E+00   5.022652E+01   1.090118E-03   1.197284E-03
   8.967540E+00   5.098075E+01   9.330559E-04   1.194187E-03
   8.973764E+00   5.174607E+01   7.906014E-04   1.191102E-03
   8.979993E+00   5.252262E+01   6.625574E-04   1.188030E-03
   8.986226E+00   5.335031E+01   5.422623E-04   1.184884E-03
   8.992463E+00   5.419081E+01   4.377024E-04   1.181753E-03
   8.998704E+00   5.504427E+01   3.486650E-04   1.178634E-03
   9.004950E+00   5.594535E+01   2.723238E-04   1.175471E-03
   9.011200E+00   5.687006E+01   2.117569E-04   1.172306E-03
   9.017455E+00   5.780974E+01   1.675654E-04   1.169156E-03
   9.023714E+00   5.879556E+01   1.386559E-04   1.165957E-03
   9.029977E+00   5.981941E+01   1.268818E-04   1.162729E-03
   9.036244E+00   6.086075E+01   1.330213E-04   1.159517E-03
   9.042516E+00   6.194559E+01   1.576276E-04   1.156280E-03
   9.048793E+00   6.308851E+01   2.024164E-04   1.152999E-03
   9.055073E+00   6.425212E+01   2.665205E-04   1.149734E-03
   9.061358E+00   6.545276E+01   3.510289E-04   1.146460E-03
   9.067647E+00   6.673444E+01   4.609655E-04   1.143114E-03
   9.073941E+00   6.804077E+01   5.919715E-04   1.139784E-03
   9.080239E+00   6.937575E+01   7.441511E-04   1.136467E-03
   9.086542E+00   7.082766E+01   9.300017E-04   1.133044E-03
   9.092848E+00   7.230944E+01   1.138997E-03   1.129641E-03
   9.099160E+00   7.382171E+01   1.370726E-03   1.126255E-03
   9.105475E+00   7.546455E+01   1.643184E-03   1.122766E-03
   9.111795E+00   7.715899E+01   1.943827E-03   1.119278E-03
   9.118119E+00   7.889090E+01   2.269596E-03   1.115810E-03
   9.124448E+00   8.076468E+01   2.642072E-03   1.112249E-03
   9.130781E+00   8.272719E+01   3.051821E-03   1.108663E-03
   9.137119E+00   8.473672E+01   3.489613E-03   1.105098E-03
   9.143461E+00   8.689670E+01   3.979649E-03   1.101454E-03
   9.149807E+00   8.919847E+01   4.521437E-03   1.097750E-03
   9.156158E+00   9.156043E+01   5.094923E-03   1.094070E-03
   9.162513E+00   9.408305E+01   5.724867E-03   1.090328E-03
   9.168872E+00   9.682993E+01   6.428795E-03   1.086483E-03
   9.175236E+00   9.965612E+01   7.169049E-03   1.082666E-03
   9.181605E+00   1.026493E+02   7.967770E-03   1.078810E-03
   9.187977E+00   1.059930E+02   8.874789E-03   1.074795E-03
   9.194355E+00   1.094446E+02   9.824165E-03   1.070809E-03
   9.200736E+00   1.130629E+02   1.082999E-02   1.066819E-03
   9.207122E+00   1.172389E+02   1.199845E-02   1.062589E-03
   9.213513E+00   1.215680E+02   1.321747E-02   1.058394E-03
   9.219908E+00   1.260557E+02   1.448576E-02   1.054234E-03
   9.226307E+00   1.314385E+02   1.599712E-02   1.049738E-03
   9.232711E+00   1.370610E+02   1.757335E-02   1.045278E-03
   9.239119E+00   1.429225E+02   1.921001E-02   1.040859E-03
   9.245532E+00   1.500457E+02   2.116036E-02   1.036067E-03
   9.251949E+00   1.576922E+02   2.322924E-02   1.031259E-03
   9.258371E+00   1.657267E+02   2.537542E-02   1.026501E-03
   9.264797E+00   1.756820E+02   2.793966E-02   1.021319E-03
   9.271227E+00   1.867814E+02   3.072397E-02   1.016037E-03
   9.277662E+00   1.985799E+02   3.361362E-02   1.010819E-03
   9.284102E+00   2.135893E+02   3.707291E-02   1.005120E-03
   9.290546E+00   2.312571E+02   4.094778E-02   9.991927E-04
   9.296994E+00   2.503828E+02   4.498121E-02   9.933488E-04
   9.303447E+00   2.753735E+02   4.975450E-02   9.870385E-04
   9.309904E+00   3.070251E+02   5.527954E-02   9.803576E-04
   9.316366E+00   3.423035E+02   6.108472E-02   9.737891E-04
   9.322832E+00   3.868462E+02   6.739326E-02   9.672485E-04
   9.329303E+00   4.448509E+02   7.439794E-02   9.607191E-04
   9.335779E+00   5.115005E+02   8.195483E-02   9.543105E-04
   9.342258E+00   5.846051E+02   8.911739E-02   9.487939E-04
   9.348743E+00   6.607429E+02   9.494443E-02   9.447945E-04
   9.355231E+00   7.466562E+02   1.014933E-01   9.408661E-04
   9.361725E+00   8.341119E+02   1.077843E-01   9.375670E-04
   9.368223E+00   9.031431E+02   1.115518E-01   9.358245E-04
   9.374725E+00   9.777037E+02   1.158647E-01   9.341209E-04
   9.381232E+00   1.052860E+03   1.202832E-01   9.326205E-04
   9.387743E+00   1.109403E+03   1.229218E-01   9.318188E-04
   9.394259E+00   1.168816E+03   1.259264E-01   9.310394E-04
   9.400779E+00   1.229060E+03   1.291374E-01   9.303175E-04
   9.407304E+00   1.275677E+03   1.312194E-01   9.298532E-04
   9.413834E+00   1.323937E+03   1.335580E-01   9.293994E-04
   9.420368E+00   1.373212E+03   1.361119E-01   9.289603E-04
   9.426906E+00   1.412580E+03   1.378951E-01   9.285985E-04
   9.433449E+00   1.452990E+03   1.398690E-01   9.282391E-04
   9.439997E+00   1.494465E+03   1.420440E-01   9.278811E-04
   9.446549E+00   1.528454E+03   1.436505E-01   9.275228E-04
   9.453105E+00   1.563159E+03   1.454048E-01   9.271613E-04
   9.459667E+00   1.598598E+03   1.473140E-01   9.267955E-04
   9.466233E+00   1.628845E+03   1.488402E-01   9.263971E-04
   9.472803E+00   1.659314E+03   1.504580E-01   9.259905E-04
   9.479378E+00   1.690327E+03   1.522000E-01   9.255760E-04
   9.485957E+00   1.717552E+03   1.536654E-01   9.251196E-04
   9.492541E+00   1.744746E+03   1.551891E-01   9.246508E-04
   9.499130E+00   1.772365E+03   1.568151E-01   9.241720E-04
   9.505723E+00   1.797151E+03   1.582383E-01   9.236479E-04
   9.512321E+00   1.821786E+03   1.597002E-01   9.231083E-04
   9.518923E+00   1.846767E+03   1.612484E-01   9.225575E-04
   9.525530E+00   1.869545E+03   1.626374E-01   9.219649E-04
   9.532141E+00   1.892116E+03   1.640520E-01   9.213555E-04
   9.538758E+00   1.914977E+03   1.655408E-01   9.207343E-04
   9.545378E+00   1.936070E+03   1.669019E-01   9.200734E-04
   9.552004E+00   1.956936E+03   1.682804E-01   9.193949E-04
   9.558633E+00   1.978051E+03   1.697236E-01   9.187045E-04
   9.565268E+00   1.997728E+03   1.710636E-01   9.179769E-04
   9.571907E+00   2.017185E+03   1.724165E-01   9.172315E-04
   9.578551E+00   2.036861E+03   1.738264E-01   9.164744E-04
   9.585199E+00   2.055313E+03   1.751458E-01   9.156840E-04
   9.591852E+00   2.073556E+03   1.764743E-01   9.148768E-04
   9.598509E+00   2.091994E+03   1.778532E-01   9.140582E-04
   9.605172E+00   2.109395E+03   1.791566E-01   9.132077E-04
   9.611838E+00   2.126614E+03   1.804684E-01   9.123409E-04
   9.618510E+00   2.144008E+03   1.818254E-01   9.114631E-04
   9.625186E+00   2.160474E+03   1.831118E-01   9.105567E-04
   9.631866E+00   2.176779E+03   1.844052E-01   9.096351E-04
   9.638552E+00   2.193241E+03   1.857392E-01   9.087032E-04
   9.645242E+00   2.208872E+03   1.870099E-01   9.077433E-04
   9.651936E+00   2.224371E+03   1.882882E-01   9.067691E-04
   9.658635E+00   2.240013E+03   1.896030E-01   9.057851E-04
   9.665339E+00   2.254887E+03   1.908590E-01   9.047738E-04
   9.672048E+00   2.269656E+03   1.921233E-01   9.037491E-04
   9.678761E+00   2.284556E+03   1.934205E-01   9.027153E-04
   9.685479E+00   2.298739E+03   1.946606E-01   9.016564E-04
   9.692201E+00   2.312848E+03   1.959100E-01   9.005856E-04
   9.698929E+00   2.327077E+03   1.971890E-01   8.995063E-04
   9.705660E+00   2.340594E+03   1.984109E-01   8.984010E-04
   9.712397E+00   2.354062E+03   1.996430E-01   8.972847E-04
   9.719138E+00   2.367638E+03   2.009017E-01   8.961606E-04
   9.725884E+00   2.380537E+03   2.021071E-01   8.950096E-04
   9.732635E+00   2.393419E+03   2.033246E-01   8.938488E-04
   9.739390E+00   2.406399E+03   2.045661E-01   8.926811E-04
   9.746150E+00   2.418684E+03   2.057513E-01   8.914857E-04
   9.752914E+00   2.430979E+03   2.069498E-01   8.902821E-04
   9.759684E+00   2.443364E+03   2.081697E-01   8.890722E-04
   9.766458E+00   2.455031E+03   2.093321E-01   8.878323E-04
   9.773237E+00   2.466739E+03   2.105093E-01   8.865860E-04
   9.780020E+00   2.478524E+03   2.117051E-01   8.853342E-04
   9.786808E+00   2.489572E+03   2.128435E-01   8.840490E-04
   9.793601E+00   2.500691E+03   2.139981E-01   8.827595E-04
   9.800398E+00   2.511833E+03   2.151652E-01   8.814634E-04
   9.807201E+00   2.522286E+03   2.162831E-01   8.801318E-04
   9.814008E+00   2.532801E+03   2.174148E-01   8.787968E-04
   9.820819E+00   2.543276E+03   2.185525E-01   8.774534E-04
   9.827636E+00   2.553064E+03   2.196429E-01   8.760728E-04
   9.834457E+00   2.562903E+03   2.207449E-01   8.746898E-04
   9.841283E+00   2.572637E+03   2.218474E-01   8.732955E-04
   9.848114E+00   2.581729E+03   2.229125E-01   8.718611E-04
   9.854949E+00   2.590863E+03   2.239867E-01   8.704255E-04
   9.861789E+00   2.599798E+03   2.250556E-01   8.689733E-04
   9.868634E+00   2.608084E+03   2.260912E-01   8.674774E-04
   9.875484E+00   2.616400E+03   2.271333E-01   8.659819E-04
   9.882338E+00   2.624405E+03   2.281667E-01   8.644611E-04
   9.889197E+00   2.631771E+03   2.291751E-01   8.628926E-04
   9.896061E+00   2.639155E+03   2.301875E-01   8.613263E-04
   9.902930E+00   2.646080E+03   2.311916E-01   8.597201E-04
   9.909803E+00   2.652370E+03   2.321814E-01   8.580614E-04
   9.916682E+00   2.658664E+03   2.331727E-01   8.564074E-04
   9.923565E+00   2.664316E+03   2.341669E-01   8.546893E-04
   9.930452E+00   2.669358E+03   2.351623E-01   8.529145E-04
   9.937345E+00   2.674384E+03   2.361569E-01   8.511483E-04
   9.944242E+00   2.678497E+03   2.371858E-01   8.492743E-04
   9.951144E+00   2.682012E+03   2.382343E-01   8.473409E-04
   9.958051E+00   2.685485E+03   2.392800E-01   8.454217E-04
   9.964963E+00   2.687798E+03   2.404601E-01   8.433154E-04
   9.971879E+00   2.689594E+03   2.416902E-01   8.411534E-04
   9.978801E+00   2.691308E+03   2.429156E-01   8.390160E-04
   9.985727E+00   2.691704E+03   2.445356E-01   8.365403E-04
   9.992658E+00   2.691690E+03   2.462329E-01   8.340332E-04
   9.999593E+00   2.691523E+03   2.479215E-01   8.315716E-04
   1.000653E+01   2.690797E+03   2.507615E-01   8.284680E-04
   1.001348E+01   2.689710E+03   2.536510E-01   8.254213E-04
   1.002043E+01   2.688612E+03   2.567199E-01   8.223889E-04
   1.002738E+01   2.691485E+03   2.628930E-01   8.182948E-04
   1.003434E+01   2.693320E+03   2.689153E-01   8.144857E-04
   1.004131E+01   2.699032E+03   2.765606E-01   8.105710E-04
   1.004828E+01   2.722006E+03   2.913903E-01   8.058301E-04
   1.005525E+01   2.738977E+03   3.050849E-01   8.022374E-04
   1.006223E+01   2.768379E+03   3.228660E-01   8.000349E-04
   1.006922E+01   2.816888E+03   3.503435E-01   8.008384E-04
   1.007620E+01   2.835361E+03   3.769337E-01   8.040221E-04
   1.008320E+01   2.872431E+03   4.144607E-01   8.058402E-04
   1.009020E+01   2.987048E+03   4.828240E-01   7.996600E-04
   1.009720E+01   3.171754E+03   5.915112E-01   7.848334E-04
   1.010421E+01   3.549336E+03   7.503271E-01   7.582102E-04
   1.011122E+01   4.139952E+03   9.676540E-01   7.201981E-04
   1.011824E+01   4.929513E+03   1.271582E+00   6.707124E-04
   1.012526E+01   5.905143E+03   1.573102E+00   6.200046E-04
   1.013229E+01   6.900844E+03   1.852253E+00   5.769616E-04
   1.013932E+01   7.795879E+03   2.107952E+00   5.423187E-04
   1.014636E+01   7.902714E+03   1.981762E+00   5.468878E-04
   1.015340E+01   7.737128E+03   1.806329E+00   5.598050E-04
   1.016045E+01   7.363531E+03   1.622154E+00   5.797702E-04
   1.016750E+01   6.689029E+03   1.332675E+00   6.225118E-04
   1.017456E+01   6.080203E+03   1.110024E+00   6.649519E-04
   1.018162E+01   5.566777E+03   9.454664E-01   7.044120E-04
   1.018869E+01   5.228283E+03   8.326061E-01   7.305400E-04
   1.019576E+01   4.914142E+03   7.366344E-01   7.551063E-04
   1.020284E+01   4.649204E+03   6.602186E-01   7.755715E-04
   1.020992E+01   4.438663E+03   6.007572E-01   7.908448E-04
   1.021701E+01   4.239364E+03   5.478395E-01   8.051177E-04
   1.022410E+01   4.046943E+03   4.969521E-01   8.174062E-04
   1.023119E+01   3.861353E+03   4.490175E-01   8.277636E-04
   1.023829E+01   3.685006E+03   4.062502E-01   8.369783E-04
   1.024540E+01   3.564236E+03   3.734196E-01   8.385558E-04
   1.025251E+01   3.458666E+03   3.449643E-01   8.376981E-04
   1.025963E+01   3.353072E+03   3.188635E-01   8.365837E-04
   1.026675E+01   3.336638E+03   3.110254E-01   8.297276E-04
   1.027387E+01   3.321499E+03   3.046764E-01   8.230542E-04
   1.028101E+01   3.308392E+03   2.999095E-01   8.167172E-04
   1.028814E+01   3.326386E+03   3.019470E-01   8.099644E-04
   1.029528E+01   3.342241E+03   3.042490E-01   8.035911E-04
   1.030243E+01   3.358940E+03   3.073184E-01   7.975196E-04
   1.030958E+01   3.379553E+03   3.116404E-01   7.916579E-04
   1.031673E+01   3.398416E+03   3.161483E-01   7.861045E-04
   1.032390E+01   3.418397E+03   3.216643E-01   7.802638E-04
   1.033106E+01   3.438230E+03   3.280848E-01   7.743440E-04
   1.033823E+01   3.455266E+03   3.346655E-01   7.688528E-04
   1.034541E+01   3.490137E+03   3.478366E-01   7.613301E-04
   1.035259E+01   3.525075E+03   3.634938E-01   7.539684E-04
   1.035977E+01   3.552734E+03   3.793935E-01   7.475672E-04
   1.036696E+01   3.690357E+03   4.311749E-01   7.347141E-04
   1.037416E+01   3.824856E+03   4.919696E-01   7.225455E-04
   1.038136E+01   4.012718E+03   5.766520E-01   7.076763E-04
   1.038857E+01   4.526629E+03   7.642646E-01   6.749529E-04
   1.039578E+01   5.262632E+03   1.066312E+00   6.278635E-04
   1.040299E+01   6.363406E+03   1.499139E+00   5.666472E-04
   1.041021E+01   7.684395E+03   1.971948E+00   5.076404E-04
   1.041744E+01   8.946378E+03   2.503346E+00   4.536576E-04
   1.042467E+01   9.128776E+03   2.488976E+00   4.450541E-04
   1.043190E+01   8.549389E+03   2.171240E+00   4.628272E-04
   1.043914E+01   7.727037E+03   1.878380E+00   4.869800E-04
   1.044639E+01   6.918808E+03   1.513911E+00   5.413918E-04
   1.045364E+01   6.192402E+03   1.223938E+00   5.980536E-04
   1.046090E+01   5.584825E+03   1.017040E+00   6.500521E-04
   1.046816E+01   5.358361E+03   9.216750E-01   6.712170E-04
   1.047542E+01   5.136469E+03   8.359091E-01   6.909223E-04
   1.048269E+01   4.967763E+03   7.729859E-01   7.049230E-04
   1.048997E+01   4.881172E+03   7.377006E-01   7.109358E-04
   1.049725E+01   4.794562E+03   7.039591E-01   7.166370E-04
   1.050454E+01   4.737056E+03   6.809979E-01   7.196906E-04
   1.051183E+01   4.696935E+03   6.642478E-01   7.212099E-04
   1.051912E+01   4.656579E+03   6.478671E-01   7.226618E-04
   1.052642E+01   4.634715E+03   6.380847E-01   7.227047E-04
   1.053373E+01   4.615254E+03   6.292745E-01   7.225494E-04
   1.054104E+01   4.597266E+03   6.211272E-01   7.222754E-04
   1.054836E+01   4.588906E+03   6.164010E-01   7.213528E-04
   1.055568E+01   4.580474E+03   6.117057E-01   7.204323E-04
   1.056301E+01   4.574763E+03   6.080238E-01   7.193426E-04
   1.057034E+01   4.573026E+03   6.057698E-01   7.180107E-04
   1.057767E+01   4.571261E+03   6.035242E-01   7.166833E-04
   1.058502E+01   4.572318E+03   6.023146E-01   7.151963E-04
   1.059236E+01   4.574690E+03   6.015857E-01   7.136372E-04
   1.059971E+01   4.577057E+03   6.008598E-01   7.120821E-04
   1.060707E+01   4.582407E+03   6.012505E-01   7.103684E-04
   1.061443E+01   4.587886E+03   6.016894E-01   7.086506E-04
   1.062180E+01   4.593879E+03   6.023174E-01   7.069072E-04
   1.062917E+01   4.601442E+03   6.035243E-01   7.050785E-04
   1.063655E+01   4.609019E+03   6.047368E-01   7.032510E-04
   1.064393E+01   4.617524E+03   6.063080E-01   7.013761E-04
   1.065132E+01   4.626844E+03   6.081968E-01   6.994587E-04
   1.065871E+01   4.636182E+03   6.100947E-01   6.975409E-04
   1.066611E+01   4.646631E+03   6.124194E-01   6.955610E-04
   1.067352E+01   4.657328E+03   6.148442E-01   6.935666E-04
   1.068092E+01   4.668193E+03   6.173391E-01   6.915616E-04
   1.068834E+01   4.680147E+03   6.202550E-01   6.894913E-04
   1.069576E+01   4.692116E+03   6.231869E-01   6.874180E-04
   1.070318E+01   4.704404E+03   6.262712E-01   6.853266E-04
   1.071061E+01   4.717110E+03   6.295553E-01   6.832112E-04
   1.071804E+01   4.729823E+03   6.328581E-01   6.810918E-04
   1.072548E+01   4.743309E+03   6.364642E-01   6.789187E-04
   1.073293E+01   4.757072E+03   6.401941E-01   6.767228E-04
   1.074038E+01   4.770872E+03   6.439610E-01   6.745197E-04
   1.074783E+01   4.785325E+03   6.480218E-01   6.722708E-04
   1.075529E+01   4.799774E+03   6.521082E-01   6.700158E-04
   1.076276E+01   4.814556E+03   6.563462E-01   6.677311E-04
   1.077023E+01   4.829906E+03   6.608280E-01   6.653991E-04
   1.077770E+01   4.845245E+03   6.653394E-01   6.630598E-04
   1.078518E+01   4.860993E+03   6.700698E-01   6.606853E-04
   1.079267E+01   4.876908E+03   6.749163E-01   6.582903E-04
   1.080016E+01   4.892813E+03   6.798005E-01   6.558859E-04
   1.080765E+01   4.909321E+03   6.849611E-01   6.534258E-04
   1.081516E+01   4.925798E+03   6.901574E-01   6.509565E-04
   1.082266E+01   4.942565E+03   6.955108E-01   6.484524E-04
   1.083017E+01   4.959883E+03   7.011241E-01   6.458917E-04
   1.083769E+01   4.977158E+03   7.067777E-01   6.433204E-04
   1.084521E+01   4.994907E+03   7.126938E-01   6.406968E-04
   1.085274E+01   5.012831E+03   7.187521E-01   6.380430E-04
   1.086027E+01   5.030722E+03   7.248653E-01   6.353747E-04
   1.086781E+01   5.049319E+03   7.313102E-01   6.326290E-04
   1.087535E+01   5.067843E+03   7.378038E-01   6.298699E-04
   1.088290E+01   5.086599E+03   7.444832E-01   6.270706E-04
   1.089046E+01   5.105761E+03   7.514344E-01   6.242139E-04
   1.089802E+01   5.124826E+03   7.584387E-01   6.213420E-04
   1.090558E+01   5.144422E+03   7.657434E-01   6.183980E-04
   1.091315E+01   5.164131E+03   7.731936E-01   6.154173E-04
   1.092072E+01   5.183825E+03   7.807427E-01   6.124101E-04
   1.092830E+01   5.204383E+03   7.887437E-01   6.092937E-04
   1.093589E+01   5.224798E+03   7.968092E-01   6.061583E-04
   1.094348E+01   5.245477E+03   8.051231E-01   6.029634E-04
   1.095107E+01   5.266478E+03   8.137235E-01   5.997003E-04
   1.095868E+01   5.287300E+03   8.223934E-01   5.964159E-04
   1.096628E+01   5.308846E+03   8.315458E-01   5.930170E-04
   1.097389E+01   5.330372E+03   8.408614E-01   5.895746E-04
   1.098151E+01   5.351962E+03   8.503691E-01   5.860794E-04
   1.098913E+01   5.374469E+03   8.604284E-01   5.824419E-04
   1.099676E+01   5.396717E+03   8.705734E-01   5.787769E-04
   1.100439E+01   5.419462E+03   8.811509E-01   5.750011E-04
   1.101203E+01   5.442471E+03   8.920777E-01   5.711334E-04
   1.101967E+01   5.465160E+03   9.030982E-01   5.672343E-04
   1.102732E+01   5.488808E+03   9.148292E-01   5.631550E-04
   1.103498E+01   5.512135E+03   9.266908E-01   5.590335E-04
   1.104264E+01   5.535618E+03   9.389256E-01   5.548102E-04
   1.105030E+01   5.559716E+03   9.517895E-01   5.504219E-04
   1.105797E+01   5.583342E+03   9.647661E-01   5.459921E-04
   1.106564E+01   5.608035E+03   9.785885E-01   5.413352E-04
   1.107333E+01   5.632735E+03   9.928023E-01   5.365640E-04
   1.108101E+01   5.657078E+03   1.007268E+00   5.317132E-04
   1.108870E+01   5.682282E+03   1.022701E+00   5.266055E-04
   1.109640E+01   5.706781E+03   1.038272E+00   5.214413E-04
   1.110410E+01   5.731959E+03   1.054710E+00   5.160337E-04
   1.111181E+01   5.757548E+03   1.071945E+00   5.103975E-04
   1.111952E+01   5.782244E+03   1.089335E+00   5.046934E-04
   1.112724E+01   5.808079E+03   1.108167E+00   4.985940E-04
   1.113496E+01   5.832966E+03   1.127254E+00   4.923931E-04
   1.114269E+01   5.857788E+03   1.147143E+00   4.859463E-04
   1.115042E+01   5.883332E+03   1.168414E+00   4.790995E-04
   1.115816E+01   5.907468E+03   1.189868E+00   4.721543E-04
   1.116591E+01   5.932708E+03   1.213194E+00   4.646683E-04
   1.117366E+01   5.957014E+03   1.237252E+00   4.569271E-04
   1.118141E+01   5.980140E+03   1.261977E+00   4.489384E-04
   1.118917E+01   6.004149E+03   1.289061E+00   4.402490E-04
   1.119694E+01   6.025813E+03   1.316349E+00   4.314082E-04
   1.120471E+01   6.047607E+03   1.345923E+00   4.218535E-04
   1.121249E+01   6.068122E+03   1.377074E+00   4.117500E-04
   1.122027E+01   6.085595E+03   1.408550E+00   4.014092E-04
   1.122806E+01   6.103911E+03   1.444348E+00   3.897327E-04
   1.123585E+01   6.117972E+03   1.480300E+00   3.778011E-04
   1.124365E+01   6.129879E+03   1.519051E+00   3.648592E-04
   1.125145E+01   6.138869E+03   1.560957E+00   3.507442E-04
   1.125926E+01   6.141709E+03   1.602830E+00   3.362758E-04
   1.126708E+01   6.142311E+03   1.651578E+00   3.194384E-04
   1.127490E+01   6.134724E+03   1.700783E+00   3.019071E-04
   1.128272E+01   6.119150E+03   1.753175E+00   2.827612E-04
   1.129056E+01   6.093855E+03   1.811658E+00   2.608885E-04
   1.129839E+01   6.055047E+03   1.868881E+00   2.382614E-04
   1.130623E+01   5.999679E+03   1.936248E+00   2.108506E-04
   1.131408E+01   5.923255E+03   2.003745E+00   1.812465E-04
   1.132193E+01   5.820559E+03   2.072223E+00   1.483575E-04
   1.132979E+01   5.673660E+03   2.149107E+00   1.074718E-04
   1.133766E+01   5.493179E+03   2.216794E+00   6.428195E-05
   1.134553E+01   5.224597E+03   2.283764E+00   7.919992E-06
   1.135340E+01   4.888825E+03   2.334610E+00  -5.758278E-05
   1.136128E+01   4.486556E+03   2.356102E+00  -1.323951E-04
   1.136917E+01   3.913830E+03   2.317692E+00  -2.368023E-04
   1.137706E+01   3.367156E+03   2.254045E+00  -3.541943E-04
   1.138495E+01   2.793661E+03   2.108864E+00  -4.947369E-04
   1.139286E+01   2.290830E+03   1.947426E+00  -6.604898E-04
   1.140076E+01   1.895585E+03   1.807295E+00  -8.452964E-04
   1.140868E+01   1.607952E+03   1.646425E+00  -1.004536E-03
   1.141660E+01   1.373758E+03   1.521818E+00  -1.168313E-03
   1.142452E+01   1.221624E+03   1.415368E+00  -1.226686E-03
   1.143245E+01   1.098473E+03   1.320818E+00  -1.148336E-03
   1.144038E+01   9.703995E+02   1.243008E+00  -9.494350E-04
   1.144833E+01   9.144271E+02   1.172160E+00  -2.896794E-04
   1.145627E+01   8.073159E+02   1.112663E+00   5.527264E-04
   1.146422E+01   7.405226E+02   1.051830E+00   1.763218E-03
   1.147218E+01   6.591998E+02   9.902607E-01   2.934046E-03
   1.148014E+01   5.313978E+02   9.517334E-01   3.929282E-03
   1.148811E+01   4.933200E+02   9.022081E-01   3.942199E-03
   1.149608E+01   4.417194E+02   8.582896E-01   3.827953E-03
   1.150406E+01   4.020675E+02   8.207452E-01   3.620194E-03
   1.151205E+01   3.764275E+02   7.858923E-01   3.375684E-03
   1.152004E+01   3.500398E+02   7.513557E-01   3.140913E-03
   1.152803E+01   3.328048E+02   7.235361E-01   2.957965E-03
   1.153604E+01   3.154745E+02   6.955754E-01   2.785641E-03
   1.154404E+01   3.005324E+02   6.699971E-01   2.638343E-03
   1.155206E+01   2.879243E+02   6.467805E-01   2.513125E-03
   1.156007E+01   2.754252E+02   6.234805E-01   2.395084E-03
   1.156810E+01   2.659976E+02   6.036843E-01   2.300830E-03
   1.157613E+01   2.566160E+02   5.838306E-01   2.211220E-03
   1.158416E+01   2.485075E+02   5.653044E-01   2.131884E-03
   1.159220E+01   2.415447E+02   5.480349E-01   2.061442E-03
   1.160025E+01   2.346562E+02   5.308242E-01   1.994326E-03
   1.160830E+01   2.297414E+02   5.155382E-01   1.937203E-03
   1.161636E+01   2.247942E+02   5.002751E-01   1.882326E-03
   1.162442E+01   2.208761E+02   4.858576E-01   1.832341E-03
   1.163249E+01   2.177742E+02   4.721489E-01   1.786401E-03
   1.164056E+01   2.147478E+02   4.585665E-01   1.742346E-03
   1.164864E+01   2.134913E+02   4.460846E-01   1.702982E-03
   1.165673E+01   2.121548E+02   4.336593E-01   1.664917E-03
   1.166482E+01   2.120143E+02   4.218015E-01   1.629482E-03
   1.167291E+01   2.126665E+02   4.103508E-01   1.596077E-03
   1.168101E+01   2.135492E+02   3.990472E-01   1.563893E-03
   1.168912E+01   2.165200E+02   3.883587E-01   1.533975E-03
   1.169724E+01   2.194604E+02   3.777454E-01   1.504935E-03
   1.170535E+01   2.243061E+02   3.674967E-01   1.477304E-03
   1.171348E+01   2.302176E+02   3.574791E-01   1.450741E-03
   1.172161E+01   2.369205E+02   3.476069E-01   1.424999E-03
   1.172974E+01   2.467238E+02   3.380614E-01   1.400263E-03
   1.173789E+01   2.568552E+02   3.286201E-01   1.376201E-03
   1.174603E+01   2.707383E+02   3.194398E-01   1.352816E-03
   1.175419E+01   2.865576E+02   3.104437E-01   1.330055E-03
   1.176234E+01   3.048530E+02   3.016510E-01   1.307862E-03
   1.177051E+01   3.285969E+02   2.931893E-01   1.286160E-03
   1.177868E+01   3.540755E+02   2.849284E-01   1.264974E-03
   1.178685E+01   3.874990E+02   2.772931E-01   1.244465E-03
   1.179503E+01   4.252311E+02   2.700462E-01   1.224380E-03
   1.180322E+01   4.691762E+02   2.636399E-01   1.205296E-03
   1.181141E+01   5.221126E+02   2.584599E-01   1.187390E-03
   1.181961E+01   5.808073E+02   2.538691E-01   1.169526E-03
   1.182782E+01   6.471634E+02   2.525080E-01   1.156262E-03
   1.183602E+01   7.209094E+02   2.521402E-01   1.142804E-03
   1.184424E+01   7.949123E+02   2.548009E-01   1.133822E-03
   1.185246E+01   8.681389E+02   2.603214E-01   1.128837E-03
   1.186069E+01   9.446157E+02   2.672205E-01   1.124073E-03
   1.186892E+01   9.919087E+02   2.778673E-01   1.130871E-03
   1.187716E+01   1.040875E+03   2.891580E-01   1.137262E-03
   1.188540E+01   1.059574E+03   3.009879E-01   1.151559E-03
   1.189365E+01   1.061126E+03   3.129440E-01   1.170708E-03
   1.190191E+01   1.051780E+03   3.240782E-01   1.192001E-03
   1.191017E+01   1.009083E+03   3.323120E-01   1.219173E-03
   1.191843E+01   9.675162E+02   3.407207E-01   1.247421E-03
   1.192671E+01   9.033537E+02   3.440015E-01   1.274030E-03
   1.193498E+01   8.378281E+02   3.467606E-01   1.300274E-03
   1.194327E+01   7.710980E+02   3.474387E-01   1.322342E-03
   1.195156E+01   7.015274E+02   3.448484E-01   1.337078E-03
   1.195985E+01   6.378427E+02   3.432308E-01   1.351060E-03
   1.196815E+01   5.776228E+02   3.375866E-01   1.352975E-03
   1.197646E+01   5.227711E+02   3.326869E-01   1.353827E-03
   1.198477E+01   4.745555E+02   3.270166E-01   1.349966E-03
   1.199309E+01   4.317189E+02   3.208226E-01   1.342625E-03
   1.200142E+01   3.932664E+02   3.149306E-01   1.334412E-03
   1.200975E+01   3.610441E+02   3.086398E-01   1.323551E-03
   1.201808E+01   3.313789E+02   3.026320E-01   1.312586E-03
   1.202642E+01   3.064923E+02   2.967374E-01   1.300958E-03
   1.203477E+01   2.840908E+02   2.909859E-01   1.289177E-03
   1.204312E+01   2.642012E+02   2.854467E-01   1.277503E-03
   1.205148E+01   2.471063E+02   2.801250E-01   1.265998E-03
   1.205985E+01   2.310875E+02   2.749105E-01   1.254594E-03
   1.206822E+01   2.178093E+02   2.700286E-01   1.243744E-03
   1.207659E+01   2.053032E+02   2.652287E-01   1.233015E-03
   1.208498E+01   1.942900E+02   2.606571E-01   1.222724E-03
   1.209336E+01   1.843681E+02   2.562533E-01   1.212766E-03
   1.210176E+01   1.751507E+02   2.519557E-01   1.203022E-03
   1.211016E+01   1.671454E+02   2.478953E-01   1.193781E-03
   1.211856E+01   1.594950E+02   2.438813E-01   1.184640E-03
   1.212697E+01   1.528058E+02   2.400934E-01   1.175993E-03
   1.213539E+01   1.465116E+02   2.363822E-01   1.167519E-03
   1.214381E+01   1.407354E+02   2.327938E-01   1.159317E-03
   1.215224E+01   1.354903E+02   2.293423E-01   1.151421E-03
   1.216068E+01   1.304717E+02   2.259373E-01   1.143634E-03
   1.216912E+01   1.260470E+02   2.227137E-01   1.136249E-03
   1.217756E+01   1.217671E+02   2.195197E-01   1.128935E-03
   1.218602E+01   1.178839E+02   2.164597E-01   1.121921E-03
   1.219447E+01   1.142208E+02   2.134691E-01   1.115065E-03
   1.220294E+01   1.107699E+02   2.105477E-01   1.108364E-03
   1.221141E+01   1.076066E+02   2.077319E-01   1.101898E-03
   1.221988E+01   1.045302E+02   2.049401E-01   1.095489E-03
   1.222837E+01   1.017707E+02   2.022782E-01   1.089366E-03
   1.223685E+01   9.908418E+01   1.996398E-01   1.083297E-03
   1.224535E+01   9.659061E+01   1.970813E-01   1.077404E-03
   1.225385E+01   9.422891E+01   1.945777E-01   1.071633E-03
   1.226235E+01   9.196812E+01   1.921180E-01   1.065958E-03
   1.227086E+01   8.987610E+01   1.897393E-01   1.060460E-03
   1.227938E+01   8.782945E+01   1.873796E-01   1.055005E-03
   1.228790E+01   8.595433E+01   1.851103E-01   1.049746E-03
   1.229643E+01   8.412708E+01   1.828646E-01   1.044537E-03
   1.230497E+01   8.240473E+01   1.806771E-01   1.039455E-03
   1.231351E+01   8.076378E+01   1.785358E-01   1.034471E-03
   1.232205E+01   7.917830E+01   1.764261E-01   1.029555E-03
   1.233061E+01   7.769830E+01   1.743797E-01   1.024774E-03
   1.233916E+01   7.624447E+01   1.723491E-01   1.020026E-03
   1.234773E+01   7.489458E+01   1.703831E-01   1.015415E-03
   1.235630E+01   7.357556E+01   1.684373E-01   1.010846E-03
   1.236487E+01   7.232197E+01   1.665328E-01   1.006364E-03
   1.237346E+01   7.112101E+01   1.646627E-01   1.001954E-03
   1.238205E+01   6.995512E+01   1.628159E-01   9.975920E-04
   1.239064E+01   6.885856E+01   1.610124E-01   9.933199E-04
   1.239924E+01   6.777811E+01   1.592224E-01   9.890750E-04
   1.240785E+01   6.676594E+01   1.574891E-01   9.849483E-04
   1.241646E+01   6.577290E+01   1.557728E-01   9.808558E-04
   1.242508E+01   6.482470E+01   1.540926E-01   9.768376E-04
   1.243370E+01   6.391060E+01   1.524411E-01   9.728778E-04
   1.244233E+01   6.302120E+01   1.508103E-01   9.689597E-04
   1.245097E+01   6.217716E+01   1.492146E-01   9.651133E-04
   1.245961E+01   6.134361E+01   1.476307E-01   9.612892E-04
   1.246826E+01   6.056027E+01   1.460888E-01   9.575516E-04
   1.247691E+01   5.978805E+01   1.445597E-01   9.538382E-04
   1.248557E+01   5.904969E+01   1.430625E-01   9.501896E-04
   1.249424E+01   5.833332E+01   1.415877E-01   9.465855E-04
   1.250291E+01   5.763691E+01   1.401291E-01   9.430127E-04
   1.251159E+01   5.697156E+01   1.386918E-01   9.394821E-04
   1.252027E+01   5.631419E+01   1.372660E-01   9.359729E-04
   1.252896E+01   5.569286E+01   1.358821E-01   9.325492E-04
   1.253766E+01   5.507780E+01   1.345081E-01   9.291436E-04
   1.254636E+01   5.449027E+01   1.331622E-01   9.257942E-04
   1.255507E+01   5.391625E+01   1.318326E-01   9.224762E-04
   1.256378E+01   5.335965E+01   1.305165E-01   9.191836E-04
   1.257250E+01   5.282369E+01   1.292149E-01   9.159186E-04
   1.258123E+01   5.229593E+01   1.279273E-01   9.126801E-04
   1.258996E+01   5.179319E+01   1.266772E-01   9.095177E-04
   1.259870E+01   5.129480E+01   1.254359E-01   9.063709E-04
   1.260744E+01   5.082037E+01   1.242116E-01   9.032568E-04
   1.261619E+01   5.035327E+01   1.229974E-01   9.001610E-04
   1.262495E+01   4.990208E+01   1.218018E-01   8.971011E-04
   1.263371E+01   4.946370E+01   1.206221E-01   8.940721E-04
   1.264248E+01   4.903435E+01   1.194558E-01   8.910681E-04
   1.265126E+01   4.862239E+01   1.183104E-01   8.881050E-04
   1.266004E+01   4.821357E+01   1.171731E-01   8.851561E-04
   1.266882E+01   4.782562E+01   1.160614E-01   8.822584E-04
   1.267762E+01   4.744041E+01   1.149576E-01   8.793740E-04
   1.268642E+01   4.707101E+01   1.138689E-01   8.765186E-04
   1.269522E+01   4.670894E+01   1.127905E-01   8.736821E-04
   1.270403E+01   4.635652E+01   1.117245E-01   8.708685E-04
   1.271285E+01   4.601491E+01   1.106714E-01   8.680794E-04
   1.272168E+01   4.567848E+01   1.096291E-01   8.653101E-04
   1.273051E+01   4.535686E+01   1.086086E-01   8.625839E-04
   1.273934E+01   4.503720E+01   1.075952E-01   8.598697E-04
   1.274818E+01   4.473299E+01   1.065916E-01   8.571733E-04
   1.275703E+01   4.443160E+01   1.055952E-01   8.544893E-04
   1.276589E+01   4.414081E+01   1.046177E-01   8.518423E-04
   1.277475E+01   4.385607E+01   1.036530E-01   8.492195E-04
   1.278361E+01   4.357803E+01   1.026993E-01   8.466172E-04
   1.279249E+01   4.330891E+01   1.017584E-01   8.440394E-04
   1.280137E+01   4.304326E+01   1.008246E-01   8.414735E-04
   1.281025E+01   4.279037E+01   9.990006E-02   8.389246E-04
   1.281914E+01   4.253869E+01   9.898191E-02   8.363863E-04
   1.282804E+01   4.229929E+01   9.807979E-02   8.338793E-04
   1.283694E+01   4.206216E+01   9.718490E-02   8.313849E-04
   1.284585E+01   4.183348E+01   9.629850E-02   8.289057E-04
   1.285477E+01   4.160964E+01   9.541942E-02   8.264393E-04
   1.286369E+01   4.139042E+01   9.455383E-02   8.239990E-04
   1.287262E+01   4.117729E+01   9.370468E-02   8.215910E-04
   1.288155E+01   4.096733E+01   9.286073E-02   8.191914E-04
   1.289050E+01   4.076911E+01   9.201978E-02   8.167955E-04
   1.289944E+01   4.057161E+01   9.118461E-02   8.144091E-04
   1.290840E+01   4.038248E+01   9.036530E-02   8.120541E-04
   1.291736E+01   4.019451E+01   8.955227E-02   8.097098E-04
   1.292632E+01   4.001449E+01   8.875246E-02   8.073912E-04
   1.293529E+01   3.983809E+01   8.796128E-02   8.050886E-04
   1.294427E+01   3.966655E+01   8.717737E-02   8.027989E-04
   1.295326E+01   3.950023E+01   8.640084E-02   8.005225E-04
   1.296225E+01   3.933699E+01   8.562886E-02   7.982532E-04
   1.297124E+01   3.918190E+01   8.485994E-02   7.959879E-04
   1.298025E+01   3.902741E+01   8.409677E-02   7.937324E-04
   1.298926E+01   3.887999E+01   8.335600E-02   7.915228E-04
   1.299827E+01   3.873293E+01   8.262024E-02   7.893214E-04
   1.300729E+01   3.859354E+01   8.188725E-02   7.871236E-04
   1.301632E+01   3.845618E+01   8.115874E-02   7.849328E-04
   1.302536E+01   3.832407E+01   8.043759E-02   7.827555E-04
   1.303440E+01   3.819563E+01   7.972300E-02   7.805900E-04
   1.304344E+01   3.807071E+01   7.901484E-02   7.784359E-04
   1.305250E+01   3.795134E+01   7.831403E-02   7.762953E-04
   1.306156E+01   3.783336E+01   7.761985E-02   7.741667E-04
   1.307062E+01   3.772137E+01   7.693929E-02   7.720654E-04
   1.307969E+01   3.760954E+01   7.626334E-02   7.699718E-04
   1.308877E+01   3.750479E+01   7.558962E-02   7.678806E-04
   1.309786E+01   3.740041E+01   7.492041E-02   7.657969E-04
   1.310695E+01   3.730248E+01   7.425893E-02   7.637277E-04
   1.311604E+01   3.720659E+01   7.360293E-02   7.616681E-04
   1.312515E+01   3.711454E+01   7.295376E-02   7.596211E-04
   1.313426E+01   3.702541E+01   7.231081E-02   7.575855E-04
   1.314337E+01   3.693885E+01   7.167379E-02   7.555607E-04
   1.315250E+01   3.685660E+01   7.104374E-02   7.535488E-04
   1.316163E+01   3.677560E+01   7.041873E-02   7.515458E-04
   1.317076E+01   3.670031E+01   6.980141E-02   7.495575E-04
   1.317990E+01   3.662502E+01   6.918830E-02   7.475762E-04
   1.318905E+01   3.655664E+01   6.857724E-02   7.455972E-04
   1.319821E+01   3.648832E+01   6.797033E-02   7.436251E-04
   1.320737E+01   3.642498E+01   6.737095E-02   7.416674E-04
   1.321653E+01   3.636283E+01   6.677647E-02   7.397184E-04
   1.322571E+01   3.630459E+01   6.618868E-02   7.377821E-04
   1.323489E+01   3.624869E+01   6.560648E-02   7.358561E-04
   1.324407E+01   3.619598E+01   6.502738E-02   7.339347E-04
   1.325326E+01   3.614728E+01   6.445113E-02   7.320175E-04
   1.326246E+01   3.609977E+01   6.388162E-02   7.301132E-04
   1.327167E+01   3.605565E+01   6.332356E-02   7.282325E-04
   1.328088E+01   3.601216E+01   6.276853E-02   7.263565E-04
   1.329010E+01   3.597529E+01   6.221009E-02   7.244705E-04
   1.329932E+01   3.593831E+01   6.165550E-02   7.225911E-04
   1.330855E+01   3.590579E+01   6.111420E-02   7.207396E-04
   1.331779E+01   3.587352E+01   6.057735E-02   7.188960E-04
   1.332703E+01   3.584617E+01   6.003823E-02   7.170451E-04
   1.333628E+01   3.582027E+01   5.950098E-02   7.151963E-04
   1.334554E+01   3.579729E+01   5.897350E-02   7.133676E-04
   1.335480E+01   3.577622E+01   5.845371E-02   7.115543E-04
   1.336407E+01   3.575761E+01   5.793672E-02   7.097454E-04
   1.337335E+01   3.574216E+01   5.742233E-02   7.079402E-04
   1.338263E+01   3.572854E+01   5.691100E-02   7.061401E-04
   1.339192E+01   3.571973E+01   5.640200E-02   7.043431E-04
   1.340121E+01   3.571146E+01   5.589707E-02   7.025534E-04
   1.341052E+01   3.570752E+01   5.539923E-02   7.007780E-04
   1.341982E+01   3.570344E+01   5.490484E-02   6.990084E-04
   1.342914E+01   3.570418E+01   5.441227E-02   6.972411E-04
   1.343846E+01   3.570488E+01   5.392311E-02   6.954795E-04
   1.344779E+01   3.570980E+01   5.344078E-02   6.937317E-04
   1.345712E+01   3.571546E+01   5.296249E-02   6.919913E-04
   1.346646E+01   3.572588E+01   5.248643E-02   6.902541E-04
   1.347581E+01   3.573835E+01   5.201323E-02   6.885214E-04
   1.348516E+01   3.575300E+01   5.154247E-02   6.867925E-04
   1.349452E+01   3.576938E+01   5.107432E-02   6.850676E-04
   1.350389E+01   3.578785E+01   5.061116E-02   6.833524E-04
   1.351326E+01   3.580930E+01   5.015360E-02   6.816484E-04
   1.352264E+01   3.583238E+01   4.969884E-02   6.799489E-04
   1.353203E+01   3.585979E+01   4.924621E-02   6.782525E-04
   1.354142E+01   3.588775E+01   4.879739E-02   6.765631E-04
   1.355082E+01   3.591930E+01   4.835514E-02   6.748872E-04
   1.356022E+01   3.595090E+01   4.791598E-02   6.732167E-04
   1.356963E+01   3.598848E+01   4.747852E-02   6.715483E-04
   1.357905E+01   3.602598E+01   4.704416E-02   6.698853E-04
   1.358848E+01   3.606809E+01   4.661160E-02   6.682246E-04
   1.359791E+01   3.611066E+01   4.618199E-02   6.665690E-04
   1.360735E+01   3.615723E+01   4.575435E-02   6.649162E-04
   1.361679E+01   3.620489E+01   4.532947E-02   6.632679E-04
   1.362624E+01   3.625540E+01   4.491022E-02   6.616313E-04
   1.363570E+01   3.630734E+01   4.449530E-02   6.600032E-04
   1.364516E+01   3.636257E+01   4.407973E-02   6.583715E-04
   1.365464E+01   3.642053E+01   4.366418E-02   6.567379E-04
   1.366411E+01   3.648080E+01   4.325332E-02   6.551137E-04
   1.367360E+01   3.654410E+01   4.284762E-02   6.535000E-04
   1.368309E+01   3.660882E+01   4.244611E-02   6.518946E-04
   1.369258E+01   3.667648E+01   4.205009E-02   6.503007E-04
   1.370209E+01   3.674549E+01   4.165552E-02   6.487085E-04
   1.371160E+01   3.681926E+01   4.125883E-02   6.471091E-04
   1.372112E+01   3.689369E+01   4.086550E-02   6.455160E-04
   1.373064E+01   3.697289E+01   4.047839E-02   6.439362E-04
   1.374017E+01   3.705221E+01   4.009408E-02   6.423614E-04
   1.374971E+01   3.713570E+01   3.971136E-02   6.407886E-04
   1.375925E+01   3.721924E+01   3.933145E-02   6.392209E-04
   1.376880E+01   3.730859E+01   3.895319E-02   6.376553E-04
   1.377836E+01   3.739852E+01   3.857764E-02   6.360946E-04
   1.378792E+01   3.749282E+01   3.820385E-02   6.345363E-04
   1.379749E+01   3.758813E+01   3.783264E-02   6.329824E-04
   1.380707E+01   3.768736E+01   3.746328E-02   6.314313E-04
   1.381665E+01   3.778807E+01   3.709638E-02   6.298844E-04
   1.382624E+01   3.789294E+01   3.673144E-02   6.283405E-04
   1.383584E+01   3.800012E+01   3.636883E-02   6.268005E-04
   1.384544E+01   3.810987E+01   3.601100E-02   6.252706E-04
   1.385505E+01   3.822163E+01   3.565743E-02   6.237496E-04
   1.386467E+01   3.833699E+01   3.530365E-02   6.222261E-04
   1.387429E+01   3.845618E+01   3.494951E-02   6.206998E-04
   1.388392E+01   3.857728E+01   3.459953E-02   6.191821E-04
   1.389356E+01   3.870109E+01   3.425431E-02   6.176746E-04
   1.390320E+01   3.882713E+01   3.390979E-02   6.161670E-04
   1.391285E+01   3.895739E+01   3.356404E-02   6.146542E-04
   1.392251E+01   3.908954E+01   3.322188E-02   6.131487E-04
   1.393217E+01   3.922656E+01   3.288494E-02   6.116547E-04
   1.394184E+01   3.936503E+01   3.254951E-02   6.101626E-04
   1.395152E+01   3.950858E+01   3.221207E-02   6.086633E-04
   1.396120E+01   3.965312E+01   3.187771E-02   6.071701E-04
   1.397089E+01   3.980243E+01   3.154895E-02   6.056894E-04
   1.398059E+01   3.995252E+01   3.122271E-02   6.042134E-04
   1.399029E+01   4.010854E+01   3.089799E-02   6.027393E-04
   1.400000E+01   4.026504E+01   3.057585E-02   6.012701E-04
