#============================================================================
# Opacities computed by OpTool        <a^n>=  1.0000E-1  1.0000E-1  1.0000E-1
# Method:   DHS  fmax=  0.300
# Parameters:
#   amin [um]=      0.100 amax [um]=      0.100  na  =    1    apow=   3.5    
#   lmin [um]=      7.000 lmax [um]=     14.000  nlam= 1000    nang=   180
#   porosity =      0.000 p_mantle =      0.000  fmax= 0.30    chop=   0.0
# Composition:
#  Where   mfrac  rho   Material
#  -----   -----  ----  -----------------------------------------------------
#  core    1.000  3.27  for
#  - - -   - - -  -  -  - - - - - - - - - - - - - - - - - - - - - - - - - - -
#  grain   1.000  3.27  mixture of  1 materials
#----------------------------------------------------------------------------
# Command: ./optool for -a 0.1 -dhs 0.3 -l 7 14 1000
#============================================================================
# Standard output file, no scattering matrix
#    iformat
#    nlambda
#    lambda[um]  kabs [cm^2/g]  ksca [cm^2/g]    g_asymmetry
#============================================================================
           3
        1000
   7.000000E+00   5.952315E+00   2.806375E-01   1.941270E-03
   7.004859E+00   5.972067E+00   2.793269E-01   1.938196E-03
   7.009721E+00   5.991884E+00   2.780219E-01   1.935128E-03
   7.014586E+00   6.011766E+00   2.767226E-01   1.932065E-03
   7.019455E+00   6.031714E+00   2.754289E-01   1.929006E-03
   7.024327E+00   6.051700E+00   2.741635E-01   1.925969E-03
   7.029202E+00   6.071747E+00   2.729063E-01   1.922939E-03
   7.034081E+00   6.091861E+00   2.716545E-01   1.919913E-03
   7.038963E+00   6.112041E+00   2.704080E-01   1.916893E-03
   7.043849E+00   6.132472E+00   2.691436E-01   1.913861E-03
   7.048738E+00   6.153021E+00   2.678784E-01   1.910829E-03
   7.053630E+00   6.173638E+00   2.666187E-01   1.907802E-03
   7.058526E+00   6.194323E+00   2.653645E-01   1.904781E-03
   7.063425E+00   6.215238E+00   2.640952E-01   1.901749E-03
   7.068328E+00   6.236292E+00   2.628227E-01   1.898716E-03
   7.073234E+00   6.257416E+00   2.615559E-01   1.895688E-03
   7.078143E+00   6.278611E+00   2.602946E-01   1.892666E-03
   7.083056E+00   6.299981E+00   2.590542E-01   1.889659E-03
   7.087972E+00   6.321486E+00   2.578285E-01   1.886664E-03
   7.092892E+00   6.343064E+00   2.566081E-01   1.883673E-03
   7.097815E+00   6.364714E+00   2.553931E-01   1.880688E-03
   7.102741E+00   6.386497E+00   2.541674E-01   1.877696E-03
   7.107671E+00   6.408401E+00   2.529345E-01   1.874700E-03
   7.112605E+00   6.430380E+00   2.517070E-01   1.871708E-03
   7.117541E+00   6.452433E+00   2.504850E-01   1.868722E-03
   7.122481E+00   6.474637E+00   2.492805E-01   1.865749E-03
   7.127425E+00   6.496991E+00   2.480933E-01   1.862790E-03
   7.132372E+00   6.519422E+00   2.469112E-01   1.859835E-03
   7.137322E+00   6.541930E+00   2.457343E-01   1.856886E-03
   7.142276E+00   6.564609E+00   2.445497E-01   1.853932E-03
   7.147234E+00   6.587477E+00   2.433553E-01   1.850971E-03
   7.152194E+00   6.610425E+00   2.421662E-01   1.848016E-03
   7.157159E+00   6.633451E+00   2.409824E-01   1.845065E-03
   7.162126E+00   6.656689E+00   2.397920E-01   1.842111E-03
   7.167097E+00   6.680186E+00   2.385911E-01   1.839149E-03
   7.172072E+00   6.703765E+00   2.373957E-01   1.836193E-03
   7.177050E+00   6.727426E+00   2.362057E-01   1.833241E-03
   7.182031E+00   6.751175E+00   2.350305E-01   1.830302E-03
   7.187016E+00   6.775014E+00   2.338743E-01   1.827377E-03
   7.192005E+00   6.798937E+00   2.327233E-01   1.824458E-03
   7.196997E+00   6.822943E+00   2.315775E-01   1.821543E-03
   7.201992E+00   6.847151E+00   2.304259E-01   1.818625E-03
   7.206991E+00   6.871625E+00   2.292633E-01   1.815699E-03
   7.211993E+00   6.896184E+00   2.281061E-01   1.812779E-03
   7.216999E+00   6.920831E+00   2.269541E-01   1.809863E-03
   7.222008E+00   6.945643E+00   2.258065E-01   1.806951E-03
   7.227020E+00   6.970662E+00   2.246628E-01   1.804043E-03
   7.232037E+00   6.995771E+00   2.235244E-01   1.801141E-03
   7.237056E+00   7.020968E+00   2.223912E-01   1.798242E-03
   7.242079E+00   7.046333E+00   2.212624E-01   1.795349E-03
   7.247106E+00   7.071900E+00   2.201374E-01   1.792459E-03
   7.252136E+00   7.097558E+00   2.190176E-01   1.789573E-03
   7.257170E+00   7.123308E+00   2.179030E-01   1.786693E-03
   7.262207E+00   7.149229E+00   2.167925E-01   1.783817E-03
   7.267247E+00   7.175345E+00   2.156860E-01   1.780944E-03
   7.272291E+00   7.201555E+00   2.145846E-01   1.778077E-03
   7.277339E+00   7.227859E+00   2.134882E-01   1.775214E-03
   7.282390E+00   7.254386E+00   2.123846E-01   1.772347E-03
   7.287444E+00   7.281151E+00   2.112725E-01   1.769473E-03
   7.292503E+00   7.308013E+00   2.101656E-01   1.766605E-03
   7.297564E+00   7.334972E+00   2.090640E-01   1.763741E-03
   7.302629E+00   7.362120E+00   2.079786E-01   1.760891E-03
   7.307698E+00   7.389452E+00   2.069085E-01   1.758054E-03
   7.312770E+00   7.416883E+00   2.058434E-01   1.755221E-03
   7.317846E+00   7.444415E+00   2.047833E-01   1.752393E-03
   7.322925E+00   7.472193E+00   2.037134E-01   1.749559E-03
   7.328008E+00   7.500180E+00   2.026379E-01   1.746721E-03
   7.333094E+00   7.528270E+00   2.015674E-01   1.743887E-03
   7.338184E+00   7.556465E+00   2.005020E-01   1.741059E-03
   7.343277E+00   7.584992E+00   1.994254E-01   1.738222E-03
   7.348374E+00   7.613753E+00   1.983450E-01   1.735383E-03
   7.353474E+00   7.642622E+00   1.972699E-01   1.732549E-03
   7.358578E+00   7.671598E+00   1.961999E-01   1.729719E-03
   7.363685E+00   7.700782E+00   1.951499E-01   1.726907E-03
   7.368796E+00   7.730114E+00   1.941105E-01   1.724103E-03
   7.373911E+00   7.759557E+00   1.930762E-01   1.721305E-03
   7.379029E+00   7.789110E+00   1.920467E-01   1.718511E-03
   7.384151E+00   7.819047E+00   1.910023E-01   1.715706E-03
   7.389276E+00   7.849161E+00   1.899582E-01   1.712901E-03
   7.394405E+00   7.879390E+00   1.889192E-01   1.710102E-03
   7.399537E+00   7.909733E+00   1.878853E-01   1.707308E-03
   7.404673E+00   7.940493E+00   1.868543E-01   1.704516E-03
   7.409812E+00   7.971400E+00   1.858282E-01   1.701729E-03
   7.414955E+00   8.002426E+00   1.848071E-01   1.698947E-03
   7.420102E+00   8.033573E+00   1.837910E-01   1.696170E-03
   7.425252E+00   8.064932E+00   1.827776E-01   1.693396E-03
   7.430406E+00   8.096412E+00   1.817692E-01   1.690626E-03
   7.435563E+00   8.128012E+00   1.807658E-01   1.687862E-03
   7.440724E+00   8.159808E+00   1.797639E-01   1.685099E-03
   7.445888E+00   8.192186E+00   1.787464E-01   1.682324E-03
   7.451057E+00   8.224689E+00   1.777340E-01   1.679554E-03
   7.456228E+00   8.257319E+00   1.767267E-01   1.676788E-03
   7.461403E+00   8.290125E+00   1.757238E-01   1.674027E-03
   7.466582E+00   8.323192E+00   1.747242E-01   1.671270E-03
   7.471765E+00   8.356389E+00   1.737297E-01   1.668517E-03
   7.476951E+00   8.389716E+00   1.727401E-01   1.665769E-03
   7.482140E+00   8.423290E+00   1.717546E-01   1.663025E-03
   7.487334E+00   8.457162E+00   1.707727E-01   1.660284E-03
   7.492530E+00   8.491168E+00   1.697957E-01   1.657549E-03
   7.497731E+00   8.525309E+00   1.688236E-01   1.654818E-03
   7.502935E+00   8.559799E+00   1.678552E-01   1.652090E-03
   7.508142E+00   8.594592E+00   1.668908E-01   1.649367E-03
   7.513354E+00   8.629525E+00   1.659311E-01   1.646649E-03
   7.518569E+00   8.664596E+00   1.649763E-01   1.643935E-03
   7.523787E+00   8.700077E+00   1.640098E-01   1.641212E-03
   7.529009E+00   8.735803E+00   1.630420E-01   1.638488E-03
   7.534235E+00   8.771673E+00   1.620792E-01   1.635769E-03
   7.539464E+00   8.807687E+00   1.611213E-01   1.633055E-03
   7.544697E+00   8.844061E+00   1.601664E-01   1.630343E-03
   7.549934E+00   8.880607E+00   1.592161E-01   1.627637E-03
   7.555174E+00   8.917302E+00   1.582707E-01   1.624935E-03
   7.560418E+00   8.954190E+00   1.573285E-01   1.622236E-03
   7.565666E+00   8.991757E+00   1.563705E-01   1.619524E-03
   7.570917E+00   9.029478E+00   1.554177E-01   1.616817E-03
   7.576172E+00   9.067354E+00   1.544698E-01   1.614115E-03
   7.581430E+00   9.105438E+00   1.535317E-01   1.611422E-03
   7.586692E+00   9.143820E+00   1.526113E-01   1.608745E-03
   7.591958E+00   9.182362E+00   1.516956E-01   1.606072E-03
   7.597228E+00   9.221063E+00   1.507847E-01   1.603404E-03
   7.602501E+00   9.260127E+00   1.498683E-01   1.600732E-03
   7.607777E+00   9.299579E+00   1.489452E-01   1.598054E-03
   7.613058E+00   9.339196E+00   1.480270E-01   1.595382E-03
   7.618342E+00   9.378979E+00   1.471137E-01   1.592713E-03
   7.623630E+00   9.419202E+00   1.462037E-01   1.590049E-03
   7.628921E+00   9.459719E+00   1.452979E-01   1.587388E-03
   7.634216E+00   9.500407E+00   1.443968E-01   1.584732E-03
   7.639515E+00   9.541267E+00   1.435006E-01   1.582081E-03
   7.644817E+00   9.582866E+00   1.425898E-01   1.579417E-03
   7.650124E+00   9.624700E+00   1.416820E-01   1.576756E-03
   7.655433E+00   9.666713E+00   1.407792E-01   1.574100E-03
   7.660747E+00   9.708940E+00   1.398809E-01   1.571449E-03
   7.666064E+00   9.751558E+00   1.389855E-01   1.568800E-03
   7.671385E+00   9.794359E+00   1.380950E-01   1.566157E-03
   7.676710E+00   9.837345E+00   1.372094E-01   1.563518E-03
   7.682038E+00   9.880689E+00   1.363278E-01   1.560883E-03
   7.687370E+00   9.924502E+00   1.354495E-01   1.558251E-03
   7.692705E+00   9.968505E+00   1.345761E-01   1.555624E-03
   7.698045E+00   1.001270E+01   1.337075E-01   1.553002E-03
   7.703388E+00   1.005745E+01   1.328306E-01   1.550373E-03
   7.708735E+00   1.010260E+01   1.319510E-01   1.547741E-03
   7.714085E+00   1.014795E+01   1.310764E-01   1.545114E-03
   7.719439E+00   1.019351E+01   1.302067E-01   1.542492E-03
   7.724797E+00   1.023973E+01   1.293397E-01   1.539873E-03
   7.730159E+00   1.028621E+01   1.284774E-01   1.537259E-03
   7.735524E+00   1.033290E+01   1.276200E-01   1.534649E-03
   7.740893E+00   1.037986E+01   1.267670E-01   1.532043E-03
   7.746266E+00   1.042735E+01   1.259168E-01   1.529441E-03
   7.751643E+00   1.047506E+01   1.250715E-01   1.526843E-03
   7.757023E+00   1.052297E+01   1.242310E-01   1.524250E-03
   7.762407E+00   1.057138E+01   1.233863E-01   1.521653E-03
   7.767795E+00   1.062036E+01   1.225354E-01   1.519051E-03
   7.773186E+00   1.066956E+01   1.216895E-01   1.516454E-03
   7.778581E+00   1.071898E+01   1.208485E-01   1.513861E-03
   7.783980E+00   1.076895E+01   1.200106E-01   1.511271E-03
   7.789383E+00   1.081928E+01   1.191769E-01   1.508686E-03
   7.794790E+00   1.086984E+01   1.183481E-01   1.506105E-03
   7.800200E+00   1.092065E+01   1.175233E-01   1.503529E-03
   7.805614E+00   1.097248E+01   1.166847E-01   1.500939E-03
   7.811032E+00   1.102455E+01   1.158510E-01   1.498354E-03
   7.816453E+00   1.107686E+01   1.150222E-01   1.495774E-03
   7.821878E+00   1.112959E+01   1.141976E-01   1.493198E-03
   7.827307E+00   1.118290E+01   1.133762E-01   1.490625E-03
   7.832740E+00   1.123646E+01   1.125598E-01   1.488057E-03
   7.838177E+00   1.129027E+01   1.117482E-01   1.485494E-03
   7.843617E+00   1.134466E+01   1.109398E-01   1.482934E-03
   7.849061E+00   1.139946E+01   1.101355E-01   1.480378E-03
   7.854509E+00   1.145452E+01   1.093361E-01   1.477827E-03
   7.859961E+00   1.150985E+01   1.085414E-01   1.475280E-03
   7.865416E+00   1.156627E+01   1.077329E-01   1.472720E-03
   7.870875E+00   1.162297E+01   1.069292E-01   1.470165E-03
   7.876338E+00   1.167994E+01   1.061304E-01   1.467614E-03
   7.881805E+00   1.173736E+01   1.053358E-01   1.465068E-03
   7.887276E+00   1.179542E+01   1.045443E-01   1.462524E-03
   7.892750E+00   1.185375E+01   1.037578E-01   1.459986E-03
   7.898228E+00   1.191237E+01   1.029761E-01   1.457452E-03
   7.903710E+00   1.197188E+01   1.021868E-01   1.454911E-03
   7.909196E+00   1.203198E+01   1.013965E-01   1.452368E-03
   7.914686E+00   1.209237E+01   1.006112E-01   1.449831E-03
   7.920179E+00   1.215307E+01   9.983081E-02   1.447298E-03
   7.925677E+00   1.221463E+01   9.905291E-02   1.444767E-03
   7.931178E+00   1.227651E+01   9.827994E-02   1.442242E-03
   7.936683E+00   1.233868E+01   9.751187E-02   1.439721E-03
   7.942191E+00   1.240154E+01   9.674153E-02   1.437198E-03
   7.947704E+00   1.246529E+01   9.596538E-02   1.434668E-03
   7.953220E+00   1.252936E+01   9.519424E-02   1.432144E-03
   7.958740E+00   1.259375E+01   9.442810E-02   1.429624E-03
   7.964264E+00   1.265903E+01   9.366498E-02   1.427107E-03
   7.969792E+00   1.272481E+01   9.290626E-02   1.424595E-03
   7.975324E+00   1.279093E+01   9.215247E-02   1.422087E-03
   7.980859E+00   1.285749E+01   9.140322E-02   1.419584E-03
   7.986399E+00   1.292498E+01   9.065677E-02   1.417084E-03
   7.991942E+00   1.299281E+01   8.991522E-02   1.414588E-03
   7.997489E+00   1.306099E+01   8.917852E-02   1.412098E-03
   8.003040E+00   1.313011E+01   8.843725E-02   1.409602E-03
   8.008595E+00   1.320007E+01   8.769316E-02   1.407103E-03
   8.014153E+00   1.327039E+01   8.695406E-02   1.404608E-03
   8.019716E+00   1.334107E+01   8.621992E-02   1.402119E-03
   8.025282E+00   1.341299E+01   8.547457E-02   1.399617E-03
   8.030852E+00   1.348534E+01   8.473346E-02   1.397119E-03
   8.036426E+00   1.355806E+01   8.399743E-02   1.394626E-03
   8.042004E+00   1.363153E+01   8.326552E-02   1.392137E-03
   8.047586E+00   1.370606E+01   8.253701E-02   1.389652E-03
   8.053172E+00   1.378098E+01   8.181352E-02   1.387171E-03
   8.058761E+00   1.385630E+01   8.109503E-02   1.384695E-03
   8.064355E+00   1.393284E+01   8.036860E-02   1.382210E-03
   8.069952E+00   1.401003E+01   7.964364E-02   1.379726E-03
   8.075553E+00   1.408763E+01   7.892379E-02   1.377247E-03
   8.081158E+00   1.416584E+01   7.820849E-02   1.374772E-03
   8.086767E+00   1.424521E+01   7.749621E-02   1.372300E-03
   8.092380E+00   1.432502E+01   7.678899E-02   1.369833E-03
   8.097997E+00   1.440526E+01   7.608681E-02   1.367371E-03
   8.103618E+00   1.448677E+01   7.537925E-02   1.364902E-03
   8.109242E+00   1.456920E+01   7.467109E-02   1.362432E-03
   8.114871E+00   1.465209E+01   7.396808E-02   1.359967E-03
   8.120503E+00   1.473554E+01   7.326877E-02   1.357505E-03
   8.126140E+00   1.482060E+01   7.256008E-02   1.355032E-03
   8.131780E+00   1.490613E+01   7.185666E-02   1.352563E-03
   8.137424E+00   1.499214E+01   7.115849E-02   1.350100E-03
   8.143072E+00   1.507929E+01   7.046407E-02   1.347641E-03
   8.148724E+00   1.516749E+01   6.977364E-02   1.345185E-03
   8.154380E+00   1.525620E+01   6.908840E-02   1.342734E-03
   8.160040E+00   1.534541E+01   6.840830E-02   1.340288E-03
   8.165703E+00   1.543616E+01   6.773072E-02   1.337844E-03
   8.171371E+00   1.552743E+01   6.705828E-02   1.335406E-03
   8.177043E+00   1.561922E+01   6.639095E-02   1.332972E-03
   8.182718E+00   1.571237E+01   6.571532E-02   1.330528E-03
   8.188398E+00   1.580698E+01   6.503049E-02   1.328071E-03
   8.194081E+00   1.590214E+01   6.435105E-02   1.325620E-03
   8.199768E+00   1.599785E+01   6.367698E-02   1.323174E-03
   8.205460E+00   1.609543E+01   6.300561E-02   1.320729E-03
   8.211155E+00   1.619363E+01   6.233946E-02   1.318290E-03
   8.216854E+00   1.629243E+01   6.167862E-02   1.315857E-03
   8.222557E+00   1.639252E+01   6.101638E-02   1.313420E-03
   8.228264E+00   1.649412E+01   6.035133E-02   1.310978E-03
   8.233976E+00   1.659632E+01   5.969170E-02   1.308542E-03
   8.239691E+00   1.669913E+01   5.903746E-02   1.306111E-03
   8.245410E+00   1.680392E+01   5.838599E-02   1.303682E-03
   8.251133E+00   1.690942E+01   5.773973E-02   1.301258E-03
   8.256860E+00   1.701556E+01   5.709880E-02   1.298839E-03
   8.262590E+00   1.712316E+01   5.645666E-02   1.296417E-03
   8.268325E+00   1.723242E+01   5.581205E-02   1.293991E-03
   8.274064E+00   1.734235E+01   5.517289E-02   1.291570E-03
   8.279807E+00   1.745296E+01   5.453914E-02   1.289154E-03
   8.285554E+00   1.756614E+01   5.389708E-02   1.286726E-03
   8.291305E+00   1.768010E+01   5.326011E-02   1.284303E-03
   8.297060E+00   1.779477E+01   5.262868E-02   1.281885E-03
   8.302819E+00   1.791107E+01   5.199587E-02   1.279464E-03
   8.308581E+00   1.802905E+01   5.136152E-02   1.277038E-03
   8.314348E+00   1.814779E+01   5.073282E-02   1.274618E-03
   8.320119E+00   1.826733E+01   5.010945E-02   1.272204E-03
   8.325894E+00   1.838981E+01   4.947817E-02   1.269776E-03
   8.331673E+00   1.851308E+01   4.885265E-02   1.267355E-03
   8.337456E+00   1.863716E+01   4.823286E-02   1.264938E-03
   8.343242E+00   1.876307E+01   4.761714E-02   1.262525E-03
   8.349033E+00   1.889063E+01   4.700584E-02   1.260116E-03
   8.354828E+00   1.901903E+01   4.640021E-02   1.257713E-03
   8.360627E+00   1.914853E+01   4.579875E-02   1.255313E-03
   8.366430E+00   1.928097E+01   4.519109E-02   1.252902E-03
   8.372237E+00   1.941430E+01   4.458920E-02   1.250496E-03
   8.378048E+00   1.954852E+01   4.399306E-02   1.248097E-03
   8.383863E+00   1.968527E+01   4.339392E-02   1.245690E-03
   8.389682E+00   1.982377E+01   4.279623E-02   1.243283E-03
   8.395505E+00   1.996321E+01   4.220439E-02   1.240882E-03
   8.401333E+00   2.010427E+01   4.161312E-02   1.238479E-03
   8.407164E+00   2.024856E+01   4.101015E-02   1.236056E-03
   8.412999E+00   2.039386E+01   4.041334E-02   1.233640E-03
   8.418838E+00   2.054016E+01   3.982263E-02   1.231229E-03
   8.424682E+00   2.068937E+01   3.923557E-02   1.228820E-03
   8.430529E+00   2.084010E+01   3.865398E-02   1.226416E-03
   8.436381E+00   2.099189E+01   3.807844E-02   1.224018E-03
   8.442236E+00   2.114592E+01   3.750413E-02   1.221619E-03
   8.448096E+00   2.130295E+01   3.692823E-02   1.219214E-03
   8.453959E+00   2.146111E+01   3.635848E-02   1.216815E-03
   8.459827E+00   2.162040E+01   3.579484E-02   1.214422E-03
   8.465699E+00   2.178376E+01   3.522544E-02   1.212017E-03
   8.471575E+00   2.194841E+01   3.466195E-02   1.209617E-03
   8.477455E+00   2.211425E+01   3.410468E-02   1.207223E-03
   8.483339E+00   2.228324E+01   3.354679E-02   1.204825E-03
   8.489227E+00   2.245498E+01   3.299003E-02   1.202424E-03
   8.495119E+00   2.262799E+01   3.243960E-02   1.200030E-03
   8.501016E+00   2.280293E+01   3.189192E-02   1.197635E-03
   8.506916E+00   2.298229E+01   3.133369E-02   1.195220E-03
   8.512820E+00   2.316302E+01   3.078210E-02   1.192812E-03
   8.518729E+00   2.334511E+01   3.023709E-02   1.190409E-03
   8.524642E+00   2.353135E+01   2.969618E-02   1.188008E-03
   8.530559E+00   2.371980E+01   2.916116E-02   1.185613E-03
   8.536479E+00   2.390969E+01   2.863264E-02   1.183224E-03
   8.542404E+00   2.410283E+01   2.810267E-02   1.180828E-03
   8.548334E+00   2.430009E+01   2.756783E-02   1.178418E-03
   8.554267E+00   2.449891E+01   2.703979E-02   1.176015E-03
   8.560204E+00   2.469944E+01   2.651813E-02   1.173618E-03
   8.566146E+00   2.490570E+01   2.599254E-02   1.171209E-03
   8.572091E+00   2.511362E+01   2.547388E-02   1.168806E-03
   8.578041E+00   2.532321E+01   2.496208E-02   1.166410E-03
   8.583995E+00   2.553779E+01   2.444470E-02   1.163998E-03
   8.589953E+00   2.575575E+01   2.392839E-02   1.161582E-03
   8.595915E+00   2.597551E+01   2.341924E-02   1.159173E-03
   8.601881E+00   2.619868E+01   2.291386E-02   1.156764E-03
   8.607852E+00   2.642722E+01   2.240842E-02   1.154349E-03
   8.613826E+00   2.665769E+01   2.191027E-02   1.151940E-03
   8.619805E+00   2.689009E+01   2.141934E-02   1.149538E-03
   8.625788E+00   2.712965E+01   2.092565E-02   1.147124E-03
   8.631775E+00   2.737144E+01   2.043901E-02   1.144716E-03
   8.637766E+00   2.761531E+01   1.995970E-02   1.142315E-03
   8.643761E+00   2.786515E+01   1.947708E-02   1.139900E-03
   8.649761E+00   2.811949E+01   1.899578E-02   1.137480E-03
   8.655764E+00   2.837606E+01   1.852211E-02   1.135067E-03
   8.661772E+00   2.863687E+01   1.805117E-02   1.132651E-03
   8.667784E+00   2.890477E+01   1.757648E-02   1.130220E-03
   8.673800E+00   2.917508E+01   1.710973E-02   1.127795E-03
   8.679821E+00   2.944781E+01   1.665085E-02   1.125377E-03
   8.685845E+00   2.972957E+01   1.619061E-02   1.122948E-03
   8.691874E+00   3.001412E+01   1.573814E-02   1.120524E-03
   8.697907E+00   3.030129E+01   1.529365E-02   1.118109E-03
   8.703944E+00   3.059623E+01   1.484716E-02   1.115678E-03
   8.709985E+00   3.089666E+01   1.440370E-02   1.113244E-03
   8.716030E+00   3.119993E+01   1.396852E-02   1.110817E-03
   8.722080E+00   3.150901E+01   1.353653E-02   1.108387E-03
   8.728134E+00   3.182672E+01   1.310342E-02   1.105942E-03
   8.734192E+00   3.214750E+01   1.267891E-02   1.103505E-03
   8.740254E+00   3.247177E+01   1.226234E-02   1.101073E-03
   8.746321E+00   3.280801E+01   1.184097E-02   1.098618E-03
   8.752391E+00   3.314759E+01   1.142851E-02   1.096171E-03
   8.758466E+00   3.349055E+01   1.102490E-02   1.093731E-03
   8.764545E+00   3.384463E+01   1.062010E-02   1.091275E-03
   8.770629E+00   3.420493E+01   1.022111E-02   1.088817E-03
   8.776716E+00   3.456890E+01   9.831280E-03   1.086368E-03
   8.782808E+00   3.494169E+01   9.444658E-03   1.083912E-03
   8.788904E+00   3.532437E+01   9.060589E-03   1.081445E-03
   8.795004E+00   3.571106E+01   8.685991E-03   1.078987E-03
   8.801109E+00   3.610403E+01   8.318578E-03   1.076530E-03
   8.807217E+00   3.651124E+01   7.950910E-03   1.074055E-03
   8.813330E+00   3.692285E+01   7.593033E-03   1.071588E-03
   8.819447E+00   3.733890E+01   7.244849E-03   1.069129E-03
   8.825569E+00   3.777247E+01   6.892408E-03   1.066637E-03
   8.831694E+00   3.821216E+01   6.548894E-03   1.064149E-03
   8.837824E+00   3.865676E+01   6.215615E-03   1.061670E-03
   8.843959E+00   3.911633E+01   5.883253E-03   1.059169E-03
   8.850097E+00   3.958672E+01   5.556573E-03   1.056662E-03
   8.856240E+00   4.006251E+01   5.240677E-03   1.054163E-03
   8.862387E+00   4.055047E+01   4.930306E-03   1.051655E-03
   8.868538E+00   4.105478E+01   4.623013E-03   1.049127E-03
   8.874693E+00   4.156509E+01   4.327065E-03   1.046610E-03
   8.880853E+00   4.208408E+01   4.041088E-03   1.044096E-03
   8.887017E+00   4.262570E+01   3.758827E-03   1.041562E-03
   8.893185E+00   4.317398E+01   3.488235E-03   1.039038E-03
   8.899358E+00   4.372902E+01   3.229178E-03   1.036523E-03
   8.905535E+00   4.431120E+01   2.969726E-03   1.033965E-03
   8.911716E+00   4.490317E+01   2.721331E-03   1.031411E-03
   8.917902E+00   4.550271E+01   2.485279E-03   1.028867E-03
   8.924091E+00   4.612646E+01   2.255292E-03   1.026301E-03
   8.930285E+00   4.676700E+01   2.035056E-03   1.023729E-03
   8.936484E+00   4.741604E+01   1.827733E-03   1.021168E-03
   8.942686E+00   4.808603E+01   1.628023E-03   1.018587E-03
   8.948893E+00   4.878144E+01   1.435317E-03   1.015975E-03
   8.955105E+00   4.948645E+01   1.256624E-03   1.013375E-03
   8.961320E+00   5.020796E+01   1.090374E-03   1.010775E-03
   8.967540E+00   5.096499E+01   9.333122E-04   1.008148E-03
   8.973764E+00   5.173293E+01   7.908473E-04   1.005533E-03
   8.979993E+00   5.251192E+01   6.627855E-04   1.002929E-03
   8.986226E+00   5.334199E+01   5.424659E-04   1.000264E-03
   8.992463E+00   5.418463E+01   4.378788E-04   9.976110E-04
   8.998704E+00   5.503998E+01   3.488138E-04   9.949704E-04
   9.004950E+00   5.594276E+01   2.724456E-04   9.922927E-04
   9.011200E+00   5.686887E+01   2.118551E-04   9.896150E-04
   9.017455E+00   5.780963E+01   1.676451E-04   9.869501E-04
   9.023714E+00   5.879622E+01   1.387230E-04   9.842450E-04
   9.029977E+00   5.982046E+01   1.269437E-04   9.815172E-04
   9.036244E+00   6.086174E+01   1.330860E-04   9.788033E-04
   9.042516E+00   6.194604E+01   1.577033E-04   9.760694E-04
   9.048793E+00   6.308787E+01   2.025111E-04   9.732999E-04
   9.055073E+00   6.424982E+01   2.666406E-04   9.705451E-04
   9.061358E+00   6.544813E+01   3.511789E-04   9.677841E-04
   9.067647E+00   6.672664E+01   4.611483E-04   9.649630E-04
   9.073941E+00   6.802903E+01   5.921843E-04   9.621577E-04
   9.080239E+00   6.935922E+01   7.443864E-04   9.593641E-04
   9.086542E+00   7.080504E+01   9.302460E-04   9.564841E-04
   9.092848E+00   7.227967E+01   1.139227E-03   9.536213E-04
   9.099160E+00   7.378367E+01   1.370910E-03   9.507754E-04
   9.105475E+00   7.541638E+01   1.643273E-03   9.478443E-04
   9.111795E+00   7.709914E+01   1.943758E-03   9.449160E-04
   9.118119E+00   7.881783E+01   2.269293E-03   9.420062E-04
   9.124448E+00   8.067584E+01   2.641422E-03   9.390211E-04
   9.130781E+00   8.262020E+01   3.050688E-03   9.360166E-04
   9.137119E+00   8.460943E+01   3.487847E-03   9.330323E-04
   9.143461E+00   8.674566E+01   3.977030E-03   9.299844E-04
   9.149807E+00   8.901990E+01   4.517695E-03   9.268889E-04
   9.156158E+00   9.135128E+01   5.089785E-03   9.238159E-04
   9.162513E+00   9.383867E+01   5.717946E-03   9.206950E-04
   9.168872E+00   9.654417E+01   6.419573E-03   9.174913E-04
   9.175236E+00   9.932452E+01   7.157051E-03   9.143128E-04
   9.181605E+00   1.022656E+02   7.952361E-03   9.111066E-04
   9.187977E+00   1.055470E+02   8.854985E-03   9.077716E-04
   9.194355E+00   1.089296E+02   9.799156E-03   9.044654E-04
   9.200736E+00   1.124705E+02   1.079878E-02   9.011582E-04
   9.207122E+00   1.165514E+02   1.195917E-02   8.976593E-04
   9.213513E+00   1.207747E+02   1.316875E-02   8.941937E-04
   9.219908E+00   1.251455E+02   1.442608E-02   8.907607E-04
   9.226307E+00   1.303798E+02   1.592293E-02   8.870591E-04
   9.232711E+00   1.358362E+02   1.748227E-02   8.833925E-04
   9.239119E+00   1.415130E+02   1.909948E-02   8.797645E-04
   9.245532E+00   1.483993E+02   2.102420E-02   8.758412E-04
   9.251949E+00   1.557739E+02   2.306286E-02   8.719123E-04
   9.258371E+00   1.635034E+02   2.517438E-02   8.680305E-04
   9.264797E+00   1.730613E+02   2.769296E-02   8.638161E-04
   9.271227E+00   1.836876E+02   3.042233E-02   8.595322E-04
   9.277662E+00   1.949481E+02   3.324906E-02   8.553079E-04
   9.284102E+00   2.092412E+02   3.662560E-02   8.507117E-04
   9.290546E+00   2.260119E+02   4.039819E-02   8.459472E-04
   9.296994E+00   2.440956E+02   4.431449E-02   8.412609E-04
   9.303447E+00   2.676757E+02   4.893710E-02   8.362196E-04
   9.309904E+00   2.974480E+02   5.427293E-02   8.309011E-04
   9.316366E+00   3.304794E+02   5.986328E-02   8.256839E-04
   9.322832E+00   3.721492E+02   6.592961E-02   8.204929E-04
   9.329303E+00   4.264027E+02   7.266795E-02   8.153040E-04
   9.335779E+00   4.885426E+02   7.994391E-02   8.102022E-04
   9.342258E+00   5.568337E+02   8.687957E-02   8.057646E-04
   9.348743E+00   6.285830E+02   9.260911E-02   8.024520E-04
   9.355231E+00   7.097121E+02   9.910807E-02   7.991524E-04
   9.361725E+00   7.928291E+02   1.054483E-01   7.962975E-04
   9.368223E+00   8.595543E+02   1.093955E-01   7.946368E-04
   9.374725E+00   9.320337E+02   1.139522E-01   7.929687E-04
   9.381232E+00   1.005711E+03   1.186862E-01   7.914298E-04
   9.387743E+00   1.062156E+03   1.216553E-01   7.904648E-04
   9.394259E+00   1.121844E+03   1.250418E-01   7.894927E-04
   9.400779E+00   1.182842E+03   1.286841E-01   7.885471E-04
   9.407304E+00   1.230821E+03   1.311577E-01   7.878434E-04
   9.413834E+00   1.280782E+03   1.339265E-01   7.871321E-04
   9.420368E+00   1.332129E+03   1.369494E-01   7.864188E-04
   9.426906E+00   1.373732E+03   1.391443E-01   7.858057E-04
   9.433449E+00   1.416653E+03   1.415593E-01   7.851837E-04
   9.439997E+00   1.460937E+03   1.442084E-01   7.845515E-04
   9.446549E+00   1.497660E+03   1.462279E-01   7.839552E-04
   9.453105E+00   1.535314E+03   1.484183E-01   7.833487E-04
   9.459667E+00   1.573931E+03   1.507888E-01   7.827307E-04
   9.466233E+00   1.607197E+03   1.527249E-01   7.821152E-04
   9.472803E+00   1.640833E+03   1.547675E-01   7.814893E-04
   9.479378E+00   1.675189E+03   1.569542E-01   7.808510E-04
   9.485957E+00   1.705569E+03   1.588212E-01   7.802021E-04
   9.492541E+00   1.736015E+03   1.607555E-01   7.795417E-04
   9.499130E+00   1.767021E+03   1.628085E-01   7.788685E-04
   9.505723E+00   1.795004E+03   1.646230E-01   7.781776E-04
   9.512321E+00   1.822892E+03   1.664813E-01   7.774739E-04
   9.518923E+00   1.851232E+03   1.684396E-01   7.767574E-04
   9.525530E+00   1.877188E+03   1.702085E-01   7.760226E-04
   9.532141E+00   1.902965E+03   1.720057E-01   7.752748E-04
   9.538758E+00   1.929117E+03   1.738886E-01   7.745142E-04
   9.545378E+00   1.953330E+03   1.756181E-01   7.737347E-04
   9.552004E+00   1.977323E+03   1.773660E-01   7.729419E-04
   9.558633E+00   2.001634E+03   1.791884E-01   7.721367E-04
   9.565268E+00   2.024348E+03   1.808856E-01   7.713126E-04
   9.571907E+00   2.046839E+03   1.825960E-01   7.704753E-04
   9.578551E+00   2.069602E+03   1.843720E-01   7.696260E-04
   9.585199E+00   2.090995E+03   1.860379E-01   7.687597E-04
   9.591852E+00   2.112167E+03   1.877124E-01   7.678810E-04
   9.598509E+00   2.133577E+03   1.894451E-01   7.669907E-04
   9.605172E+00   2.153814E+03   1.910850E-01   7.660836E-04
   9.611838E+00   2.173855E+03   1.927330E-01   7.651642E-04
   9.618510E+00   2.194107E+03   1.944331E-01   7.642339E-04
   9.625186E+00   2.213301E+03   1.960466E-01   7.632885E-04
   9.631866E+00   2.232318E+03   1.976667E-01   7.623319E-04
   9.638552E+00   2.251523E+03   1.993335E-01   7.613649E-04
   9.645242E+00   2.269774E+03   2.009226E-01   7.603830E-04
   9.651936E+00   2.287876E+03   2.025192E-01   7.593903E-04
   9.658635E+00   2.306148E+03   2.041579E-01   7.583879E-04
   9.665339E+00   2.323533E+03   2.057244E-01   7.573708E-04
   9.672048E+00   2.340800E+03   2.072995E-01   7.563435E-04
   9.678761E+00   2.358220E+03   2.089126E-01   7.553071E-04
   9.685479E+00   2.374810E+03   2.104560E-01   7.542575E-04
   9.692201E+00   2.391317E+03   2.120093E-01   7.531987E-04
   9.698929E+00   2.407962E+03   2.135970E-01   7.521315E-04
   9.705660E+00   2.423783E+03   2.151152E-01   7.510506E-04
   9.712397E+00   2.439547E+03   2.166447E-01   7.499610E-04
   9.719138E+00   2.455437E+03   2.182053E-01   7.488638E-04
   9.725884E+00   2.470541E+03   2.197013E-01   7.477522E-04
   9.732635E+00   2.485626E+03   2.212113E-01   7.466327E-04
   9.739390E+00   2.500826E+03   2.227493E-01   7.455062E-04
   9.746150E+00   2.515221E+03   2.242199E-01   7.443653E-04
   9.752914E+00   2.529628E+03   2.257060E-01   7.432175E-04
   9.759684E+00   2.544139E+03   2.272174E-01   7.420635E-04
   9.766458E+00   2.557822E+03   2.286605E-01   7.408939E-04
   9.773237E+00   2.571554E+03   2.301212E-01   7.397184E-04
   9.780020E+00   2.585377E+03   2.316042E-01   7.385374E-04
   9.786808E+00   2.598352E+03   2.330199E-01   7.373390E-04
   9.793601E+00   2.611411E+03   2.344552E-01   7.361361E-04
   9.800398E+00   2.624503E+03   2.359058E-01   7.349276E-04
   9.807201E+00   2.636804E+03   2.372998E-01   7.337000E-04
   9.814008E+00   2.649183E+03   2.387110E-01   7.324687E-04
   9.820819E+00   2.661521E+03   2.401301E-01   7.312313E-04
   9.827636E+00   2.673078E+03   2.414963E-01   7.299740E-04
   9.834457E+00   2.684702E+03   2.428770E-01   7.287140E-04
   9.841283E+00   2.696213E+03   2.442602E-01   7.274466E-04
   9.848114E+00   2.707001E+03   2.456034E-01   7.261571E-04
   9.854949E+00   2.717848E+03   2.469587E-01   7.248661E-04
   9.861789E+00   2.728480E+03   2.483107E-01   7.235653E-04
   9.868634E+00   2.738386E+03   2.496291E-01   7.222403E-04
   9.875484E+00   2.748341E+03   2.509571E-01   7.209153E-04
   9.882338E+00   2.757958E+03   2.522794E-01   7.195759E-04
   9.889197E+00   2.766869E+03   2.535799E-01   7.182098E-04
   9.896061E+00   2.775816E+03   2.548876E-01   7.168455E-04
   9.902930E+00   2.784266E+03   2.561932E-01   7.154585E-04
   9.909803E+00   2.792024E+03   2.574918E-01   7.140421E-04
   9.916682E+00   2.799801E+03   2.587950E-01   7.126299E-04
   9.923565E+00   2.806887E+03   2.601147E-01   7.111807E-04
   9.930452E+00   2.813314E+03   2.614484E-01   7.097001E-04
   9.937345E+00   2.819736E+03   2.627845E-01   7.082269E-04
   9.944242E+00   2.825176E+03   2.641834E-01   7.066910E-04
   9.951144E+00   2.829971E+03   2.656212E-01   7.051229E-04
   9.958051E+00   2.834723E+03   2.670597E-01   7.035677E-04
   9.964963E+00   2.838242E+03   2.686980E-01   7.019004E-04
   9.971879E+00   2.841192E+03   2.704148E-01   7.002052E-04
   9.978801E+00   2.844036E+03   2.721308E-01   6.985325E-04
   9.985727E+00   2.845507E+03   2.743958E-01   6.966530E-04
   9.992658E+00   2.846480E+03   2.767753E-01   6.947664E-04
   9.999593E+00   2.847216E+03   2.791517E-01   6.929213E-04
   1.000653E+01   2.847532E+03   2.830855E-01   6.906784E-04
   1.001348E+01   2.847280E+03   2.871071E-01   6.884995E-04
   1.002043E+01   2.846899E+03   2.913915E-01   6.863554E-04
   1.002738E+01   2.851640E+03   2.998935E-01   6.835683E-04
   1.003434E+01   2.854883E+03   3.083086E-01   6.810437E-04
   1.004131E+01   2.863124E+03   3.190957E-01   6.785338E-04
   1.004828E+01   2.895284E+03   3.403700E-01   6.757580E-04
   1.005525E+01   2.922063E+03   3.609748E-01   6.740543E-04
   1.006223E+01   2.972807E+03   3.889947E-01   6.737699E-04
   1.006922E+01   3.071406E+03   4.345447E-01   6.767061E-04
   1.007620E+01   3.146680E+03   4.811489E-01   6.821893E-04
   1.008320E+01   3.257298E+03   5.425448E-01   6.860085E-04
   1.009020E+01   3.472315E+03   6.445470E-01   6.817079E-04
   1.009720E+01   3.782510E+03   8.024450E-01   6.694818E-04
   1.010421E+01   4.327522E+03   1.025930E+00   6.441324E-04
   1.011122E+01   5.140704E+03   1.327904E+00   6.054668E-04
   1.011824E+01   6.221739E+03   1.751000E+00   5.539108E-04
   1.012526E+01   7.463259E+03   2.148041E+00   4.971055E-04
   1.013229E+01   8.613280E+03   2.481574E+00   4.463140E-04
   1.013932E+01   9.486247E+03   2.742669E+00   4.036874E-04
   1.014636E+01   9.190190E+03   2.462891E+00   3.999678E-04
   1.015340E+01   8.540150E+03   2.128898E+00   4.048667E-04
   1.016045E+01   7.709608E+03   1.810627E+00   4.176097E-04
   1.016750E+01   6.892151E+03   1.460927E+00   4.585866E-04
   1.017456E+01   6.159384E+03   1.192949E+00   4.992707E-04
   1.018162E+01   5.565768E+03   9.997666E-01   5.375365E-04
   1.018869E+01   5.230329E+03   8.791619E-01   5.644118E-04
   1.019576E+01   4.913259E+03   7.757142E-01   5.896064E-04
   1.020284E+01   4.647448E+03   6.937289E-01   6.107491E-04
   1.020992E+01   4.441523E+03   6.308583E-01   6.268605E-04
   1.021701E+01   4.244215E+03   5.746066E-01   6.419045E-04
   1.022410E+01   4.059555E+03   5.214007E-01   6.552732E-04
   1.023119E+01   3.884023E+03   4.716350E-01   6.669145E-04
   1.023829E+01   3.714646E+03   4.269289E-01   6.773470E-04
   1.024540E+01   3.611792E+03   3.941546E-01   6.806864E-04
   1.025251E+01   3.524909E+03   3.660026E-01   6.817432E-04
   1.025963E+01   3.434594E+03   3.398465E-01   6.825070E-04
   1.026675E+01   3.437195E+03   3.336300E-01   6.773238E-04
   1.027387E+01   3.440150E+03   3.288981E-01   6.722977E-04
   1.028101E+01   3.443762E+03   3.257297E-01   6.675381E-04
   1.028814E+01   3.477732E+03   3.298539E-01   6.620220E-04
   1.029528E+01   3.509260E+03   3.342946E-01   6.568746E-04
   1.030243E+01   3.541343E+03   3.396049E-01   6.519867E-04
   1.030958E+01   3.577233E+03   3.463386E-01   6.472377E-04
   1.031673E+01   3.611207E+03   3.533437E-01   6.427881E-04
   1.032390E+01   3.648282E+03   3.618439E-01   6.381700E-04
   1.033106E+01   3.686726E+03   3.717145E-01   6.335687E-04
   1.033823E+01   3.721996E+03   3.818850E-01   6.293851E-04
   1.034541E+01   3.786043E+03   4.013703E-01   6.236697E-04
   1.035259E+01   3.853460E+03   4.247099E-01   6.182675E-04
   1.035977E+01   3.913081E+03   4.488483E-01   6.138155E-04
   1.036696E+01   4.132074E+03   5.230491E-01   6.039252E-04
   1.037416E+01   4.359202E+03   6.119239E-01   5.949020E-04
   1.038136E+01   4.664058E+03   7.346190E-01   5.830995E-04
   1.038857E+01   5.394650E+03   9.951155E-01   5.523030E-04
   1.039578E+01   6.439417E+03   1.416067E+00   5.066762E-04
   1.040299E+01   7.901446E+03   2.002570E+00   4.431197E-04
   1.041021E+01   9.411098E+03   2.581210E+00   3.771376E-04
   1.041744E+01   1.057802E+04   3.154305E+00   3.163094E-04
   1.042467E+01   1.008367E+04   2.933284E+00   2.990598E-04
   1.043190E+01   8.724036E+03   2.366312E+00   3.072246E-04
   1.043914E+01   7.308640E+03   1.896414E+00   3.225427E-04
   1.044639E+01   6.531500E+03   1.521515E+00   3.758785E-04
   1.045364E+01   5.850479E+03   1.227232E+00   4.323255E-04
   1.046090E+01   5.265866E+03   1.014456E+00   4.841568E-04
   1.046816E+01   5.099919E+03   9.266912E-01   5.067361E-04
   1.047542E+01   4.927290E+03   8.458851E-01   5.277766E-04
   1.048269E+01   4.794901E+03   7.861697E-01   5.429469E-04
   1.048997E+01   4.734554E+03   7.535655E-01   5.499445E-04
   1.049725E+01   4.672079E+03   7.220293E-01   5.566151E-04
   1.050454E+01   4.632112E+03   7.006661E-01   5.604607E-04
   1.051183E+01   4.605925E+03   6.852206E-01   5.626672E-04
   1.051912E+01   4.578960E+03   6.700199E-01   5.648020E-04
   1.052642E+01   4.565921E+03   6.610645E-01   5.653708E-04
   1.053373E+01   4.554558E+03   6.530060E-01   5.657187E-04
   1.054104E+01   4.544094E+03   6.455436E-01   5.659303E-04
   1.054836E+01   4.540637E+03   6.413066E-01   5.653953E-04
   1.055568E+01   4.537070E+03   6.370888E-01   5.648615E-04
   1.056301E+01   4.535361E+03   6.338129E-01   5.641260E-04
   1.057034E+01   4.536428E+03   6.318733E-01   5.631019E-04
   1.057767E+01   4.537463E+03   6.299394E-01   5.620819E-04
   1.058502E+01   4.540370E+03   6.289653E-01   5.608656E-04
   1.059236E+01   4.544154E+03   6.284371E-01   5.595599E-04
   1.059971E+01   4.547936E+03   6.279117E-01   5.582578E-04
   1.060707E+01   4.553576E+03   6.284089E-01   5.567545E-04
   1.061443E+01   4.559298E+03   6.289504E-01   5.552450E-04
   1.062180E+01   4.565346E+03   6.296655E-01   5.537025E-04
   1.062917E+01   4.572383E+03   6.309119E-01   5.520532E-04
   1.063655E+01   4.579425E+03   6.321629E-01   5.504046E-04
   1.064393E+01   4.586994E+03   6.337367E-01   5.486943E-04
   1.065132E+01   4.595018E+03   6.355957E-01   5.469287E-04
   1.065871E+01   4.603039E+03   6.374609E-01   5.451623E-04
   1.066611E+01   4.611700E+03   6.397110E-01   5.433175E-04
   1.067352E+01   4.620484E+03   6.420486E-01   5.414545E-04
   1.068092E+01   4.629344E+03   6.444468E-01   5.395784E-04
   1.068834E+01   4.638828E+03   6.472232E-01   5.376216E-04
   1.069576E+01   4.648283E+03   6.500094E-01   5.356615E-04
   1.070318E+01   4.657828E+03   6.529225E-01   5.336766E-04
   1.071061E+01   4.667494E+03   6.560023E-01   5.316592E-04
   1.071804E+01   4.677114E+03   6.590925E-01   5.296374E-04
   1.072548E+01   4.687170E+03   6.624531E-01   5.275521E-04
   1.073293E+01   4.697339E+03   6.659186E-01   5.254403E-04
   1.074038E+01   4.707462E+03   6.694087E-01   5.233202E-04
   1.074783E+01   4.717845E+03   6.731492E-01   5.211436E-04
   1.075529E+01   4.728148E+03   6.769025E-01   5.189606E-04
   1.076276E+01   4.738585E+03   6.807834E-01   5.167435E-04
   1.077023E+01   4.749295E+03   6.848749E-01   5.144721E-04
   1.077770E+01   4.759906E+03   6.889805E-01   5.121929E-04
   1.078518E+01   4.770589E+03   6.932625E-01   5.098708E-04
   1.079267E+01   4.781231E+03   6.976309E-01   5.075245E-04
   1.080016E+01   4.791756E+03   7.020179E-01   5.051682E-04
   1.080765E+01   4.802536E+03   7.066385E-01   5.027487E-04
   1.081516E+01   4.813172E+03   7.112736E-01   5.003194E-04
   1.082266E+01   4.823872E+03   7.160337E-01   4.978516E-04
   1.083017E+01   4.834798E+03   7.210110E-01   4.953212E-04
   1.083769E+01   4.845551E+03   7.260036E-01   4.927795E-04
   1.084521E+01   4.856395E+03   7.312049E-01   4.901783E-04
   1.085274E+01   4.867160E+03   7.365076E-01   4.875434E-04
   1.086027E+01   4.877738E+03   7.418349E-01   4.848931E-04
   1.086781E+01   4.888627E+03   7.474391E-01   4.821587E-04
   1.087535E+01   4.899283E+03   7.530587E-01   4.794103E-04
   1.088290E+01   4.909852E+03   7.588111E-01   4.766171E-04
   1.089046E+01   4.920399E+03   7.647677E-01   4.737596E-04
   1.089802E+01   4.930670E+03   7.707381E-01   4.708864E-04
   1.090558E+01   4.941067E+03   7.769440E-01   4.679353E-04
   1.091315E+01   4.951302E+03   7.832427E-01   4.649449E-04
   1.092072E+01   4.961289E+03   7.895908E-01   4.619267E-04
   1.092830E+01   4.971576E+03   7.963018E-01   4.587907E-04
   1.093589E+01   4.981503E+03   8.030255E-01   4.556351E-04
   1.094348E+01   4.991271E+03   8.099182E-01   4.524151E-04
   1.095107E+01   5.000886E+03   8.170085E-01   4.491209E-04
   1.095868E+01   5.010083E+03   8.241077E-01   4.458048E-04
   1.096628E+01   5.019310E+03   8.315662E-01   4.423645E-04
   1.097389E+01   5.028157E+03   8.391059E-01   4.388780E-04
   1.098151E+01   5.036695E+03   8.467527E-01   4.353360E-04
   1.098913E+01   5.045444E+03   8.548187E-01   4.316433E-04
   1.099676E+01   5.053635E+03   8.628881E-01   4.279222E-04
   1.100439E+01   5.061662E+03   8.712529E-01   4.240831E-04
   1.101203E+01   5.069365E+03   8.798349E-01   4.201466E-04
   1.101967E+01   5.076417E+03   8.884132E-01   4.161777E-04
   1.102732E+01   5.083429E+03   8.974980E-01   4.120165E-04
   1.103498E+01   5.089729E+03   9.065966E-01   4.078116E-04
   1.104264E+01   5.095524E+03   9.159048E-01   4.034991E-04
   1.105030E+01   5.100976E+03   9.256223E-01   3.990115E-04
   1.105797E+01   5.105555E+03   9.353183E-01   3.944812E-04
   1.106564E+01   5.110055E+03   9.455958E-01   3.897122E-04
   1.107333E+01   5.113850E+03   9.560625E-01   3.848239E-04
   1.108101E+01   5.116694E+03   9.665918E-01   3.798524E-04
   1.108870E+01   5.118957E+03   9.777319E-01   3.746085E-04
   1.109640E+01   5.120028E+03   9.888198E-01   3.693066E-04
   1.110410E+01   5.120513E+03   1.000429E+00   3.637499E-04
   1.111181E+01   5.120188E+03   1.012480E+00   3.579543E-04
   1.111952E+01   5.118433E+03   1.024451E+00   3.520889E-04
   1.112724E+01   5.115735E+03   1.037296E+00   3.458067E-04
   1.113496E+01   5.111406E+03   1.050096E+00   3.394194E-04
   1.114269E+01   5.105720E+03   1.063253E+00   3.327759E-04
   1.115042E+01   5.098774E+03   1.077166E+00   3.257142E-04
   1.115816E+01   5.089809E+03   1.090916E+00   3.185514E-04
   1.116591E+01   5.079366E+03   1.105706E+00   3.108236E-04
   1.117366E+01   5.066719E+03   1.120660E+00   3.028307E-04
   1.118141E+01   5.051710E+03   1.135705E+00   2.945807E-04
   1.118917E+01   5.034371E+03   1.151961E+00   2.855995E-04
   1.119694E+01   5.014075E+03   1.167890E+00   2.764623E-04
   1.120471E+01   4.990828E+03   1.184852E+00   2.665818E-04
   1.121249E+01   4.964089E+03   1.202281E+00   2.561308E-04
   1.122027E+01   4.933680E+03   1.219311E+00   2.454352E-04
   1.122806E+01   4.898696E+03   1.238384E+00   2.333494E-04
   1.123585E+01   4.859198E+03   1.256772E+00   2.210012E-04
   1.124365E+01   4.814221E+03   1.276002E+00   2.076044E-04
   1.125145E+01   4.762744E+03   1.296102E+00   1.929902E-04
   1.125926E+01   4.705642E+03   1.315139E+00   1.780136E-04
   1.126708E+01   4.638945E+03   1.336770E+00   1.605807E-04
   1.127490E+01   4.564756E+03   1.357253E+00   1.424348E-04
   1.128272E+01   4.480634E+03   1.377850E+00   1.226217E-04
   1.129056E+01   4.382433E+03   1.399598E+00   9.999027E-05
   1.129839E+01   4.275589E+03   1.418841E+00   7.659688E-05
   1.130623E+01   4.146451E+03   1.440168E+00   4.826964E-05
   1.131408E+01   4.003151E+03   1.458884E+00   1.771383E-05
   1.132193E+01   3.841945E+03   1.475033E+00  -1.617984E-05
   1.132979E+01   3.643851E+03   1.490148E+00  -5.824055E-05
   1.133766E+01   3.436620E+03   1.498837E+00  -1.025207E-04
   1.134553E+01   3.173405E+03   1.500732E+00  -1.600917E-04
   1.135340E+01   2.888153E+03   1.493427E+00  -2.266043E-04
   1.136128E+01   2.590516E+03   1.473800E+00  -3.020152E-04
   1.136917E+01   2.224931E+03   1.427048E+00  -4.062466E-04
   1.137706E+01   1.901430E+03   1.377704E+00  -5.225433E-04
   1.138495E+01   1.594801E+03   1.300550E+00  -6.604438E-04
   1.139286E+01   1.332636E+03   1.220855E+00  -8.224676E-04
   1.140076E+01   1.124427E+03   1.152495E+00  -1.003048E-03
   1.140868E+01   9.805184E+02   1.075915E+00  -1.157887E-03
   1.141660E+01   8.570036E+02   1.014375E+00  -1.317504E-03
   1.142452E+01   7.784543E+02   9.608513E-01  -1.373554E-03
   1.143245E+01   7.141670E+02   9.120196E-01  -1.295250E-03
   1.144038E+01   6.420116E+02   8.704495E-01  -1.098661E-03
   1.144833E+01   6.149214E+02   8.322384E-01  -4.483666E-04
   1.145627E+01   5.508076E+02   7.989256E-01   3.815717E-04
   1.146422E+01   5.122374E+02   7.645780E-01   1.574942E-03
   1.147218E+01   4.620396E+02   7.290411E-01   2.730246E-03
   1.148014E+01   3.756958E+02   7.059148E-01   3.712218E-03
   1.148811E+01   3.520523E+02   6.764738E-01   3.727044E-03
   1.149608E+01   3.180908E+02   6.497946E-01   3.616153E-03
   1.150406E+01   2.919095E+02   6.266036E-01   3.412803E-03
   1.151205E+01   2.754873E+02   6.047891E-01   3.173114E-03
   1.152004E+01   2.583139E+02   5.828756E-01   2.943003E-03
   1.152803E+01   2.472875E+02   5.649593E-01   2.763750E-03
   1.153604E+01   2.360884E+02   5.467564E-01   2.594978E-03
   1.154404E+01   2.264128E+02   5.299055E-01   2.450801E-03
   1.155206E+01   2.182567E+02   5.144392E-01   2.328316E-03
   1.156007E+01   2.101108E+02   4.987725E-01   2.212916E-03
   1.156810E+01   2.040249E+02   4.853118E-01   2.120851E-03
   1.157613E+01   1.979274E+02   4.717036E-01   2.033375E-03
   1.158416E+01   1.926850E+02   4.588914E-01   1.955987E-03
   1.159220E+01   1.882190E+02   4.468468E-01   1.887329E-03
   1.160025E+01   1.837751E+02   4.347556E-01   1.821956E-03
   1.160830E+01   1.807385E+02   4.239242E-01   1.766369E-03
   1.161636E+01   1.776572E+02   4.130385E-01   1.713004E-03
   1.162442E+01   1.753250E+02   4.026822E-01   1.664436E-03
   1.163249E+01   1.735906E+02   3.927681E-01   1.619836E-03
   1.164056E+01   1.719031E+02   3.828855E-01   1.577097E-03
   1.164864E+01   1.715673E+02   3.737416E-01   1.538944E-03
   1.165673E+01   1.711686E+02   3.645883E-01   1.502077E-03
   1.166482E+01   1.717090E+02   3.558009E-01   1.467786E-03
   1.167291E+01   1.728805E+02   3.472669E-01   1.435486E-03
   1.168101E+01   1.742470E+02   3.387977E-01   1.404390E-03
   1.168912E+01   1.773021E+02   3.307448E-01   1.375509E-03
   1.169724E+01   1.803564E+02   3.227083E-01   1.347497E-03
   1.170535E+01   1.849874E+02   3.149085E-01   1.320864E-03
   1.171348E+01   1.905247E+02   3.072470E-01   1.295281E-03
   1.172161E+01   1.967554E+02   2.996603E-01   1.270508E-03
   1.172974E+01   2.055980E+02   2.922912E-01   1.246719E-03
   1.173789E+01   2.147760E+02   2.849683E-01   1.223596E-03
   1.174603E+01   2.271547E+02   2.778182E-01   1.201138E-03
   1.175419E+01   2.412425E+02   2.707814E-01   1.179292E-03
   1.176234E+01   2.575111E+02   2.638755E-01   1.158006E-03
   1.177051E+01   2.784912E+02   2.572079E-01   1.137197E-03
   1.177868E+01   3.010792E+02   2.506740E-01   1.116897E-03
   1.178685E+01   3.305431E+02   2.446242E-01   1.097243E-03
   1.179503E+01   3.638535E+02   2.388716E-01   1.077998E-03
   1.180322E+01   4.026033E+02   2.337876E-01   1.059708E-03
   1.181141E+01   4.491406E+02   2.296991E-01   1.042528E-03
   1.181961E+01   5.008165E+02   2.261004E-01   1.025372E-03
   1.182782E+01   5.586502E+02   2.251340E-01   1.012586E-03
   1.183602E+01   6.228419E+02   2.250130E-01   9.995707E-04
   1.184424E+01   6.864982E+02   2.273577E-01   9.908066E-04
   1.185246E+01   7.485260E+02   2.320176E-01   9.858296E-04
   1.186069E+01   8.127725E+02   2.378053E-01   9.810121E-04
   1.186892E+01   8.498620E+02   2.464273E-01   9.873489E-04
   1.187716E+01   8.878874E+02   2.555151E-01   9.932687E-04
   1.188540E+01   8.991536E+02   2.647994E-01   1.006913E-03
   1.189365E+01   8.954949E+02   2.740062E-01   1.025317E-03
   1.190191E+01   8.828741E+02   2.824373E-01   1.045870E-03
   1.191017E+01   8.430727E+02   2.884006E-01   1.072315E-03
   1.191843E+01   8.045776E+02   2.944663E-01   1.099825E-03
   1.192671E+01   7.490958E+02   2.965187E-01   1.125937E-03
   1.193498E+01   6.929886E+02   2.981852E-01   1.151720E-03
   1.194327E+01   6.367614E+02   2.983008E-01   1.173492E-03
   1.195156E+01   5.791855E+02   2.959761E-01   1.188193E-03
   1.195985E+01   5.263603E+02   2.944305E-01   1.202119E-03
   1.196815E+01   4.772974E+02   2.898890E-01   1.204351E-03
   1.197646E+01   4.324649E+02   2.859366E-01   1.205511E-03
   1.198477E+01   3.932018E+02   2.814276E-01   1.202073E-03
   1.199309E+01   3.583931E+02   2.765358E-01   1.195241E-03
   1.200142E+01   3.270818E+02   2.718804E-01   1.187543E-03
   1.200975E+01   3.009223E+02   2.669275E-01   1.177263E-03
   1.201808E+01   2.767679E+02   2.621877E-01   1.166872E-03
   1.202642E+01   2.565162E+02   2.575338E-01   1.155828E-03
   1.203477E+01   2.382595E+02   2.529845E-01   1.144632E-03
   1.204312E+01   2.220263E+02   2.485932E-01   1.133534E-03
   1.205148E+01   2.080685E+02   2.443650E-01   1.122597E-03
   1.205985E+01   1.949597E+02   2.402122E-01   1.111757E-03
   1.206822E+01   1.840945E+02   2.363134E-01   1.101450E-03
   1.207659E+01   1.738409E+02   2.324715E-01   1.091259E-03
   1.208498E+01   1.648027E+02   2.288025E-01   1.081492E-03
   1.209336E+01   1.566514E+02   2.252593E-01   1.072046E-03
   1.210176E+01   1.490676E+02   2.217937E-01   1.062807E-03
   1.211016E+01   1.424786E+02   2.185103E-01   1.054054E-03
   1.211856E+01   1.361711E+02   2.152579E-01   1.045399E-03
   1.212697E+01   1.306538E+02   2.121803E-01   1.037221E-03
   1.213539E+01   1.254555E+02   2.091590E-01   1.029209E-03
   1.214381E+01   1.206807E+02   2.062310E-01   1.021461E-03
   1.215224E+01   1.163423E+02   2.034083E-01   1.014009E-03
   1.216068E+01   1.121857E+02   2.006186E-01   1.006661E-03
   1.216912E+01   1.085207E+02   1.979708E-01   9.997021E-04
   1.217756E+01   1.049708E+02   1.953430E-01   9.928127E-04
   1.218602E+01   1.017486E+02   1.928199E-01   9.862119E-04
   1.219447E+01   9.870628E+01   1.903496E-01   9.797631E-04
   1.220294E+01   9.583782E+01   1.879321E-01   9.734655E-04
   1.221141E+01   9.320770E+01   1.855973E-01   9.673937E-04
   1.221988E+01   9.064661E+01   1.832790E-01   9.613777E-04
   1.222837E+01   8.834980E+01   1.810637E-01   9.556363E-04
   1.223685E+01   8.611115E+01   1.788651E-01   9.499485E-04
   1.224535E+01   8.403277E+01   1.767292E-01   9.444300E-04
   1.225385E+01   8.206322E+01   1.746358E-01   9.390286E-04
   1.226235E+01   8.017639E+01   1.725761E-01   9.337210E-04
   1.227086E+01   7.843027E+01   1.705807E-01   9.285830E-04
   1.227938E+01   7.672019E+01   1.685988E-01   9.234868E-04
   1.228790E+01   7.515365E+01   1.666893E-01   9.185783E-04
   1.229643E+01   7.362569E+01   1.647973E-01   9.137197E-04
   1.230497E+01   7.218499E+01   1.629516E-01   9.089818E-04
   1.231351E+01   7.081176E+01   1.611422E-01   9.043393E-04
   1.232205E+01   6.948402E+01   1.593573E-01   8.997621E-04
   1.233061E+01   6.824466E+01   1.576233E-01   8.953145E-04
   1.233916E+01   6.702604E+01   1.559009E-01   8.908993E-04
   1.234773E+01   6.589483E+01   1.542306E-01   8.866151E-04
   1.235630E+01   6.478862E+01   1.525756E-01   8.823720E-04
   1.236487E+01   6.373716E+01   1.509537E-01   8.782120E-04
   1.237346E+01   6.272958E+01   1.493591E-01   8.741210E-04
   1.238205E+01   6.175091E+01   1.477827E-01   8.700766E-04
   1.239064E+01   6.083080E+01   1.462412E-01   8.661183E-04
   1.239924E+01   5.992340E+01   1.447099E-01   8.621866E-04
   1.240785E+01   5.907342E+01   1.432248E-01   8.583678E-04
   1.241646E+01   5.823887E+01   1.417529E-01   8.545822E-04
   1.242508E+01   5.744190E+01   1.403102E-01   8.508677E-04
   1.243370E+01   5.667339E+01   1.388905E-01   8.472092E-04
   1.244233E+01   5.592530E+01   1.374874E-01   8.435909E-04
   1.245097E+01   5.521557E+01   1.361127E-01   8.400411E-04
   1.245961E+01   5.451410E+01   1.347471E-01   8.365130E-04
   1.246826E+01   5.385520E+01   1.334160E-01   8.330675E-04
   1.247691E+01   5.320519E+01   1.320949E-01   8.296454E-04
   1.248557E+01   5.258369E+01   1.307998E-01   8.262852E-04
   1.249424E+01   5.198053E+01   1.295229E-01   8.229677E-04
   1.250291E+01   5.139412E+01   1.282589E-01   8.196802E-04
   1.251159E+01   5.083424E+01   1.270122E-01   8.164332E-04
   1.252027E+01   5.028067E+01   1.257745E-01   8.132068E-04
   1.252896E+01   4.975751E+01   1.245716E-01   8.100618E-04
   1.253766E+01   4.923924E+01   1.233765E-01   8.069344E-04
   1.254636E+01   4.874433E+01   1.222045E-01   8.038605E-04
   1.255507E+01   4.826063E+01   1.210458E-01   8.008168E-04
   1.256378E+01   4.779177E+01   1.198979E-01   7.977973E-04
   1.257250E+01   4.734062E+01   1.187618E-01   7.948044E-04
   1.258123E+01   4.689609E+01   1.176369E-01   7.918368E-04
   1.258996E+01   4.647254E+01   1.165436E-01   7.889416E-04
   1.259870E+01   4.605237E+01   1.154573E-01   7.860615E-04
   1.260744E+01   4.565293E+01   1.143849E-01   7.832125E-04
   1.261619E+01   4.525954E+01   1.133205E-01   7.803811E-04
   1.262495E+01   4.487965E+01   1.122716E-01   7.775839E-04
   1.263371E+01   4.451058E+01   1.112358E-01   7.748162E-04
   1.264248E+01   4.414904E+01   1.102110E-01   7.720724E-04
   1.265126E+01   4.380234E+01   1.092036E-01   7.693675E-04
   1.266004E+01   4.345805E+01   1.082028E-01   7.666763E-04
   1.266882E+01   4.313162E+01   1.072235E-01   7.640335E-04
   1.267762E+01   4.280728E+01   1.062505E-01   7.614037E-04
   1.268642E+01   4.249661E+01   1.052902E-01   7.588014E-04
   1.269522E+01   4.219211E+01   1.043383E-01   7.562172E-04
   1.270403E+01   4.189583E+01   1.033966E-01   7.536548E-04
   1.271285E+01   4.160882E+01   1.024657E-01   7.511157E-04
   1.272168E+01   4.132604E+01   1.015437E-01   7.485955E-04
   1.273051E+01   4.105594E+01   1.006401E-01   7.461161E-04
   1.273934E+01   4.078728E+01   9.974233E-02   7.436483E-04
   1.274818E+01   4.053225E+01   9.885267E-02   7.411974E-04
   1.275703E+01   4.027947E+01   9.796884E-02   7.387583E-04
   1.276589E+01   4.003567E+01   9.710107E-02   7.363544E-04
   1.277475E+01   3.979691E+01   9.624403E-02   7.339734E-04
   1.278361E+01   3.956383E+01   9.539621E-02   7.316119E-04
   1.279249E+01   3.933843E+01   9.455927E-02   7.292735E-04
   1.280137E+01   3.911591E+01   9.372807E-02   7.269466E-04
   1.281025E+01   3.890466E+01   9.290466E-02   7.246358E-04
   1.281914E+01   3.869428E+01   9.208645E-02   7.223352E-04
   1.282804E+01   3.849457E+01   9.128194E-02   7.200641E-04
   1.283694E+01   3.829667E+01   9.048340E-02   7.178051E-04
   1.284585E+01   3.810619E+01   8.969198E-02   7.155605E-04
   1.285477E+01   3.791988E+01   8.890663E-02   7.133281E-04
   1.286369E+01   3.773736E+01   8.813281E-02   7.111203E-04
   1.287262E+01   3.755990E+01   8.737310E-02   7.089431E-04
   1.288155E+01   3.738516E+01   8.661766E-02   7.067739E-04
   1.289050E+01   3.722103E+01   8.586456E-02   7.046082E-04
   1.289944E+01   3.705739E+01   8.511623E-02   7.024517E-04
   1.290840E+01   3.690092E+01   8.438158E-02   7.003247E-04
   1.291736E+01   3.674534E+01   8.365216E-02   6.982079E-04
   1.292632E+01   3.659663E+01   8.293411E-02   6.961155E-04
   1.293529E+01   3.645099E+01   8.222341E-02   6.940380E-04
   1.294427E+01   3.630959E+01   8.151885E-02   6.919728E-04
   1.295326E+01   3.617277E+01   8.082055E-02   6.899202E-04
   1.296225E+01   3.603864E+01   8.012600E-02   6.878744E-04
   1.297124E+01   3.591192E+01   7.943390E-02   6.858324E-04
   1.298025E+01   3.578559E+01   7.874662E-02   6.837997E-04
   1.298926E+01   3.566511E+01   7.807892E-02   6.818102E-04
   1.299827E+01   3.554484E+01   7.741541E-02   6.798285E-04
   1.300729E+01   3.543155E+01   7.675413E-02   6.778501E-04
   1.301632E+01   3.532002E+01   7.609657E-02   6.758786E-04
   1.302536E+01   3.521313E+01   7.544532E-02   6.739197E-04
   1.303440E+01   3.510945E+01   7.479966E-02   6.719719E-04
   1.304344E+01   3.500885E+01   7.415947E-02   6.700349E-04
   1.305250E+01   3.491317E+01   7.352560E-02   6.681107E-04
   1.306156E+01   3.481863E+01   7.289740E-02   6.661977E-04
   1.307062E+01   3.472923E+01   7.228110E-02   6.643105E-04
   1.307969E+01   3.463989E+01   7.166870E-02   6.624305E-04
   1.308877E+01   3.455704E+01   7.105808E-02   6.605528E-04
   1.309786E+01   3.447445E+01   7.045127E-02   6.586821E-04
   1.310695E+01   3.439762E+01   6.985115E-02   6.568252E-04
   1.311604E+01   3.432257E+01   6.925572E-02   6.549773E-04
   1.312515E+01   3.425090E+01   6.866618E-02   6.531414E-04
   1.313426E+01   3.418180E+01   6.808201E-02   6.513161E-04
   1.314337E+01   3.411495E+01   6.750294E-02   6.495008E-04
   1.315250E+01   3.405192E+01   6.692992E-02   6.476979E-04
   1.316163E+01   3.398996E+01   6.636121E-02   6.459032E-04
   1.317076E+01   3.393310E+01   6.579922E-02   6.441224E-04
   1.317990E+01   3.387618E+01   6.524081E-02   6.423482E-04
   1.318905E+01   3.382566E+01   6.468406E-02   6.405762E-04
   1.319821E+01   3.377512E+01   6.413085E-02   6.388106E-04
   1.320737E+01   3.372903E+01   6.358422E-02   6.370587E-04
   1.321653E+01   3.368397E+01   6.304182E-02   6.353149E-04
   1.322571E+01   3.364238E+01   6.250525E-02   6.335830E-04
   1.323489E+01   3.360287E+01   6.197354E-02   6.318607E-04
   1.324407E+01   3.356629E+01   6.144444E-02   6.301429E-04
   1.325326E+01   3.353342E+01   6.091774E-02   6.284290E-04
   1.326246E+01   3.350152E+01   6.039694E-02   6.267272E-04
   1.327167E+01   3.347249E+01   5.988631E-02   6.250475E-04
   1.328088E+01   3.344401E+01   5.937824E-02   6.233721E-04
   1.329010E+01   3.342188E+01   5.886694E-02   6.216876E-04
   1.329932E+01   3.339960E+01   5.835895E-02   6.200091E-04
   1.330855E+01   3.338113E+01   5.786281E-02   6.183568E-04
   1.331779E+01   3.336283E+01   5.737053E-02   6.167119E-04
   1.332703E+01   3.334927E+01   5.687605E-02   6.150602E-04
   1.333628E+01   3.333709E+01   5.638311E-02   6.134105E-04
   1.334554E+01   3.332739E+01   5.589886E-02   6.117797E-04
   1.335480E+01   3.331932E+01   5.542140E-02   6.101632E-04
   1.336407E+01   3.331353E+01   5.494635E-02   6.085508E-04
   1.337335E+01   3.331070E+01   5.447351E-02   6.069420E-04
   1.338263E+01   3.330956E+01   5.400331E-02   6.053378E-04
   1.339192E+01   3.331293E+01   5.353507E-02   6.037367E-04
   1.340121E+01   3.331676E+01   5.307039E-02   6.021424E-04
   1.341052E+01   3.332449E+01   5.261200E-02   6.005614E-04
   1.341982E+01   3.333208E+01   5.215661E-02   5.989860E-04
   1.342914E+01   3.334421E+01   5.170274E-02   5.974125E-04
   1.343846E+01   3.335629E+01   5.125182E-02   5.958446E-04
   1.344779E+01   3.337218E+01   5.080699E-02   5.942895E-04
   1.345712E+01   3.338872E+01   5.036570E-02   5.927413E-04
   1.346646E+01   3.340974E+01   4.992632E-02   5.911961E-04
   1.347581E+01   3.343270E+01   4.948940E-02   5.896552E-04
   1.348516E+01   3.345770E+01   4.905459E-02   5.881177E-04
   1.349452E+01   3.348436E+01   4.862202E-02   5.865841E-04
   1.350389E+01   3.351290E+01   4.819387E-02   5.850595E-04
   1.351326E+01   3.354415E+01   4.777072E-02   5.835453E-04
   1.352264E+01   3.357694E+01   4.734999E-02   5.820354E-04
   1.353203E+01   3.361383E+01   4.693109E-02   5.805284E-04
   1.354142E+01   3.365121E+01   4.651554E-02   5.790279E-04
   1.355082E+01   3.369184E+01   4.610588E-02   5.775400E-04
   1.356022E+01   3.373253E+01   4.569893E-02   5.760572E-04
   1.356963E+01   3.377888E+01   4.529341E-02   5.745763E-04
   1.357905E+01   3.382515E+01   4.489063E-02   5.731005E-04
   1.358848E+01   3.387582E+01   4.448937E-02   5.716268E-04
   1.359791E+01   3.392693E+01   4.409070E-02   5.701579E-04
   1.360735E+01   3.398186E+01   4.369372E-02   5.686916E-04
   1.361679E+01   3.403784E+01   4.329914E-02   5.672297E-04
   1.362624E+01   3.409640E+01   4.290963E-02   5.657785E-04
   1.363570E+01   3.415629E+01   4.252398E-02   5.643352E-04
   1.364516E+01   3.421941E+01   4.213762E-02   5.628887E-04
   1.365464E+01   3.428524E+01   4.175117E-02   5.614404E-04
   1.366411E+01   3.435320E+01   4.136891E-02   5.600009E-04
   1.367360E+01   3.442396E+01   4.099128E-02   5.585711E-04
   1.368309E+01   3.449601E+01   4.061740E-02   5.571491E-04
   1.369258E+01   3.457076E+01   4.024848E-02   5.557378E-04
   1.370209E+01   3.464686E+01   3.988078E-02   5.543280E-04
   1.371160E+01   3.472769E+01   3.951103E-02   5.529116E-04
   1.372112E+01   3.480913E+01   3.914426E-02   5.515010E-04
   1.373064E+01   3.489498E+01   3.878311E-02   5.501029E-04
   1.374017E+01   3.498097E+01   3.842446E-02   5.487094E-04
   1.374971E+01   3.507097E+01   3.806716E-02   5.473178E-04
   1.375925E+01   3.516106E+01   3.771236E-02   5.459310E-04
   1.376880E+01   3.525672E+01   3.735898E-02   5.445461E-04
   1.377836E+01   3.535296E+01   3.700800E-02   5.431658E-04
   1.378792E+01   3.545342E+01   3.665855E-02   5.417877E-04
   1.379749E+01   3.555487E+01   3.631138E-02   5.404138E-04
   1.380707E+01   3.566011E+01   3.596583E-02   5.390425E-04
   1.381665E+01   3.576682E+01   3.562244E-02   5.376751E-04
   1.382624E+01   3.587753E+01   3.528078E-02   5.363105E-04
   1.383584E+01   3.599050E+01   3.494117E-02   5.349495E-04
   1.384544E+01   3.610584E+01   3.460590E-02   5.335980E-04
   1.385505E+01   3.622308E+01   3.427449E-02   5.322546E-04
   1.386467E+01   3.634390E+01   3.394277E-02   5.309090E-04
   1.387429E+01   3.646854E+01   3.361063E-02   5.295609E-04
   1.388392E+01   3.659498E+01   3.328226E-02   5.282207E-04
   1.389356E+01   3.672395E+01   3.295821E-02   5.268900E-04
   1.390320E+01   3.685517E+01   3.263472E-02   5.255592E-04
   1.391285E+01   3.699064E+01   3.230999E-02   5.242238E-04
   1.392251E+01   3.712791E+01   3.198850E-02   5.228950E-04
   1.393217E+01   3.726975E+01   3.167177E-02   5.215769E-04
   1.394184E+01   3.741308E+01   3.135637E-02   5.202607E-04
   1.395152E+01   3.756152E+01   3.103898E-02   5.189378E-04
   1.396120E+01   3.771095E+01   3.072438E-02   5.176205E-04
   1.397089E+01   3.786483E+01   3.041491E-02   5.163149E-04
   1.398059E+01   3.801952E+01   3.010770E-02   5.150136E-04
   1.399029E+01   3.817998E+01   2.980181E-02   5.137142E-04
   1.400000E+01   3.834095E+01   2.949824E-02   5.124192E-04
