#============================================================================
# Opacities computed by OpTool        <a^n>=  1.0000E-1  1.0000E-1  1.0000E-1
# Method:   DHS  fmax=  0.400
# Parameters:
#   amin [um]=      0.100 amax [um]=      0.100  na  =    1    apow=   3.5    
#   lmin [um]=      7.000 lmax [um]=     14.000  nlam= 1000    nang=   180
#   porosity =      0.000 p_mantle =      0.000  fmax= 0.40    chop=   0.0
# Composition:
#  Where   mfrac  rho   Material
#  -----   -----  ----  -----------------------------------------------------
#  core    1.000  3.27  for
#  - - -   - - -  -  -  - - - - - - - - - - - - - - - - - - - - - - - - - - -
#  grain   1.000  3.27  mixture of  1 materials
#----------------------------------------------------------------------------
# Command: ./optool for -a 0.1 -dhs 0.4 -l 7 14 1000
#============================================================================
# Standard output file, no scattering matrix
#    iformat
#    nlambda
#    lambda[um]  kabs [cm^2/g]  ksca [cm^2/g]    g_asymmetry
#============================================================================
           3
        1000
   7.000000E+00   6.045330E+00   2.836820E-01   2.099809E-03
   7.004859E+00   6.065236E+00   2.823520E-01   2.096498E-03
   7.009721E+00   6.085206E+00   2.810277E-01   2.093193E-03
   7.014586E+00   6.105242E+00   2.797091E-01   2.089893E-03
   7.019455E+00   6.125343E+00   2.783963E-01   2.086599E-03
   7.024327E+00   6.145489E+00   2.771123E-01   2.083326E-03
   7.029202E+00   6.165698E+00   2.758368E-01   2.080061E-03
   7.034081E+00   6.185973E+00   2.745667E-01   2.076801E-03
   7.038963E+00   6.206314E+00   2.733020E-01   2.073547E-03
   7.043849E+00   6.226903E+00   2.720190E-01   2.070280E-03
   7.048738E+00   6.247608E+00   2.707353E-01   2.067014E-03
   7.053630E+00   6.268381E+00   2.694571E-01   2.063754E-03
   7.058526E+00   6.289223E+00   2.681846E-01   2.060499E-03
   7.063425E+00   6.310290E+00   2.668966E-01   2.057233E-03
   7.068328E+00   6.331495E+00   2.656054E-01   2.053967E-03
   7.073234E+00   6.352770E+00   2.643199E-01   2.050705E-03
   7.078143E+00   6.374116E+00   2.630402E-01   2.047450E-03
   7.083056E+00   6.395643E+00   2.617817E-01   2.044210E-03
   7.087972E+00   6.417309E+00   2.605382E-01   2.040984E-03
   7.092892E+00   6.439048E+00   2.593002E-01   2.037762E-03
   7.097815E+00   6.460860E+00   2.580676E-01   2.034546E-03
   7.102741E+00   6.482801E+00   2.568241E-01   2.031323E-03
   7.107671E+00   6.504859E+00   2.555733E-01   2.028095E-03
   7.112605E+00   6.526992E+00   2.543280E-01   2.024873E-03
   7.117541E+00   6.549199E+00   2.530883E-01   2.021656E-03
   7.122481E+00   6.571562E+00   2.518664E-01   2.018453E-03
   7.127425E+00   6.594081E+00   2.506621E-01   2.015265E-03
   7.132372E+00   6.616677E+00   2.494631E-01   2.012082E-03
   7.137322E+00   6.639349E+00   2.482694E-01   2.008905E-03
   7.142276E+00   6.662190E+00   2.470679E-01   2.005722E-03
   7.147234E+00   6.685216E+00   2.458563E-01   2.002533E-03
   7.152194E+00   6.708322E+00   2.446501E-01   1.999350E-03
   7.157159E+00   6.731506E+00   2.434494E-01   1.996171E-03
   7.162126E+00   6.754900E+00   2.422419E-01   1.992989E-03
   7.167097E+00   6.778551E+00   2.410238E-01   1.989799E-03
   7.172072E+00   6.802282E+00   2.398111E-01   1.986615E-03
   7.177050E+00   6.826096E+00   2.386041E-01   1.983436E-03
   7.182031E+00   6.850001E+00   2.374122E-01   1.980270E-03
   7.187016E+00   6.874003E+00   2.362396E-01   1.977119E-03
   7.192005E+00   6.898087E+00   2.350722E-01   1.973974E-03
   7.196997E+00   6.922254E+00   2.339102E-01   1.970834E-03
   7.201992E+00   6.946622E+00   2.327424E-01   1.967690E-03
   7.206991E+00   6.971251E+00   2.315633E-01   1.964539E-03
   7.211993E+00   6.995967E+00   2.303896E-01   1.961393E-03
   7.216999E+00   7.020769E+00   2.292213E-01   1.958252E-03
   7.222008E+00   7.045738E+00   2.280575E-01   1.955116E-03
   7.227020E+00   7.070915E+00   2.268977E-01   1.951984E-03
   7.232037E+00   7.096181E+00   2.257432E-01   1.948857E-03
   7.237056E+00   7.121536E+00   2.245941E-01   1.945736E-03
   7.242079E+00   7.147060E+00   2.234494E-01   1.942619E-03
   7.247106E+00   7.172786E+00   2.223087E-01   1.939506E-03
   7.252136E+00   7.198604E+00   2.211732E-01   1.936398E-03
   7.257170E+00   7.224513E+00   2.200430E-01   1.933295E-03
   7.262207E+00   7.250595E+00   2.189171E-01   1.930197E-03
   7.267247E+00   7.276872E+00   2.177952E-01   1.927103E-03
   7.272291E+00   7.303243E+00   2.166785E-01   1.924014E-03
   7.277339E+00   7.329708E+00   2.155669E-01   1.920930E-03
   7.282390E+00   7.356392E+00   2.144480E-01   1.917841E-03
   7.287444E+00   7.383311E+00   2.133204E-01   1.914746E-03
   7.292503E+00   7.410327E+00   2.121982E-01   1.911657E-03
   7.297564E+00   7.437440E+00   2.110812E-01   1.908573E-03
   7.302629E+00   7.464748E+00   2.099809E-01   1.905502E-03
   7.307698E+00   7.492245E+00   2.088961E-01   1.902446E-03
   7.312770E+00   7.519842E+00   2.078165E-01   1.899395E-03
   7.317846E+00   7.547539E+00   2.067418E-01   1.896348E-03
   7.322925E+00   7.575477E+00   2.056573E-01   1.893295E-03
   7.328008E+00   7.603622E+00   2.045670E-01   1.890238E-03
   7.333094E+00   7.631870E+00   2.034819E-01   1.887186E-03
   7.338184E+00   7.660221E+00   2.024019E-01   1.884139E-03
   7.343277E+00   7.688901E+00   2.013106E-01   1.881084E-03
   7.348374E+00   7.717813E+00   2.002154E-01   1.878026E-03
   7.353474E+00   7.746831E+00   1.991255E-01   1.874974E-03
   7.358578E+00   7.775957E+00   1.980409E-01   1.871927E-03
   7.363685E+00   7.805300E+00   1.969767E-01   1.868897E-03
   7.368796E+00   7.834794E+00   1.959233E-01   1.865877E-03
   7.373911E+00   7.864397E+00   1.948750E-01   1.862863E-03
   7.379029E+00   7.894111E+00   1.938317E-01   1.859853E-03
   7.384151E+00   7.924203E+00   1.927732E-01   1.856832E-03
   7.389276E+00   7.954471E+00   1.917150E-01   1.853812E-03
   7.394405E+00   7.984853E+00   1.906620E-01   1.850797E-03
   7.399537E+00   8.015350E+00   1.896142E-01   1.847787E-03
   7.404673E+00   8.046266E+00   1.885695E-01   1.844780E-03
   7.409812E+00   8.077330E+00   1.875296E-01   1.841779E-03
   7.414955E+00   8.108512E+00   1.864949E-01   1.838782E-03
   7.420102E+00   8.139814E+00   1.854652E-01   1.835791E-03
   7.425252E+00   8.171329E+00   1.844384E-01   1.832803E-03
   7.430406E+00   8.202965E+00   1.834166E-01   1.829819E-03
   7.435563E+00   8.234721E+00   1.823998E-01   1.826841E-03
   7.440724E+00   8.266672E+00   1.813847E-01   1.823866E-03
   7.445888E+00   8.299198E+00   1.803537E-01   1.820877E-03
   7.451057E+00   8.331851E+00   1.793279E-01   1.817894E-03
   7.456228E+00   8.364630E+00   1.783073E-01   1.814916E-03
   7.461403E+00   8.397586E+00   1.772912E-01   1.811942E-03
   7.466582E+00   8.430803E+00   1.762784E-01   1.808972E-03
   7.471765E+00   8.464149E+00   1.752708E-01   1.806007E-03
   7.476951E+00   8.497626E+00   1.742683E-01   1.803047E-03
   7.482140E+00   8.531349E+00   1.732699E-01   1.800092E-03
   7.487334E+00   8.565373E+00   1.722752E-01   1.797140E-03
   7.492530E+00   8.599530E+00   1.712855E-01   1.794194E-03
   7.497731E+00   8.633822E+00   1.703009E-01   1.791252E-03
   7.502935E+00   8.668464E+00   1.693199E-01   1.788315E-03
   7.508142E+00   8.703411E+00   1.683430E-01   1.785382E-03
   7.513354E+00   8.738497E+00   1.673710E-01   1.782454E-03
   7.518569E+00   8.773723E+00   1.664039E-01   1.779530E-03
   7.523787E+00   8.809350E+00   1.654250E-01   1.776598E-03
   7.529009E+00   8.845220E+00   1.644447E-01   1.773664E-03
   7.534235E+00   8.881233E+00   1.634695E-01   1.770736E-03
   7.539464E+00   8.917391E+00   1.624994E-01   1.767813E-03
   7.544697E+00   8.953909E+00   1.615322E-01   1.764893E-03
   7.549934E+00   8.990600E+00   1.605698E-01   1.761978E-03
   7.555174E+00   9.027438E+00   1.596124E-01   1.759068E-03
   7.560418E+00   9.064470E+00   1.586582E-01   1.756161E-03
   7.565666E+00   9.102172E+00   1.576880E-01   1.753241E-03
   7.570917E+00   9.140029E+00   1.567231E-01   1.750326E-03
   7.576172E+00   9.178040E+00   1.557632E-01   1.747416E-03
   7.581430E+00   9.216263E+00   1.548132E-01   1.744516E-03
   7.586692E+00   9.254794E+00   1.538813E-01   1.741632E-03
   7.591958E+00   9.293483E+00   1.529542E-01   1.738753E-03
   7.597228E+00   9.332331E+00   1.520320E-01   1.735880E-03
   7.602501E+00   9.371538E+00   1.511041E-01   1.733002E-03
   7.607777E+00   9.411128E+00   1.501695E-01   1.730118E-03
   7.613058E+00   9.450882E+00   1.492399E-01   1.727240E-03
   7.618342E+00   9.490802E+00   1.483153E-01   1.724366E-03
   7.623630E+00   9.531163E+00   1.473940E-01   1.721496E-03
   7.628921E+00   9.571819E+00   1.464770E-01   1.718631E-03
   7.634216E+00   9.612645E+00   1.455649E-01   1.715770E-03
   7.639515E+00   9.653643E+00   1.446576E-01   1.712915E-03
   7.644817E+00   9.695373E+00   1.437356E-01   1.710046E-03
   7.650124E+00   9.737336E+00   1.428167E-01   1.707181E-03
   7.655433E+00   9.779477E+00   1.419028E-01   1.704321E-03
   7.660747E+00   9.821832E+00   1.409935E-01   1.701465E-03
   7.666064E+00   9.864579E+00   1.400873E-01   1.698613E-03
   7.671385E+00   9.907509E+00   1.391860E-01   1.695766E-03
   7.676710E+00   9.950622E+00   1.382897E-01   1.692924E-03
   7.682038E+00   9.994094E+00   1.373974E-01   1.690086E-03
   7.687370E+00   1.003804E+01   1.365086E-01   1.687252E-03
   7.692705E+00   1.008217E+01   1.356247E-01   1.684423E-03
   7.698045E+00   1.012649E+01   1.347457E-01   1.681599E-03
   7.703388E+00   1.017136E+01   1.338583E-01   1.678767E-03
   7.708735E+00   1.021664E+01   1.329682E-01   1.675933E-03
   7.714085E+00   1.026211E+01   1.320832E-01   1.673104E-03
   7.719439E+00   1.030777E+01   1.312031E-01   1.670281E-03
   7.724797E+00   1.035412E+01   1.303259E-01   1.667460E-03
   7.730159E+00   1.040072E+01   1.294534E-01   1.664645E-03
   7.735524E+00   1.044752E+01   1.285859E-01   1.661834E-03
   7.740893E+00   1.049460E+01   1.277228E-01   1.659028E-03
   7.746266E+00   1.054221E+01   1.268628E-01   1.656225E-03
   7.751643E+00   1.059004E+01   1.260076E-01   1.653428E-03
   7.757023E+00   1.063807E+01   1.251573E-01   1.650635E-03
   7.762407E+00   1.068660E+01   1.243028E-01   1.647839E-03
   7.767795E+00   1.073568E+01   1.234421E-01   1.645036E-03
   7.773186E+00   1.078498E+01   1.225864E-01   1.642239E-03
   7.778581E+00   1.083451E+01   1.217357E-01   1.639447E-03
   7.783980E+00   1.088459E+01   1.208882E-01   1.636658E-03
   7.789383E+00   1.093503E+01   1.200449E-01   1.633874E-03
   7.794790E+00   1.098569E+01   1.192066E-01   1.631095E-03
   7.800200E+00   1.103661E+01   1.183725E-01   1.628320E-03
   7.805614E+00   1.108853E+01   1.175243E-01   1.625532E-03
   7.811032E+00   1.114069E+01   1.166812E-01   1.622748E-03
   7.816453E+00   1.119310E+01   1.158430E-01   1.619970E-03
   7.821878E+00   1.124592E+01   1.150091E-01   1.617196E-03
   7.827307E+00   1.129932E+01   1.141785E-01   1.614425E-03
   7.832740E+00   1.135298E+01   1.133529E-01   1.611659E-03
   7.838177E+00   1.140688E+01   1.125323E-01   1.608899E-03
   7.843617E+00   1.146136E+01   1.117150E-01   1.606142E-03
   7.849061E+00   1.151625E+01   1.109018E-01   1.603390E-03
   7.854509E+00   1.157141E+01   1.100935E-01   1.600642E-03
   7.859961E+00   1.162682E+01   1.092901E-01   1.597900E-03
   7.865416E+00   1.168332E+01   1.084727E-01   1.595143E-03
   7.870875E+00   1.174010E+01   1.076602E-01   1.592391E-03
   7.876338E+00   1.179715E+01   1.068528E-01   1.589645E-03
   7.881805E+00   1.185465E+01   1.060495E-01   1.586903E-03
   7.887276E+00   1.191278E+01   1.052495E-01   1.584164E-03
   7.892750E+00   1.197119E+01   1.044544E-01   1.581430E-03
   7.898228E+00   1.202989E+01   1.036643E-01   1.578702E-03
   7.903710E+00   1.208947E+01   1.028666E-01   1.575965E-03
   7.909196E+00   1.214962E+01   1.020679E-01   1.573227E-03
   7.914686E+00   1.221007E+01   1.012742E-01   1.570494E-03
   7.920179E+00   1.227084E+01   1.004855E-01   1.567767E-03
   7.925677E+00   1.233247E+01   9.969941E-02   1.565042E-03
   7.931178E+00   1.239440E+01   9.891831E-02   1.562322E-03
   7.936683E+00   1.245663E+01   9.814219E-02   1.559608E-03
   7.942191E+00   1.251955E+01   9.736380E-02   1.556891E-03
   7.947704E+00   1.258334E+01   9.657955E-02   1.554167E-03
   7.953220E+00   1.264745E+01   9.580041E-02   1.551448E-03
   7.958740E+00   1.271188E+01   9.502635E-02   1.548735E-03
   7.964264E+00   1.277721E+01   9.425538E-02   1.546025E-03
   7.969792E+00   1.284304E+01   9.348888E-02   1.543319E-03
   7.975324E+00   1.290919E+01   9.272741E-02   1.540619E-03
   7.980859E+00   1.297579E+01   9.197054E-02   1.537923E-03
   7.986399E+00   1.304332E+01   9.121655E-02   1.535231E-03
   7.991942E+00   1.311120E+01   9.046754E-02   1.532543E-03
   7.997489E+00   1.317942E+01   8.972347E-02   1.529861E-03
   8.003040E+00   1.324856E+01   8.897479E-02   1.527173E-03
   8.008595E+00   1.331855E+01   8.822329E-02   1.524482E-03
   8.014153E+00   1.338889E+01   8.747685E-02   1.521796E-03
   8.019716E+00   1.345960E+01   8.673547E-02   1.519115E-03
   8.025282E+00   1.353152E+01   8.598278E-02   1.516421E-03
   8.030852E+00   1.360387E+01   8.523440E-02   1.513731E-03
   8.036426E+00   1.367659E+01   8.449118E-02   1.511047E-03
   8.042004E+00   1.375007E+01   8.375217E-02   1.508366E-03
   8.047586E+00   1.382460E+01   8.301662E-02   1.505690E-03
   8.053172E+00   1.389952E+01   8.228617E-02   1.503018E-03
   8.058761E+00   1.397484E+01   8.156081E-02   1.500352E-03
   8.064355E+00   1.405137E+01   8.082746E-02   1.497676E-03
   8.069952E+00   1.412854E+01   8.009561E-02   1.495001E-03
   8.075553E+00   1.420612E+01   7.936896E-02   1.492331E-03
   8.081158E+00   1.428431E+01   7.864695E-02   1.489666E-03
   8.086767E+00   1.436366E+01   7.792801E-02   1.487004E-03
   8.092380E+00   1.444344E+01   7.721422E-02   1.484347E-03
   8.097997E+00   1.452366E+01   7.650555E-02   1.481696E-03
   8.103618E+00   1.460514E+01   7.579147E-02   1.479038E-03
   8.109242E+00   1.468752E+01   7.507681E-02   1.476377E-03
   8.114871E+00   1.477036E+01   7.436740E-02   1.473723E-03
   8.120503E+00   1.485377E+01   7.366175E-02   1.471072E-03
   8.126140E+00   1.493876E+01   7.294664E-02   1.468409E-03
   8.131780E+00   1.502423E+01   7.223690E-02   1.465751E-03
   8.137424E+00   1.511017E+01   7.153249E-02   1.463098E-03
   8.143072E+00   1.519726E+01   7.083191E-02   1.460450E-03
   8.148724E+00   1.528539E+01   7.013539E-02   1.457805E-03
   8.154380E+00   1.537402E+01   6.944413E-02   1.455166E-03
   8.160040E+00   1.546316E+01   6.875811E-02   1.452532E-03
   8.165703E+00   1.555384E+01   6.807466E-02   1.449900E-03
   8.171371E+00   1.564503E+01   6.739643E-02   1.447273E-03
   8.177043E+00   1.573674E+01   6.672338E-02   1.444652E-03
   8.182718E+00   1.582980E+01   6.604200E-02   1.442020E-03
   8.188398E+00   1.592429E+01   6.535134E-02   1.439375E-03
   8.194081E+00   1.601932E+01   6.466617E-02   1.436735E-03
   8.199768E+00   1.611492E+01   6.398645E-02   1.434101E-03
   8.205460E+00   1.621237E+01   6.330948E-02   1.431469E-03
   8.211155E+00   1.631045E+01   6.263783E-02   1.428842E-03
   8.216854E+00   1.640912E+01   6.197156E-02   1.426221E-03
   8.222557E+00   1.650908E+01   6.130391E-02   1.423597E-03
   8.228264E+00   1.661052E+01   6.063346E-02   1.420967E-03
   8.233976E+00   1.671257E+01   5.996851E-02   1.418343E-03
   8.239691E+00   1.681523E+01   5.930904E-02   1.415725E-03
   8.245410E+00   1.691986E+01   5.865238E-02   1.413109E-03
   8.251133E+00   1.702520E+01   5.800102E-02   1.410499E-03
   8.256860E+00   1.713118E+01   5.735508E-02   1.407894E-03
   8.262590E+00   1.723861E+01   5.670795E-02   1.405285E-03
   8.268325E+00   1.734769E+01   5.605835E-02   1.402672E-03
   8.274064E+00   1.745743E+01   5.541428E-02   1.400065E-03
   8.279807E+00   1.756785E+01   5.477571E-02   1.397463E-03
   8.285554E+00   1.768082E+01   5.412878E-02   1.394848E-03
   8.291305E+00   1.779457E+01   5.348703E-02   1.392238E-03
   8.297060E+00   1.790902E+01   5.285088E-02   1.389634E-03
   8.302819E+00   1.802509E+01   5.221339E-02   1.387026E-03
   8.308581E+00   1.814283E+01   5.157439E-02   1.384414E-03
   8.314348E+00   1.826132E+01   5.094111E-02   1.381808E-03
   8.320119E+00   1.838060E+01   5.031323E-02   1.379207E-03
   8.325894E+00   1.850281E+01   4.967742E-02   1.376592E-03
   8.331673E+00   1.862581E+01   4.904745E-02   1.373984E-03
   8.337456E+00   1.874961E+01   4.842329E-02   1.371382E-03
   8.343242E+00   1.887524E+01   4.780327E-02   1.368783E-03
   8.349033E+00   1.900252E+01   4.718774E-02   1.366188E-03
   8.354828E+00   1.913063E+01   4.657795E-02   1.363599E-03
   8.360627E+00   1.925983E+01   4.597241E-02   1.361013E-03
   8.366430E+00   1.939195E+01   4.536064E-02   1.358417E-03
   8.372237E+00   1.952496E+01   4.475473E-02   1.355826E-03
   8.378048E+00   1.965886E+01   4.415464E-02   1.353241E-03
   8.383863E+00   1.979526E+01   4.355156E-02   1.350648E-03
   8.389682E+00   1.993341E+01   4.294999E-02   1.348056E-03
   8.395505E+00   2.007250E+01   4.235434E-02   1.345469E-03
   8.401333E+00   2.021318E+01   4.175930E-02   1.342881E-03
   8.407164E+00   2.035707E+01   4.115252E-02   1.340271E-03
   8.412999E+00   2.050196E+01   4.055196E-02   1.337668E-03
   8.418838E+00   2.064784E+01   3.995759E-02   1.335071E-03
   8.424682E+00   2.079663E+01   3.936694E-02   1.332476E-03
   8.430529E+00   2.094693E+01   3.878183E-02   1.329887E-03
   8.436381E+00   2.109829E+01   3.820284E-02   1.327304E-03
   8.442236E+00   2.125188E+01   3.762512E-02   1.324719E-03
   8.448096E+00   2.140845E+01   3.704584E-02   1.322128E-03
   8.453959E+00   2.156614E+01   3.647279E-02   1.319544E-03
   8.459827E+00   2.172496E+01   3.590592E-02   1.316965E-03
   8.465699E+00   2.188783E+01   3.533330E-02   1.314374E-03
   8.471575E+00   2.205197E+01   3.476665E-02   1.311789E-03
   8.477455E+00   2.221730E+01   3.420630E-02   1.309209E-03
   8.483339E+00   2.238577E+01   3.364535E-02   1.306625E-03
   8.489227E+00   2.255696E+01   3.308558E-02   1.304038E-03
   8.495119E+00   2.272943E+01   3.253223E-02   1.301458E-03
   8.501016E+00   2.290381E+01   3.198166E-02   1.298879E-03
   8.506916E+00   2.308256E+01   3.142053E-02   1.296277E-03
   8.512820E+00   2.326268E+01   3.086610E-02   1.293681E-03
   8.518729E+00   2.344415E+01   3.031833E-02   1.291092E-03
   8.524642E+00   2.362978E+01   2.977472E-02   1.288506E-03
   8.530559E+00   2.381759E+01   2.923707E-02   1.285924E-03
   8.536479E+00   2.400686E+01   2.870599E-02   1.283350E-03
   8.542404E+00   2.419934E+01   2.817348E-02   1.280767E-03
   8.548334E+00   2.439591E+01   2.763611E-02   1.278171E-03
   8.554267E+00   2.459402E+01   2.710563E-02   1.275582E-03
   8.560204E+00   2.479385E+01   2.658158E-02   1.272998E-03
   8.566146E+00   2.499937E+01   2.605363E-02   1.270402E-03
   8.572091E+00   2.520654E+01   2.553267E-02   1.267812E-03
   8.578041E+00   2.541538E+01   2.501864E-02   1.265229E-03
   8.583995E+00   2.562917E+01   2.449904E-02   1.262630E-03
   8.589953E+00   2.584633E+01   2.398055E-02   1.260026E-03
   8.595915E+00   2.606526E+01   2.346929E-02   1.257429E-03
   8.601881E+00   2.628760E+01   2.296185E-02   1.254833E-03
   8.607852E+00   2.651529E+01   2.245439E-02   1.252229E-03
   8.613826E+00   2.674489E+01   2.195429E-02   1.249633E-03
   8.619805E+00   2.697642E+01   2.146147E-02   1.247043E-03
   8.625788E+00   2.721508E+01   2.096591E-02   1.244441E-03
   8.631775E+00   2.745596E+01   2.047747E-02   1.241845E-03
   8.637766E+00   2.769891E+01   1.999642E-02   1.239256E-03
   8.643761E+00   2.794780E+01   1.951208E-02   1.236653E-03
   8.649761E+00   2.820116E+01   1.902910E-02   1.234044E-03
   8.655764E+00   2.845674E+01   1.855382E-02   1.231442E-03
   8.661772E+00   2.871654E+01   1.808131E-02   1.228837E-03
   8.667784E+00   2.898339E+01   1.760506E-02   1.226215E-03
   8.673800E+00   2.925263E+01   1.713683E-02   1.223600E-03
   8.679821E+00   2.952429E+01   1.667653E-02   1.220993E-03
   8.685845E+00   2.980496E+01   1.621489E-02   1.218373E-03
   8.691874E+00   3.008840E+01   1.576107E-02   1.215759E-03
   8.697907E+00   3.037446E+01   1.531530E-02   1.213154E-03
   8.703944E+00   3.066824E+01   1.486756E-02   1.210533E-03
   8.709985E+00   3.096750E+01   1.442288E-02   1.207907E-03
   8.716030E+00   3.126958E+01   1.398654E-02   1.205289E-03
   8.722080E+00   3.157745E+01   1.355343E-02   1.202667E-03
   8.728134E+00   3.189391E+01   1.311923E-02   1.200030E-03
   8.734192E+00   3.221344E+01   1.269369E-02   1.197400E-03
   8.740254E+00   3.253644E+01   1.227613E-02   1.194777E-03
   8.746321E+00   3.287137E+01   1.185379E-02   1.192128E-03
   8.752391E+00   3.320962E+01   1.144042E-02   1.189488E-03
   8.758466E+00   3.355125E+01   1.103594E-02   1.186855E-03
   8.764545E+00   3.390396E+01   1.063030E-02   1.184204E-03
   8.770629E+00   3.426287E+01   1.023052E-02   1.181552E-03
   8.776716E+00   3.462545E+01   9.839936E-03   1.178909E-03
   8.782808E+00   3.499683E+01   9.452599E-03   1.176257E-03
   8.788904E+00   3.537805E+01   9.067847E-03   1.173595E-03
   8.795004E+00   3.576329E+01   8.692611E-03   1.170941E-03
   8.801109E+00   3.615480E+01   8.324597E-03   1.168289E-03
   8.807217E+00   3.656050E+01   7.956355E-03   1.165616E-03
   8.813330E+00   3.697061E+01   7.597944E-03   1.162953E-03
   8.819447E+00   3.738516E+01   7.249266E-03   1.160298E-03
   8.825569E+00   3.781716E+01   6.896348E-03   1.157606E-03
   8.831694E+00   3.825527E+01   6.552394E-03   1.154919E-03
   8.837824E+00   3.869830E+01   6.218710E-03   1.152242E-03
   8.843959E+00   3.915626E+01   5.885968E-03   1.149541E-03
   8.850097E+00   3.962501E+01   5.558936E-03   1.146832E-03
   8.856240E+00   4.009919E+01   5.242721E-03   1.144132E-03
   8.862387E+00   4.058550E+01   4.932057E-03   1.141422E-03
   8.868538E+00   4.108814E+01   4.624494E-03   1.138692E-03
   8.874693E+00   4.159679E+01   4.328306E-03   1.135971E-03
   8.880853E+00   4.211413E+01   4.042114E-03   1.133254E-03
   8.887017E+00   4.265407E+01   3.759659E-03   1.130515E-03
   8.893185E+00   4.320071E+01   3.488897E-03   1.127786E-03
   8.899358E+00   4.375411E+01   3.229694E-03   1.125067E-03
   8.905535E+00   4.433461E+01   2.970109E-03   1.122301E-03
   8.911716E+00   4.492492E+01   2.721602E-03   1.119539E-03
   8.917902E+00   4.552283E+01   2.485456E-03   1.116788E-03
   8.924091E+00   4.614494E+01   2.255390E-03   1.114012E-03
   8.930285E+00   4.678387E+01   2.035091E-03   1.111231E-03
   8.936484E+00   4.743135E+01   1.827718E-03   1.108460E-03
   8.942686E+00   4.809978E+01   1.627969E-03   1.105666E-03
   8.948893E+00   4.879364E+01   1.435235E-03   1.102840E-03
   8.955105E+00   4.949716E+01   1.256524E-03   1.100025E-03
   8.961320E+00   5.021724E+01   1.090264E-03   1.097211E-03
   8.967540E+00   5.097287E+01   9.331998E-04   1.094367E-03
   8.973764E+00   5.173950E+01   7.907377E-04   1.091534E-03
   8.979993E+00   5.251727E+01   6.626826E-04   1.088714E-03
   8.986226E+00   5.334615E+01   5.423732E-04   1.085827E-03
   8.992463E+00   5.418772E+01   4.377979E-04   1.082952E-03
   8.998704E+00   5.504213E+01   3.487452E-04   1.080091E-03
   9.004950E+00   5.594406E+01   2.723892E-04   1.077188E-03
   9.011200E+00   5.686946E+01   2.118095E-04   1.074285E-03
   9.017455E+00   5.780969E+01   1.676080E-04   1.071396E-03
   9.023714E+00   5.879589E+01   1.386917E-04   1.068462E-03
   9.029977E+00   5.981993E+01   1.269149E-04   1.065502E-03
   9.036244E+00   6.086124E+01   1.330559E-04   1.062558E-03
   9.042516E+00   6.194582E+01   1.576681E-04   1.059590E-03
   9.048793E+00   6.308819E+01   2.024670E-04   1.056584E-03
   9.055073E+00   6.425097E+01   2.665849E-04   1.053592E-03
   9.061358E+00   6.545045E+01   3.511096E-04   1.050593E-03
   9.067647E+00   6.673054E+01   4.610644E-04   1.047528E-03
   9.073941E+00   6.803490E+01   5.920875E-04   1.044479E-03
   9.080239E+00   6.936748E+01   7.442808E-04   1.041442E-03
   9.086542E+00   7.081635E+01   9.301389E-04   1.038310E-03
   9.092848E+00   7.229455E+01   1.139131E-03   1.035195E-03
   9.099160E+00   7.380269E+01   1.370840E-03   1.032098E-03
   9.105475E+00   7.544046E+01   1.643255E-03   1.028907E-03
   9.111795E+00   7.712906E+01   1.943824E-03   1.025718E-03
   9.118119E+00   7.885436E+01   2.269481E-03   1.022548E-03
   9.124448E+00   8.072024E+01   2.641789E-03   1.019294E-03
   9.130781E+00   8.267367E+01   3.051303E-03   1.016018E-03
   9.137119E+00   8.467304E+01   3.488785E-03   1.012763E-03
   9.143461E+00   8.682114E+01   3.978401E-03   1.009436E-03
   9.149807E+00   8.910913E+01   4.519636E-03   1.006056E-03
   9.156158E+00   9.145578E+01   5.092433E-03   1.002699E-03
   9.162513E+00   9.396076E+01   5.721494E-03   9.992870E-04
   9.168872E+00   9.668691E+01   6.424281E-03   9.957827E-04
   9.175236E+00   9.949013E+01   7.163156E-03   9.923041E-04
   9.181605E+00   1.024572E+02   7.960181E-03   9.887931E-04
   9.187977E+00   1.057697E+02   8.865013E-03   9.851380E-04
   9.194355E+00   1.091867E+02   9.811796E-03   9.815122E-04
   9.200736E+00   1.127662E+02   1.081453E-02   9.778831E-04
   9.207122E+00   1.168945E+02   1.197896E-02   9.740394E-04
   9.213513E+00   1.211705E+02   1.319327E-02   9.702296E-04
   9.219908E+00   1.255995E+02   1.445608E-02   9.664532E-04
   9.226307E+00   1.309077E+02   1.596019E-02   9.623754E-04
   9.232711E+00   1.364467E+02   1.752796E-02   9.583330E-04
   9.239119E+00   1.422154E+02   1.915488E-02   9.543299E-04
   9.245532E+00   1.492194E+02   2.109238E-02   9.499937E-04
   9.251949E+00   1.567291E+02   2.314611E-02   9.456467E-04
   9.258371E+00   1.646100E+02   2.527489E-02   9.413475E-04
   9.264797E+00   1.743650E+02   2.781620E-02   9.366710E-04
   9.271227E+00   1.852259E+02   3.057289E-02   9.319105E-04
   9.277662E+00   1.967529E+02   3.343089E-02   9.272107E-04
   9.284102E+00   2.114005E+02   3.684851E-02   9.220859E-04
   9.290546E+00   2.286148E+02   4.067184E-02   9.167633E-04
   9.296994E+00   2.472132E+02   4.464620E-02   9.115209E-04
   9.303447E+00   2.714895E+02   4.934342E-02   9.058694E-04
   9.309904E+00   3.021886E+02   5.477288E-02   8.998953E-04
   9.316366E+00   3.363270E+02   6.046946E-02   8.940282E-04
   9.322832E+00   3.794119E+02   6.665560E-02   8.881898E-04
   9.329303E+00   4.355139E+02   7.352588E-02   8.823614E-04
   9.335779E+00   4.998776E+02   8.094142E-02   8.766403E-04
   9.342258E+00   5.705487E+02   8.799076E-02   8.716995E-04
   9.348743E+00   6.444814E+02   9.377110E-02   8.680810E-04
   9.355231E+00   7.280049E+02   1.002987E-01   8.645117E-04
   9.361725E+00   8.133159E+02   1.066197E-01   8.614835E-04
   9.368223E+00   8.812381E+02   1.104824E-01   8.598236E-04
   9.374725E+00   9.548205E+02   1.149235E-01   8.581856E-04
   9.381232E+00   1.029317E+03   1.195064E-01   8.567178E-04
   9.387743E+00   1.085883E+03   1.223150E-01   8.558769E-04
   9.394259E+00   1.145517E+03   1.255152E-01   8.550477E-04
   9.400779E+00   1.206228E+03   1.289460E-01   8.542638E-04
   9.407304E+00   1.253597E+03   1.312261E-01   8.537209E-04
   9.413834E+00   1.302782E+03   1.337815E-01   8.531823E-04
   9.420368E+00   1.353167E+03   1.365707E-01   8.526526E-04
   9.426906E+00   1.393709E+03   1.385594E-01   8.522041E-04
   9.433449E+00   1.435428E+03   1.407526E-01   8.517544E-04
   9.439997E+00   1.478360E+03   1.431626E-01   8.513021E-04
   9.446549E+00   1.513751E+03   1.449728E-01   8.508613E-04
   9.453105E+00   1.549962E+03   1.469416E-01   8.504151E-04
   9.459667E+00   1.587018E+03   1.490769E-01   8.499622E-04
   9.466233E+00   1.618791E+03   1.508034E-01   8.494894E-04
   9.472803E+00   1.650855E+03   1.526281E-01   8.490078E-04
   9.479378E+00   1.683546E+03   1.545862E-01   8.485169E-04
   9.485957E+00   1.712347E+03   1.562461E-01   8.479960E-04
   9.492541E+00   1.741161E+03   1.579681E-01   8.474632E-04
   9.499130E+00   1.770462E+03   1.598000E-01   8.469194E-04
   9.505723E+00   1.796831E+03   1.614113E-01   8.463412E-04
   9.512321E+00   1.823071E+03   1.630634E-01   8.457487E-04
   9.518923E+00   1.849707E+03   1.648080E-01   8.451444E-04
   9.525530E+00   1.874045E+03   1.663785E-01   8.445078E-04
   9.532141E+00   1.898187E+03   1.679756E-01   8.438558E-04
   9.538758E+00   1.922658E+03   1.696521E-01   8.431918E-04
   9.545378E+00   1.945273E+03   1.711882E-01   8.424965E-04
   9.552004E+00   1.967661E+03   1.727420E-01   8.417853E-04
   9.558633E+00   1.990330E+03   1.743649E-01   8.410620E-04
   9.565268E+00   2.011481E+03   1.758739E-01   8.403091E-04
   9.571907E+00   2.032407E+03   1.773957E-01   8.395402E-04
   9.578551E+00   2.053576E+03   1.789783E-01   8.387595E-04
   9.585199E+00   2.073448E+03   1.804610E-01   8.379524E-04
   9.591852E+00   2.093103E+03   1.819524E-01   8.371302E-04
   9.598509E+00   2.112972E+03   1.834977E-01   8.362964E-04
   9.605172E+00   2.131736E+03   1.849591E-01   8.354372E-04
   9.611838E+00   2.150311E+03   1.864287E-01   8.345633E-04
   9.618510E+00   2.169076E+03   1.879466E-01   8.336784E-04
   9.625186E+00   2.186849E+03   1.893861E-01   8.327707E-04
   9.631866E+00   2.204452E+03   1.908324E-01   8.318494E-04
   9.638552E+00   2.222226E+03   1.923220E-01   8.309177E-04
   9.645242E+00   2.239108E+03   1.937415E-01   8.299638E-04
   9.651936E+00   2.255850E+03   1.951685E-01   8.289971E-04
   9.658635E+00   2.272746E+03   1.966344E-01   8.280204E-04
   9.665339E+00   2.288816E+03   1.980352E-01   8.270222E-04
   9.672048E+00   2.304774E+03   1.994444E-01   8.260119E-04
   9.678761E+00   2.320873E+03   2.008888E-01   8.249924E-04
   9.685479E+00   2.336201E+03   2.022700E-01   8.239532E-04
   9.692201E+00   2.351449E+03   2.036608E-01   8.229032E-04
   9.698929E+00   2.366825E+03   2.050834E-01   8.218448E-04
   9.705660E+00   2.381436E+03   2.064431E-01   8.207660E-04
   9.712397E+00   2.395993E+03   2.078133E-01   8.196772E-04
   9.719138E+00   2.410666E+03   2.092123E-01   8.185807E-04
   9.725884E+00   2.424610E+03   2.105526E-01   8.174632E-04
   9.732635E+00   2.438536E+03   2.119058E-01   8.163368E-04
   9.739390E+00   2.452567E+03   2.132849E-01   8.152033E-04
   9.746150E+00   2.465851E+03   2.146025E-01   8.140486E-04
   9.752914E+00   2.479145E+03   2.159343E-01   8.128863E-04
   9.759684E+00   2.492536E+03   2.172893E-01   8.117177E-04
   9.766458E+00   2.505157E+03   2.185817E-01   8.105262E-04
   9.773237E+00   2.517821E+03   2.198902E-01   8.093286E-04
   9.780020E+00   2.530569E+03   2.212190E-01   8.081253E-04
   9.786808E+00   2.542528E+03   2.224858E-01   8.068969E-04
   9.793601E+00   2.554563E+03   2.237702E-01   8.056640E-04
   9.800398E+00   2.566626E+03   2.250684E-01   8.044250E-04
   9.807201E+00   2.577952E+03   2.263140E-01   8.031591E-04
   9.814008E+00   2.589347E+03   2.275748E-01   8.018895E-04
   9.820819E+00   2.600701E+03   2.288425E-01   8.006128E-04
   9.827636E+00   2.611324E+03   2.300603E-01   7.993081E-04
   9.834457E+00   2.622005E+03   2.312910E-01   7.980008E-04
   9.841283E+00   2.632577E+03   2.325230E-01   7.966842E-04
   9.848114E+00   2.642469E+03   2.337163E-01   7.953374E-04
   9.854949E+00   2.652412E+03   2.349201E-01   7.939893E-04
   9.861789E+00   2.662146E+03   2.361194E-01   7.926282E-04
   9.868634E+00   2.671196E+03   2.372852E-01   7.912344E-04
   9.875484E+00   2.680284E+03   2.384589E-01   7.898406E-04
   9.882338E+00   2.689049E+03   2.396251E-01   7.884276E-04
   9.889197E+00   2.697143E+03   2.407678E-01   7.869789E-04
   9.896061E+00   2.705263E+03   2.419157E-01   7.855321E-04
   9.902930E+00   2.712906E+03   2.430582E-01   7.840552E-04
   9.909803E+00   2.719888E+03   2.441896E-01   7.825391E-04
   9.916682E+00   2.726880E+03   2.453238E-01   7.810274E-04
   9.923565E+00   2.733208E+03   2.464670E-01   7.794673E-04
   9.930452E+00   2.738902E+03   2.476171E-01   7.778651E-04
   9.937345E+00   2.744586E+03   2.487678E-01   7.762710E-04
   9.944242E+00   2.749325E+03   2.499656E-01   7.745954E-04
   9.951144E+00   2.753445E+03   2.511918E-01   7.728764E-04
   9.958051E+00   2.757522E+03   2.524165E-01   7.711710E-04
   9.964963E+00   2.760407E+03   2.538055E-01   7.693231E-04
   9.971879E+00   2.762754E+03   2.552572E-01   7.674361E-04
   9.978801E+00   2.765007E+03   2.567058E-01   7.655726E-04
   9.985727E+00   2.765925E+03   2.586194E-01   7.634504E-04
   9.992658E+00   2.766396E+03   2.606270E-01   7.613117E-04
   9.999593E+00   2.766677E+03   2.626282E-01   7.592165E-04
   1.000653E+01   2.766489E+03   2.659656E-01   7.566310E-04
   1.001348E+01   2.765854E+03   2.693694E-01   7.541078E-04
   1.002043E+01   2.765167E+03   2.729899E-01   7.516134E-04
   1.002738E+01   2.769061E+03   2.802184E-01   7.483324E-04
   1.003434E+01   2.771735E+03   2.873219E-01   7.453268E-04
   1.004131E+01   2.778871E+03   2.963806E-01   7.423109E-04
   1.004828E+01   2.806542E+03   3.140819E-01   7.389024E-04
   1.005525E+01   2.828542E+03   3.308186E-01   7.366191E-04
   1.006223E+01   2.868221E+03   3.530240E-01   7.358487E-04
   1.006922E+01   2.939529E+03   3.881004E-01   7.383754E-04
   1.007620E+01   2.982852E+03   4.228657E-01   7.432568E-04
   1.008320E+01   3.050819E+03   4.700268E-01   7.463103E-04
   1.009020E+01   3.207040E+03   5.521199E-01   7.410354E-04
   1.009720E+01   3.443697E+03   6.810347E-01   7.275302E-04
   1.010421E+01   3.891651E+03   8.668206E-01   7.017255E-04
   1.011122E+01   4.577117E+03   1.119802E+00   6.637793E-04
   1.011824E+01   5.491921E+03   1.474123E+00   6.138399E-04
   1.012526E+01   6.588621E+03   1.818245E+00   5.602801E-04
   1.013229E+01   7.667770E+03   2.125706E+00   5.128855E-04
   1.013932E+01   8.581900E+03   2.392437E+00   4.730748E-04
   1.014636E+01   8.536750E+03   2.207037E+00   4.718124E-04
   1.015340E+01   8.169580E+03   1.966158E+00   4.790483E-04
   1.016045E+01   7.588529E+03   1.722689E+00   4.939093E-04
   1.016750E+01   6.831435E+03   1.401615E+00   5.353933E-04
   1.017456E+01   6.152092E+03   1.155350E+00   5.765310E-04
   1.018162E+01   5.591647E+03   9.756669E-01   6.150711E-04
   1.018869E+01   5.249396E+03   8.580741E-01   6.416199E-04
   1.019576E+01   4.929727E+03   7.577825E-01   6.665168E-04
   1.020284E+01   4.661369E+03   6.781841E-01   6.873456E-04
   1.020992E+01   4.450945E+03   6.167295E-01   7.030933E-04
   1.021701E+01   4.250848E+03   5.619317E-01   7.177925E-04
   1.022410E+01   4.060650E+03   5.096856E-01   7.307026E-04
   1.023119E+01   3.878610E+03   4.606646E-01   7.418053E-04
   1.023829E+01   3.704544E+03   4.168061E-01   7.517160E-04
   1.024540E+01   3.591683E+03   3.838770E-01   7.543444E-04
   1.025251E+01   3.494479E+03   3.554600E-01   7.546300E-04
   1.025963E+01   3.395642E+03   3.292417E-01   7.546264E-04
   1.026675E+01   3.388085E+03   3.221241E-01   7.487908E-04
   1.027387E+01   3.381335E+03   3.164918E-01   7.431223E-04
   1.028101E+01   3.375938E+03   3.124329E-01   7.377478E-04
   1.028814E+01   3.401386E+03   3.154212E-01   7.317646E-04
   1.029528E+01   3.424512E+03   3.186930E-01   7.261548E-04
   1.030243E+01   3.448319E+03   3.227759E-01   7.208233E-04
   1.030958E+01   3.475979E+03   3.281883E-01   7.156619E-04
   1.031673E+01   3.501776E+03   3.338201E-01   7.108042E-04
   1.032390E+01   3.529561E+03   3.406734E-01   7.057383E-04
   1.033106E+01   3.557840E+03   3.486320E-01   7.006576E-04
   1.033823E+01   3.583102E+03   3.568040E-01   6.959994E-04
   1.034541E+01   3.631097E+03   3.727668E-01   6.896516E-04
   1.035259E+01   3.680525E+03   3.917920E-01   6.835698E-04
   1.035977E+01   3.722306E+03   4.112681E-01   6.784401E-04
   1.036696E+01   3.895945E+03   4.727588E-01   6.676128E-04
   1.037416E+01   4.070765E+03   5.455206E-01   6.575492E-04
   1.038136E+01   4.309071E+03   6.462707E-01   6.447152E-04
   1.038857E+01   4.917382E+03   8.649814E-01   6.135032E-04
   1.039578E+01   5.787630E+03   1.217710E+00   5.678629E-04
   1.040299E+01   7.051788E+03   1.717778E+00   5.059203E-04
   1.041021E+01   8.483360E+03   2.243912E+00   4.426604E-04
   1.041744E+01   9.759589E+03   2.810532E+00   3.834438E-04
   1.042467E+01   9.686968E+03   2.720061E+00   3.684397E-04
   1.043190E+01   8.750719E+03   2.291055E+00   3.796878E-04
   1.043914E+01   7.617136E+03   1.909588E+00   3.978264E-04
   1.044639E+01   6.793088E+03   1.531512E+00   4.516099E-04
   1.045364E+01   6.067498E+03   1.234102E+00   5.081684E-04
   1.046090E+01   5.457245E+03   1.021293E+00   5.600500E-04
   1.046816E+01   5.256638E+03   9.285795E-01   5.821642E-04
   1.047542E+01   5.055413E+03   8.443630E-01   6.027486E-04
   1.048269E+01   4.902074E+03   7.824245E-01   6.175048E-04
   1.048997E+01   4.827187E+03   7.481461E-01   6.241461E-04
   1.049725E+01   4.751261E+03   7.152015E-01   6.304615E-04
   1.050454E+01   4.701608E+03   6.928369E-01   6.340105E-04
   1.051183E+01   4.667800E+03   6.765927E-01   6.359557E-04
   1.051912E+01   4.633487E+03   6.606614E-01   6.378296E-04
   1.052642E+01   4.615670E+03   6.512093E-01   6.381919E-04
   1.053373E+01   4.599928E+03   6.427003E-01   6.383409E-04
   1.054104E+01   4.585395E+03   6.348268E-01   6.383595E-04
   1.054836E+01   4.579332E+03   6.303060E-01   6.376658E-04
   1.055568E+01   4.573176E+03   6.258105E-01   6.369737E-04
   1.056301E+01   4.569355E+03   6.223014E-01   6.360913E-04
   1.057034E+01   4.568975E+03   6.201869E-01   6.349365E-04
   1.057767E+01   4.568564E+03   6.180795E-01   6.337860E-04
   1.058502E+01   4.570549E+03   6.169793E-01   6.324521E-04
   1.059236E+01   4.573653E+03   6.163468E-01   6.310350E-04
   1.059971E+01   4.576754E+03   6.157172E-01   6.296216E-04
   1.060707E+01   4.582332E+03   6.161678E-01   6.280219E-04
   1.061443E+01   4.588018E+03   6.166652E-01   6.264168E-04
   1.062180E+01   4.594134E+03   6.173459E-01   6.247813E-04
   1.062917E+01   4.601559E+03   6.185872E-01   6.230465E-04
   1.063655E+01   4.608997E+03   6.198339E-01   6.213125E-04
   1.064393E+01   4.617180E+03   6.214252E-01   6.195218E-04
   1.065132E+01   4.626017E+03   6.233212E-01   6.176802E-04
   1.065871E+01   4.634862E+03   6.252252E-01   6.158380E-04
   1.066611E+01   4.644608E+03   6.275398E-01   6.139230E-04
   1.067352E+01   4.654544E+03   6.299493E-01   6.119910E-04
   1.068092E+01   4.664609E+03   6.324253E-01   6.100467E-04
   1.068834E+01   4.675553E+03   6.353055E-01   6.080270E-04
   1.069576E+01   4.686493E+03   6.381992E-01   6.060041E-04
   1.070318E+01   4.697647E+03   6.412347E-01   6.039585E-04
   1.071061E+01   4.709082E+03   6.444562E-01   6.018833E-04
   1.071804E+01   4.720501E+03   6.476929E-01   5.998037E-04
   1.072548E+01   4.732541E+03   6.512200E-01   5.976639E-04
   1.073293E+01   4.744785E+03   6.548633E-01   5.954987E-04
   1.074038E+01   4.757028E+03   6.585383E-01   5.933255E-04
   1.074783E+01   4.769743E+03   6.624894E-01   5.910993E-04
   1.075529E+01   4.782420E+03   6.664605E-01   5.888667E-04
   1.076276E+01   4.795339E+03   6.705735E-01   5.866014E-04
   1.077023E+01   4.808693E+03   6.749169E-01   5.842840E-04
   1.077770E+01   4.821995E+03   6.792831E-01   5.819588E-04
   1.078518E+01   4.835550E+03   6.838503E-01   5.795932E-04
   1.079267E+01   4.849175E+03   6.885209E-01   5.772043E-04
   1.080016E+01   4.862739E+03   6.932208E-01   5.748056E-04
   1.080765E+01   4.876747E+03   6.981794E-01   5.723459E-04
   1.081516E+01   4.890669E+03   7.031643E-01   5.698765E-04
   1.082266E+01   4.904778E+03   7.082929E-01   5.673696E-04
   1.083017E+01   4.919289E+03   7.136637E-01   5.648019E-04
   1.083769E+01   4.933694E+03   7.190636E-01   5.622229E-04
   1.084521E+01   4.948395E+03   7.247031E-01   5.595866E-04
   1.085274E+01   4.963149E+03   7.304668E-01   5.569174E-04
   1.086027E+01   4.977797E+03   7.362719E-01   5.542331E-04
   1.086781E+01   4.992968E+03   7.423861E-01   5.514664E-04
   1.087535E+01   5.007989E+03   7.485336E-01   5.486857E-04
   1.088290E+01   5.023088E+03   7.548437E-01   5.458615E-04
   1.089046E+01   5.038391E+03   7.613960E-01   5.429749E-04
   1.089802E+01   5.053507E+03   7.679833E-01   5.400725E-04
   1.090558E+01   5.068964E+03   7.748430E-01   5.370937E-04
   1.091315E+01   5.084400E+03   7.818246E-01   5.340762E-04
   1.092072E+01   5.099704E+03   7.888823E-01   5.310309E-04
   1.092830E+01   5.115608E+03   7.963539E-01   5.278703E-04
   1.093589E+01   5.131259E+03   8.038657E-01   5.246899E-04
   1.094348E+01   5.146968E+03   8.115902E-01   5.214463E-04
   1.095107E+01   5.162766E+03   8.195610E-01   5.181300E-04
   1.095868E+01   5.178261E+03   8.275727E-01   5.147916E-04
   1.096628E+01   5.194145E+03   8.360120E-01   5.113316E-04
   1.097389E+01   5.209826E+03   8.445762E-01   5.078259E-04
   1.098151E+01   5.225381E+03   8.532928E-01   5.042651E-04
   1.098913E+01   5.241515E+03   8.625023E-01   5.005556E-04
   1.099676E+01   5.257228E+03   8.717577E-01   4.968177E-04
   1.100439E+01   5.273110E+03   8.813828E-01   4.929634E-04
   1.101203E+01   5.288959E+03   8.912955E-01   4.890128E-04
   1.101967E+01   5.304306E+03   9.012542E-01   4.850297E-04
   1.102732E+01   5.320118E+03   9.118301E-01   4.808574E-04
   1.103498E+01   5.335393E+03   9.224789E-01   4.766412E-04
   1.104264E+01   5.350480E+03   9.334229E-01   4.723186E-04
   1.105030E+01   5.365695E+03   9.448926E-01   4.678232E-04
   1.105797E+01   5.380206E+03   9.564074E-01   4.632851E-04
   1.106564E+01   5.395206E+03   9.686444E-01   4.585107E-04
   1.107333E+01   5.409828E+03   9.811738E-01   4.536178E-04
   1.108101E+01   5.423756E+03   9.938600E-01   4.486421E-04
   1.108870E+01   5.437798E+03   1.007342E+00   4.433976E-04
   1.109640E+01   5.450835E+03   1.020864E+00   4.380949E-04
   1.110410E+01   5.463880E+03   1.035083E+00   4.325397E-04
   1.111181E+01   5.476674E+03   1.049924E+00   4.267475E-04
   1.111952E+01   5.488231E+03   1.064795E+00   4.208852E-04
   1.112724E+01   5.499817E+03   1.080829E+00   4.146110E-04
   1.113496E+01   5.510015E+03   1.096958E+00   4.082318E-04
   1.114269E+01   5.519402E+03   1.113659E+00   4.015981E-04
   1.115042E+01   5.528412E+03   1.131425E+00   3.945497E-04
   1.115816E+01   5.535569E+03   1.149181E+00   3.874000E-04
   1.116591E+01   5.542391E+03   1.168386E+00   3.796900E-04
   1.117366E+01   5.547464E+03   1.188014E+00   3.717162E-04
   1.118141E+01   5.550566E+03   1.207990E+00   3.634864E-04
   1.118917E+01   5.552696E+03   1.229724E+00   3.545311E-04
   1.119694E+01   5.551917E+03   1.251347E+00   3.454195E-04
   1.120471E+01   5.549400E+03   1.274582E+00   3.355697E-04
   1.121249E+01   5.544129E+03   1.298770E+00   3.251524E-04
   1.122027E+01   5.535131E+03   1.322838E+00   3.144902E-04
   1.122806E+01   5.523678E+03   1.349985E+00   3.024470E-04
   1.123585E+01   5.507353E+03   1.376740E+00   2.901404E-04
   1.124365E+01   5.486524E+03   1.405156E+00   2.767901E-04
   1.125145E+01   5.460153E+03   1.435377E+00   2.622276E-04
   1.125926E+01   5.427217E+03   1.464833E+00   2.473002E-04
   1.126708E+01   5.386988E+03   1.498662E+00   2.299274E-04
   1.127490E+01   5.337957E+03   1.531800E+00   2.118387E-04
   1.128272E+01   5.278609E+03   1.566113E+00   1.920840E-04
   1.129056E+01   5.205407E+03   1.603351E+00   1.695155E-04
   1.129839E+01   5.120064E+03   1.638140E+00   1.461735E-04
   1.130623E+01   5.012258E+03   1.677797E+00   1.179009E-04
   1.131408E+01   4.885274E+03   1.715199E+00   8.738067E-05
   1.132193E+01   4.734480E+03   1.750536E+00   5.349744E-05
   1.132979E+01   4.539664E+03   1.787200E+00   1.141391E-05
   1.133766E+01   4.324549E+03   1.815124E+00  -3.295624E-05
   1.134553E+01   4.036056E+03   1.836361E+00  -9.072626E-05
   1.135340E+01   3.707626E+03   1.844219E+00  -1.575988E-04
   1.136128E+01   3.348513E+03   1.832576E+00  -2.335801E-04
   1.136917E+01   2.885157E+03   1.780795E+00  -3.388525E-04
   1.137706E+01   2.466080E+03   1.720393E+00  -4.564916E-04
   1.138495E+01   2.055305E+03   1.615403E+00  -5.962558E-04
   1.139286E+01   1.702268E+03   1.504811E+00  -7.605393E-04
   1.140076E+01   1.423943E+03   1.409951E+00  -9.435900E-04
   1.140868E+01   1.227405E+03   1.302983E+00  -1.100693E-03
   1.141660E+01   1.062542E+03   1.218381E+00  -1.262523E-03
   1.142452E+01   9.565943E+02   1.145393E+00  -1.319545E-03
   1.143245E+01   8.701975E+02   1.079548E+00  -1.240636E-03
   1.144038E+01   7.764552E+02   1.024283E+00  -1.042024E-03
   1.144833E+01   7.385726E+02   9.736949E-01  -3.847321E-04
   1.145627E+01   6.574321E+02   9.302749E-01   4.541676E-04
   1.146422E+01   6.078190E+02   8.856664E-01   1.660018E-03
   1.147218E+01   5.451846E+02   8.399354E-01   2.826922E-03
   1.148014E+01   4.416329E+02   8.106740E-01   3.818714E-03
   1.148811E+01   4.122196E+02   7.732650E-01   3.832853E-03
   1.149608E+01   3.710192E+02   7.396772E-01   3.720120E-03
   1.150406E+01   3.392866E+02   7.106909E-01   3.514093E-03
   1.151205E+01   3.190915E+02   6.835795E-01   3.271408E-03
   1.152004E+01   2.981157E+02   6.565036E-01   3.038417E-03
   1.152803E+01   2.845312E+02   6.345116E-01   2.856901E-03
   1.153604E+01   2.707921E+02   6.122713E-01   2.685977E-03
   1.154404E+01   2.589274E+02   5.917898E-01   2.539932E-03
   1.155206E+01   2.489163E+02   5.730831E-01   2.415831E-03
   1.156007E+01   2.389488E+02   5.542104E-01   2.298887E-03
   1.156810E+01   2.314638E+02   5.380762E-01   2.205560E-03
   1.157613E+01   2.239861E+02   5.218221E-01   2.116868E-03
   1.158416E+01   2.175375E+02   5.065794E-01   2.038381E-03
   1.159220E+01   2.120197E+02   4.923038E-01   1.968728E-03
   1.160025E+01   2.065425E+02   4.780190E-01   1.902393E-03
   1.160830E+01   2.027152E+02   4.652719E-01   1.845967E-03
   1.161636E+01   1.988456E+02   4.524978E-01   1.791784E-03
   1.162442E+01   1.958453E+02   4.403837E-01   1.742456E-03
   1.163249E+01   1.935365E+02   4.288222E-01   1.697144E-03
   1.164056E+01   1.912853E+02   4.173288E-01   1.653711E-03
   1.164864E+01   1.905698E+02   4.067273E-01   1.614924E-03
   1.165673E+01   1.897824E+02   3.961414E-01   1.577435E-03
   1.166482E+01   1.900481E+02   3.860060E-01   1.542554E-03
   1.167291E+01   1.910165E+02   3.761881E-01   1.509689E-03
   1.168101E+01   1.921954E+02   3.664682E-01   1.478040E-03
   1.168912E+01   1.952434E+02   3.572494E-01   1.448634E-03
   1.169724E+01   1.982770E+02   3.480703E-01   1.420105E-03
   1.170535E+01   2.030375E+02   3.391820E-01   1.392973E-03
   1.171348E+01   2.087776E+02   3.304709E-01   1.366903E-03
   1.172161E+01   2.152569E+02   3.218637E-01   1.341651E-03
   1.172974E+01   2.245737E+02   3.135208E-01   1.317395E-03
   1.173789E+01   2.342241E+02   3.052480E-01   1.293812E-03
   1.174603E+01   2.473317E+02   2.971857E-01   1.270901E-03
   1.175419E+01   2.622560E+02   2.892667E-01   1.248610E-03
   1.176234E+01   2.795009E+02   2.815096E-01   1.226884E-03
   1.177051E+01   3.018033E+02   2.740313E-01   1.205644E-03
   1.177868E+01   3.257769E+02   2.667156E-01   1.184917E-03
   1.178685E+01   3.571289E+02   2.599473E-01   1.164851E-03
   1.179503E+01   3.925493E+02   2.535168E-01   1.145201E-03
   1.180322E+01   4.337757E+02   2.478328E-01   1.126529E-03
   1.181141E+01   4.833576E+02   2.432499E-01   1.108997E-03
   1.181961E+01   5.383777E+02   2.392025E-01   1.091496E-03
   1.182782E+01   6.002505E+02   2.380622E-01   1.078471E-03
   1.183602E+01   6.689726E+02   2.378369E-01   1.065229E-03
   1.184424E+01   7.375124E+02   2.403369E-01   1.056340E-03
   1.185246E+01   8.047977E+02   2.454031E-01   1.051332E-03
   1.186069E+01   8.747755E+02   2.517140E-01   1.046507E-03
   1.186892E+01   9.165553E+02   2.612719E-01   1.053032E-03
   1.187716E+01   9.595967E+02   2.713758E-01   1.059142E-03
   1.188540E+01   9.741706E+02   2.818223E-01   1.073073E-03
   1.189365E+01   9.727408E+02   2.922748E-01   1.091818E-03
   1.190191E+01   9.614349E+02   3.019228E-01   1.112718E-03
   1.191017E+01   9.200806E+02   3.088936E-01   1.139529E-03
   1.191843E+01   8.799616E+02   3.159960E-01   1.167416E-03
   1.192671E+01   8.203287E+02   3.185770E-01   1.193810E-03
   1.193498E+01   7.597568E+02   3.207109E-01   1.219861E-03
   1.194327E+01   6.986112E+02   3.210576E-01   1.241824E-03
   1.195156E+01   6.354829E+02   3.185960E-01   1.256589E-03
   1.195985E+01   5.776307E+02   3.170025E-01   1.270584E-03
   1.196815E+01   5.234525E+02   3.119566E-01   1.272696E-03
   1.197646E+01   4.740233E+02   3.075709E-01   1.273735E-03
   1.198477E+01   4.306617E+02   3.025350E-01   1.270114E-03
   1.199309E+01   3.921824E+02   2.970546E-01   1.263051E-03
   1.200142E+01   3.576038E+02   2.918404E-01   1.255117E-03
   1.200975E+01   3.286741E+02   2.862838E-01   1.244565E-03
   1.201808E+01   3.019989E+02   2.809716E-01   1.233905E-03
   1.202642E+01   2.796274E+02   2.757574E-01   1.222585E-03
   1.203477E+01   2.594739E+02   2.706649E-01   1.211112E-03
   1.204312E+01   2.415662E+02   2.657545E-01   1.199741E-03
   1.205148E+01   2.261714E+02   2.610313E-01   1.188535E-03
   1.205985E+01   2.117282E+02   2.563975E-01   1.177428E-03
   1.206822E+01   1.997563E+02   2.520528E-01   1.166864E-03
   1.207659E+01   1.884687E+02   2.477759E-01   1.156418E-03
   1.208498E+01   1.785235E+02   2.436967E-01   1.146404E-03
   1.209336E+01   1.695584E+02   2.397620E-01   1.136716E-03
   1.210176E+01   1.612233E+02   2.359175E-01   1.127239E-03
   1.211016E+01   1.539827E+02   2.322798E-01   1.118257E-03
   1.211856E+01   1.470569E+02   2.286799E-01   1.109373E-03
   1.212697E+01   1.409998E+02   2.252779E-01   1.100975E-03
   1.213539E+01   1.352964E+02   2.219411E-01   1.092746E-03
   1.214381E+01   1.300598E+02   2.187109E-01   1.084786E-03
   1.215224E+01   1.253031E+02   2.156002E-01   1.077126E-03
   1.216068E+01   1.207486E+02   2.125284E-01   1.069573E-03
   1.216912E+01   1.167327E+02   2.096164E-01   1.062415E-03
   1.217756E+01   1.128455E+02   2.067286E-01   1.055328E-03
   1.218602E+01   1.093177E+02   2.039588E-01   1.048535E-03
   1.219447E+01   1.059883E+02   2.012491E-01   1.041896E-03
   1.220294E+01   1.028503E+02   1.985997E-01   1.035411E-03
   1.221141E+01   9.997345E+01   1.960433E-01   1.029157E-03
   1.221988E+01   9.717368E+01   1.935068E-01   1.022958E-03
   1.222837E+01   9.466255E+01   1.910854E-01   1.017040E-03
   1.223685E+01   9.221633E+01   1.886838E-01   1.011176E-03
   1.224535E+01   8.994546E+01   1.863526E-01   1.005484E-03
   1.225385E+01   8.779403E+01   1.840696E-01   9.999113E-04
   1.226235E+01   8.573369E+01   1.818248E-01   9.944343E-04
   1.227086E+01   8.382702E+01   1.796519E-01   9.891301E-04
   1.227938E+01   8.196065E+01   1.774950E-01   9.838682E-04
   1.228790E+01   8.025079E+01   1.754188E-01   9.787977E-04
   1.229643E+01   7.858376E+01   1.733627E-01   9.737779E-04
   1.230497E+01   7.701214E+01   1.713584E-01   9.688812E-04
   1.231351E+01   7.551443E+01   1.693948E-01   9.640816E-04
   1.232205E+01   7.406680E+01   1.674590E-01   9.593485E-04
   1.233061E+01   7.271548E+01   1.655798E-01   9.547476E-04
   1.233916E+01   7.138738E+01   1.637140E-01   9.501795E-04
   1.234773E+01   7.015436E+01   1.619060E-01   9.457452E-04
   1.235630E+01   6.894903E+01   1.601157E-01   9.413525E-04
   1.236487E+01   6.780341E+01   1.583621E-01   9.370447E-04
   1.237346E+01   6.670572E+01   1.566391E-01   9.328072E-04
   1.238205E+01   6.563978E+01   1.549366E-01   9.286171E-04
   1.239064E+01   6.463740E+01   1.532728E-01   9.245149E-04
   1.239924E+01   6.364929E+01   1.516207E-01   9.204396E-04
   1.240785E+01   6.272364E+01   1.500196E-01   9.164797E-04
   1.241646E+01   6.181513E+01   1.484335E-01   9.125535E-04
   1.242508E+01   6.094757E+01   1.468798E-01   9.087000E-04
   1.243370E+01   6.011108E+01   1.453516E-01   9.049036E-04
   1.244233E+01   5.929699E+01   1.438419E-01   9.011480E-04
   1.245097E+01   5.852451E+01   1.423638E-01   8.974625E-04
   1.245961E+01   5.776132E+01   1.408959E-01   8.937991E-04
   1.246826E+01   5.704426E+01   1.394661E-01   8.902200E-04
   1.247691E+01   5.633711E+01   1.380474E-01   8.866648E-04
   1.248557E+01   5.566097E+01   1.366576E-01   8.831728E-04
   1.249424E+01   5.500485E+01   1.352878E-01   8.797243E-04
   1.250291E+01   5.436697E+01   1.339324E-01   8.763065E-04
   1.251159E+01   5.375774E+01   1.325962E-01   8.729300E-04
   1.252027E+01   5.315559E+01   1.312701E-01   8.695744E-04
   1.252896E+01   5.258647E+01   1.299821E-01   8.663022E-04
   1.253766E+01   5.202287E+01   1.287029E-01   8.630478E-04
   1.254636E+01   5.148458E+01   1.274491E-01   8.598482E-04
   1.255507E+01   5.095856E+01   1.262100E-01   8.566793E-04
   1.256378E+01   5.044859E+01   1.249829E-01   8.535353E-04
   1.257250E+01   4.995769E+01   1.237688E-01   8.504182E-04
   1.258123E+01   4.947415E+01   1.225673E-01   8.473271E-04
   1.258996E+01   4.901346E+01   1.214001E-01   8.443101E-04
   1.259870E+01   4.855661E+01   1.202407E-01   8.413084E-04
   1.260744E+01   4.812200E+01   1.190967E-01   8.383386E-04
   1.261619E+01   4.769403E+01   1.179616E-01   8.353866E-04
   1.262495E+01   4.728068E+01   1.168434E-01   8.324698E-04
   1.263371E+01   4.687908E+01   1.157397E-01   8.295829E-04
   1.264248E+01   4.648570E+01   1.146481E-01   8.267206E-04
   1.265126E+01   4.610837E+01   1.135755E-01   8.238982E-04
   1.266004E+01   4.573377E+01   1.125101E-01   8.210895E-04
   1.266882E+01   4.537845E+01   1.114683E-01   8.183307E-04
   1.267762E+01   4.502552E+01   1.104334E-01   8.155849E-04
   1.268642E+01   4.468725E+01   1.094123E-01   8.128674E-04
   1.269522E+01   4.435570E+01   1.084006E-01   8.101683E-04
   1.270403E+01   4.403304E+01   1.074000E-01   8.074916E-04
   1.271285E+01   4.372036E+01   1.064113E-01   8.048387E-04
   1.272168E+01   4.341236E+01   1.054323E-01   8.022051E-04
   1.273051E+01   4.311803E+01   1.044734E-01   7.996134E-04
   1.273934E+01   4.282539E+01   1.035207E-01   7.970334E-04
   1.274818E+01   4.254722E+01   1.025771E-01   7.944708E-04
   1.275703E+01   4.227159E+01   1.016398E-01   7.919203E-04
   1.276589E+01   4.200567E+01   1.007200E-01   7.894058E-04
   1.277475E+01   4.174528E+01   9.981186E-02   7.869148E-04
   1.278361E+01   4.149104E+01   9.891377E-02   7.844437E-04
   1.279249E+01   4.124506E+01   9.802750E-02   7.819964E-04
   1.280137E+01   4.100223E+01   9.714755E-02   7.795609E-04
   1.281025E+01   4.077138E+01   9.627610E-02   7.771417E-04
   1.281914E+01   4.054156E+01   9.541039E-02   7.747330E-04
   1.282804E+01   4.032316E+01   9.455948E-02   7.723547E-04
   1.283694E+01   4.010678E+01   9.371512E-02   7.699886E-04
   1.284585E+01   3.989832E+01   9.287852E-02   7.676373E-04
   1.285477E+01   3.969433E+01   9.204858E-02   7.652986E-04
   1.286369E+01   3.949451E+01   9.123109E-02   7.629851E-04
   1.287262E+01   3.930025E+01   9.042880E-02   7.607029E-04
   1.288155E+01   3.910891E+01   8.963121E-02   7.584290E-04
   1.289050E+01   3.892872E+01   8.883627E-02   7.561586E-04
   1.289944E+01   3.874912E+01   8.804657E-02   7.538976E-04
   1.290840E+01   3.857726E+01   8.727157E-02   7.516670E-04
   1.291736E+01   3.840640E+01   8.650230E-02   7.494468E-04
   1.292632E+01   3.824293E+01   8.574527E-02   7.472515E-04
   1.293529E+01   3.808279E+01   8.499619E-02   7.450717E-04
   1.294427E+01   3.792718E+01   8.425377E-02   7.429045E-04
   1.295326E+01   3.777645E+01   8.351814E-02   7.407502E-04
   1.296225E+01   3.762859E+01   8.278664E-02   7.386028E-04
   1.297124E+01   3.748849E+01   8.205787E-02   7.364593E-04
   1.298025E+01   3.734888E+01   8.133435E-02   7.343254E-04
   1.298926E+01   3.721569E+01   8.063175E-02   7.322358E-04
   1.299827E+01   3.708279E+01   7.993372E-02   7.301543E-04
   1.300729E+01   3.695718E+01   7.923818E-02   7.280762E-04
   1.301632E+01   3.683347E+01   7.854670E-02   7.260051E-04
   1.302536E+01   3.671468E+01   7.786204E-02   7.239469E-04
   1.303440E+01   3.659932E+01   7.718341E-02   7.219002E-04
   1.304344E+01   3.648724E+01   7.651072E-02   7.198646E-04
   1.305250E+01   3.638039E+01   7.584482E-02   7.178421E-04
   1.306156E+01   3.627478E+01   7.518504E-02   7.158312E-04
   1.307062E+01   3.617473E+01   7.453799E-02   7.138467E-04
   1.307969E+01   3.607477E+01   7.389516E-02   7.118696E-04
   1.308877E+01   3.598159E+01   7.325433E-02   7.098949E-04
   1.309786E+01   3.588871E+01   7.261763E-02   7.079275E-04
   1.310695E+01   3.580193E+01   7.198812E-02   7.059741E-04
   1.311604E+01   3.571704E+01   7.136366E-02   7.040300E-04
   1.312515E+01   3.563575E+01   7.074554E-02   7.020982E-04
   1.313426E+01   3.555720E+01   7.013319E-02   7.001774E-04
   1.314337E+01   3.548105E+01   6.952634E-02   6.982669E-04
   1.315250E+01   3.540894E+01   6.892596E-02   6.963691E-04
   1.316163E+01   3.533800E+01   6.833024E-02   6.944798E-04
   1.317076E+01   3.527244E+01   6.774171E-02   6.926047E-04
   1.317990E+01   3.520685E+01   6.715704E-02   6.907364E-04
   1.318905E+01   3.514790E+01   6.657422E-02   6.888704E-04
   1.319821E+01   3.508897E+01   6.599524E-02   6.870110E-04
   1.320737E+01   3.503474E+01   6.542327E-02   6.851656E-04
   1.321653E+01   3.498161E+01   6.485586E-02   6.833287E-04
   1.322571E+01   3.493217E+01   6.429468E-02   6.815039E-04
   1.323489E+01   3.488492E+01   6.373871E-02   6.796891E-04
   1.324407E+01   3.484073E+01   6.318558E-02   6.778788E-04
   1.325326E+01   3.480039E+01   6.263506E-02   6.760726E-04
   1.326246E+01   3.476112E+01   6.209084E-02   6.742788E-04
   1.327167E+01   3.472497E+01   6.155740E-02   6.725078E-04
   1.328088E+01   3.468942E+01   6.102675E-02   6.707413E-04
   1.329010E+01   3.466033E+01   6.049277E-02   6.689652E-04
   1.329932E+01   3.463111E+01   5.996235E-02   6.671955E-04
   1.330855E+01   3.460601E+01   5.944448E-02   6.654527E-04
   1.331779E+01   3.458113E+01   5.893074E-02   6.637176E-04
   1.332703E+01   3.456106E+01   5.841477E-02   6.619754E-04
   1.333628E+01   3.454241E+01   5.790049E-02   6.602353E-04
   1.334554E+01   3.452645E+01   5.739542E-02   6.585146E-04
   1.335480E+01   3.451225E+01   5.689756E-02   6.568087E-04
   1.336407E+01   3.450041E+01   5.640231E-02   6.551070E-04
   1.337335E+01   3.449163E+01   5.590944E-02   6.534091E-04
   1.338263E+01   3.448461E+01   5.541942E-02   6.517159E-04
   1.339192E+01   3.448224E+01   5.493152E-02   6.500258E-04
   1.340121E+01   3.448037E+01   5.444743E-02   6.483428E-04
   1.341052E+01   3.448260E+01   5.397001E-02   6.466735E-04
   1.341982E+01   3.448469E+01   5.349581E-02   6.450099E-04
   1.342914E+01   3.449145E+01   5.302327E-02   6.433484E-04
   1.343846E+01   3.449817E+01   5.255390E-02   6.416925E-04
   1.344779E+01   3.450890E+01   5.209097E-02   6.400499E-04
   1.345712E+01   3.452031E+01   5.163181E-02   6.384144E-04
   1.346646E+01   3.453634E+01   5.117472E-02   6.367820E-04
   1.347581E+01   3.455436E+01   5.072028E-02   6.351540E-04
   1.348516E+01   3.457449E+01   5.026810E-02   6.335296E-04
   1.349452E+01   3.459632E+01   4.981835E-02   6.319092E-04
   1.350389E+01   3.462011E+01   4.937327E-02   6.302980E-04
   1.351326E+01   3.464676E+01   4.893349E-02   6.286976E-04
   1.352264E+01   3.467498E+01   4.849632E-02   6.271016E-04
   1.353203E+01   3.470741E+01   4.806111E-02   6.255086E-04
   1.354142E+01   3.474035E+01   4.762947E-02   6.239223E-04
   1.355082E+01   3.477672E+01   4.720405E-02   6.223490E-04
   1.356022E+01   3.481314E+01   4.678151E-02   6.207809E-04
   1.356963E+01   3.485537E+01   4.636054E-02   6.192149E-04
   1.357905E+01   3.489752E+01   4.594248E-02   6.176541E-04
   1.358848E+01   3.494417E+01   4.552607E-02   6.160955E-04
   1.359791E+01   3.499127E+01   4.511242E-02   6.145418E-04
   1.360735E+01   3.504227E+01   4.470060E-02   6.129908E-04
   1.361679E+01   3.509435E+01   4.429135E-02   6.114442E-04
   1.362624E+01   3.514913E+01   4.388743E-02   6.099088E-04
   1.363570E+01   3.520529E+01   4.348760E-02   6.083816E-04
   1.364516E+01   3.526471E+01   4.308709E-02   6.068510E-04
   1.365464E+01   3.532685E+01   4.268654E-02   6.053186E-04
   1.366411E+01   3.539120E+01   4.229042E-02   6.037952E-04
   1.367360E+01   3.545847E+01   4.189918E-02   6.022819E-04
   1.368309E+01   3.552708E+01   4.151190E-02   6.007767E-04
   1.369258E+01   3.559852E+01   4.112984E-02   5.992824E-04
   1.370209E+01   3.567129E+01   4.074911E-02   5.977897E-04
   1.371160E+01   3.574882E+01   4.036629E-02   5.962902E-04
   1.372112E+01   3.582698E+01   3.998663E-02   5.947968E-04
   1.373064E+01   3.590972E+01   3.961288E-02   5.933162E-04
   1.374017E+01   3.599259E+01   3.924178E-02   5.918404E-04
   1.374971E+01   3.607955E+01   3.887214E-02   5.903665E-04
   1.375925E+01   3.616658E+01   3.850515E-02   5.888975E-04
   1.376880E+01   3.625929E+01   3.813969E-02   5.874306E-04
   1.377836E+01   3.635258E+01   3.777678E-02   5.859683E-04
   1.378792E+01   3.645017E+01   3.741550E-02   5.845084E-04
   1.379749E+01   3.654875E+01   3.705665E-02   5.830528E-04
   1.380707E+01   3.665119E+01   3.669953E-02   5.815998E-04
   1.381665E+01   3.675510E+01   3.634472E-02   5.801509E-04
   1.382624E+01   3.686309E+01   3.599174E-02   5.787049E-04
   1.383584E+01   3.697337E+01   3.564095E-02   5.772626E-04
   1.384544E+01   3.708611E+01   3.529471E-02   5.758301E-04
   1.385505E+01   3.720080E+01   3.495252E-02   5.744061E-04
   1.386467E+01   3.731908E+01   3.461007E-02   5.729797E-04
   1.387429E+01   3.744118E+01   3.426723E-02   5.715507E-04
   1.388392E+01   3.756514E+01   3.392834E-02   5.701299E-04
   1.389356E+01   3.769171E+01   3.359399E-02   5.687189E-04
   1.390320E+01   3.782052E+01   3.326026E-02   5.673078E-04
   1.391285E+01   3.795357E+01   3.292530E-02   5.658919E-04
   1.392251E+01   3.808847E+01   3.259374E-02   5.644829E-04
   1.393217E+01   3.822808E+01   3.226717E-02   5.630849E-04
   1.394184E+01   3.836916E+01   3.194201E-02   5.616888E-04
   1.395152E+01   3.851533E+01   3.161486E-02   5.602859E-04
   1.396120E+01   3.866249E+01   3.129063E-02   5.588887E-04
   1.397089E+01   3.881426E+01   3.097176E-02   5.575036E-04
   1.398059E+01   3.896682E+01   3.065527E-02   5.561229E-04
   1.399029E+01   3.912524E+01   3.034021E-02   5.547442E-04
   1.400000E+01   3.928414E+01   3.002758E-02   5.533701E-04
