#============================================================================
# Opacities computed by OpTool        <a^n>=  1.6617E-1  2.1501E-1  4.0285E-1
# Method:   DHS  fmax=  0.700
# Parameters:
#   amin [um]=      0.100 amax [um]=     20.000  na  =   35    apow=   3.5    
#   lmin [um]=      0.100 lmax [um]=    100.000  nlam= 1500    nang=   180
#   porosity =      0.000 p_mantle =      0.000  fmax= 0.70    chop=   0.0
# Composition:
#  Where   mfrac  rho   Material
#  -----   -----  ----  -----------------------------------------------------
#  core    1.000  4.39  fay
#  - - -   - - -  -  -  - - - - - - - - - - - - - - - - - - - - - - - - - - -
#  grain   1.000  4.39  mixture of  1 materials
#----------------------------------------------------------------------------
# Command: optool fay -a 0.1 20 -l 0.1 100 1500 -dhs 0.7
#============================================================================
# Standard output file, no scattering matrix
#    iformat
#    nlambda
#    lambda[um]  kabs [cm^2/g]  ksca [cm^2/g]    g_asymmetry
#============================================================================
           3
        1500
   1.000000E-01   7.238216E+00   4.253666E+03   7.973071E-01
   1.004619E-01   7.347097E+00   4.248491E+03   7.980707E-01
   1.009259E-01   6.904973E+00   4.238208E+03   7.992032E-01
   1.013921E-01   7.197290E+00   4.255148E+03   7.962925E-01
   1.018604E-01   7.118761E+00   4.255021E+03   7.955044E-01
   1.023309E-01   7.941450E+00   4.251321E+03   7.954285E-01
   1.028035E-01   6.894659E+00   4.243430E+03   7.961985E-01
   1.032784E-01   6.745480E+00   4.254685E+03   7.950674E-01
   1.037554E-01   6.825965E+00   4.262669E+03   7.948845E-01
   1.042346E-01   6.978396E+00   4.266251E+03   7.961629E-01
   1.047161E-01   7.921505E+00   4.279059E+03   7.951490E-01
   1.051997E-01   6.720703E+00   4.282882E+03   7.959159E-01
   1.056856E-01   6.580238E+00   4.299449E+03   7.937154E-01
   1.061738E-01   6.792889E+00   4.306732E+03   7.933488E-01
   1.066642E-01   6.806374E+00   4.316903E+03   7.925384E-01
   1.071569E-01   6.947358E+00   4.304012E+03   7.949378E-01
   1.076518E-01   6.908808E+00   4.301158E+03   7.953435E-01
   1.081490E-01   6.745390E+00   4.298385E+03   7.961348E-01
   1.086486E-01   6.736637E+00   4.313530E+03   7.937020E-01
   1.091504E-01   6.605730E+00   4.317153E+03   7.935524E-01
   1.096546E-01   6.438303E+00   4.317302E+03   7.941220E-01
   1.101610E-01   6.448560E+00   4.327352E+03   7.923071E-01
   1.106699E-01   6.992908E+00   4.340597E+03   7.900649E-01
   1.111810E-01   6.342891E+00   4.329542E+03   7.926763E-01
   1.116946E-01   6.661500E+00   4.344410E+03   7.905868E-01
   1.122105E-01   6.416228E+00   4.358751E+03   7.877057E-01
   1.127287E-01   6.510376E+00   4.343147E+03   7.906519E-01
   1.132494E-01   6.412117E+00   4.345664E+03   7.912637E-01
   1.137725E-01   6.324264E+00   4.358879E+03   7.893873E-01
   1.142980E-01   6.339308E+00   4.359647E+03   7.899064E-01
   1.148259E-01   6.416359E+00   4.372308E+03   7.906548E-01
   1.153563E-01   6.162770E+00   4.382729E+03   7.915338E-01
   1.158891E-01   6.202079E+00   4.396404E+03   7.902587E-01
   1.164244E-01   6.643748E+00   4.410731E+03   7.883272E-01
   1.169622E-01   6.189005E+00   4.404274E+03   7.898917E-01
   1.175024E-01   6.155917E+00   4.392515E+03   7.919963E-01
   1.180451E-01   6.051183E+00   4.389381E+03   7.924769E-01
   1.185904E-01   6.210469E+00   4.414784E+03   7.884632E-01
   1.191381E-01   6.054069E+00   4.408724E+03   7.886049E-01
   1.196884E-01   6.103511E+00   4.410040E+03   7.881788E-01
   1.202412E-01   6.489764E+00   4.410318E+03   7.880477E-01
   1.207966E-01   5.925278E+00   4.422648E+03   7.871257E-01
   1.213545E-01   6.079991E+00   4.429952E+03   7.875624E-01
   1.219151E-01   5.914880E+00   4.437093E+03   7.880973E-01
   1.224782E-01   6.227803E+00   4.449250E+03   7.878015E-01
   1.230439E-01   6.232724E+00   4.459516E+03   7.875703E-01
   1.236122E-01   5.995931E+00   4.475962E+03   7.857452E-01
   1.241832E-01   6.007476E+00   4.482579E+03   7.861095E-01
   1.247567E-01   6.017859E+00   4.489652E+03   7.858504E-01
   1.253330E-01   5.949088E+00   4.483977E+03   7.872020E-01
   1.259119E-01   5.749042E+00   4.485651E+03   7.871456E-01
   1.264935E-01   5.853051E+00   4.486714E+03   7.876013E-01
   1.270777E-01   6.137097E+00   4.504877E+03   7.846657E-01
   1.276647E-01   5.723429E+00   4.501315E+03   7.856853E-01
   1.282543E-01   5.747378E+00   4.507958E+03   7.851057E-01
   1.288467E-01   5.536937E+00   4.511466E+03   7.844548E-01
   1.294419E-01   5.636593E+00   4.521571E+03   7.827158E-01
   1.300397E-01   5.530227E+00   4.516739E+03   7.840463E-01
   1.306404E-01   5.710098E+00   4.529462E+03   7.821553E-01
   1.312438E-01   5.797465E+00   4.539976E+03   7.800165E-01
   1.318500E-01   5.721628E+00   4.529512E+03   7.821101E-01
   1.324590E-01   5.436445E+00   4.533943E+03   7.824352E-01
   1.330708E-01   5.831538E+00   4.546309E+03   7.806769E-01
   1.336854E-01   5.779587E+00   4.551384E+03   7.811138E-01
   1.343029E-01   5.468953E+00   4.559909E+03   7.825132E-01
   1.349232E-01   5.917728E+00   4.581350E+03   7.814006E-01
   1.355464E-01   5.574014E+00   4.596470E+03   7.802699E-01
   1.361725E-01   5.345163E+00   4.600260E+03   7.806002E-01
   1.368015E-01   5.489663E+00   4.601728E+03   7.810503E-01
   1.374333E-01   5.308555E+00   4.593994E+03   7.824910E-01
   1.380681E-01   5.216152E+00   4.598156E+03   7.823585E-01
   1.387058E-01   5.350553E+00   4.622645E+03   7.787152E-01
   1.393465E-01   5.901659E+00   4.620953E+03   7.785655E-01
   1.399901E-01   5.435594E+00   4.626494E+03   7.777659E-01
   1.406367E-01   5.656285E+00   4.619625E+03   7.790852E-01
   1.412863E-01   5.241720E+00   4.640174E+03   7.768720E-01
   1.419389E-01   5.177761E+00   4.641833E+03   7.782818E-01
   1.425945E-01   5.118832E+00   4.652171E+03   7.778830E-01
   1.432531E-01   5.202791E+00   4.662519E+03   7.778605E-01
   1.439148E-01   5.160607E+00   4.672999E+03   7.773968E-01
   1.445795E-01   5.661523E+00   4.685190E+03   7.760519E-01
   1.452473E-01   5.059212E+00   4.694294E+03   7.760028E-01
   1.459182E-01   5.353772E+00   4.697438E+03   7.759810E-01
   1.465922E-01   5.466366E+00   4.694694E+03   7.766786E-01
   1.472692E-01   5.305716E+00   4.701529E+03   7.758099E-01
   1.479495E-01   5.059080E+00   4.699229E+03   7.767152E-01
   1.486328E-01   5.124010E+00   4.713679E+03   7.744755E-01
   1.493193E-01   5.040079E+00   4.713743E+03   7.748067E-01
   1.500090E-01   5.792899E+00   4.727120E+03   7.731424E-01
   1.507019E-01   5.032593E+00   4.727002E+03   7.731792E-01
   1.513980E-01   4.956609E+00   4.731052E+03   7.725934E-01
   1.520973E-01   5.167851E+00   4.732591E+03   7.728010E-01
   1.527998E-01   5.219297E+00   4.746508E+03   7.707895E-01
   1.535056E-01   4.864428E+00   4.747439E+03   7.702891E-01
   1.542146E-01   5.022778E+00   4.746567E+03   7.709248E-01
   1.549269E-01   5.080802E+00   4.756030E+03   7.706214E-01
   1.556425E-01   4.868995E+00   4.762064E+03   7.698944E-01
   1.563614E-01   5.116103E+00   4.771586E+03   7.699519E-01
   1.570836E-01   5.030954E+00   4.776639E+03   7.717011E-01
   1.578091E-01   4.791382E+00   4.793768E+03   7.710176E-01
   1.585380E-01   4.817836E+00   4.814357E+03   7.689688E-01
   1.592703E-01   4.801032E+00   4.813970E+03   7.698071E-01
   1.600059E-01   4.701075E+00   4.817663E+03   7.698415E-01
   1.607450E-01   5.008154E+00   4.807528E+03   7.713529E-01
   1.614874E-01   4.646461E+00   4.815963E+03   7.704740E-01
   1.622333E-01   4.700307E+00   4.834773E+03   7.677603E-01
   1.629827E-01   4.882658E+00   4.835459E+03   7.673144E-01
   1.637355E-01   5.131525E+00   4.842590E+03   7.660859E-01
   1.644917E-01   4.473154E+00   4.832740E+03   7.679087E-01
   1.652515E-01   4.704956E+00   4.854812E+03   7.655374E-01
   1.660148E-01   5.347137E+00   4.854691E+03   7.669209E-01
   1.667816E-01   4.681936E+00   4.865836E+03   7.663066E-01
   1.675519E-01   4.511536E+00   4.872829E+03   7.666452E-01
   1.683258E-01   4.508330E+00   4.884618E+03   7.658441E-01
   1.691033E-01   4.484819E+00   4.891273E+03   7.652964E-01
   1.698844E-01   4.487912E+00   4.904050E+03   7.644558E-01
   1.706690E-01   4.482303E+00   4.898426E+03   7.657562E-01
   1.714573E-01   4.968961E+00   4.901596E+03   7.652331E-01
   1.722493E-01   4.689369E+00   4.906294E+03   7.647233E-01
   1.730449E-01   4.411849E+00   4.907468E+03   7.648253E-01
   1.738442E-01   4.431501E+00   4.919656E+03   7.630696E-01
   1.746471E-01   4.824660E+00   4.923732E+03   7.625328E-01
   1.754538E-01   4.479986E+00   4.930694E+03   7.615958E-01
   1.762642E-01   4.416442E+00   4.935291E+03   7.606665E-01
   1.770783E-01   4.305704E+00   4.935205E+03   7.606385E-01
   1.778962E-01   4.307178E+00   4.936847E+03   7.604474E-01
   1.787179E-01   4.348715E+00   4.950626E+03   7.581623E-01
   1.795434E-01   4.334615E+00   4.947011E+03   7.581855E-01
   1.803727E-01   4.434078E+00   4.945944E+03   7.584617E-01
   1.812058E-01   4.360276E+00   4.957031E+03   7.577818E-01
   1.820428E-01   4.717263E+00   4.960606E+03   7.569093E-01
   1.828836E-01   4.468861E+00   4.969113E+03   7.571193E-01
   1.837283E-01   4.210221E+00   4.969364E+03   7.592429E-01
   1.845769E-01   4.174954E+00   4.985636E+03   7.580228E-01
   1.854295E-01   4.163481E+00   5.003524E+03   7.560085E-01
   1.862860E-01   4.226821E+00   4.999140E+03   7.571413E-01
   1.871464E-01   4.333910E+00   5.005478E+03   7.565229E-01
   1.880108E-01   4.278751E+00   4.993259E+03   7.580546E-01
   1.888792E-01   4.242903E+00   5.003047E+03   7.568776E-01
   1.897516E-01   4.229147E+00   5.012456E+03   7.552310E-01
   1.906280E-01   4.042522E+00   5.010654E+03   7.551049E-01
   1.915085E-01   4.263989E+00   5.017096E+03   7.537323E-01
   1.923931E-01   4.015723E+00   5.012991E+03   7.546945E-01
   1.932817E-01   4.331437E+00   5.028866E+03   7.530573E-01
   1.941745E-01   3.941654E+00   5.024485E+03   7.549076E-01
   1.950713E-01   4.207829E+00   5.042035E+03   7.531311E-01
   1.959723E-01   4.118623E+00   5.045386E+03   7.537016E-01
   1.968775E-01   4.168218E+00   5.051534E+03   7.532748E-01
   1.977869E-01   4.073740E+00   5.056891E+03   7.529920E-01
   1.987004E-01   4.067745E+00   5.066979E+03   7.520209E-01
   1.996182E-01   3.963521E+00   5.057449E+03   7.536457E-01
   2.005402E-01   3.998018E+00   5.058423E+03   7.531878E-01
   2.014665E-01   3.778373E+00   5.055650E+03   7.536974E-01
   2.023970E-01   4.036404E+00   5.063935E+03   7.523934E-01
   2.033319E-01   4.129496E+00   5.074840E+03   7.505799E-01
   2.042710E-01   3.845355E+00   5.067676E+03   7.515268E-01
   2.052145E-01   3.976646E+00   5.077885E+03   7.499007E-01
   2.061624E-01   4.032532E+00   5.082521E+03   7.487198E-01
   2.071146E-01   3.777195E+00   5.079590E+03   7.490678E-01
   2.080713E-01   3.922587E+00   5.082608E+03   7.483075E-01
   2.090323E-01   3.983538E+00   5.096177E+03   7.460593E-01
   2.099978E-01   3.712964E+00   5.084220E+03   7.470769E-01
   2.109678E-01   4.128949E+00   5.081818E+03   7.474206E-01
   2.119422E-01   3.740259E+00   5.094578E+03   7.459992E-01
   2.129212E-01   3.863009E+00   5.095360E+03   7.456761E-01
   2.139046E-01   3.781693E+00   5.100466E+03   7.463092E-01
   2.148926E-01   3.936064E+00   5.108618E+03   7.466859E-01
   2.158852E-01   4.015812E+00   5.120896E+03   7.456776E-01
   2.168823E-01   3.706594E+00   5.133625E+03   7.439667E-01
   2.178841E-01   3.826307E+00   5.129009E+03   7.447624E-01
   2.188905E-01   3.649162E+00   5.126526E+03   7.448588E-01
   2.199015E-01   3.663246E+00   5.121519E+03   7.450713E-01
   2.209172E-01   3.619345E+00   5.131000E+03   7.435087E-01
   2.219376E-01   3.782672E+00   5.136059E+03   7.420848E-01
   2.229627E-01   3.702670E+00   5.132240E+03   7.417578E-01
   2.239925E-01   3.680066E+00   5.128123E+03   7.415581E-01
   2.250271E-01   3.612374E+00   5.133134E+03   7.408428E-01
   2.260665E-01   3.614800E+00   5.138273E+03   7.403107E-01
   2.271106E-01   3.550102E+00   5.134184E+03   7.414627E-01
   2.281596E-01   3.766116E+00   5.142367E+03   7.404569E-01
   2.292135E-01   3.589958E+00   5.143060E+03   7.407516E-01
   2.302722E-01   3.509634E+00   5.149002E+03   7.397400E-01
   2.313358E-01   3.489042E+00   5.150868E+03   7.394408E-01
   2.324043E-01   3.611110E+00   5.153994E+03   7.388281E-01
   2.334777E-01   3.498453E+00   5.142114E+03   7.400735E-01
   2.345562E-01   3.424729E+00   5.137585E+03   7.398271E-01
   2.356395E-01   3.357689E+00   5.132707E+03   7.399285E-01
   2.367279E-01   3.731744E+00   5.140526E+03   7.381980E-01
   2.378213E-01   3.481580E+00   5.139731E+03   7.374637E-01
   2.389198E-01   3.482293E+00   5.133364E+03   7.378412E-01
   2.400234E-01   3.457281E+00   5.139218E+03   7.360650E-01
   2.411320E-01   3.631770E+00   5.143690E+03   7.344427E-01
   2.422458E-01   3.291121E+00   5.131474E+03   7.354411E-01
   2.433647E-01   3.425183E+00   5.132868E+03   7.346053E-01
   2.444887E-01   3.534291E+00   5.139088E+03   7.326771E-01
   2.456180E-01   3.321490E+00   5.125500E+03   7.335833E-01
   2.467525E-01   3.398322E+00   5.121549E+03   7.338849E-01
   2.478922E-01   3.298006E+00   5.128750E+03   7.323881E-01
   2.490372E-01   3.872193E+00   5.128228E+03   7.321533E-01
   2.501874E-01   3.366673E+00   5.130686E+03   7.326575E-01
   2.513430E-01   3.293888E+00   5.137511E+03   7.327870E-01
   2.525040E-01   4.308591E+00   5.147868E+03   7.314236E-01
   2.536702E-01   3.524608E+00   5.152504E+03   7.305191E-01
   2.548419E-01   3.259192E+00   5.149830E+03   7.306019E-01
   2.560190E-01   3.369415E+00   5.141492E+03   7.311600E-01
   2.572015E-01   3.359782E+00   5.139062E+03   7.308755E-01
   2.583895E-01   3.401062E+00   5.151039E+03   7.287267E-01
   2.595830E-01   3.495263E+00   5.149841E+03   7.279136E-01
   2.607819E-01   3.214180E+00   5.145049E+03   7.276371E-01
   2.619865E-01   3.314243E+00   5.140886E+03   7.273804E-01
   2.631965E-01   3.119358E+00   5.145650E+03   7.266692E-01
   2.644122E-01   3.070915E+00   5.146806E+03   7.266842E-01
   2.656335E-01   3.215567E+00   5.149676E+03   7.266879E-01
   2.668604E-01   3.539984E+00   5.151108E+03   7.265446E-01
   2.680930E-01   3.116973E+00   5.151411E+03   7.266384E-01
   2.693313E-01   3.245260E+00   5.161086E+03   7.250545E-01
   2.705753E-01   3.029034E+00   5.159132E+03   7.253390E-01
   2.718251E-01   3.194023E+00   5.160590E+03   7.247865E-01
   2.730806E-01   3.104935E+00   5.150790E+03   7.256948E-01
   2.743419E-01   3.120100E+00   5.146143E+03   7.253430E-01
   2.756091E-01   3.003687E+00   5.142192E+03   7.253914E-01
   2.768821E-01   3.091462E+00   5.148665E+03   7.236651E-01
   2.781610E-01   3.007080E+00   5.143887E+03   7.235970E-01
   2.794458E-01   3.194445E+00   5.141414E+03   7.232343E-01
   2.807365E-01   3.185802E+00   5.140412E+03   7.222433E-01
   2.820332E-01   3.127097E+00   5.142333E+03   7.209169E-01
   2.833359E-01   2.846448E+00   5.129615E+03   7.217861E-01
   2.846445E-01   3.481955E+00   5.134187E+03   7.202958E-01
   2.859593E-01   3.347915E+00   5.136459E+03   7.185445E-01
   2.872801E-01   2.964325E+00   5.120113E+03   7.197244E-01
   2.886070E-01   2.920814E+00   5.115154E+03   7.198571E-01
   2.899400E-01   3.072243E+00   5.117537E+03   7.185484E-01
   2.912792E-01   3.047286E+00   5.113096E+03   7.187943E-01
   2.926246E-01   2.879470E+00   5.111924E+03   7.192254E-01
   2.939762E-01   2.962285E+00   5.117175E+03   7.188604E-01
   2.953341E-01   2.834439E+00   5.121452E+03   7.179153E-01
   2.966982E-01   2.981710E+00   5.120934E+03   7.171572E-01
   2.980686E-01   2.841129E+00   5.111719E+03   7.174857E-01
   2.994453E-01   2.790582E+00   5.101036E+03   7.179648E-01
   3.008284E-01   2.833502E+00   5.094857E+03   7.175843E-01
   3.022179E-01   2.816765E+00   5.103415E+03   7.152925E-01
   3.036138E-01   2.842628E+00   5.094167E+03   7.152010E-01
   3.050162E-01   2.869788E+00   5.089209E+03   7.143286E-01
   3.064250E-01   2.868244E+00   5.077001E+03   7.148807E-01
   3.078404E-01   2.798082E+00   5.083291E+03   7.134218E-01
   3.092622E-01   2.787381E+00   5.077682E+03   7.137771E-01
   3.106907E-01   2.728222E+00   5.076227E+03   7.135958E-01
   3.121257E-01   2.818009E+00   5.074831E+03   7.133753E-01
   3.135674E-01   2.777731E+00   5.073244E+03   7.132421E-01
   3.150157E-01   2.678097E+00   5.072970E+03   7.124000E-01
   3.164707E-01   2.698786E+00   5.070793E+03   7.121708E-01
   3.179325E-01   2.848004E+00   5.065650E+03   7.119549E-01
   3.194010E-01   2.664793E+00   5.054992E+03   7.124315E-01
   3.208762E-01   2.711593E+00   5.048987E+03   7.119282E-01
   3.223583E-01   2.759787E+00   5.041303E+03   7.120282E-01
   3.238473E-01   2.801360E+00   5.043996E+03   7.103672E-01
   3.253431E-01   2.772890E+00   5.036096E+03   7.103120E-01
   3.268458E-01   2.728011E+00   5.033553E+03   7.095955E-01
   3.283555E-01   2.622521E+00   5.026658E+03   7.091321E-01
   3.298721E-01   2.571403E+00   5.022655E+03   7.083154E-01
   3.313957E-01   2.668595E+00   5.012883E+03   7.083508E-01
   3.329264E-01   2.542360E+00   5.013787E+03   7.070124E-01
   3.344641E-01   2.737512E+00   5.009184E+03   7.058653E-01
   3.360090E-01   2.604201E+00   4.996636E+03   7.064271E-01
   3.375610E-01   2.660196E+00   4.992681E+03   7.060683E-01
   3.391201E-01   2.617018E+00   4.991184E+03   7.051363E-01
   3.406865E-01   2.595276E+00   4.987873E+03   7.051139E-01
   3.422601E-01   2.516266E+00   4.982873E+03   7.057494E-01
   3.438409E-01   2.527747E+00   4.988203E+03   7.050516E-01
   3.454291E-01   2.528490E+00   4.991749E+03   7.038894E-01
   3.470246E-01   3.063726E+00   4.985754E+03   7.038341E-01
   3.486274E-01   2.556213E+00   4.979420E+03   7.036860E-01
   3.502377E-01   2.463700E+00   4.964662E+03   7.043883E-01
   3.518554E-01   2.390834E+00   4.959320E+03   7.037950E-01
   3.534806E-01   2.891745E+00   4.966365E+03   7.015731E-01
   3.551133E-01   2.492643E+00   4.957014E+03   7.015023E-01
   3.567535E-01   2.525490E+00   4.952414E+03   7.005052E-01
   3.584013E-01   2.450758E+00   4.939438E+03   7.013335E-01
   3.600567E-01   2.567230E+00   4.944685E+03   6.998147E-01
   3.617198E-01   2.407775E+00   4.936163E+03   7.006157E-01
   3.633905E-01   2.465908E+00   4.935252E+03   7.002926E-01
   3.650690E-01   2.444075E+00   4.932094E+03   7.003164E-01
   3.667552E-01   2.556739E+00   4.932604E+03   6.996729E-01
   3.684492E-01   2.724977E+00   4.930077E+03   6.992793E-01
   3.701510E-01   2.402471E+00   4.927462E+03   6.990310E-01
   3.718607E-01   2.478250E+00   4.916167E+03   6.994603E-01
   3.735783E-01   2.338335E+00   4.907747E+03   6.996443E-01
   3.753038E-01   2.454077E+00   4.903987E+03   6.989063E-01
   3.770372E-01   2.416305E+00   4.895307E+03   6.991939E-01
   3.787787E-01   2.456922E+00   4.893597E+03   6.979993E-01
   3.805283E-01   2.685924E+00   4.886045E+03   6.979521E-01
   3.822859E-01   2.391386E+00   4.882899E+03   6.972678E-01
   3.840516E-01   2.353241E+00   4.875421E+03   6.969433E-01
   3.858255E-01   2.335129E+00   4.867743E+03   6.966909E-01
   3.876076E-01   2.331294E+00   4.857740E+03   6.967312E-01
   3.893979E-01   2.361494E+00   4.857461E+03   6.954271E-01
   3.911965E-01   2.272617E+00   4.846075E+03   6.953101E-01
   3.930034E-01   2.324140E+00   4.836621E+03   6.955033E-01
   3.948186E-01   2.299108E+00   4.832784E+03   6.951031E-01
   3.966422E-01   2.299900E+00   4.827252E+03   6.947482E-01
   3.984743E-01   2.288660E+00   4.823674E+03   6.947609E-01
   4.003148E-01   2.209298E+00   4.814113E+03   6.960623E-01
   4.021638E-01   2.200849E+00   4.814968E+03   6.956221E-01
   4.040213E-01   2.255173E+00   4.817605E+03   6.942858E-01
   4.058874E-01   2.333073E+00   4.807483E+03   6.947915E-01
   4.077622E-01   2.292019E+00   4.798884E+03   6.948302E-01
   4.096456E-01   2.248694E+00   4.783769E+03   6.955956E-01
   4.115377E-01   2.190646E+00   4.777818E+03   6.949447E-01
   4.134385E-01   2.173754E+00   4.776098E+03   6.937336E-01
   4.153481E-01   2.128496E+00   4.765447E+03   6.936049E-01
   4.172666E-01   2.307640E+00   4.761002E+03   6.925592E-01
   4.191939E-01   2.142688E+00   4.746481E+03   6.937017E-01
   4.211301E-01   2.204412E+00   4.747247E+03   6.925604E-01
   4.230752E-01   2.158729E+00   4.734038E+03   6.938084E-01
   4.250294E-01   2.185475E+00   4.735074E+03   6.930475E-01
   4.269925E-01   2.238758E+00   4.726508E+03   6.934975E-01
   4.289648E-01   2.166034E+00   4.723364E+03   6.931570E-01
   4.309461E-01   2.054313E+00   4.716728E+03   6.932770E-01
   4.329366E-01   2.190962E+00   4.713139E+03   6.927024E-01
   4.349363E-01   2.349893E+00   4.697740E+03   6.936066E-01
   4.369452E-01   2.132698E+00   4.686771E+03   6.937670E-01
   4.389634E-01   2.280361E+00   4.676491E+03   6.939269E-01
   4.409909E-01   2.035490E+00   4.668962E+03   6.937808E-01
   4.430278E-01   2.114696E+00   4.665105E+03   6.926582E-01
   4.450741E-01   2.117069E+00   4.652527E+03   6.930810E-01
   4.471298E-01   2.146836E+00   4.647183E+03   6.924469E-01
   4.491950E-01   2.091804E+00   4.640184E+03   6.918478E-01
   4.512698E-01   1.988344E+00   4.627228E+03   6.920646E-01
   4.533542E-01   2.188574E+00   4.617756E+03   6.919362E-01
   4.554482E-01   2.147551E+00   4.617130E+03   6.904335E-01
   4.575518E-01   1.976703E+00   4.599569E+03   6.911045E-01
   4.596652E-01   2.097658E+00   4.586440E+03   6.915247E-01
   4.617883E-01   2.070122E+00   4.582918E+03   6.908319E-01
   4.639213E-01   2.137720E+00   4.573816E+03   6.907989E-01
   4.660641E-01   1.970780E+00   4.566118E+03   6.913743E-01
   4.682168E-01   1.881698E+00   4.557516E+03   6.923355E-01
   4.703794E-01   1.989146E+00   4.556020E+03   6.917885E-01
   4.725520E-01   2.039678E+00   4.556518E+03   6.903310E-01
   4.747347E-01   2.100194E+00   4.540903E+03   6.914179E-01
   4.769274E-01   2.022379E+00   4.532655E+03   6.912928E-01
   4.791303E-01   1.945260E+00   4.517453E+03   6.919990E-01
   4.813433E-01   1.966563E+00   4.511489E+03   6.912262E-01
   4.835666E-01   1.893658E+00   4.503694E+03   6.904308E-01
   4.858001E-01   2.019395E+00   4.491811E+03   6.900962E-01
   4.880440E-01   2.092949E+00   4.482505E+03   6.898694E-01
   4.902982E-01   1.875706E+00   4.474877E+03   6.899442E-01
   4.925628E-01   1.960607E+00   4.470031E+03   6.894075E-01
   4.948379E-01   1.933738E+00   4.456996E+03   6.904331E-01
   4.971235E-01   1.995016E+00   4.455114E+03   6.897816E-01
   4.994197E-01   1.890755E+00   4.445679E+03   6.902857E-01
   5.017264E-01   1.841515E+00   4.440941E+03   6.900191E-01
   5.040438E-01   1.928133E+00   4.433583E+03   6.899555E-01
   5.063720E-01   1.891240E+00   4.426193E+03   6.896316E-01
   5.087108E-01   1.845829E+00   4.409109E+03   6.907384E-01
   5.110605E-01   1.790073E+00   4.399527E+03   6.906344E-01
   5.134210E-01   1.862117E+00   4.387454E+03   6.909934E-01
   5.157925E-01   1.846919E+00   4.382456E+03   6.901903E-01
   5.181748E-01   1.883580E+00   4.375856E+03   6.894384E-01
   5.205682E-01   1.749347E+00   4.360976E+03   6.900312E-01
   5.229727E-01   1.903218E+00   4.356750E+03   6.889350E-01
   5.253882E-01   1.930551E+00   4.351370E+03   6.880523E-01
   5.278149E-01   1.719440E+00   4.335206E+03   6.887248E-01
   5.302528E-01   1.823024E+00   4.326096E+03   6.884637E-01
   5.327020E-01   1.834871E+00   4.322053E+03   6.872021E-01
   5.351625E-01   1.706139E+00   4.304352E+03   6.880140E-01
   5.376343E-01   1.823244E+00   4.291738E+03   6.882783E-01
   5.401176E-01   1.779242E+00   4.287489E+03   6.875091E-01
   5.426123E-01   1.796485E+00   4.278468E+03   6.875183E-01
   5.451186E-01   1.756239E+00   4.269371E+03   6.882607E-01
   5.476364E-01   1.748530E+00   4.263179E+03   6.886330E-01
   5.501659E-01   1.688724E+00   4.259647E+03   6.882003E-01
   5.527070E-01   1.798668E+00   4.255946E+03   6.872192E-01
   5.552599E-01   1.743151E+00   4.243873E+03   6.878549E-01
   5.578246E-01   1.710951E+00   4.230499E+03   6.884417E-01
   5.604011E-01   1.717413E+00   4.218502E+03   6.884383E-01
   5.629895E-01   1.848828E+00   4.215770E+03   6.870235E-01
   5.655899E-01   1.813647E+00   4.204739E+03   6.866050E-01
   5.682023E-01   1.710411E+00   4.192079E+03   6.864918E-01
   5.708268E-01   1.771308E+00   4.181285E+03   6.866337E-01
   5.734634E-01   1.667906E+00   4.175576E+03   6.862056E-01
   5.761121E-01   1.694716E+00   4.167556E+03   6.861576E-01
   5.787731E-01   1.752119E+00   4.158613E+03   6.866803E-01
   5.814464E-01   1.763190E+00   4.151135E+03   6.868141E-01
   5.841320E-01   1.621302E+00   4.142394E+03   6.871220E-01
   5.868300E-01   1.645252E+00   4.139727E+03   6.863031E-01
   5.895405E-01   1.631627E+00   4.131224E+03   6.862753E-01
   5.922636E-01   1.899979E+00   4.123631E+03   6.858438E-01
   5.949991E-01   1.658496E+00   4.106600E+03   6.870340E-01
   5.977474E-01   1.642725E+00   4.095819E+03   6.871424E-01
   6.005083E-01   1.628882E+00   4.085302E+03   6.873021E-01
   6.032820E-01   1.717657E+00   4.081874E+03   6.861807E-01
   6.060685E-01   1.655669E+00   4.070874E+03   6.861493E-01
   6.088678E-01   1.536537E+00   4.059416E+03   6.862170E-01
   6.116801E-01   1.629986E+00   4.052987E+03   6.854177E-01
   6.145054E-01   1.742901E+00   4.047793E+03   6.844010E-01
   6.173437E-01   1.558950E+00   4.030219E+03   6.853058E-01
   6.201951E-01   1.712956E+00   4.024874E+03   6.844454E-01
   6.230597E-01   1.653158E+00   4.019898E+03   6.833187E-01
   6.259376E-01   1.714816E+00   4.002313E+03   6.843495E-01
   6.288287E-01   1.673555E+00   3.990826E+03   6.844815E-01
   6.317332E-01   1.514666E+00   3.984441E+03   6.839744E-01
   6.346511E-01   1.528022E+00   3.974455E+03   6.843092E-01
   6.375825E-01   1.555334E+00   3.967317E+03   6.845731E-01
   6.405274E-01   1.531975E+00   3.961314E+03   6.847865E-01
   6.434859E-01   1.498350E+00   3.957311E+03   6.843333E-01
   6.464581E-01   1.703288E+00   3.953367E+03   6.834219E-01
   6.494440E-01   1.490751E+00   3.941087E+03   6.841831E-01
   6.524437E-01   1.498212E+00   3.926867E+03   6.849662E-01
   6.554572E-01   1.467736E+00   3.915215E+03   6.849471E-01
   6.584847E-01   1.511503E+00   3.914386E+03   6.831496E-01
   6.615262E-01   1.561417E+00   3.900674E+03   6.831505E-01
   6.645817E-01   1.457069E+00   3.890348E+03   6.827849E-01
   6.676513E-01   1.800656E+00   3.880421E+03   6.828947E-01
   6.707351E-01   1.433768E+00   3.874871E+03   6.824565E-01
   6.738331E-01   1.472934E+00   3.865642E+03   6.827735E-01
   6.769455E-01   1.478121E+00   3.857387E+03   6.830671E-01
   6.800722E-01   1.582006E+00   3.851092E+03   6.829959E-01
   6.832134E-01   1.549095E+00   3.843065E+03   6.833283E-01
   6.863691E-01   1.453906E+00   3.838951E+03   6.825940E-01
   6.895393E-01   1.464436E+00   3.829018E+03   6.828312E-01
   6.927242E-01   1.444156E+00   3.819178E+03   6.828482E-01
   6.959238E-01   1.452057E+00   3.806324E+03   6.834603E-01
   6.991382E-01   1.430541E+00   3.796076E+03   6.833891E-01
   7.023674E-01   1.381505E+00   3.785391E+03   6.836091E-01
   7.056116E-01   1.511791E+00   3.782843E+03   6.824050E-01
   7.088707E-01   1.412462E+00   3.770195E+03   6.828580E-01
   7.121449E-01   1.409274E+00   3.761813E+03   6.825502E-01
   7.154342E-01   1.364795E+00   3.752244E+03   6.822760E-01
   7.187387E-01   1.375955E+00   3.744234E+03   6.815023E-01
   7.220585E-01   1.334032E+00   3.729946E+03   6.818908E-01
   7.253936E-01   1.448735E+00   3.724777E+03   6.810639E-01
   7.287441E-01   1.420120E+00   3.718739E+03   6.802532E-01
   7.321101E-01   1.358946E+00   3.703806E+03   6.811563E-01
   7.354916E-01   1.313866E+00   3.694077E+03   6.812957E-01
   7.388887E-01   1.424605E+00   3.688330E+03   6.805878E-01
   7.423016E-01   1.504529E+00   3.679709E+03   6.806568E-01
   7.457302E-01   1.419846E+00   3.670158E+03   6.813850E-01
   7.491746E-01   1.536963E+00   3.667448E+03   6.810149E-01
   7.526350E-01   1.429429E+00   3.664072E+03   6.804857E-01
   7.561113E-01   1.330715E+00   3.654160E+03   6.807137E-01
   7.596037E-01   1.347364E+00   3.644822E+03   6.809746E-01
   7.631122E-01   1.318028E+00   3.631035E+03   6.816805E-01
   7.666369E-01   1.318436E+00   3.620822E+03   6.814921E-01
   7.701779E-01   1.308768E+00   3.618470E+03   6.797534E-01
   7.737353E-01   1.375495E+00   3.605710E+03   6.797283E-01
   7.773091E-01   1.428971E+00   3.597653E+03   6.792156E-01
   7.808994E-01   1.367444E+00   3.585131E+03   6.800738E-01
   7.845062E-01   1.341975E+00   3.582546E+03   6.790944E-01
   7.881298E-01   1.308420E+00   3.571222E+03   6.799092E-01
   7.917700E-01   1.230463E+00   3.564613E+03   6.799198E-01
   7.954271E-01   1.272295E+00   3.557912E+03   6.801350E-01
   7.991011E-01   1.259008E+00   3.552542E+03   6.800686E-01
   8.027921E-01   1.268977E+00   3.546284E+03   6.797738E-01
   8.065001E-01   1.222346E+00   3.538131E+03   6.796606E-01
   8.102252E-01   1.294242E+00   3.526398E+03   6.799594E-01
   8.139675E-01   1.513720E+00   3.515763E+03   6.802287E-01
   8.177271E-01   1.447725E+00   3.508996E+03   6.797508E-01
   8.215041E-01   1.464450E+00   3.496864E+03   6.804601E-01
   8.252985E-01   1.298576E+00   3.492229E+03   6.795487E-01
   8.291105E-01   1.238913E+00   3.481239E+03   6.797670E-01
   8.329400E-01   1.303037E+00   3.474599E+03   6.791439E-01
   8.367873E-01   1.395615E+00   3.465032E+03   6.789471E-01
   8.406523E-01   1.447960E+00   3.455385E+03   6.786359E-01
   8.445352E-01   1.354326E+00   3.443529E+03   6.787388E-01
   8.484360E-01   1.229215E+00   3.439003E+03   6.778246E-01
   8.523548E-01   1.188586E+00   3.429196E+03   6.777726E-01
   8.562917E-01   1.193026E+00   3.418273E+03   6.781287E-01
   8.602468E-01   1.322315E+00   3.411705E+03   6.779093E-01
   8.642202E-01   1.207061E+00   3.403199E+03   6.776508E-01
   8.682119E-01   1.477629E+00   3.395808E+03   6.776919E-01
   8.722221E-01   1.149232E+00   3.385461E+03   6.788070E-01
   8.762508E-01   1.139352E+00   3.382140E+03   6.785016E-01
   8.802981E-01   1.304686E+00   3.380492E+03   6.775166E-01
   8.843641E-01   1.190421E+00   3.369941E+03   6.780496E-01
   8.884488E-01   1.160324E+00   3.360920E+03   6.782299E-01
   8.925525E-01   1.118080E+00   3.346648E+03   6.791598E-01
   8.966751E-01   1.116893E+00   3.339397E+03   6.786029E-01
   9.008167E-01   1.138394E+00   3.335721E+03   6.771422E-01
   9.049775E-01   1.258913E+00   3.325118E+03   6.768955E-01
   9.091574E-01   1.237227E+00   3.318066E+03   6.762625E-01
   9.133567E-01   1.067237E+00   3.304717E+03   6.774372E-01
   9.175754E-01   1.178861E+00   3.303042E+03   6.762429E-01
   9.218136E-01   1.139329E+00   3.291466E+03   6.773725E-01
   9.260713E-01   1.135405E+00   3.287336E+03   6.769706E-01
   9.303487E-01   1.088200E+00   3.279814E+03   6.774421E-01
   9.346459E-01   1.094793E+00   3.275320E+03   6.772465E-01
   9.389629E-01   1.102609E+00   3.267878E+03   6.772248E-01
   9.432999E-01   1.140527E+00   3.261461E+03   6.767909E-01
   9.476568E-01   1.123756E+00   3.247636E+03   6.777175E-01
   9.520339E-01   1.126741E+00   3.238647E+03   6.777927E-01
   9.564313E-01   1.194431E+00   3.230618E+03   6.776294E-01
   9.608489E-01   1.068690E+00   3.221560E+03   6.778251E-01
   9.652870E-01   1.085222E+00   3.216570E+03   6.770601E-01
   9.697455E-01   1.182274E+00   3.207628E+03   6.769899E-01
   9.742246E-01   1.069658E+00   3.199956E+03   6.766349E-01
   9.787245E-01   1.170964E+00   3.192658E+03   6.761355E-01
   9.832451E-01   1.097404E+00   3.181883E+03   6.762512E-01
   9.877866E-01   1.104442E+00   3.172302E+03   6.762049E-01
   9.923490E-01   1.106120E+00   3.168953E+03   6.751143E-01
   9.969326E-01   1.049701E+00   3.157831E+03   6.753866E-01
   1.001537E+00   1.200540E+00   3.147864E+03   6.755543E-01
   1.006163E+00   1.060467E+00   3.141698E+03   6.753765E-01
   1.010811E+00   1.097967E+00   3.133408E+03   6.751752E-01
   1.015479E+00   1.138396E+00   3.126129E+03   6.753677E-01
   1.020170E+00   9.815770E-01   3.116041E+03   6.766783E-01
   1.024882E+00   1.012139E+00   3.113687E+03   6.761591E-01
   1.029616E+00   1.036219E+00   3.111918E+03   6.750309E-01
   1.034371E+00   1.036704E+00   3.100339E+03   6.759296E-01
   1.039149E+00   1.137935E+00   3.094392E+03   6.755089E-01
   1.043949E+00   1.097377E+00   3.079892E+03   6.765906E-01
   1.048770E+00   1.173287E+00   3.074464E+03   6.758274E-01
   1.053615E+00   1.001795E+00   3.068428E+03   6.750333E-01
   1.058481E+00   9.763285E-01   3.058558E+03   6.749335E-01
   1.063370E+00   1.098875E+00   3.051935E+03   6.743753E-01
   1.068282E+00   9.685449E-01   3.042537E+03   6.749300E-01
   1.073216E+00   1.041937E+00   3.039057E+03   6.741212E-01
   1.078173E+00   9.662279E-01   3.027956E+03   6.753728E-01
   1.083153E+00   1.089124E+00   3.026159E+03   6.744866E-01
   1.088156E+00   1.102710E+00   3.019049E+03   6.749697E-01
   1.093182E+00   9.946934E-01   3.013027E+03   6.750268E-01
   1.098231E+00   1.006444E+00   3.005885E+03   6.750004E-01
   1.103304E+00   9.989460E-01   2.999835E+03   6.745099E-01
   1.108400E+00   9.993875E-01   2.986124E+03   6.756276E-01
   1.113519E+00   1.015098E+00   2.978105E+03   6.755208E-01
   1.118663E+00   9.145010E-01   2.968315E+03   6.760473E-01
   1.123830E+00   9.659348E-01   2.963667E+03   6.754529E-01
   1.129020E+00   1.021191E+00   2.959322E+03   6.745348E-01
   1.134235E+00   9.140282E-01   2.946827E+03   6.752587E-01
   1.139474E+00   1.027571E+00   2.942049E+03   6.743326E-01
   1.144737E+00   9.635746E-01   2.935640E+03   6.737483E-01
   1.150025E+00   9.303753E-01   2.925098E+03   6.741063E-01
   1.155336E+00   9.861987E-01   2.918472E+03   6.738358E-01
   1.160673E+00   1.017728E+00   2.915676E+03   6.726295E-01
   1.166034E+00   8.749645E-01   2.902459E+03   6.736259E-01
   1.171420E+00   9.294131E-01   2.891780E+03   6.740947E-01
   1.176830E+00   8.955364E-01   2.888403E+03   6.733097E-01
   1.182266E+00   1.016973E+00   2.880264E+03   6.732810E-01
   1.187727E+00   8.973084E-01   2.871880E+03   6.739145E-01
   1.193213E+00   9.450854E-01   2.865734E+03   6.744825E-01
   1.198724E+00   9.018478E-01   2.862404E+03   6.740271E-01
   1.204261E+00   9.187424E-01   2.858832E+03   6.730456E-01
   1.209823E+00   9.227996E-01   2.848747E+03   6.737898E-01
   1.215411E+00   8.837185E-01   2.839446E+03   6.741810E-01
   1.221025E+00   8.821507E-01   2.829735E+03   6.743967E-01
   1.226665E+00   9.089136E-01   2.826218E+03   6.734566E-01
   1.232330E+00   9.836976E-01   2.820518E+03   6.726564E-01
   1.238022E+00   8.966593E-01   2.810655E+03   6.727702E-01
   1.243741E+00   9.080946E-01   2.801951E+03   6.729146E-01
   1.249485E+00   8.643646E-01   2.796852E+03   6.726256E-01
   1.255257E+00   8.951431E-01   2.791436E+03   6.724786E-01
   1.261054E+00   9.911155E-01   2.782879E+03   6.734653E-01
   1.266879E+00   9.153461E-01   2.778493E+03   6.732294E-01
   1.272731E+00   8.468489E-01   2.772073E+03   6.736750E-01
   1.278609E+00   8.147242E-01   2.768178E+03   6.731910E-01
   1.284515E+00   9.075337E-01   2.761334E+03   6.730425E-01
   1.290448E+00   9.006541E-01   2.754551E+03   6.726970E-01
   1.296408E+00   8.504198E-01   2.741852E+03   6.737915E-01
   1.302396E+00   8.088210E-01   2.733307E+03   6.738723E-01
   1.308412E+00   8.297996E-01   2.724955E+03   6.741509E-01
   1.314455E+00   9.248821E-01   2.722065E+03   6.731050E-01
   1.320527E+00   9.120662E-01   2.714971E+03   6.728727E-01
   1.326626E+00   7.984912E-01   2.705156E+03   6.732542E-01
   1.332754E+00   8.531183E-01   2.701075E+03   6.722340E-01
   1.338909E+00   9.381681E-01   2.696801E+03   6.713203E-01
   1.345094E+00   7.789306E-01   2.684810E+03   6.723658E-01
   1.351306E+00   9.151913E-01   2.680024E+03   6.720193E-01
   1.357548E+00   8.789627E-01   2.676850E+03   6.709617E-01
   1.363818E+00   8.228314E-01   2.664833E+03   6.719435E-01
   1.370118E+00   8.734598E-01   2.655723E+03   6.723281E-01
   1.376446E+00   8.067623E-01   2.651507E+03   6.716545E-01
   1.382804E+00   8.169278E-01   2.643407E+03   6.718061E-01
   1.389191E+00   8.696057E-01   2.636295E+03   6.721883E-01
   1.395607E+00   8.028690E-01   2.630928E+03   6.724847E-01
   1.402053E+00   8.663484E-01   2.626978E+03   6.719831E-01
   1.408529E+00   8.584005E-01   2.621639E+03   6.713785E-01
   1.415035E+00   7.875949E-01   2.613763E+03   6.716218E-01
   1.421571E+00   8.020788E-01   2.603465E+03   6.724404E-01
   1.428137E+00   8.199668E-01   2.595664E+03   6.724940E-01
   1.434733E+00   8.096318E-01   2.594882E+03   6.711949E-01
   1.441360E+00   8.498842E-01   2.588093E+03   6.709787E-01
   1.448018E+00   8.165123E-01   2.580521E+03   6.709774E-01
   1.454706E+00   8.441670E-01   2.572775E+03   6.711818E-01
   1.461425E+00   7.900810E-01   2.568020E+03   6.708807E-01
   1.468175E+00   7.568208E-01   2.561150E+03   6.711494E-01
   1.474956E+00   7.650765E-01   2.555038E+03   6.715532E-01
   1.481769E+00   8.135880E-01   2.548948E+03   6.717853E-01
   1.488613E+00   7.468043E-01   2.542625E+03   6.721015E-01
   1.495489E+00   7.781529E-01   2.539499E+03   6.711333E-01
   1.502396E+00   7.344940E-01   2.530986E+03   6.714137E-01
   1.509336E+00   8.468667E-01   2.524295E+03   6.710820E-01
   1.516307E+00   7.459593E-01   2.513712E+03   6.719877E-01
   1.523311E+00   7.533855E-01   2.506553E+03   6.720607E-01
   1.530347E+00   7.620290E-01   2.499451E+03   6.723489E-01
   1.537415E+00   7.487295E-01   2.497189E+03   6.712853E-01
   1.544516E+00   7.187307E-01   2.488772E+03   6.716183E-01
   1.551650E+00   7.437854E-01   2.481911E+03   6.714966E-01
   1.558817E+00   7.173399E-01   2.476133E+03   6.710103E-01
   1.566017E+00   8.280356E-01   2.471816E+03   6.701796E-01
   1.573250E+00   6.764177E-01   2.461329E+03   6.710850E-01
   1.580517E+00   7.659321E-01   2.458141E+03   6.702881E-01
   1.587817E+00   7.601583E-01   2.454232E+03   6.691876E-01
   1.595151E+00   7.512948E-01   2.442716E+03   6.702009E-01
   1.602519E+00   7.241673E-01   2.434660E+03   6.705409E-01
   1.609921E+00   7.254023E-01   2.430191E+03   6.699146E-01
   1.617357E+00   7.153847E-01   2.422584E+03   6.702549E-01
   1.624827E+00   6.834333E-01   2.415816E+03   6.707711E-01
   1.632332E+00   7.660380E-01   2.412414E+03   6.705377E-01
   1.639872E+00   7.129927E-01   2.408449E+03   6.700582E-01
   1.647446E+00   7.139813E-01   2.402608E+03   6.697177E-01
   1.655055E+00   7.156840E-01   2.394544E+03   6.702754E-01
   1.662700E+00   6.713001E-01   2.385823E+03   6.709348E-01
   1.670380E+00   6.547242E-01   2.379041E+03   6.710284E-01
   1.678095E+00   6.826469E-01   2.379069E+03   6.694654E-01
   1.685846E+00   7.731928E-01   2.371652E+03   6.696320E-01
   1.693633E+00   7.054018E-01   2.365779E+03   6.692654E-01
   1.701455E+00   6.971153E-01   2.356031E+03   6.701972E-01
   1.709314E+00   6.862179E-01   2.353806E+03   6.691507E-01
   1.717209E+00   6.597285E-01   2.346132E+03   6.697180E-01
   1.725141E+00   6.534228E-01   2.340751E+03   6.698682E-01
   1.733109E+00   6.704996E-01   2.335421E+03   6.699656E-01
   1.741114E+00   6.881725E-01   2.330004E+03   6.701036E-01
   1.749156E+00   6.669863E-01   2.325075E+03   6.696484E-01
   1.757235E+00   6.350663E-01   2.318669E+03   6.696030E-01
   1.765352E+00   7.245385E-01   2.311541E+03   6.695644E-01
   1.773506E+00   6.584293E-01   2.302704E+03   6.703351E-01
   1.781697E+00   6.596165E-01   2.296766E+03   6.703171E-01
   1.789927E+00   6.184389E-01   2.289760E+03   6.707403E-01
   1.798194E+00   6.775367E-01   2.287200E+03   6.696728E-01
   1.806500E+00   6.753989E-01   2.279417E+03   6.700049E-01
   1.814844E+00   6.596695E-01   2.274430E+03   6.694986E-01
   1.823226E+00   6.210682E-01   2.267860E+03   6.694161E-01
   1.831647E+00   6.158378E-01   2.262342E+03   6.691009E-01
   1.840108E+00   6.261950E-01   2.254761E+03   6.695185E-01
   1.848607E+00   6.115641E-01   2.252037E+03   6.686203E-01
   1.857145E+00   6.496466E-01   2.245829E+03   6.681267E-01
   1.865723E+00   6.393401E-01   2.236099E+03   6.687696E-01
   1.874341E+00   6.204909E-01   2.229691E+03   6.687285E-01
   1.882998E+00   6.193087E-01   2.224343E+03   6.682499E-01
   1.891696E+00   6.579642E-01   2.218186E+03   6.682968E-01
   1.900433E+00   5.989843E-01   2.211085E+03   6.691641E-01
   1.909211E+00   6.347615E-01   2.208101E+03   6.688704E-01
   1.918029E+00   6.302301E-01   2.205707E+03   6.680437E-01
   1.926888E+00   6.421298E-01   2.198728E+03   6.683337E-01
   1.935788E+00   6.125008E-01   2.192945E+03   6.685470E-01
   1.944730E+00   5.693571E-01   2.183725E+03   6.696094E-01
   1.953712E+00   6.059002E-01   2.179000E+03   6.693635E-01
   1.962736E+00   6.640512E-01   2.178358E+03   6.678316E-01
   1.971802E+00   6.811515E-01   2.171309E+03   6.679780E-01
   1.980909E+00   6.227218E-01   2.166306E+03   6.674417E-01
   1.990059E+00   5.649775E-01   2.157125E+03   6.685412E-01
   1.999251E+00   6.134651E-01   2.155346E+03   6.674297E-01
   2.008485E+00   6.055708E-01   2.147428E+03   6.683267E-01
   2.017762E+00   5.889764E-01   2.143117E+03   6.682570E-01
   2.027082E+00   5.823942E-01   2.137444E+03   6.685195E-01
   2.036445E+00   6.023692E-01   2.132818E+03   6.683002E-01
   2.045851E+00   6.045610E-01   2.126679E+03   6.680782E-01
   2.055300E+00   6.168681E-01   2.121464E+03   6.676244E-01
   2.064793E+00   6.224180E-01   2.111981E+03   6.685458E-01
   2.074330E+00   6.223943E-01   2.105683E+03   6.687689E-01
   2.083911E+00   6.268441E-01   2.100320E+03   6.687944E-01
   2.093537E+00   6.251861E-01   2.094798E+03   6.690954E-01
   2.103207E+00   7.356446E-01   2.091713E+03   6.682812E-01
   2.112921E+00   6.708584E-01   2.084592E+03   6.685483E-01
   2.122680E+00   6.757986E-01   2.079704E+03   6.680728E-01
   2.132485E+00   6.842816E-01   2.074986E+03   6.676418E-01
   2.142334E+00   6.647171E-01   2.067700E+03   6.678243E-01
   2.152230E+00   7.108565E-01   2.062331E+03   6.678333E-01
   2.162170E+00   7.474748E-01   2.060196E+03   6.664908E-01
   2.172157E+00   6.589834E-01   2.050181E+03   6.673246E-01
   2.182190E+00   7.599953E-01   2.041767E+03   6.677810E-01
   2.192269E+00   6.811413E-01   2.038257E+03   6.670114E-01
   2.202395E+00   7.766527E-01   2.031891E+03   6.670191E-01
   2.212568E+00   7.000310E-01   2.025012E+03   6.675576E-01
   2.222787E+00   7.057607E-01   2.019398E+03   6.682048E-01
   2.233054E+00   7.020060E-01   2.016471E+03   6.676316E-01
   2.243368E+00   8.197028E-01   2.013954E+03   6.665181E-01
   2.253730E+00   7.698756E-01   2.006305E+03   6.674204E-01
   2.264140E+00   7.743467E-01   1.999373E+03   6.680054E-01
   2.274598E+00   7.511350E-01   1.993119E+03   6.683655E-01
   2.285104E+00   8.416872E-01   1.992103E+03   6.672812E-01
   2.295658E+00   7.961804E-01   1.986844E+03   6.670707E-01
   2.306262E+00   7.736343E-01   1.980453E+03   6.671268E-01
   2.316914E+00   8.222204E-01   1.973918E+03   6.672308E-01
   2.327616E+00   7.702771E-01   1.969695E+03   6.670114E-01
   2.338367E+00   7.930372E-01   1.964369E+03   6.670800E-01
   2.349167E+00   8.169715E-01   1.958810E+03   6.675672E-01
   2.360018E+00   8.962320E-01   1.953665E+03   6.677972E-01
   2.370918E+00   8.978120E-01   1.948463E+03   6.679403E-01
   2.381869E+00   8.404603E-01   1.945149E+03   6.671243E-01
   2.392871E+00   8.769781E-01   1.938483E+03   6.672451E-01
   2.403923E+00   8.802694E-01   1.932050E+03   6.671931E-01
   2.415027E+00   8.490787E-01   1.924112E+03   6.680024E-01
   2.426181E+00   8.603296E-01   1.918416E+03   6.681207E-01
   2.437388E+00   8.629334E-01   1.912599E+03   6.684453E-01
   2.448646E+00   9.492748E-01   1.910509E+03   6.674325E-01
   2.459956E+00   9.804649E-01   1.904047E+03   6.677247E-01
   2.471318E+00   9.551358E-01   1.899145E+03   6.674563E-01
   2.482733E+00   9.007472E-01   1.893678E+03   6.674788E-01
   2.494200E+00   9.063236E-01   1.889144E+03   6.670470E-01
   2.505720E+00   9.376277E-01   1.882309E+03   6.676328E-01
   2.517294E+00   9.579073E-01   1.879694E+03   6.667260E-01
   2.528921E+00   9.340472E-01   1.873674E+03   6.664136E-01
   2.540602E+00   9.443261E-01   1.865390E+03   6.671078E-01
   2.552337E+00   1.030174E+00   1.861049E+03   6.666209E-01
   2.564126E+00   9.709894E-01   1.854982E+03   6.665902E-01
   2.575969E+00   1.011985E+00   1.849721E+03   6.666307E-01
   2.587867E+00   9.450840E-01   1.842667E+03   6.676636E-01
   2.599820E+00   9.725788E-01   1.839534E+03   6.673055E-01
   2.611828E+00   1.008011E+00   1.837127E+03   6.663659E-01
   2.623892E+00   1.062040E+00   1.830795E+03   6.666928E-01
   2.636011E+00   1.156710E+00   1.825904E+03   6.666615E-01
   2.648187E+00   1.064843E+00   1.817483E+03   6.678826E-01
   2.660419E+00   1.344210E+00   1.814937E+03   6.672793E-01
   2.672707E+00   1.070935E+00   1.811454E+03   6.666951E-01
   2.685052E+00   1.130733E+00   1.805843E+03   6.667035E-01
   2.697454E+00   1.204810E+00   1.800980E+03   6.663025E-01
   2.709913E+00   1.125404E+00   1.795044E+03   6.669106E-01
   2.722429E+00   1.189060E+00   1.792462E+03   6.661638E-01
   2.735004E+00   1.123258E+00   1.785276E+03   6.673420E-01
   2.747637E+00   1.233221E+00   1.782178E+03   6.669775E-01
   2.760328E+00   1.243679E+00   1.777323E+03   6.672903E-01
   2.773077E+00   1.094812E+00   1.772995E+03   6.671113E-01
   2.785886E+00   1.198859E+00   1.767669E+03   6.668796E-01
   2.798753E+00   1.369703E+00   1.763376E+03   6.662689E-01
   2.811681E+00   1.239068E+00   1.754215E+03   6.675457E-01
   2.824667E+00   1.149950E+00   1.748087E+03   6.678678E-01
   2.837714E+00   1.179776E+00   1.742574E+03   6.681145E-01
   2.850821E+00   1.256991E+00   1.740050E+03   6.672363E-01
   2.863989E+00   1.282049E+00   1.734975E+03   6.671434E-01
   2.877217E+00   1.262013E+00   1.728944E+03   6.674378E-01
   2.890507E+00   1.252657E+00   1.724848E+03   6.669821E-01
   2.903858E+00   1.344340E+00   1.721747E+03   6.662213E-01
   2.917270E+00   1.289277E+00   1.714360E+03   6.672377E-01
   2.930745E+00   1.312762E+00   1.711618E+03   6.665154E-01
   2.944281E+00   1.385846E+00   1.707719E+03   6.656506E-01
   2.957881E+00   1.370700E+00   1.699255E+03   6.668015E-01
   2.971543E+00   1.428380E+00   1.694277E+03   6.666571E-01
   2.985268E+00   1.418881E+00   1.689566E+03   6.662811E-01
   2.999057E+00   1.437903E+00   1.683897E+03   6.666537E-01
   3.012909E+00   1.401915E+00   1.678325E+03   6.672662E-01
   3.026825E+00   1.378331E+00   1.674831E+03   6.670364E-01
   3.040806E+00   1.436979E+00   1.672093E+03   6.663349E-01
   3.054851E+00   1.521843E+00   1.666949E+03   6.663623E-01
   3.068961E+00   1.548339E+00   1.661412E+03   6.665822E-01
   3.083136E+00   1.584886E+00   1.653990E+03   6.676043E-01
   3.097376E+00   1.524017E+00   1.651029E+03   6.672145E-01
   3.111683E+00   1.516822E+00   1.648142E+03   6.665538E-01
   3.126055E+00   1.582552E+00   1.643082E+03   6.665565E-01
   3.140494E+00   1.618308E+00   1.638441E+03   6.662131E-01
   3.155000E+00   1.579903E+00   1.632286E+03   6.670542E-01
   3.169572E+00   1.635361E+00   1.630389E+03   6.661264E-01
   3.184212E+00   1.624173E+00   1.623859E+03   6.672734E-01
   3.198920E+00   1.848829E+00   1.620733E+03   6.669991E-01
   3.213695E+00   1.698072E+00   1.615916E+03   6.674077E-01
   3.228539E+00   1.572167E+00   1.611879E+03   6.673936E-01
   3.243451E+00   1.677724E+00   1.607211E+03   6.670840E-01
   3.258432E+00   1.869175E+00   1.603297E+03   6.664326E-01
   3.273482E+00   1.700736E+00   1.594865E+03   6.677782E-01
   3.288602E+00   1.720137E+00   1.589258E+03   6.680289E-01
   3.303792E+00   1.694321E+00   1.584161E+03   6.682277E-01
   3.319052E+00   1.840110E+00   1.581316E+03   6.674139E-01
   3.334382E+00   1.956080E+00   1.576759E+03   6.671679E-01
   3.349783E+00   1.859679E+00   1.571002E+03   6.675836E-01
   3.365255E+00   1.838897E+00   1.566778E+03   6.672858E-01
   3.380799E+00   1.830241E+00   1.563424E+03   6.667987E-01
   3.396414E+00   1.796500E+00   1.557250E+03   6.675821E-01
   3.412102E+00   1.859622E+00   1.554543E+03   6.668318E-01
   3.427862E+00   1.905205E+00   1.550261E+03   6.662807E-01
   3.443695E+00   1.871457E+00   1.542792E+03   6.673340E-01
   3.459601E+00   1.954926E+00   1.538507E+03   6.669770E-01
   3.475580E+00   1.947682E+00   1.533806E+03   6.667022E-01
   3.491634E+00   2.128739E+00   1.528835E+03   6.670129E-01
   3.507761E+00   1.956842E+00   1.522949E+03   6.679081E-01
   3.523963E+00   2.049050E+00   1.520110E+03   6.674209E-01
   3.540240E+00   2.103940E+00   1.517197E+03   6.667962E-01
   3.556592E+00   2.097136E+00   1.512013E+03   6.669111E-01
   3.573019E+00   2.091409E+00   1.506112E+03   6.673366E-01
   3.589523E+00   2.120923E+00   1.499715E+03   6.682403E-01
   3.606102E+00   2.098257E+00   1.497688E+03   6.674892E-01
   3.622758E+00   2.238302E+00   1.494082E+03   6.670834E-01
   3.639491E+00   2.210538E+00   1.489264E+03   6.670986E-01
   3.656302E+00   2.388508E+00   1.484147E+03   6.671328E-01
   3.673190E+00   2.141102E+00   1.479631E+03   6.675373E-01
   3.690156E+00   2.190255E+00   1.476086E+03   6.672690E-01
   3.707200E+00   2.270197E+00   1.470980E+03   6.680666E-01
   3.724323E+00   2.302955E+00   1.466838E+03   6.682858E-01
   3.741525E+00   2.376439E+00   1.462914E+03   6.684074E-01
   3.758807E+00   2.296812E+00   1.459504E+03   6.680325E-01
   3.776169E+00   2.308400E+00   1.454271E+03   6.681538E-01
   3.793610E+00   2.462198E+00   1.449423E+03   6.678650E-01
   3.811132E+00   2.461813E+00   1.443378E+03   6.685091E-01
   3.828736E+00   2.464611E+00   1.438195E+03   6.687344E-01
   3.846420E+00   2.377961E+00   1.433060E+03   6.690104E-01
   3.864186E+00   2.557836E+00   1.429799E+03   6.682824E-01
   3.882034E+00   2.685442E+00   1.425001E+03   6.681561E-01
   3.899965E+00   2.717135E+00   1.420911E+03   6.678737E-01
   3.917978E+00   2.861622E+00   1.417683E+03   6.673641E-01
   3.936075E+00   2.566311E+00   1.412197E+03   6.678908E-01
   3.954255E+00   2.791232E+00   1.407894E+03   6.680595E-01
   3.972520E+00   2.812669E+00   1.404474E+03   6.673911E-01
   3.990868E+00   2.800917E+00   1.399052E+03   6.676052E-01
   4.009301E+00   2.699668E+00   1.393061E+03   6.682016E-01
   4.027820E+00   2.754227E+00   1.389693E+03   6.674060E-01
   4.046424E+00   2.964519E+00   1.384477E+03   6.677294E-01
   4.065114E+00   2.800252E+00   1.378807E+03   6.686126E-01
   4.083890E+00   3.027257E+00   1.375366E+03   6.684752E-01
   4.102753E+00   2.891818E+00   1.371748E+03   6.683688E-01
   4.121703E+00   2.974087E+00   1.368469E+03   6.678030E-01
   4.140741E+00   3.047670E+00   1.362487E+03   6.681993E-01
   4.159866E+00   2.926977E+00   1.355999E+03   6.691682E-01
   4.179080E+00   2.933959E+00   1.352544E+03   6.691727E-01
   4.198383E+00   3.110409E+00   1.349943E+03   6.683060E-01
   4.217775E+00   3.065338E+00   1.345092E+03   6.684667E-01
   4.237256E+00   3.222928E+00   1.340888E+03   6.681572E-01
   4.256828E+00   3.077616E+00   1.335026E+03   6.691819E-01
   4.276489E+00   3.161633E+00   1.333131E+03   6.683512E-01
   4.296242E+00   3.331980E+00   1.327740E+03   6.692407E-01
   4.316086E+00   3.375043E+00   1.323972E+03   6.694915E-01
   4.336021E+00   3.393297E+00   1.320140E+03   6.696280E-01
   4.356049E+00   3.324685E+00   1.315876E+03   6.698719E-01
   4.376169E+00   3.338341E+00   1.311893E+03   6.696381E-01
   4.396382E+00   3.648736E+00   1.308278E+03   6.691444E-01
   4.416688E+00   3.742994E+00   1.302117E+03   6.699606E-01
   4.437088E+00   3.535520E+00   1.296831E+03   6.703827E-01
   4.457583E+00   3.414583E+00   1.291987E+03   6.707733E-01
   4.478172E+00   3.708248E+00   1.288576E+03   6.701959E-01
   4.498856E+00   3.780212E+00   1.284332E+03   6.699281E-01
   4.519635E+00   3.637851E+00   1.279110E+03   6.701684E-01
   4.540511E+00   3.940101E+00   1.276480E+03   6.693987E-01
   4.561483E+00   3.673981E+00   1.271200E+03   6.698592E-01
   4.582552E+00   3.966827E+00   1.267103E+03   6.699778E-01
   4.603718E+00   3.859712E+00   1.263223E+03   6.696866E-01
   4.624982E+00   3.851649E+00   1.258193E+03   6.699659E-01
   4.646345E+00   4.009567E+00   1.253448E+03   6.702110E-01
   4.667805E+00   4.003255E+00   1.249290E+03   6.698562E-01
   4.689365E+00   4.099889E+00   1.244497E+03   6.700251E-01
   4.711025E+00   4.064325E+00   1.238959E+03   6.710142E-01
   4.732785E+00   4.095158E+00   1.235544E+03   6.709555E-01
   4.754645E+00   4.129385E+00   1.232279E+03   6.708094E-01
   4.776606E+00   4.396493E+00   1.228922E+03   6.703782E-01
   4.798668E+00   4.300152E+00   1.222871E+03   6.710215E-01
   4.820833E+00   4.367967E+00   1.217373E+03   6.718627E-01
   4.843100E+00   4.303085E+00   1.214105E+03   6.716090E-01
   4.865469E+00   4.766595E+00   1.210803E+03   6.711057E-01
   4.887942E+00   4.602156E+00   1.206624E+03   6.711449E-01
   4.910519E+00   4.521693E+00   1.200893E+03   6.718399E-01
   4.933200E+00   4.506785E+00   1.197438E+03   6.718537E-01
   4.955986E+00   4.617299E+00   1.193574E+03   6.718268E-01
   4.978877E+00   4.742274E+00   1.188972E+03   6.726328E-01
   5.001874E+00   4.826945E+00   1.185450E+03   6.728681E-01
   5.024977E+00   4.811770E+00   1.181440E+03   6.731350E-01
   5.048187E+00   4.685925E+00   1.177153E+03   6.733276E-01
   5.071504E+00   4.970474E+00   1.173308E+03   6.732821E-01
   5.094928E+00   5.010220E+00   1.168832E+03   6.734571E-01
   5.118461E+00   5.080393E+00   1.163896E+03   6.738153E-01
   5.142103E+00   5.018281E+00   1.158894E+03   6.743060E-01
   5.165854E+00   5.135516E+00   1.155003E+03   6.740929E-01
   5.189714E+00   5.297188E+00   1.150744E+03   6.742950E-01
   5.213685E+00   5.264967E+00   1.146915E+03   6.740775E-01
   5.237766E+00   5.542947E+00   1.142801E+03   6.740929E-01
   5.261959E+00   5.477057E+00   1.138948E+03   6.737766E-01
   5.286263E+00   5.592126E+00   1.133999E+03   6.743014E-01
   5.310680E+00   5.739678E+00   1.130426E+03   6.739700E-01
   5.335209E+00   5.625033E+00   1.125786E+03   6.740912E-01
   5.359852E+00   5.910731E+00   1.121077E+03   6.744800E-01
   5.384608E+00   5.698044E+00   1.116435E+03   6.746993E-01
   5.409479E+00   5.948185E+00   1.112742E+03   6.744310E-01
   5.434465E+00   5.957590E+00   1.107001E+03   6.755651E-01
   5.459566E+00   5.956110E+00   1.103023E+03   6.757852E-01
   5.484783E+00   6.202606E+00   1.099519E+03   6.756475E-01
   5.510116E+00   6.364998E+00   1.096101E+03   6.754263E-01
   5.535567E+00   6.276711E+00   1.090294E+03   6.761463E-01
   5.561135E+00   6.190408E+00   1.085171E+03   6.770381E-01
   5.586821E+00   6.373271E+00   1.081754E+03   6.768450E-01
   5.612626E+00   6.471838E+00   1.077767E+03   6.767885E-01
   5.638550E+00   6.812962E+00   1.074066E+03   6.766681E-01
   5.664594E+00   6.564399E+00   1.068444E+03   6.778647E-01
   5.690758E+00   6.743987E+00   1.065555E+03   6.775782E-01
   5.717043E+00   7.018233E+00   1.061223E+03   6.778461E-01
   5.743449E+00   7.096306E+00   1.056700E+03   6.787004E-01
   5.769977E+00   6.971518E+00   1.052290E+03   6.794786E-01
   5.796628E+00   7.090589E+00   1.048672E+03   6.795999E-01
   5.823402E+00   7.100731E+00   1.044349E+03   6.799044E-01
   5.850300E+00   7.597756E+00   1.040438E+03   6.798964E-01
   5.877322E+00   7.410136E+00   1.035540E+03   6.803907E-01
   5.904468E+00   7.416057E+00   1.030543E+03   6.811053E-01
   5.931740E+00   7.597393E+00   1.026560E+03   6.811016E-01
   5.959138E+00   7.838485E+00   1.022372E+03   6.811925E-01
   5.986663E+00   7.825743E+00   1.018019E+03   6.816792E-01
   6.014314E+00   8.144069E+00   1.014193E+03   6.814888E-01
   6.042094E+00   8.093424E+00   1.010100E+03   6.816487E-01
   6.070001E+00   8.266007E+00   1.005311E+03   6.819596E-01
   6.098038E+00   8.285321E+00   1.000681E+03   6.823218E-01
   6.126204E+00   8.528643E+00   9.963327E+02   6.823704E-01
   6.154500E+00   8.602694E+00   9.916048E+02   6.827428E-01
   6.182927E+00   8.777358E+00   9.871217E+02   6.830537E-01
   6.211485E+00   8.859117E+00   9.830667E+02   6.830331E-01
   6.240175E+00   8.810625E+00   9.770869E+02   6.842676E-01
   6.268998E+00   8.972941E+00   9.728500E+02   6.846133E-01
   6.297954E+00   9.223063E+00   9.688231E+02   6.846885E-01
   6.327043E+00   9.600918E+00   9.646504E+02   6.846712E-01
   6.356267E+00   9.321939E+00   9.586240E+02   6.860768E-01
   6.385626E+00   9.517130E+00   9.544123E+02   6.863980E-01
   6.415120E+00   9.837726E+00   9.501233E+02   6.864840E-01
   6.444751E+00   9.951727E+00   9.459053E+02   6.867542E-01
   6.474518E+00   9.874437E+00   9.404993E+02   6.878746E-01
   6.504423E+00   1.014818E+01   9.365639E+02   6.884636E-01
   6.534467E+00   1.051370E+01   9.328293E+02   6.883508E-01
   6.564648E+00   1.046010E+01   9.273828E+02   6.895427E-01
   6.594970E+00   1.056188E+01   9.226786E+02   6.905318E-01
   6.625431E+00   1.070657E+01   9.185367E+02   6.911103E-01
   6.656033E+00   1.102391E+01   9.142275E+02   6.914492E-01
   6.686777E+00   1.127583E+01   9.090654E+02   6.922287E-01
   6.717662E+00   1.135711E+01   9.043522E+02   6.926559E-01
   6.748690E+00   1.135868E+01   8.991769E+02   6.935620E-01
   6.779861E+00   1.181260E+01   8.952150E+02   6.937052E-01
   6.811177E+00   1.184435E+01   8.904094E+02   6.943718E-01
   6.842637E+00   1.218582E+01   8.860030E+02   6.947750E-01
   6.874242E+00   1.218039E+01   8.810878E+02   6.953888E-01
   6.905993E+00   1.264501E+01   8.765363E+02   6.955066E-01
   6.937891E+00   1.274284E+01   8.712388E+02   6.962231E-01
   6.969936E+00   1.284570E+01   8.659584E+02   6.969711E-01
   7.002130E+00   1.316922E+01   8.611666E+02   6.973376E-01
   7.034472E+00   1.359994E+01   8.562032E+02   6.976734E-01
   7.066963E+00   1.347427E+01   8.505030E+02   6.986269E-01
   7.099605E+00   1.396563E+01   8.449379E+02   6.996013E-01
   7.132397E+00   1.411222E+01   8.397485E+02   7.003628E-01
   7.165340E+00   1.448498E+01   8.348022E+02   7.007349E-01
   7.198436E+00   1.444906E+01   8.286302E+02   7.019781E-01
   7.231685E+00   1.488205E+01   8.233977E+02   7.028956E-01
   7.265087E+00   1.518852E+01   8.182812E+02   7.036506E-01
   7.298644E+00   1.548246E+01   8.132889E+02   7.041346E-01
   7.332355E+00   1.547579E+01   8.070787E+02   7.056996E-01
   7.366222E+00   1.582523E+01   8.018517E+02   7.069053E-01
   7.400246E+00   1.636692E+01   7.968509E+02   7.075568E-01
   7.434427E+00   1.649591E+01   7.911166E+02   7.088929E-01
   7.468766E+00   1.676588E+01   7.854200E+02   7.102911E-01
   7.503263E+00   1.724902E+01   7.801003E+02   7.111632E-01
   7.537920E+00   1.769690E+01   7.741226E+02   7.123964E-01
   7.572736E+00   1.788322E+01   7.684024E+02   7.134783E-01
   7.607714E+00   1.824003E+01   7.625262E+02   7.148242E-01
   7.642853E+00   1.860657E+01   7.568957E+02   7.160046E-01
   7.678154E+00   1.915876E+01   7.513350E+02   7.170169E-01
   7.713619E+00   1.941747E+01   7.452728E+02   7.182783E-01
   7.749247E+00   1.995628E+01   7.393102E+02   7.192742E-01
   7.785040E+00   2.041500E+01   7.329790E+02   7.202981E-01
   7.820998E+00   2.074906E+01   7.261880E+02   7.217995E-01
   7.857122E+00   2.131693E+01   7.198164E+02   7.229025E-01
   7.893413E+00   2.166817E+01   7.130204E+02   7.240761E-01
   7.929872E+00   2.224176E+01   7.058415E+02   7.255569E-01
   7.966499E+00   2.277762E+01   6.987223E+02   7.270359E-01
   8.003295E+00   2.324687E+01   6.916006E+02   7.283679E-01
   8.040262E+00   2.359834E+01   6.839732E+02   7.302398E-01
   8.077399E+00   2.446396E+01   6.767930E+02   7.318124E-01
   8.114707E+00   2.485444E+01   6.693903E+02   7.335138E-01
   8.152188E+00   2.536373E+01   6.617108E+02   7.352995E-01
   8.189842E+00   2.620740E+01   6.539831E+02   7.372242E-01
   8.227670E+00   2.677153E+01   6.460465E+02   7.391699E-01
   8.265672E+00   2.732709E+01   6.378067E+02   7.412760E-01
   8.303850E+00   2.825032E+01   6.296037E+02   7.433052E-01
   8.342205E+00   2.905374E+01   6.211179E+02   7.453922E-01
   8.380737E+00   2.958500E+01   6.123363E+02   7.477734E-01
   8.419446E+00   3.057932E+01   6.035336E+02   7.499148E-01
   8.458335E+00   3.140628E+01   5.942290E+02   7.523640E-01
   8.497403E+00   3.217983E+01   5.847221E+02   7.548887E-01
   8.536651E+00   3.321187E+01   5.749631E+02   7.572538E-01
   8.576081E+00   3.418031E+01   5.647121E+02   7.598227E-01
   8.615693E+00   3.512965E+01   5.540566E+02   7.625464E-01
   8.655487E+00   3.621958E+01   5.430649E+02   7.652863E-01
   8.695466E+00   3.735164E+01   5.316100E+02   7.682172E-01
   8.735629E+00   3.846533E+01   5.197254E+02   7.714105E-01
   8.775978E+00   3.968347E+01   5.074445E+02   7.748177E-01
   8.816513E+00   4.096008E+01   4.946696E+02   7.784541E-01
   8.857236E+00   4.224038E+01   4.813568E+02   7.824663E-01
   8.898146E+00   4.371048E+01   4.675884E+02   7.866261E-01
   8.939246E+00   4.518192E+01   4.531013E+02   7.911682E-01
   8.980535E+00   4.683556E+01   4.379828E+02   7.959224E-01
   9.022015E+00   4.855457E+01   4.218522E+02   8.009512E-01
   9.063686E+00   5.036639E+01   4.046517E+02   8.063632E-01
   9.105550E+00   5.230955E+01   3.862503E+02   8.120498E-01
   9.147608E+00   5.437976E+01   3.665083E+02   8.180670E-01
   9.189860E+00   5.663138E+01   3.452729E+02   8.242908E-01
   9.232306E+00   5.905141E+01   3.222804E+02   8.307213E-01
   9.274949E+00   6.167593E+01   2.973610E+02   8.373096E-01
   9.317789E+00   6.453488E+01   2.703872E+02   8.439971E-01
   9.360827E+00   6.767754E+01   2.412729E+02   8.506988E-01
   9.404063E+00   7.116106E+01   2.100187E+02   8.572966E-01
   9.447500E+00   7.505596E+01   1.768601E+02   8.636362E-01
   9.491136E+00   7.945457E+01   1.423223E+02   8.695404E-01
   9.534975E+00   8.449177E+01   1.074316E+02   8.747899E-01
   9.579016E+00   9.036252E+01   7.383254E+01   8.791210E-01
   9.623260E+00   9.737127E+01   4.398925E+01   8.821893E-01
   9.667709E+00   1.059995E+02   2.131117E+01   8.835038E-01
   9.712362E+00   1.170788E+02   1.001673E+01   8.823263E-01
   9.757223E+00   1.322054E+02   1.447933E+01   8.774758E-01
   9.802290E+00   1.549618E+02   3.786130E+01   8.668713E-01
   9.847566E+00   1.948612E+02   7.951312E+01   8.467556E-01
   9.893050E+00   2.779783E+02   1.292066E+02   8.127451E-01
   9.938745E+00   4.048750E+02   1.624427E+02   7.770692E-01
   9.984651E+00   5.014547E+02   1.793902E+02   7.555389E-01
   1.003077E+01   5.665029E+02   1.915190E+02   7.416178E-01
   1.007710E+01   6.138149E+02   2.018186E+02   7.310311E-01
   1.012364E+01   6.508816E+02   2.112792E+02   7.219777E-01
   1.017040E+01   6.810014E+02   2.203074E+02   7.136564E-01
   1.021738E+01   7.057467E+02   2.292653E+02   7.055138E-01
   1.026457E+01   7.257559E+02   2.387401E+02   6.969014E-01
   1.031198E+01   7.408375E+02   2.499692E+02   6.866738E-01
   1.035961E+01   7.505979E+02   2.664846E+02   6.718785E-01
   1.040746E+01   7.559296E+02   2.987721E+02   6.444522E-01
   1.045553E+01   7.691249E+02   3.601914E+02   5.984627E-01
   1.050383E+01   9.802590E+02   4.565487E+02   5.519264E-01
   1.055234E+01   1.532078E+03   6.049666E+02   5.075145E-01
   1.060108E+01   1.616475E+03   6.209852E+02   4.985607E-01
   1.065005E+01   1.141348E+03   4.370398E+02   5.953386E-01
   1.069924E+01   9.406420E+02   3.008902E+02   6.760971E-01
   1.074866E+01   9.191867E+02   2.723744E+02   6.761520E-01
   1.079830E+01   9.721507E+02   3.179434E+02   6.332295E-01
   1.084818E+01   1.151531E+03   4.243185E+02   5.692666E-01
   1.089829E+01   1.592436E+03   6.111658E+02   5.001745E-01
   1.094862E+01   1.786948E+03   7.330098E+02   4.575350E-01
   1.099920E+01   1.518708E+03   6.408564E+02   4.790989E-01
   1.105000E+01   1.363577E+03   5.566026E+02   5.149237E-01
   1.110104E+01   1.318004E+03   5.255890E+02   5.298054E-01
   1.115231E+01   1.306414E+03   5.180079E+02   5.327452E-01
   1.120382E+01   1.307668E+03   5.220098E+02   5.295707E-01
   1.125557E+01   1.314336E+03   5.337206E+02   5.224000E-01
   1.130756E+01   1.322023E+03   5.520227E+02   5.119127E-01
   1.135979E+01   1.325880E+03   5.770620E+02   4.980900E-01
   1.141226E+01   1.318349E+03   6.093955E+02   4.805742E-01
   1.146497E+01   1.284006E+03   6.493633E+02   4.586875E-01
   1.151793E+01   1.192509E+03   6.920460E+02   4.329338E-01
   1.157112E+01   1.032464E+03   7.168798E+02   4.104183E-01
   1.162457E+01   8.772145E+02   7.121561E+02   4.024406E-01
   1.167826E+01   7.703409E+02   6.997351E+02   4.163575E-01
   1.173220E+01   6.831568E+02   7.001900E+02   4.444227E-01
   1.178639E+01   6.056001E+02   7.054897E+02   4.733693E-01
   1.184083E+01   5.453836E+02   7.018739E+02   5.015260E-01
   1.189552E+01   5.155782E+02   6.756447E+02   5.325696E-01
   1.195047E+01   5.456661E+02   6.051438E+02   5.718165E-01
   1.200567E+01   6.919686E+02   5.126036E+02   5.907093E-01
   1.206112E+01   7.527794E+02   5.646214E+02   5.349089E-01
   1.211683E+01   5.862574E+02   6.615138E+02   5.064268E-01
   1.217279E+01   4.316418E+02   7.368946E+02   5.063729E-01
   1.222902E+01   3.427818E+02   7.718320E+02   5.137364E-01
   1.228550E+01   2.897252E+02   7.868247E+02   5.206317E-01
   1.234225E+01   2.532098E+02   7.932597E+02   5.275136E-01
   1.239926E+01   2.257445E+02   7.929772E+02   5.349841E-01
   1.245653E+01   2.044873E+02   7.887024E+02   5.421261E-01
   1.251406E+01   1.872074E+02   7.841428E+02   5.483703E-01
   1.257186E+01   1.729922E+02   7.799395E+02   5.537106E-01
   1.262993E+01   1.612267E+02   7.753214E+02   5.585390E-01
   1.268827E+01   1.508646E+02   7.698210E+02   5.631165E-01
   1.274687E+01   1.416939E+02   7.636272E+02   5.676247E-01
   1.280575E+01   1.341670E+02   7.571343E+02   5.719173E-01
   1.286490E+01   1.278266E+02   7.499683E+02   5.757426E-01
   1.292432E+01   1.216666E+02   7.419186E+02   5.792499E-01
   1.298401E+01   1.153300E+02   7.336559E+02   5.827699E-01
   1.304398E+01   1.095722E+02   7.256891E+02   5.862836E-01
   1.310423E+01   1.044956E+02   7.177027E+02   5.899429E-01
   1.316476E+01   1.001561E+02   7.097991E+02   5.939027E-01
   1.322557E+01   9.693364E+01   7.023593E+02   5.977790E-01
   1.328665E+01   9.448463E+01   6.950422E+02   6.011387E-01
   1.334802E+01   9.174225E+01   6.871359E+02   6.041735E-01
   1.340968E+01   8.885746E+01   6.786767E+02   6.073557E-01
   1.347161E+01   8.603877E+01   6.701127E+02   6.107447E-01
   1.353384E+01   8.373880E+01   6.619519E+02   6.142385E-01
   1.359635E+01   8.215597E+01   6.543046E+02   6.175511E-01
   1.365915E+01   8.096444E+01   6.468680E+02   6.205640E-01
   1.372224E+01   7.980750E+01   6.392146E+02   6.232533E-01
   1.378562E+01   7.825054E+01   6.309640E+02   6.259068E-01
   1.384929E+01   7.659810E+01   6.221894E+02   6.288229E-01
   1.391326E+01   7.524221E+01   6.130862E+02   6.320221E-01
   1.397753E+01   7.434759E+01   6.038572E+02   6.353510E-01
   1.404209E+01   7.385494E+01   5.945818E+02   6.385812E-01
   1.410694E+01   7.350370E+01   5.852129E+02   6.416045E-01
   1.417210E+01   7.319333E+01   5.757543E+02   6.445753E-01
   1.423756E+01   7.293153E+01   5.663181E+02   6.476299E-01
   1.430332E+01   7.274311E+01   5.568440E+02   6.508085E-01
   1.436939E+01   7.269924E+01   5.472074E+02   6.541023E-01
   1.443576E+01   7.275719E+01   5.373779E+02   6.574725E-01
   1.450244E+01   7.295498E+01   5.273550E+02   6.608813E-01
   1.456942E+01   7.328014E+01   5.171701E+02   6.643705E-01
   1.463672E+01   7.373659E+01   5.068182E+02   6.679712E-01
   1.470432E+01   7.427455E+01   4.962660E+02   6.717517E-01
   1.477224E+01   7.493323E+01   4.854155E+02   6.757354E-01
   1.484047E+01   7.577267E+01   4.742358E+02   6.798841E-01
   1.490902E+01   7.681737E+01   4.626739E+02   6.841397E-01
   1.497788E+01   7.804693E+01   4.507160E+02   6.884650E-01
   1.504706E+01   7.944343E+01   4.383062E+02   6.928863E-01
   1.511656E+01   8.098821E+01   4.254279E+02   6.974260E-01
   1.518638E+01   8.267805E+01   4.120063E+02   7.021418E-01
   1.525653E+01   8.452400E+01   3.979469E+02   7.071060E-01
   1.532699E+01   8.657337E+01   3.832212E+02   7.123696E-01
   1.539779E+01   8.889334E+01   3.677873E+02   7.179421E-01
   1.546891E+01   9.151316E+01   3.515765E+02   7.238131E-01
   1.554036E+01   9.448194E+01   3.344664E+02   7.299901E-01
   1.561214E+01   9.785206E+01   3.163486E+02   7.364564E-01
   1.568425E+01   1.017108E+02   2.970890E+02   7.431718E-01
   1.575669E+01   1.061254E+02   2.765773E+02   7.500528E-01
   1.582947E+01   1.111963E+02   2.546962E+02   7.570079E-01
   1.590258E+01   1.170361E+02   2.314291E+02   7.639353E-01
   1.597603E+01   1.238657E+02   2.067533E+02   7.707751E-01
   1.604983E+01   1.319404E+02   1.809428E+02   7.773955E-01
   1.612396E+01   1.417196E+02   1.542327E+02   7.836535E-01
   1.619843E+01   1.537495E+02   1.273267E+02   7.892233E-01
   1.627325E+01   1.689198E+02   1.012596E+02   7.936436E-01
   1.634841E+01   1.885500E+02   7.778508E+01   7.962232E-01
   1.642393E+01   2.146268E+02   5.946008E+01   7.959628E-01
   1.649979E+01   2.498551E+02   4.938949E+01   7.914971E-01
   1.657600E+01   2.958976E+02   4.984615E+01   7.816589E-01
   1.665256E+01   3.494196E+02   5.927830E+01   7.672321E-01
   1.672948E+01   4.028705E+02   7.284437E+01   7.511615E-01
   1.680675E+01   4.509208E+02   8.676683E+01   7.359524E-01
   1.688438E+01   4.920939E+02   9.951406E+01   7.225820E-01
   1.696236E+01   5.278739E+02   1.110697E+02   7.107818E-01
   1.704071E+01   5.592755E+02   1.215505E+02   7.003006E-01
   1.711942E+01   5.873079E+02   1.311900E+02   6.908433E-01
   1.719849E+01   6.126621E+02   1.401727E+02   6.821871E-01
   1.727793E+01   6.359271E+02   1.486835E+02   6.741307E-01
   1.735773E+01   6.574585E+02   1.568629E+02   6.665450E-01
   1.743791E+01   6.773948E+02   1.647924E+02   6.593589E-01
   1.751845E+01   6.959842E+02   1.726265E+02   6.524577E-01
   1.759936E+01   7.130849E+02   1.803964E+02   6.458361E-01
   1.768065E+01   7.286176E+02   1.882544E+02   6.394454E-01
   1.776232E+01   7.421588E+02   1.961821E+02   6.333244E-01
   1.784436E+01   7.528363E+02   2.043398E+02   6.275743E-01
   1.792678E+01   7.595550E+02   2.125594E+02   6.223810E-01
   1.800958E+01   7.592647E+02   2.208141E+02   6.183417E-01
   1.809277E+01   7.491057E+02   2.284477E+02   6.162556E-01
   1.817634E+01   7.224365E+02   2.341359E+02   6.182996E-01
   1.826029E+01   6.775827E+02   2.357430E+02   6.264372E-01
   1.834463E+01   6.176775E+02   2.298400E+02   6.423036E-01
   1.842936E+01   5.586574E+02   2.145155E+02   6.625612E-01
   1.851449E+01   5.148779E+02   1.900282E+02   6.820656E-01
   1.860000E+01   4.958350E+02   1.613994E+02   6.954449E-01
   1.868591E+01   5.032665E+02   1.382547E+02   6.988053E-01
   1.877222E+01   5.364238E+02   1.297152E+02   6.901105E-01
   1.885893E+01   5.841476E+02   1.351946E+02   6.735315E-01
   1.894604E+01   6.356832E+02   1.480563E+02   6.547785E-01
   1.903354E+01   6.828535E+02   1.624856E+02   6.377814E-01
   1.912146E+01   7.245954E+02   1.766196E+02   6.229573E-01
   1.920978E+01   7.599172E+02   1.896181E+02   6.103426E-01
   1.929851E+01   7.903114E+02   2.018102E+02   5.991629E-01
   1.938764E+01   8.160948E+02   2.133452E+02   5.890940E-01
   1.947719E+01   8.374566E+02   2.243393E+02   5.798955E-01
   1.956715E+01   8.543188E+02   2.350892E+02   5.713423E-01
   1.965753E+01   8.654497E+02   2.453066E+02   5.636403E-01
   1.974833E+01   8.685886E+02   2.547223E+02   5.571806E-01
   1.983954E+01   8.612838E+02   2.623480E+02   5.528180E-01
   1.993118E+01   8.403334E+02   2.662266E+02   5.523479E-01
   2.002324E+01   8.088860E+02   2.642785E+02   5.571099E-01
   2.011573E+01   7.783045E+02   2.575277E+02   5.650809E-01
   2.020864E+01   7.612020E+02   2.489144E+02   5.719525E-01
   2.030198E+01   7.573285E+02   2.424087E+02   5.750290E-01
   2.039575E+01   7.643516E+02   2.393711E+02   5.739838E-01
   2.048996E+01   7.785492E+02   2.397496E+02   5.697189E-01
   2.058460E+01   7.983759E+02   2.434674E+02   5.627128E-01
   2.067967E+01   8.231931E+02   2.510154E+02   5.529127E-01
   2.077519E+01   8.509867E+02   2.621987E+02   5.407933E-01
   2.087115E+01   8.792342E+02   2.775780E+02   5.262768E-01
   2.096755E+01   9.028460E+02   2.966894E+02   5.099372E-01
   2.106440E+01   9.152670E+02   3.187654E+02   4.923276E-01
   2.116169E+01   9.061262E+02   3.424281E+02   4.743076E-01
   2.125943E+01   8.690907E+02   3.643072E+02   4.578020E-01
   2.135763E+01   8.014002E+02   3.799535E+02   4.464479E-01
   2.145628E+01   7.205817E+02   3.870284E+02   4.441062E-01
   2.155538E+01   6.443521E+02   3.886266E+02   4.517319E-01
   2.165494E+01   5.826071E+02   3.865349E+02   4.685832E-01
   2.175496E+01   5.312378E+02   3.850328E+02   4.874259E-01
   2.185545E+01   4.905110E+02   3.823528E+02   5.058383E-01
   2.195640E+01   4.594219E+02   3.775785E+02   5.225160E-01
   2.205781E+01   4.375619E+02   3.701508E+02   5.371756E-01
   2.215969E+01   4.258048E+02   3.609686E+02   5.484793E-01
   2.226204E+01   4.185973E+02   3.536665E+02   5.558021E-01
   2.236487E+01   4.085302E+02   3.515025E+02   5.596400E-01
   2.246817E+01   3.892772E+02   3.548420E+02   5.623363E-01
   2.257195E+01   3.627739E+02   3.604736E+02   5.658476E-01
   2.267621E+01   3.334844E+02   3.654165E+02   5.707401E-01
   2.278094E+01   3.060328E+02   3.677193E+02   5.766207E-01
   2.288617E+01   2.817658E+02   3.672641E+02   5.829947E-01
   2.299187E+01   2.617069E+02   3.638373E+02   5.897189E-01
   2.309807E+01   2.449943E+02   3.581473E+02   5.965987E-01
   2.320476E+01   2.310325E+02   3.505439E+02   6.035897E-01
   2.331194E+01   2.197268E+02   3.411395E+02   6.106394E-01
   2.341961E+01   2.102236E+02   3.303105E+02   6.177071E-01
   2.352779E+01   2.023823E+02   3.181292E+02   6.248422E-01
   2.363646E+01   1.961420E+02   3.047031E+02   6.320852E-01
   2.374563E+01   1.911404E+02   2.901788E+02   6.394706E-01
   2.385531E+01   1.873239E+02   2.746071E+02   6.469772E-01
   2.396549E+01   1.846176E+02   2.579774E+02   6.545644E-01
   2.407619E+01   1.828816E+02   2.403015E+02   6.621700E-01
   2.418739E+01   1.821827E+02   2.215652E+02   6.697328E-01
   2.429911E+01   1.825552E+02   2.018723E+02   6.771443E-01
   2.441135E+01   1.839945E+02   1.814198E+02   6.842659E-01
   2.452410E+01   1.866851E+02   1.604443E+02   6.909524E-01
   2.463737E+01   1.907930E+02   1.392994E+02   6.970445E-01
   2.475117E+01   1.965197E+02   1.185052E+02   7.023288E-01
   2.486549E+01   2.043845E+02   9.858289E+01   7.065364E-01
   2.498034E+01   2.148073E+02   8.042236E+01   7.092567E-01
   2.509572E+01   2.283777E+02   6.497409E+01   7.100173E-01
   2.521164E+01   2.461185E+02   5.324372E+01   7.082176E-01
   2.532809E+01   2.689558E+02   4.620079E+01   7.032092E-01
   2.544508E+01   2.975575E+02   4.438005E+01   6.944788E-01
   2.556260E+01   3.321096E+02   4.767550E+01   6.819277E-01
   2.568067E+01   3.706878E+02   5.486625E+01   6.665892E-01
   2.579929E+01   4.102768E+02   6.415582E+01   6.502485E-01
   2.591845E+01   4.489840E+02   7.419750E+01   6.343014E-01
   2.603817E+01   4.855683E+02   8.412377E+01   6.196211E-01
   2.615843E+01   5.196375E+02   9.354502E+01   6.064435E-01
   2.627926E+01   5.520586E+02   1.025854E+02   5.944465E-01
   2.640064E+01   5.831785E+02   1.113156E+02   5.834751E-01
   2.652258E+01   6.130291E+02   1.197824E+02   5.733595E-01
   2.664508E+01   6.412803E+02   1.279704E+02   5.641276E-01
   2.676815E+01   6.665374E+02   1.356000E+02   5.560329E-01
   2.689179E+01   6.877964E+02   1.424815E+02   5.491041E-01
   2.701600E+01   7.032209E+02   1.481129E+02   5.437201E-01
   2.714079E+01   7.118037E+02   1.519486E+02   5.400853E-01
   2.726615E+01   7.161050E+02   1.545749E+02   5.375020E-01
   2.739208E+01   7.173425E+02   1.561713E+02   5.357172E-01
   2.751861E+01   7.176938E+02   1.572739E+02   5.341446E-01
   2.764571E+01   7.173514E+02   1.580848E+02   5.327484E-01
   2.777340E+01   7.159203E+02   1.585008E+02   5.316787E-01
   2.790168E+01   7.125692E+02   1.583611E+02   5.312026E-01
   2.803056E+01   7.051253E+02   1.569882E+02   5.320755E-01
   2.816003E+01   6.927084E+02   1.536596E+02   5.347995E-01
   2.829010E+01   6.752665E+02   1.477210E+02   5.396472E-01
   2.842076E+01   6.563569E+02   1.394812E+02   5.454707E-01
   2.855204E+01   6.441535E+02   1.319067E+02   5.488016E-01
   2.868391E+01   6.413730E+02   1.272794E+02   5.479493E-01
   2.881640E+01   6.496059E+02   1.270864E+02   5.422127E-01
   2.894950E+01   6.680947E+02   1.314927E+02   5.323589E-01
   2.908322E+01   6.945033E+02   1.396460E+02   5.198624E-01
   2.921755E+01   7.325178E+02   1.523425E+02   5.046905E-01
   2.935250E+01   7.862375E+02   1.704107E+02   4.873219E-01
   2.948808E+01   8.571670E+02   1.943206E+02   4.685096E-01
   2.962428E+01   9.401885E+02   2.230929E+02   4.493704E-01
   2.976111E+01   1.021812E+03   2.536656E+02   4.311511E-01
   2.989857E+01   1.084501E+03   2.801114E+02   4.160562E-01
   3.003667E+01   1.126318E+03   3.009418E+02   4.040602E-01
   3.017540E+01   1.148327E+03   3.145652E+02   3.956452E-01
   3.031478E+01   1.162708E+03   3.251425E+02   3.888853E-01
   3.045480E+01   1.179480E+03   3.371299E+02   3.818445E-01
   3.059547E+01   1.203978E+03   3.541881E+02   3.729791E-01
   3.073678E+01   1.239482E+03   3.806220E+02   3.606950E-01
   3.087875E+01   1.280457E+03   4.168790E+02   3.451333E-01
   3.102138E+01   1.318163E+03   4.607284E+02   3.273826E-01
   3.116466E+01   1.343754E+03   5.074669E+02   3.090033E-01
   3.130861E+01   1.350303E+03   5.517812E+02   2.911419E-01
   3.145322E+01   1.335336E+03   5.897984E+02   2.745430E-01
   3.159850E+01   1.296748E+03   6.183245E+02   2.597480E-01
   3.174445E+01   1.234015E+03   6.375989E+02   2.466072E-01
   3.189107E+01   1.141443E+03   6.454714E+02   2.354553E-01
   3.203837E+01   1.023090E+03   6.437365E+02   2.262018E-01
   3.218635E+01   8.891077E+02   6.326960E+02   2.189194E-01
   3.233502E+01   7.576659E+02   6.142539E+02   2.133000E-01
   3.248437E+01   6.430913E+02   5.889443E+02   2.093315E-01
   3.263441E+01   5.550285E+02   5.598855E+02   2.068117E-01
   3.278515E+01   4.920679E+02   5.302439E+02   2.053921E-01
   3.293658E+01   4.530321E+02   4.998361E+02   2.060410E-01
   3.308871E+01   4.365417E+02   4.695152E+02   2.099772E-01
   3.324154E+01   4.342033E+02   4.436012E+02   2.162297E-01
   3.339508E+01   4.390254E+02   4.223333E+02   2.240329E-01
   3.354933E+01   4.455161E+02   4.057219E+02   2.319845E-01
   3.370429E+01   4.501993E+02   3.938679E+02   2.383745E-01
   3.385996E+01   4.519989E+02   3.845207E+02   2.433494E-01
   3.401636E+01   4.515308E+02   3.769428E+02   2.471178E-01
   3.417347E+01   4.491813E+02   3.706139E+02   2.498809E-01
   3.433132E+01   4.459057E+02   3.647350E+02   2.523837E-01
   3.448989E+01   4.428119E+02   3.591392E+02   2.550605E-01
   3.464919E+01   4.402493E+02   3.538667E+02   2.579687E-01
   3.480923E+01   4.381546E+02   3.489837E+02   2.609852E-01
   3.497001E+01   4.366303E+02   3.447182E+02   2.637716E-01
   3.513154E+01   4.346160E+02   3.413512E+02   2.655662E-01
   3.529380E+01   4.317858E+02   3.387093E+02   2.663809E-01
   3.545682E+01   4.280424E+02   3.367191E+02   2.662062E-01
   3.562059E+01   4.226922E+02   3.355353E+02   2.646038E-01
   3.578512E+01   4.159678E+02   3.347828E+02   2.620896E-01
   3.595041E+01   4.081795E+02   3.342774E+02   2.589571E-01
   3.611646E+01   3.995029E+02   3.339115E+02   2.554086E-01
   3.628327E+01   3.900977E+02   3.335136E+02   2.518910E-01
   3.645086E+01   3.806595E+02   3.329651E+02   2.491523E-01
   3.661922E+01   3.715831E+02   3.324656E+02   2.474949E-01
   3.678836E+01   3.627309E+02   3.321216E+02   2.475281E-01
   3.695828E+01   3.540195E+02   3.320314E+02   2.496534E-01
   3.712899E+01   3.457304E+02   3.319829E+02   2.540768E-01
   3.730048E+01   3.376043E+02   3.319603E+02   2.601040E-01
   3.747277E+01   3.300505E+02   3.314981E+02   2.677493E-01
   3.764585E+01   3.237130E+02   3.300635E+02   2.769298E-01
   3.781973E+01   3.195491E+02   3.270489E+02   2.875321E-01
   3.799442E+01   3.181711E+02   3.220525E+02   2.994067E-01
   3.816991E+01   3.201852E+02   3.148506E+02   3.122321E-01
   3.834621E+01   3.272401E+02   3.051824E+02   3.250686E-01
   3.852333E+01   3.397199E+02   2.942096E+02   3.354520E-01
   3.870126E+01   3.564005E+02   2.850147E+02   3.384991E-01
   3.888002E+01   3.692868E+02   2.820390E+02   3.311477E-01
   3.905960E+01   3.714982E+02   2.851377E+02   3.170971E-01
   3.924001E+01   3.630306E+02   2.912116E+02   3.019793E-01
   3.942126E+01   3.487356E+02   2.979753E+02   2.889965E-01
   3.960334E+01   3.327486E+02   3.042957E+02   2.806432E-01
   3.978626E+01   3.176666E+02   3.102016E+02   2.754723E-01
   3.997003E+01   3.032635E+02   3.160101E+02   2.724762E-01
   4.015465E+01   2.894826E+02   3.217265E+02   2.709707E-01
   4.034012E+01   2.764157E+02   3.271059E+02   2.706486E-01
   4.052644E+01   2.635238E+02   3.324004E+02   2.709230E-01
   4.071363E+01   2.507983E+02   3.376654E+02   2.715310E-01
   4.090168E+01   2.387114E+02   3.428154E+02   2.723852E-01
   4.109060E+01   2.277250E+02   3.477244E+02   2.734711E-01
   4.128039E+01   2.180411E+02   3.519840E+02   2.748916E-01
   4.147106E+01   2.088757E+02   3.554688E+02   2.766185E-01
   4.166261E+01   1.995772E+02   3.580508E+02   2.786955E-01
   4.185505E+01   1.902072E+02   3.596734E+02   2.810789E-01
   4.204837E+01   1.811893E+02   3.605902E+02   2.834631E-01
   4.224259E+01   1.730796E+02   3.611301E+02   2.855886E-01
   4.243770E+01   1.661139E+02   3.617079E+02   2.875198E-01
   4.263371E+01   1.605252E+02   3.625203E+02   2.895851E-01
   4.283063E+01   1.563758E+02   3.634412E+02   2.919906E-01
   4.302846E+01   1.531679E+02   3.640723E+02   2.946716E-01
   4.322721E+01   1.501186E+02   3.638152E+02   2.975629E-01
   4.342687E+01   1.466041E+02   3.623210E+02   3.008087E-01
   4.362745E+01   1.426849E+02   3.596076E+02   3.046507E-01
   4.382896E+01   1.389365E+02   3.559568E+02   3.090378E-01
   4.403140E+01   1.358890E+02   3.517389E+02   3.135858E-01
   4.423478E+01   1.339057E+02   3.470955E+02   3.180162E-01
   4.443909E+01   1.333798E+02   3.418189E+02   3.226450E-01
   4.464435E+01   1.351998E+02   3.353917E+02   3.283741E-01
   4.485056E+01   1.409612E+02   3.266338E+02   3.361152E-01
   4.505772E+01   1.511318E+02   3.149504E+02   3.451812E-01
   4.526583E+01   1.640174E+02   3.023488E+02   3.526101E-01
   4.547491E+01   1.663883E+02   3.006522E+02   3.497272E-01
   4.568495E+01   1.557049E+02   3.077086E+02   3.437360E-01
   4.589597E+01   1.431027E+02   3.151270E+02   3.399687E-01
   4.610795E+01   1.333159E+02   3.190685E+02   3.398383E-01
   4.632092E+01   1.273314E+02   3.183535E+02   3.424984E-01
   4.653487E+01   1.240264E+02   3.144186E+02   3.467466E-01
   4.674981E+01   1.225082E+02   3.088956E+02   3.516716E-01
   4.696574E+01   1.222181E+02   3.026387E+02   3.567295E-01
   4.718267E+01   1.228584E+02   2.958727E+02   3.619109E-01
   4.740060E+01   1.243977E+02   2.885905E+02   3.676775E-01
   4.761954E+01   1.270470E+02   2.806199E+02   3.745335E-01
   4.783949E+01   1.312195E+02   2.713653E+02   3.828398E-01
   4.806045E+01   1.366837E+02   2.607042E+02   3.922205E-01
   4.828244E+01   1.435256E+02   2.485451E+02   4.023454E-01
   4.850545E+01   1.520667E+02   2.349705E+02   4.129253E-01
   4.872949E+01   1.627427E+02   2.201367E+02   4.236455E-01
   4.895456E+01   1.763567E+02   2.040975E+02   4.341198E-01
   4.918068E+01   1.938848E+02   1.873126E+02   4.433024E-01
   4.940784E+01   2.154808E+02   1.713290E+02   4.492072E-01
   4.963605E+01   2.404004E+02   1.581943E+02   4.499157E-01
   4.986531E+01   2.666604E+02   1.495717E+02   4.447680E-01
   5.009563E+01   2.913795E+02   1.458951E+02   4.348053E-01
   5.032702E+01   3.118547E+02   1.467289E+02   4.215814E-01
   5.055947E+01   3.258380E+02   1.512692E+02   4.064767E-01
   5.079300E+01   3.316023E+02   1.579976E+02   3.915338E-01
   5.102761E+01   3.293932E+02   1.657447E+02   3.779067E-01
   5.126330E+01   3.201671E+02   1.736317E+02   3.666779E-01
   5.150008E+01   3.059588E+02   1.813730E+02   3.579449E-01
   5.173795E+01   2.870548E+02   1.887063E+02   3.531307E-01
   5.197692E+01   2.673655E+02   1.942616E+02   3.532114E-01
   5.221699E+01   2.495188E+02   1.975909E+02   3.570743E-01
   5.245818E+01   2.348908E+02   1.981670E+02   3.639944E-01
   5.270048E+01   2.245484E+02   1.951261E+02   3.739710E-01
   5.294389E+01   2.199600E+02   1.875805E+02   3.866345E-01
   5.318843E+01   2.227743E+02   1.751725E+02   4.008430E-01
   5.343411E+01   2.389004E+02   1.569966E+02   4.141159E-01
   5.368091E+01   2.687794E+02   1.385817E+02   4.192828E-01
   5.392886E+01   3.107319E+02   1.276322E+02   4.096459E-01
   5.417795E+01   3.542171E+02   1.286284E+02   3.864593E-01
   5.442819E+01   3.841795E+02   1.389840E+02   3.575160E-01
   5.467959E+01   3.922085E+02   1.529705E+02   3.297361E-01
   5.493214E+01   3.796640E+02   1.669899E+02   3.052881E-01
   5.518587E+01   3.589773E+02   1.769271E+02   2.882369E-01
   5.544077E+01   3.359800E+02   1.859717E+02   2.721099E-01
   5.569684E+01   3.120435E+02   1.936566E+02   2.590686E-01
   5.595410E+01   2.884955E+02   2.009208E+02   2.485581E-01
   5.621254E+01   2.659025E+02   2.085373E+02   2.401815E-01
   5.647218E+01   2.422179E+02   2.161205E+02   2.394765E-01
   5.673302E+01   2.304227E+02   2.175693E+02   2.462932E-01
   5.699506E+01   2.210119E+02   2.191804E+02   2.495949E-01
   5.725831E+01   2.120343E+02   2.212612E+02   2.511478E-01
   5.752278E+01   2.032418E+02   2.229484E+02   2.538385E-01
   5.778847E+01   1.967744E+02   2.227869E+02   2.584277E-01
   5.805539E+01   1.969515E+02   2.190301E+02   2.637524E-01
   5.832354E+01   1.988405E+02   2.159092E+02   2.649818E-01
   5.859293E+01   1.980843E+02   2.157855E+02   2.613412E-01
   5.886357E+01   1.921182E+02   2.196568E+02   2.535107E-01
   5.913545E+01   1.811873E+02   2.262113E+02   2.453913E-01
   5.940859E+01   1.674869E+02   2.340671E+02   2.381568E-01
   5.968299E+01   1.527077E+02   2.423346E+02   2.319276E-01
   5.995866E+01   1.380728E+02   2.505212E+02   2.268970E-01
   6.023560E+01   1.251786E+02   2.583036E+02   2.233313E-01
   6.051382E+01   1.160183E+02   2.646516E+02   2.216241E-01
   6.079333E+01   1.086017E+02   2.703656E+02   2.203605E-01
   6.107412E+01   1.016159E+02   2.748754E+02   2.192513E-01
   6.135622E+01   9.422875E+01   2.776445E+02   2.187944E-01
   6.163961E+01   8.698347E+01   2.784670E+02   2.197608E-01
   6.192432E+01   8.032556E+01   2.779508E+02   2.219195E-01
   6.221034E+01   7.472536E+01   2.766690E+02   2.242804E-01
   6.249768E+01   7.022892E+01   2.751997E+02   2.257323E-01
   6.278635E+01   6.648764E+01   2.738536E+02   2.255782E-01
   6.307635E+01   6.258334E+01   2.728328E+02   2.239613E-01
   6.336770E+01   5.845931E+01   2.721386E+02   2.218860E-01
   6.366038E+01   5.477765E+01   2.720049E+02   2.206493E-01
   6.395442E+01   5.219326E+01   2.727110E+02   2.206148E-01
   6.424982E+01   5.071617E+01   2.743110E+02   2.213730E-01
   6.454658E+01   5.005363E+01   2.765633E+02   2.223598E-01
   6.484471E+01   4.983290E+01   2.789606E+02   2.230560E-01
   6.514422E+01   4.956136E+01   2.810012E+02   2.230983E-01
   6.544512E+01   4.881262E+01   2.820340E+02   2.223747E-01
   6.574740E+01   4.736339E+01   2.815420E+02   2.212620E-01
   6.605108E+01   4.534452E+01   2.795043E+02   2.205215E-01
   6.635616E+01   4.304797E+01   2.763341E+02   2.207798E-01
   6.666265E+01   4.076420E+01   2.725186E+02   2.221639E-01
   6.697056E+01   3.871206E+01   2.684449E+02   2.243327E-01
   6.727989E+01   3.694439E+01   2.643491E+02   2.268508E-01
   6.759065E+01   3.550040E+01   2.604393E+02   2.292934E-01
   6.790284E+01   3.441073E+01   2.569244E+02   2.313085E-01
   6.821647E+01   3.366674E+01   2.539622E+02   2.326379E-01
   6.853156E+01   3.320354E+01   2.516401E+02   2.329589E-01
   6.884809E+01   3.280443E+01   2.498519E+02   2.318867E-01
   6.916610E+01   3.206592E+01   2.482162E+02   2.293364E-01
   6.948557E+01   3.074894E+01   2.463642E+02   2.260643E-01
   6.980651E+01   2.916694E+01   2.444463E+02   2.233779E-01
   7.012894E+01   2.779574E+01   2.429681E+02   2.219673E-01
   7.045286E+01   2.688323E+01   2.422759E+02   2.217264E-01
   7.077827E+01   2.644132E+01   2.424151E+02   2.222184E-01
   7.110518E+01   2.634812E+01   2.432404E+02   2.230514E-01
   7.143361E+01   2.646064E+01   2.445201E+02   2.239319E-01
   7.176355E+01   2.665172E+01   2.459631E+02   2.246009E-01
   7.209502E+01   2.678898E+01   2.472429E+02   2.248526E-01
   7.242802E+01   2.673782E+01   2.479435E+02   2.245287E-01
   7.276255E+01   2.639133E+01   2.476528E+02   2.236511E-01
   7.309864E+01   2.569719E+01   2.461444E+02   2.225026E-01
   7.343627E+01   2.471643E+01   2.434697E+02   2.215088E-01
   7.377546E+01   2.357407E+01   2.399195E+02   2.210434E-01
   7.411622E+01   2.238733E+01   2.358363E+02   2.212737E-01
   7.445856E+01   2.124552E+01   2.315176E+02   2.221235E-01
   7.480247E+01   2.018077E+01   2.271400E+02   2.233994E-01
   7.514797E+01   1.920527E+01   2.228246E+02   2.248604E-01
   7.549507E+01   1.832668E+01   2.186731E+02   2.262792E-01
   7.584378E+01   1.753403E+01   2.147428E+02   2.275231E-01
   7.619409E+01   1.682979E+01   2.111085E+02   2.285004E-01
   7.654602E+01   1.620967E+01   2.078171E+02   2.292018E-01
   7.689958E+01   1.567241E+01   2.049086E+02   2.296619E-01
   7.725477E+01   1.522255E+01   2.024228E+02   2.299341E-01
   7.761160E+01   1.485796E+01   2.003737E+02   2.301099E-01
   7.797007E+01   1.458450E+01   1.987826E+02   2.302656E-01
   7.833021E+01   1.440663E+01   1.976605E+02   2.304800E-01
   7.869201E+01   1.433140E+01   1.970202E+02   2.308079E-01
   7.905548E+01   1.436901E+01   1.968690E+02   2.312542E-01
   7.942062E+01   1.451908E+01   1.971987E+02   2.318011E-01
   7.978746E+01   1.476985E+01   1.979593E+02   2.323708E-01
   8.015599E+01   1.508809E+01   1.990536E+02   2.328995E-01
   8.052622E+01   1.543221E+01   2.003489E+02   2.333315E-01
   8.089816E+01   1.576367E+01   2.016986E+02   2.336015E-01
   8.127182E+01   1.604439E+01   2.029303E+02   2.336116E-01
   8.164720E+01   1.623102E+01   2.038109E+02   2.332354E-01
   8.202432E+01   1.627328E+01   2.040737E+02   2.324061E-01
   8.240318E+01   1.613464E+01   2.034692E+02   2.311602E-01
   8.278379E+01   1.580395E+01   2.018660E+02   2.296888E-01
   8.316616E+01   1.531153E+01   1.993102E+02   2.282709E-01
   8.355029E+01   1.471161E+01   1.959931E+02   2.271733E-01
   8.393620E+01   1.406231E+01   1.921634E+02   2.265516E-01
   8.432389E+01   1.341052E+01   1.880540E+02   2.264132E-01
   8.471337E+01   1.278065E+01   1.838214E+02   2.266630E-01
   8.510465E+01   1.218805E+01   1.795877E+02   2.271317E-01
   8.549774E+01   1.163359E+01   1.754149E+02   2.276565E-01
   8.589264E+01   1.112046E+01   1.713713E+02   2.280765E-01
   8.628937E+01   1.064493E+01   1.674894E+02   2.282899E-01
   8.668793E+01   1.020814E+01   1.638161E+02   2.282235E-01
   8.708833E+01   9.806206E+00   1.603700E+02   2.278618E-01
   8.749058E+01   9.438850E+00   1.571759E+02   2.272153E-01
   8.789469E+01   9.104176E+00   1.542434E+02   2.263270E-01
   8.830067E+01   8.801180E+00   1.515791E+02   2.252560E-01
   8.870852E+01   8.528273E+00   1.491806E+02   2.240749E-01
   8.911825E+01   8.283850E+00   1.470408E+02   2.228619E-01
   8.952988E+01   8.066480E+00   1.451500E+02   2.216958E-01
   8.994340E+01   7.874184E+00   1.434926E+02   2.206556E-01
   9.035884E+01   7.705755E+00   1.420527E+02   2.198144E-01
   9.077620E+01   7.558970E+00   1.408099E+02   2.192438E-01
   9.119548E+01   7.432545E+00   1.397445E+02   2.190044E-01
   9.161670E+01   7.324136E+00   1.388319E+02   2.191562E-01
   9.203987E+01   7.232138E+00   1.380479E+02   2.197447E-01
   9.246499E+01   7.154125E+00   1.373635E+02   2.208148E-01
   9.289207E+01   7.088240E+00   1.367484E+02   2.223923E-01
   9.332113E+01   7.031679E+00   1.361680E+02   2.245006E-01
   9.375217E+01   6.982020E+00   1.355854E+02   2.271378E-01
   9.418520E+01   6.935980E+00   1.349602E+02   2.302946E-01
   9.462023E+01   6.890600E+00   1.342520E+02   2.339276E-01
   9.505727E+01   6.842344E+00   1.334197E+02   2.379836E-01
   9.549632E+01   6.788377E+00   1.324273E+02   2.423750E-01
   9.593741E+01   6.725650E+00   1.312450E+02   2.470007E-01
   9.638053E+01   6.651846E+00   1.298549E+02   2.517381E-01
   9.682570E+01   6.565628E+00   1.282523E+02   2.564552E-01
   9.727293E+01   6.466671E+00   1.264476E+02   2.610198E-01
   9.772222E+01   6.355905E+00   1.244667E+02   2.653053E-01
   9.817359E+01   6.234736E+00   1.223433E+02   2.692141E-01
   9.862704E+01   6.105862E+00   1.201233E+02   2.726618E-01
   9.908259E+01   5.971601E+00   1.178500E+02   2.756066E-01
   9.954024E+01   5.835376E+00   1.155735E+02   2.780209E-01
   1.000000E+02   5.699161E+00   1.133286E+02   2.799261E-01
