#============================================================================
# Opacities computed by OpTool        <a^n>=  1.6617E-1  2.1501E-1  4.0285E-1
# Method:   DHS  fmax=  0.700
# Parameters:
#   amin [um]=      0.100 amax [um]=     20.000  na  =   35    apow=   3.5    
#   lmin [um]=      0.100 lmax [um]=    100.000  nlam= 1500    nang=   180
#   porosity =      0.000 p_mantle =      0.000  fmax= 0.70    chop=   0.0
# Composition:
#  Where   mfrac  rho   Material
#  -----   -----  ----  -----------------------------------------------------
#  core    1.000  4.83  fes
#  - - -   - - -  -  -  - - - - - - - - - - - - - - - - - - - - - - - - - - -
#  grain   1.000  4.83  mixture of  1 materials
#----------------------------------------------------------------------------
# Command: optool fes -a 0.1 20 -l 0.1 100 1500 -dhs 0.7
#============================================================================
# Standard output file, no scattering matrix
#    iformat
#    nlambda
#    lambda[um]  kabs [cm^2/g]  ksca [cm^2/g]    g_asymmetry
#============================================================================
           3
        1500
   1.000000E-01   1.231111E+03   2.497105E+03   7.179046E-01
   1.004619E-01   1.231085E+03   2.497976E+03   7.176595E-01
   1.009259E-01   1.231057E+03   2.498849E+03   7.174107E-01
   1.013921E-01   1.231028E+03   2.499726E+03   7.171604E-01
   1.018604E-01   1.230998E+03   2.500607E+03   7.169092E-01
   1.023309E-01   1.230968E+03   2.501493E+03   7.166578E-01
   1.028035E-01   1.230943E+03   2.502370E+03   7.164082E-01
   1.032784E-01   1.230925E+03   2.503234E+03   7.161597E-01
   1.037554E-01   1.230909E+03   2.504092E+03   7.159102E-01
   1.042346E-01   1.230893E+03   2.504952E+03   7.156582E-01
   1.047161E-01   1.230874E+03   2.505815E+03   7.154025E-01
   1.051997E-01   1.230901E+03   2.506642E+03   7.151563E-01
   1.056856E-01   1.230994E+03   2.507414E+03   7.149265E-01
   1.061738E-01   1.231087E+03   2.508179E+03   7.146942E-01
   1.066642E-01   1.231182E+03   2.508934E+03   7.144605E-01
   1.071569E-01   1.231278E+03   2.509685E+03   7.142256E-01
   1.076518E-01   1.231373E+03   2.510439E+03   7.139892E-01
   1.081490E-01   1.231467E+03   2.511193E+03   7.137520E-01
   1.086486E-01   1.231564E+03   2.511945E+03   7.135151E-01
   1.091504E-01   1.231664E+03   2.512691E+03   7.132795E-01
   1.096546E-01   1.231764E+03   2.513432E+03   7.130440E-01
   1.101610E-01   1.231861E+03   2.514177E+03   7.128061E-01
   1.106699E-01   1.231953E+03   2.514931E+03   7.125656E-01
   1.111810E-01   1.232043E+03   2.515695E+03   7.123244E-01
   1.116946E-01   1.232136E+03   2.516463E+03   7.120847E-01
   1.122105E-01   1.232239E+03   2.517225E+03   7.118497E-01
   1.127287E-01   1.232356E+03   2.517975E+03   7.116211E-01
   1.132494E-01   1.232484E+03   2.518710E+03   7.113979E-01
   1.137725E-01   1.232620E+03   2.519436E+03   7.111783E-01
   1.142980E-01   1.232759E+03   2.520155E+03   7.109606E-01
   1.148259E-01   1.232901E+03   2.520870E+03   7.107436E-01
   1.153563E-01   1.233046E+03   2.521579E+03   7.105273E-01
   1.158891E-01   1.233199E+03   2.522280E+03   7.103139E-01
   1.164244E-01   1.233358E+03   2.522977E+03   7.101027E-01
   1.169622E-01   1.233519E+03   2.523675E+03   7.098913E-01
   1.175024E-01   1.233681E+03   2.524373E+03   7.096779E-01
   1.180451E-01   1.233846E+03   2.525069E+03   7.094632E-01
   1.185904E-01   1.234017E+03   2.525757E+03   7.092489E-01
   1.191381E-01   1.234192E+03   2.526439E+03   7.090351E-01
   1.196884E-01   1.234370E+03   2.527115E+03   7.088212E-01
   1.202412E-01   1.234552E+03   2.527777E+03   7.086071E-01
   1.207966E-01   1.234737E+03   2.528423E+03   7.083913E-01
   1.213545E-01   1.234922E+03   2.529061E+03   7.081714E-01
   1.219151E-01   1.235102E+03   2.529700E+03   7.079460E-01
   1.224782E-01   1.235274E+03   2.530343E+03   7.077139E-01
   1.230439E-01   1.235437E+03   2.530998E+03   7.074742E-01
   1.236122E-01   1.235590E+03   2.531663E+03   7.072275E-01
   1.241832E-01   1.235738E+03   2.532332E+03   7.069754E-01
   1.247567E-01   1.235882E+03   2.533000E+03   7.067196E-01
   1.253330E-01   1.236042E+03   2.533648E+03   7.064660E-01
   1.259119E-01   1.236210E+03   2.534288E+03   7.062131E-01
   1.264935E-01   1.236374E+03   2.534937E+03   7.059564E-01
   1.270777E-01   1.236536E+03   2.535593E+03   7.056971E-01
   1.276647E-01   1.236698E+03   2.536254E+03   7.054365E-01
   1.282543E-01   1.236862E+03   2.536919E+03   7.051750E-01
   1.288467E-01   1.237027E+03   2.537592E+03   7.049121E-01
   1.294419E-01   1.237192E+03   2.538273E+03   7.046485E-01
   1.300397E-01   1.237362E+03   2.538961E+03   7.043859E-01
   1.306404E-01   1.237540E+03   2.539653E+03   7.041262E-01
   1.312438E-01   1.237731E+03   2.540337E+03   7.038717E-01
   1.318500E-01   1.237941E+03   2.541008E+03   7.036240E-01
   1.324590E-01   1.238166E+03   2.541664E+03   7.033823E-01
   1.330708E-01   1.238405E+03   2.542307E+03   7.031455E-01
   1.336854E-01   1.238656E+03   2.542938E+03   7.029131E-01
   1.343029E-01   1.238918E+03   2.543558E+03   7.026846E-01
   1.349232E-01   1.239192E+03   2.544163E+03   7.024598E-01
   1.355464E-01   1.239479E+03   2.544751E+03   7.022402E-01
   1.361725E-01   1.239779E+03   2.545322E+03   7.020250E-01
   1.368015E-01   1.240086E+03   2.545885E+03   7.018120E-01
   1.374333E-01   1.240400E+03   2.546440E+03   7.015994E-01
   1.380681E-01   1.240719E+03   2.546985E+03   7.013874E-01
   1.387058E-01   1.241047E+03   2.547518E+03   7.011772E-01
   1.393465E-01   1.241383E+03   2.548039E+03   7.009687E-01
   1.399901E-01   1.241722E+03   2.548552E+03   7.007612E-01
   1.406367E-01   1.242117E+03   2.548997E+03   7.005687E-01
   1.412863E-01   1.242516E+03   2.549426E+03   7.003754E-01
   1.419389E-01   1.242916E+03   2.549845E+03   7.001795E-01
   1.425945E-01   1.243316E+03   2.550261E+03   6.999804E-01
   1.432531E-01   1.243714E+03   2.550676E+03   6.997772E-01
   1.439148E-01   1.244106E+03   2.551098E+03   6.995692E-01
   1.445795E-01   1.244491E+03   2.551526E+03   6.993560E-01
   1.452473E-01   1.244872E+03   2.551959E+03   6.991379E-01
   1.459182E-01   1.245251E+03   2.552394E+03   6.989157E-01
   1.465922E-01   1.245627E+03   2.552833E+03   6.986896E-01
   1.472692E-01   1.245999E+03   2.553282E+03   6.984595E-01
   1.479495E-01   1.246368E+03   2.553744E+03   6.982250E-01
   1.486328E-01   1.246737E+03   2.554218E+03   6.979879E-01
   1.493193E-01   1.247108E+03   2.554701E+03   6.977496E-01
   1.500090E-01   1.247482E+03   2.555191E+03   6.975109E-01
   1.507019E-01   1.247861E+03   2.555689E+03   6.972713E-01
   1.513980E-01   1.248242E+03   2.556197E+03   6.970309E-01
   1.520973E-01   1.248626E+03   2.556716E+03   6.967905E-01
   1.527998E-01   1.249018E+03   2.557245E+03   6.965510E-01
   1.535056E-01   1.249420E+03   2.557775E+03   6.963143E-01
   1.542146E-01   1.249837E+03   2.558300E+03   6.960813E-01
   1.549269E-01   1.250268E+03   2.558820E+03   6.958517E-01
   1.556425E-01   1.250788E+03   2.559277E+03   6.956434E-01
   1.563614E-01   1.251329E+03   2.559722E+03   6.954398E-01
   1.570836E-01   1.251881E+03   2.560163E+03   6.952383E-01
   1.578091E-01   1.252442E+03   2.560595E+03   6.950387E-01
   1.585380E-01   1.253015E+03   2.561015E+03   6.948416E-01
   1.592703E-01   1.253596E+03   2.561426E+03   6.946456E-01
   1.600059E-01   1.254181E+03   2.561836E+03   6.944483E-01
   1.607450E-01   1.254766E+03   2.562247E+03   6.942480E-01
   1.614874E-01   1.255353E+03   2.562660E+03   6.940451E-01
   1.622333E-01   1.255942E+03   2.563071E+03   6.938404E-01
   1.629827E-01   1.256535E+03   2.563482E+03   6.936345E-01
   1.637355E-01   1.257128E+03   2.563896E+03   6.934269E-01
   1.644917E-01   1.257720E+03   2.564310E+03   6.932169E-01
   1.652515E-01   1.258312E+03   2.564722E+03   6.930036E-01
   1.660148E-01   1.258903E+03   2.565137E+03   6.927862E-01
   1.667816E-01   1.259491E+03   2.565559E+03   6.925648E-01
   1.675519E-01   1.260076E+03   2.565990E+03   6.923389E-01
   1.683258E-01   1.260656E+03   2.566437E+03   6.921085E-01
   1.691033E-01   1.261231E+03   2.566900E+03   6.918733E-01
   1.698844E-01   1.261802E+03   2.567379E+03   6.916339E-01
   1.706690E-01   1.262372E+03   2.567869E+03   6.913915E-01
   1.714573E-01   1.262943E+03   2.568372E+03   6.911469E-01
   1.722493E-01   1.263514E+03   2.568892E+03   6.909004E-01
   1.730449E-01   1.264087E+03   2.569431E+03   6.906524E-01
   1.738442E-01   1.264664E+03   2.569987E+03   6.904048E-01
   1.746471E-01   1.265249E+03   2.570557E+03   6.901593E-01
   1.754538E-01   1.265853E+03   2.571149E+03   6.899171E-01
   1.762642E-01   1.266474E+03   2.571762E+03   6.896785E-01
   1.770783E-01   1.267105E+03   2.572388E+03   6.894436E-01
   1.778962E-01   1.267747E+03   2.573026E+03   6.892132E-01
   1.787179E-01   1.268402E+03   2.573674E+03   6.889883E-01
   1.795434E-01   1.269074E+03   2.574324E+03   6.887706E-01
   1.803727E-01   1.269766E+03   2.574969E+03   6.885610E-01
   1.812058E-01   1.270478E+03   2.575608E+03   6.883589E-01
   1.820428E-01   1.271207E+03   2.576242E+03   6.881636E-01
   1.828836E-01   1.271953E+03   2.576869E+03   6.879751E-01
   1.837283E-01   1.272715E+03   2.577490E+03   6.877930E-01
   1.845769E-01   1.273492E+03   2.578098E+03   6.876170E-01
   1.854295E-01   1.274283E+03   2.578690E+03   6.874470E-01
   1.862860E-01   1.275084E+03   2.579269E+03   6.872808E-01
   1.871464E-01   1.275890E+03   2.579840E+03   6.871153E-01
   1.880108E-01   1.276698E+03   2.580407E+03   6.869484E-01
   1.888792E-01   1.277505E+03   2.580972E+03   6.867792E-01
   1.897516E-01   1.278311E+03   2.581531E+03   6.866074E-01
   1.906280E-01   1.279115E+03   2.582086E+03   6.864322E-01
   1.915085E-01   1.279912E+03   2.582640E+03   6.862522E-01
   1.923931E-01   1.280700E+03   2.583194E+03   6.860652E-01
   1.932817E-01   1.281477E+03   2.583747E+03   6.858695E-01
   1.941745E-01   1.282240E+03   2.584305E+03   6.856638E-01
   1.950713E-01   1.282989E+03   2.584872E+03   6.854478E-01
   1.959723E-01   1.283722E+03   2.585453E+03   6.852211E-01
   1.968775E-01   1.284438E+03   2.586053E+03   6.849838E-01
   1.977869E-01   1.285135E+03   2.586677E+03   6.847356E-01
   1.987004E-01   1.285816E+03   2.587325E+03   6.844771E-01
   1.996182E-01   1.286483E+03   2.587994E+03   6.842096E-01
   2.005402E-01   1.287092E+03   2.588725E+03   6.839231E-01
   2.014665E-01   1.287658E+03   2.589509E+03   6.836217E-01
   2.023970E-01   1.288214E+03   2.590324E+03   6.833138E-01
   2.033319E-01   1.288762E+03   2.591168E+03   6.830017E-01
   2.042710E-01   1.289306E+03   2.592038E+03   6.826871E-01
   2.052145E-01   1.289849E+03   2.592934E+03   6.823712E-01
   2.061624E-01   1.290392E+03   2.593856E+03   6.820546E-01
   2.071146E-01   1.290935E+03   2.594803E+03   6.817386E-01
   2.080713E-01   1.291482E+03   2.595778E+03   6.814245E-01
   2.090323E-01   1.292035E+03   2.596776E+03   6.811136E-01
   2.099978E-01   1.292600E+03   2.597792E+03   6.808083E-01
   2.109678E-01   1.293179E+03   2.598818E+03   6.805094E-01
   2.119422E-01   1.293774E+03   2.599852E+03   6.802171E-01
   2.129212E-01   1.294383E+03   2.600895E+03   6.799309E-01
   2.139046E-01   1.295008E+03   2.601944E+03   6.796514E-01
   2.148926E-01   1.295649E+03   2.602998E+03   6.793786E-01
   2.158852E-01   1.296305E+03   2.604051E+03   6.791125E-01
   2.168823E-01   1.296977E+03   2.605096E+03   6.788527E-01
   2.178841E-01   1.297661E+03   2.606134E+03   6.785969E-01
   2.188905E-01   1.298350E+03   2.607169E+03   6.783420E-01
   2.199015E-01   1.299041E+03   2.608203E+03   6.780854E-01
   2.209172E-01   1.299706E+03   2.609231E+03   6.778214E-01
   2.219376E-01   1.300365E+03   2.610253E+03   6.775527E-01
   2.229627E-01   1.301021E+03   2.611268E+03   6.772790E-01
   2.239925E-01   1.301667E+03   2.612278E+03   6.769982E-01
   2.250271E-01   1.302301E+03   2.613281E+03   6.767078E-01
   2.260665E-01   1.302918E+03   2.614277E+03   6.764058E-01
   2.271106E-01   1.303517E+03   2.615268E+03   6.760908E-01
   2.281596E-01   1.304096E+03   2.616258E+03   6.757623E-01
   2.292135E-01   1.304654E+03   2.617248E+03   6.754203E-01
   2.302722E-01   1.305189E+03   2.618244E+03   6.750651E-01
   2.313358E-01   1.305702E+03   2.619247E+03   6.746968E-01
   2.324043E-01   1.306192E+03   2.620260E+03   6.743161E-01
   2.334777E-01   1.306663E+03   2.621280E+03   6.739245E-01
   2.345562E-01   1.307115E+03   2.622312E+03   6.735232E-01
   2.356395E-01   1.307550E+03   2.623358E+03   6.731132E-01
   2.367279E-01   1.307970E+03   2.624421E+03   6.726957E-01
   2.378213E-01   1.308378E+03   2.625500E+03   6.722730E-01
   2.389198E-01   1.308776E+03   2.626595E+03   6.718466E-01
   2.400234E-01   1.309167E+03   2.627704E+03   6.714178E-01
   2.411320E-01   1.309552E+03   2.628829E+03   6.709876E-01
   2.422458E-01   1.309933E+03   2.629972E+03   6.705571E-01
   2.433647E-01   1.310313E+03   2.631134E+03   6.701277E-01
   2.444887E-01   1.310695E+03   2.632315E+03   6.697012E-01
   2.456180E-01   1.311082E+03   2.633508E+03   6.692796E-01
   2.467525E-01   1.311481E+03   2.634710E+03   6.688643E-01
   2.478922E-01   1.311891E+03   2.635920E+03   6.684554E-01
   2.490372E-01   1.312314E+03   2.637138E+03   6.680532E-01
   2.501874E-01   1.312765E+03   2.638355E+03   6.676618E-01
   2.513430E-01   1.313301E+03   2.639531E+03   6.672955E-01
   2.525040E-01   1.313856E+03   2.640710E+03   6.669389E-01
   2.536702E-01   1.314431E+03   2.641886E+03   6.665923E-01
   2.548419E-01   1.315026E+03   2.643061E+03   6.662543E-01
   2.560190E-01   1.315635E+03   2.644237E+03   6.659225E-01
   2.572015E-01   1.316256E+03   2.645417E+03   6.655956E-01
   2.583895E-01   1.316889E+03   2.646603E+03   6.652729E-01
   2.595830E-01   1.317535E+03   2.647790E+03   6.649539E-01
   2.607819E-01   1.318191E+03   2.648978E+03   6.646386E-01
   2.619865E-01   1.318855E+03   2.650166E+03   6.643256E-01
   2.631965E-01   1.319523E+03   2.651355E+03   6.640131E-01
   2.644122E-01   1.320194E+03   2.652543E+03   6.636995E-01
   2.656335E-01   1.320863E+03   2.653734E+03   6.633837E-01
   2.668604E-01   1.321530E+03   2.654927E+03   6.630648E-01
   2.680930E-01   1.322194E+03   2.656124E+03   6.627428E-01
   2.693313E-01   1.322851E+03   2.657327E+03   6.624178E-01
   2.705753E-01   1.323501E+03   2.658541E+03   6.620890E-01
   2.718251E-01   1.324143E+03   2.659763E+03   6.617566E-01
   2.730806E-01   1.324775E+03   2.660994E+03   6.614206E-01
   2.743419E-01   1.325399E+03   2.662234E+03   6.610815E-01
   2.756091E-01   1.326012E+03   2.663486E+03   6.607390E-01
   2.768821E-01   1.326615E+03   2.664750E+03   6.603933E-01
   2.781610E-01   1.327206E+03   2.666026E+03   6.600451E-01
   2.794458E-01   1.327787E+03   2.667312E+03   6.596943E-01
   2.807365E-01   1.328356E+03   2.668605E+03   6.593405E-01
   2.820332E-01   1.328911E+03   2.669905E+03   6.589829E-01
   2.833359E-01   1.329452E+03   2.671214E+03   6.586209E-01
   2.846445E-01   1.329976E+03   2.672531E+03   6.582539E-01
   2.859593E-01   1.330485E+03   2.673855E+03   6.578820E-01
   2.872801E-01   1.330979E+03   2.675180E+03   6.575050E-01
   2.886070E-01   1.331460E+03   2.676500E+03   6.571224E-01
   2.899400E-01   1.331925E+03   2.677815E+03   6.567323E-01
   2.912792E-01   1.332374E+03   2.679123E+03   6.563335E-01
   2.926246E-01   1.332807E+03   2.680425E+03   6.559254E-01
   2.939762E-01   1.333224E+03   2.681719E+03   6.555075E-01
   2.953341E-01   1.333627E+03   2.683001E+03   6.550799E-01
   2.966982E-01   1.334017E+03   2.684264E+03   6.546421E-01
   2.980686E-01   1.334392E+03   2.685509E+03   6.541918E-01
   2.994453E-01   1.334748E+03   2.686740E+03   6.537264E-01
   3.008284E-01   1.335132E+03   2.687948E+03   6.532538E-01
   3.022179E-01   1.335527E+03   2.689138E+03   6.527704E-01
   3.036138E-01   1.335906E+03   2.690318E+03   6.522701E-01
   3.050162E-01   1.336272E+03   2.691490E+03   6.517544E-01
   3.064250E-01   1.336625E+03   2.692655E+03   6.512238E-01
   3.078404E-01   1.336968E+03   2.693817E+03   6.506793E-01
   3.092622E-01   1.337303E+03   2.694977E+03   6.501224E-01
   3.106907E-01   1.337633E+03   2.696141E+03   6.495555E-01
   3.121257E-01   1.337962E+03   2.697309E+03   6.489812E-01
   3.135674E-01   1.338293E+03   2.698485E+03   6.484029E-01
   3.150157E-01   1.338628E+03   2.699672E+03   6.478233E-01
   3.164707E-01   1.338967E+03   2.700873E+03   6.472438E-01
   3.179325E-01   1.339313E+03   2.702095E+03   6.466650E-01
   3.194010E-01   1.339668E+03   2.703346E+03   6.460871E-01
   3.208762E-01   1.340027E+03   2.704611E+03   6.455117E-01
   3.223583E-01   1.340388E+03   2.705895E+03   6.449385E-01
   3.238473E-01   1.340752E+03   2.707197E+03   6.443677E-01
   3.253431E-01   1.341116E+03   2.708516E+03   6.437993E-01
   3.268458E-01   1.341481E+03   2.709852E+03   6.432329E-01
   3.283555E-01   1.341845E+03   2.711202E+03   6.426675E-01
   3.298721E-01   1.342206E+03   2.712568E+03   6.421022E-01
   3.313957E-01   1.342563E+03   2.713950E+03   6.415361E-01
   3.329264E-01   1.342914E+03   2.715349E+03   6.409684E-01
   3.344641E-01   1.343258E+03   2.716762E+03   6.403991E-01
   3.360090E-01   1.343598E+03   2.718186E+03   6.398278E-01
   3.375610E-01   1.343933E+03   2.719616E+03   6.392536E-01
   3.391201E-01   1.344261E+03   2.721051E+03   6.386750E-01
   3.406865E-01   1.344582E+03   2.722490E+03   6.380906E-01
   3.422601E-01   1.344895E+03   2.723933E+03   6.374998E-01
   3.438409E-01   1.345200E+03   2.725378E+03   6.369023E-01
   3.454291E-01   1.345500E+03   2.726820E+03   6.362982E-01
   3.470246E-01   1.345794E+03   2.728255E+03   6.356869E-01
   3.486274E-01   1.346080E+03   2.729680E+03   6.350664E-01
   3.502377E-01   1.346341E+03   2.731110E+03   6.344306E-01
   3.518554E-01   1.346504E+03   2.732599E+03   6.337604E-01
   3.534806E-01   1.346656E+03   2.734085E+03   6.330772E-01
   3.551133E-01   1.346798E+03   2.735566E+03   6.323813E-01
   3.567535E-01   1.346934E+03   2.737041E+03   6.316741E-01
   3.584013E-01   1.347063E+03   2.738512E+03   6.309560E-01
   3.600567E-01   1.347188E+03   2.739979E+03   6.302279E-01
   3.617198E-01   1.347309E+03   2.741443E+03   6.294911E-01
   3.633905E-01   1.347430E+03   2.742906E+03   6.287475E-01
   3.650690E-01   1.347553E+03   2.744370E+03   6.279994E-01
   3.667552E-01   1.347682E+03   2.745835E+03   6.272496E-01
   3.684492E-01   1.347817E+03   2.747303E+03   6.265005E-01
   3.701510E-01   1.347959E+03   2.748774E+03   6.257533E-01
   3.718607E-01   1.348109E+03   2.750249E+03   6.250090E-01
   3.735783E-01   1.348264E+03   2.751725E+03   6.242684E-01
   3.753038E-01   1.348425E+03   2.753204E+03   6.235315E-01
   3.770372E-01   1.348590E+03   2.754685E+03   6.227979E-01
   3.787787E-01   1.348758E+03   2.756169E+03   6.220676E-01
   3.805283E-01   1.348927E+03   2.757654E+03   6.213405E-01
   3.822859E-01   1.349096E+03   2.759139E+03   6.206160E-01
   3.840516E-01   1.349264E+03   2.760621E+03   6.198931E-01
   3.858255E-01   1.349428E+03   2.762102E+03   6.191707E-01
   3.876076E-01   1.349586E+03   2.763581E+03   6.184478E-01
   3.893979E-01   1.349737E+03   2.765058E+03   6.177237E-01
   3.911965E-01   1.349880E+03   2.766532E+03   6.169981E-01
   3.930034E-01   1.350016E+03   2.767999E+03   6.162703E-01
   3.948186E-01   1.350144E+03   2.769457E+03   6.155394E-01
   3.966422E-01   1.350262E+03   2.770903E+03   6.148038E-01
   3.984743E-01   1.350369E+03   2.772339E+03   6.140620E-01
   4.003148E-01   1.350438E+03   2.773772E+03   6.133081E-01
   4.021638E-01   1.350364E+03   2.775236E+03   6.125221E-01
   4.040213E-01   1.350280E+03   2.776686E+03   6.117286E-01
   4.058874E-01   1.350186E+03   2.778115E+03   6.109270E-01
   4.077622E-01   1.350080E+03   2.779525E+03   6.101151E-01
   4.096456E-01   1.349960E+03   2.780916E+03   6.092912E-01
   4.115377E-01   1.349824E+03   2.782291E+03   6.084540E-01
   4.134385E-01   1.349672E+03   2.783653E+03   6.076025E-01
   4.153481E-01   1.349507E+03   2.784999E+03   6.067368E-01
   4.172666E-01   1.349331E+03   2.786330E+03   6.058574E-01
   4.191939E-01   1.349144E+03   2.787647E+03   6.049647E-01
   4.211301E-01   1.348950E+03   2.788950E+03   6.040591E-01
   4.230752E-01   1.348749E+03   2.790242E+03   6.031416E-01
   4.250294E-01   1.348544E+03   2.791524E+03   6.022134E-01
   4.269925E-01   1.348338E+03   2.792799E+03   6.012759E-01
   4.289648E-01   1.348134E+03   2.794068E+03   6.003317E-01
   4.309461E-01   1.347935E+03   2.795332E+03   5.993826E-01
   4.329366E-01   1.347742E+03   2.796593E+03   5.984297E-01
   4.349363E-01   1.347556E+03   2.797853E+03   5.974740E-01
   4.369452E-01   1.347376E+03   2.799111E+03   5.965160E-01
   4.389634E-01   1.347203E+03   2.800368E+03   5.955557E-01
   4.409909E-01   1.347035E+03   2.801627E+03   5.945928E-01
   4.430278E-01   1.346873E+03   2.802888E+03   5.936274E-01
   4.450741E-01   1.346715E+03   2.804152E+03   5.926593E-01
   4.471298E-01   1.346561E+03   2.805418E+03   5.916879E-01
   4.491950E-01   1.346410E+03   2.806687E+03   5.907125E-01
   4.512698E-01   1.346304E+03   2.807916E+03   5.897433E-01
   4.533542E-01   1.346224E+03   2.809122E+03   5.887750E-01
   4.554482E-01   1.346143E+03   2.810334E+03   5.878004E-01
   4.575518E-01   1.346061E+03   2.811553E+03   5.868189E-01
   4.596652E-01   1.345977E+03   2.812778E+03   5.858302E-01
   4.617883E-01   1.345892E+03   2.814006E+03   5.848336E-01
   4.639213E-01   1.345805E+03   2.815238E+03   5.838277E-01
   4.660641E-01   1.345714E+03   2.816474E+03   5.828114E-01
   4.682168E-01   1.345619E+03   2.817716E+03   5.817839E-01
   4.703794E-01   1.345520E+03   2.818963E+03   5.807451E-01
   4.725520E-01   1.345418E+03   2.820213E+03   5.796948E-01
   4.747347E-01   1.345314E+03   2.821462E+03   5.786325E-01
   4.769274E-01   1.345207E+03   2.822711E+03   5.775567E-01
   4.791303E-01   1.345096E+03   2.823960E+03   5.764659E-01
   4.813433E-01   1.344978E+03   2.825211E+03   5.753591E-01
   4.835666E-01   1.344854E+03   2.826467E+03   5.742353E-01
   4.858001E-01   1.344726E+03   2.827726E+03   5.730945E-01
   4.880440E-01   1.344596E+03   2.828988E+03   5.719373E-01
   4.902982E-01   1.344465E+03   2.830252E+03   5.707642E-01
   4.925628E-01   1.344335E+03   2.831521E+03   5.695754E-01
   4.948379E-01   1.344209E+03   2.832793E+03   5.683721E-01
   4.971235E-01   1.344087E+03   2.834073E+03   5.671553E-01
   4.994197E-01   1.343974E+03   2.835359E+03   5.659263E-01
   5.017264E-01   1.343872E+03   2.836654E+03   5.646876E-01
   5.040438E-01   1.343784E+03   2.837957E+03   5.634411E-01
   5.063720E-01   1.343711E+03   2.839270E+03   5.621880E-01
   5.087108E-01   1.343655E+03   2.840594E+03   5.609298E-01
   5.110605E-01   1.343616E+03   2.841928E+03   5.596671E-01
   5.134210E-01   1.343594E+03   2.843274E+03   5.584003E-01
   5.157925E-01   1.343588E+03   2.844631E+03   5.571293E-01
   5.181748E-01   1.343597E+03   2.846001E+03   5.558547E-01
   5.205682E-01   1.343622E+03   2.847383E+03   5.545764E-01
   5.229727E-01   1.343662E+03   2.848777E+03   5.532942E-01
   5.253882E-01   1.343715E+03   2.850182E+03   5.520077E-01
   5.278149E-01   1.343780E+03   2.851598E+03   5.507163E-01
   5.302528E-01   1.343879E+03   2.853020E+03   5.494232E-01
   5.327020E-01   1.344183E+03   2.854391E+03   5.481557E-01
   5.351625E-01   1.344498E+03   2.855774E+03   5.468826E-01
   5.376343E-01   1.344824E+03   2.857167E+03   5.456039E-01
   5.401176E-01   1.345160E+03   2.858569E+03   5.443189E-01
   5.426123E-01   1.345506E+03   2.859978E+03   5.430269E-01
   5.451186E-01   1.345859E+03   2.861394E+03   5.417271E-01
   5.476364E-01   1.346219E+03   2.862818E+03   5.404190E-01
   5.501659E-01   1.346586E+03   2.864247E+03   5.391027E-01
   5.527070E-01   1.346960E+03   2.865681E+03   5.377783E-01
   5.552599E-01   1.347344E+03   2.867113E+03   5.364456E-01
   5.578246E-01   1.347735E+03   2.868544E+03   5.351034E-01
   5.604011E-01   1.348131E+03   2.869971E+03   5.337508E-01
   5.629895E-01   1.348531E+03   2.871396E+03   5.323872E-01
   5.655899E-01   1.348936E+03   2.872820E+03   5.310115E-01
   5.682023E-01   1.349345E+03   2.874241E+03   5.296243E-01
   5.708268E-01   1.349794E+03   2.875657E+03   5.282309E-01
   5.734634E-01   1.350324E+03   2.877068E+03   5.268379E-01
   5.761121E-01   1.350864E+03   2.878469E+03   5.254358E-01
   5.787731E-01   1.351417E+03   2.879860E+03   5.240259E-01
   5.814464E-01   1.351984E+03   2.881243E+03   5.226091E-01
   5.841320E-01   1.352568E+03   2.882616E+03   5.211871E-01
   5.868300E-01   1.353171E+03   2.883978E+03   5.197622E-01
   5.895405E-01   1.353796E+03   2.885330E+03   5.183362E-01
   5.922636E-01   1.354444E+03   2.886670E+03   5.169106E-01
   5.949991E-01   1.355115E+03   2.887998E+03   5.154869E-01
   5.977474E-01   1.355811E+03   2.889313E+03   5.140660E-01
   6.005083E-01   1.356530E+03   2.890614E+03   5.126484E-01
   6.032820E-01   1.357273E+03   2.891900E+03   5.112344E-01
   6.060685E-01   1.358038E+03   2.893172E+03   5.098247E-01
   6.088678E-01   1.358825E+03   2.894426E+03   5.084194E-01
   6.116801E-01   1.359632E+03   2.895663E+03   5.070186E-01
   6.145054E-01   1.360459E+03   2.896879E+03   5.056221E-01
   6.173437E-01   1.361305E+03   2.898075E+03   5.042296E-01
   6.201951E-01   1.362167E+03   2.899250E+03   5.028409E-01
   6.230597E-01   1.363045E+03   2.900403E+03   5.014561E-01
   6.259376E-01   1.363938E+03   2.901533E+03   5.000752E-01
   6.288287E-01   1.364846E+03   2.902638E+03   4.986983E-01
   6.317332E-01   1.365767E+03   2.903714E+03   4.973249E-01
   6.346511E-01   1.366700E+03   2.904761E+03   4.959546E-01
   6.375825E-01   1.367644E+03   2.905778E+03   4.945869E-01
   6.405274E-01   1.368598E+03   2.906764E+03   4.932216E-01
   6.434859E-01   1.369561E+03   2.907718E+03   4.918588E-01
   6.464581E-01   1.370533E+03   2.908637E+03   4.904987E-01
   6.494440E-01   1.371515E+03   2.909517E+03   4.891411E-01
   6.524437E-01   1.372211E+03   2.910488E+03   4.877496E-01
   6.554572E-01   1.372843E+03   2.911451E+03   4.863513E-01
   6.584847E-01   1.373474E+03   2.912375E+03   4.849538E-01
   6.615262E-01   1.374103E+03   2.913260E+03   4.835565E-01
   6.645817E-01   1.374732E+03   2.914105E+03   4.821599E-01
   6.676513E-01   1.375361E+03   2.914909E+03   4.807643E-01
   6.707351E-01   1.375990E+03   2.915671E+03   4.793704E-01
   6.738331E-01   1.376621E+03   2.916388E+03   4.779788E-01
   6.769455E-01   1.377254E+03   2.917062E+03   4.765903E-01
   6.800722E-01   1.377890E+03   2.917692E+03   4.752056E-01
   6.832134E-01   1.378531E+03   2.918278E+03   4.738260E-01
   6.863691E-01   1.379179E+03   2.918819E+03   4.724532E-01
   6.895393E-01   1.379834E+03   2.919314E+03   4.710884E-01
   6.927242E-01   1.380498E+03   2.919763E+03   4.697328E-01
   6.959238E-01   1.381172E+03   2.920166E+03   4.683875E-01
   6.991382E-01   1.381855E+03   2.920522E+03   4.670532E-01
   7.023674E-01   1.382548E+03   2.920831E+03   4.657302E-01
   7.056116E-01   1.383249E+03   2.921092E+03   4.644188E-01
   7.088707E-01   1.383959E+03   2.921305E+03   4.631195E-01
   7.121449E-01   1.384676E+03   2.921470E+03   4.618322E-01
   7.154342E-01   1.385399E+03   2.921585E+03   4.605571E-01
   7.187387E-01   1.386128E+03   2.921651E+03   4.592938E-01
   7.220585E-01   1.386861E+03   2.921666E+03   4.580420E-01
   7.253936E-01   1.387597E+03   2.921632E+03   4.568015E-01
   7.287441E-01   1.388335E+03   2.921548E+03   4.555722E-01
   7.321101E-01   1.388525E+03   2.921642E+03   4.542589E-01
   7.354916E-01   1.388385E+03   2.921823E+03   4.528985E-01
   7.388887E-01   1.388243E+03   2.921956E+03   4.515473E-01
   7.423016E-01   1.388098E+03   2.922039E+03   4.502051E-01
   7.457302E-01   1.387949E+03   2.922073E+03   4.488714E-01
   7.491746E-01   1.387795E+03   2.922058E+03   4.475456E-01
   7.526350E-01   1.387635E+03   2.921994E+03   4.462280E-01
   7.561113E-01   1.387469E+03   2.921880E+03   4.449184E-01
   7.596037E-01   1.387298E+03   2.921715E+03   4.436165E-01
   7.631122E-01   1.387120E+03   2.921497E+03   4.423220E-01
   7.666369E-01   1.386934E+03   2.921228E+03   4.410342E-01
   7.701779E-01   1.386740E+03   2.920906E+03   4.397526E-01
   7.737353E-01   1.386536E+03   2.920534E+03   4.384766E-01
   7.773091E-01   1.386322E+03   2.920111E+03   4.372065E-01
   7.808994E-01   1.386100E+03   2.919637E+03   4.359421E-01
   7.845062E-01   1.385869E+03   2.919111E+03   4.346837E-01
   7.881298E-01   1.385630E+03   2.918534E+03   4.334315E-01
   7.917700E-01   1.385384E+03   2.917904E+03   4.321858E-01
   7.954271E-01   1.385132E+03   2.917224E+03   4.309468E-01
   7.991011E-01   1.384874E+03   2.916492E+03   4.297154E-01
   8.027921E-01   1.384613E+03   2.915708E+03   4.284922E-01
   8.065001E-01   1.384349E+03   2.914874E+03   4.272780E-01
   8.102252E-01   1.384083E+03   2.913988E+03   4.260738E-01
   8.139675E-01   1.383817E+03   2.913051E+03   4.248800E-01
   8.177271E-01   1.383551E+03   2.912063E+03   4.236972E-01
   8.215041E-01   1.383285E+03   2.911024E+03   4.225259E-01
   8.252985E-01   1.383020E+03   2.909934E+03   4.213662E-01
   8.291105E-01   1.382755E+03   2.908794E+03   4.202183E-01
   8.329400E-01   1.382490E+03   2.907603E+03   4.190824E-01
   8.367873E-01   1.382225E+03   2.906362E+03   4.179584E-01
   8.406523E-01   1.381959E+03   2.905071E+03   4.168460E-01
   8.445352E-01   1.381691E+03   2.903730E+03   4.157450E-01
   8.484360E-01   1.381421E+03   2.902339E+03   4.146553E-01
   8.523548E-01   1.381087E+03   2.900874E+03   4.135332E-01
   8.562917E-01   1.380712E+03   2.899342E+03   4.123927E-01
   8.602468E-01   1.380336E+03   2.897758E+03   4.112626E-01
   8.642202E-01   1.379959E+03   2.896123E+03   4.101424E-01
   8.682119E-01   1.379580E+03   2.894437E+03   4.090321E-01
   8.722221E-01   1.379199E+03   2.892700E+03   4.079311E-01
   8.762508E-01   1.378814E+03   2.890913E+03   4.068392E-01
   8.802981E-01   1.378426E+03   2.889078E+03   4.057560E-01
   8.843641E-01   1.378034E+03   2.887193E+03   4.046815E-01
   8.884488E-01   1.377638E+03   2.885259E+03   4.036154E-01
   8.925525E-01   1.377237E+03   2.883276E+03   4.025574E-01
   8.966751E-01   1.376832E+03   2.881244E+03   4.015070E-01
   9.008167E-01   1.376420E+03   2.879164E+03   4.004636E-01
   9.049775E-01   1.376002E+03   2.877036E+03   3.994267E-01
   9.091574E-01   1.375578E+03   2.874861E+03   3.983961E-01
   9.133567E-01   1.375146E+03   2.872641E+03   3.973714E-01
   9.175754E-01   1.374707E+03   2.870374E+03   3.963527E-01
   9.218136E-01   1.374263E+03   2.868062E+03   3.953398E-01
   9.260713E-01   1.373813E+03   2.865704E+03   3.943329E-01
   9.303487E-01   1.373358E+03   2.863301E+03   3.933319E-01
   9.346459E-01   1.372898E+03   2.860854E+03   3.923372E-01
   9.389629E-01   1.372436E+03   2.858363E+03   3.913490E-01
   9.432999E-01   1.371972E+03   2.855827E+03   3.903680E-01
   9.476568E-01   1.371506E+03   2.853248E+03   3.893945E-01
   9.520339E-01   1.371042E+03   2.850626E+03   3.884293E-01
   9.564313E-01   1.370579E+03   2.847961E+03   3.874727E-01
   9.608489E-01   1.370118E+03   2.845253E+03   3.865253E-01
   9.652870E-01   1.369659E+03   2.842502E+03   3.855874E-01
   9.697455E-01   1.369204E+03   2.839710E+03   3.846591E-01
   9.742246E-01   1.368753E+03   2.836876E+03   3.837406E-01
   9.787245E-01   1.368304E+03   2.834001E+03   3.828320E-01
   9.832451E-01   1.367859E+03   2.831085E+03   3.819332E-01
   9.877866E-01   1.367418E+03   2.828128E+03   3.810442E-01
   9.923490E-01   1.366979E+03   2.825132E+03   3.801649E-01
   9.969326E-01   1.366543E+03   2.822095E+03   3.792951E-01
   1.001537E+00   1.366379E+03   2.818905E+03   3.784676E-01
   1.006163E+00   1.366762E+03   2.815445E+03   3.777152E-01
   1.010811E+00   1.367151E+03   2.811949E+03   3.769720E-01
   1.015479E+00   1.367548E+03   2.808416E+03   3.762379E-01
   1.020170E+00   1.367951E+03   2.804847E+03   3.755124E-01
   1.024882E+00   1.368360E+03   2.801244E+03   3.747951E-01
   1.029616E+00   1.368773E+03   2.797607E+03   3.740858E-01
   1.034371E+00   1.369192E+03   2.793936E+03   3.733843E-01
   1.039149E+00   1.369614E+03   2.790233E+03   3.726905E-01
   1.043949E+00   1.370040E+03   2.786498E+03   3.720039E-01
   1.048770E+00   1.370469E+03   2.782730E+03   3.713241E-01
   1.053615E+00   1.370900E+03   2.778930E+03   3.706505E-01
   1.058481E+00   1.371333E+03   2.775099E+03   3.699827E-01
   1.063370E+00   1.371765E+03   2.771239E+03   3.693201E-01
   1.068282E+00   1.372197E+03   2.767351E+03   3.686625E-01
   1.073216E+00   1.372629E+03   2.763434E+03   3.680094E-01
   1.078173E+00   1.373060E+03   2.759490E+03   3.673609E-01
   1.083153E+00   1.373491E+03   2.755518E+03   3.667166E-01
   1.088156E+00   1.373921E+03   2.751519E+03   3.660766E-01
   1.093182E+00   1.374352E+03   2.747493E+03   3.654408E-01
   1.098231E+00   1.374782E+03   2.743441E+03   3.648095E-01
   1.103304E+00   1.375213E+03   2.739364E+03   3.641829E-01
   1.108400E+00   1.375646E+03   2.735261E+03   3.635614E-01
   1.113519E+00   1.376082E+03   2.731133E+03   3.629454E-01
   1.118663E+00   1.376520E+03   2.726980E+03   3.623355E-01
   1.123830E+00   1.376962E+03   2.722802E+03   3.617322E-01
   1.129020E+00   1.377409E+03   2.718600E+03   3.611357E-01
   1.134235E+00   1.377859E+03   2.714373E+03   3.605465E-01
   1.139474E+00   1.378314E+03   2.710122E+03   3.599645E-01
   1.144737E+00   1.378772E+03   2.705848E+03   3.593901E-01
   1.150025E+00   1.379237E+03   2.701550E+03   3.588238E-01
   1.155336E+00   1.380262E+03   2.697008E+03   3.583939E-01
   1.160673E+00   1.381285E+03   2.692443E+03   3.579722E-01
   1.166034E+00   1.382304E+03   2.687856E+03   3.575585E-01
   1.171420E+00   1.383317E+03   2.683245E+03   3.571527E-01
   1.176830E+00   1.384324E+03   2.678613E+03   3.567547E-01
   1.182266E+00   1.385323E+03   2.673959E+03   3.563641E-01
   1.187727E+00   1.386313E+03   2.669284E+03   3.559807E-01
   1.193213E+00   1.387292E+03   2.664588E+03   3.556042E-01
   1.198724E+00   1.388258E+03   2.659872E+03   3.552341E-01
   1.204261E+00   1.389209E+03   2.655136E+03   3.548700E-01
   1.209823E+00   1.390145E+03   2.650383E+03   3.545118E-01
   1.215411E+00   1.391063E+03   2.645612E+03   3.541591E-01
   1.221025E+00   1.391962E+03   2.640824E+03   3.538117E-01
   1.226665E+00   1.392841E+03   2.636018E+03   3.534690E-01
   1.232330E+00   1.393698E+03   2.631195E+03   3.531305E-01
   1.238022E+00   1.394531E+03   2.626357E+03   3.527956E-01
   1.243741E+00   1.395338E+03   2.621504E+03   3.524637E-01
   1.249485E+00   1.396117E+03   2.616637E+03   3.521344E-01
   1.255257E+00   1.396868E+03   2.611757E+03   3.518074E-01
   1.261054E+00   1.397589E+03   2.606864E+03   3.514824E-01
   1.266879E+00   1.398280E+03   2.601959E+03   3.511592E-01
   1.272731E+00   1.398940E+03   2.597041E+03   3.508376E-01
   1.278609E+00   1.399569E+03   2.592112E+03   3.505175E-01
   1.284515E+00   1.400166E+03   2.587172E+03   3.501991E-01
   1.290448E+00   1.400731E+03   2.582220E+03   3.498825E-01
   1.296408E+00   1.401264E+03   2.577258E+03   3.495679E-01
   1.302396E+00   1.401712E+03   2.572278E+03   3.492787E-01
   1.308412E+00   1.402042E+03   2.567276E+03   3.490266E-01
   1.314455E+00   1.402330E+03   2.562266E+03   3.487771E-01
   1.320527E+00   1.402578E+03   2.557247E+03   3.485306E-01
   1.326626E+00   1.402785E+03   2.552221E+03   3.482874E-01
   1.332754E+00   1.402951E+03   2.547187E+03   3.480475E-01
   1.338909E+00   1.403077E+03   2.542146E+03   3.478112E-01
   1.345094E+00   1.403163E+03   2.537098E+03   3.475784E-01
   1.351306E+00   1.403151E+03   2.532056E+03   3.473499E-01
   1.357548E+00   1.402882E+03   2.527059E+03   3.471275E-01
   1.363818E+00   1.402569E+03   2.522058E+03   3.469078E-01
   1.370118E+00   1.402210E+03   2.517054E+03   3.466909E-01
   1.376446E+00   1.401807E+03   2.512047E+03   3.464765E-01
   1.382804E+00   1.401359E+03   2.507038E+03   3.462644E-01
   1.389191E+00   1.400866E+03   2.502026E+03   3.460545E-01
   1.395607E+00   1.400327E+03   2.497012E+03   3.458464E-01
   1.402053E+00   1.399445E+03   2.492096E+03   3.456165E-01
   1.408529E+00   1.397874E+03   2.487396E+03   3.453370E-01
   1.415035E+00   1.396254E+03   2.482702E+03   3.450567E-01
   1.421571E+00   1.394586E+03   2.478016E+03   3.447755E-01
   1.428137E+00   1.392870E+03   2.473338E+03   3.444931E-01
   1.434733E+00   1.391105E+03   2.468667E+03   3.442092E-01
   1.441360E+00   1.389292E+03   2.464004E+03   3.439233E-01
   1.448018E+00   1.387430E+03   2.459349E+03   3.436350E-01
   1.454706E+00   1.385521E+03   2.454704E+03   3.433441E-01
   1.461425E+00   1.383563E+03   2.450069E+03   3.430502E-01
   1.468175E+00   1.381558E+03   2.445444E+03   3.427532E-01
   1.474956E+00   1.379506E+03   2.440829E+03   3.424530E-01
   1.481769E+00   1.377408E+03   2.436225E+03   3.421495E-01
   1.488613E+00   1.375265E+03   2.431632E+03   3.418428E-01
   1.495489E+00   1.373077E+03   2.427050E+03   3.415328E-01
   1.502396E+00   1.370845E+03   2.422479E+03   3.412198E-01
   1.509336E+00   1.368571E+03   2.417920E+03   3.409040E-01
   1.516307E+00   1.366256E+03   2.413372E+03   3.405856E-01
   1.523311E+00   1.363901E+03   2.408836E+03   3.402651E-01
   1.530347E+00   1.361395E+03   2.404360E+03   3.399231E-01
   1.537415E+00   1.356712E+03   2.400838E+03   3.392048E-01
   1.544516E+00   1.352004E+03   2.397322E+03   3.384880E-01
   1.551650E+00   1.347271E+03   2.393812E+03   3.377731E-01
   1.558817E+00   1.342514E+03   2.390306E+03   3.370601E-01
   1.566017E+00   1.337732E+03   2.386806E+03   3.363490E-01
   1.573250E+00   1.332927E+03   2.383310E+03   3.356398E-01
   1.580517E+00   1.328098E+03   2.379820E+03   3.349326E-01
   1.587817E+00   1.323246E+03   2.376334E+03   3.342274E-01
   1.595151E+00   1.318371E+03   2.372852E+03   3.335241E-01
   1.602519E+00   1.313473E+03   2.369375E+03   3.328227E-01
   1.609921E+00   1.308553E+03   2.365903E+03   3.321233E-01
   1.617357E+00   1.303610E+03   2.362434E+03   3.314256E-01
   1.624827E+00   1.298645E+03   2.358970E+03   3.307297E-01
   1.632332E+00   1.293657E+03   2.355509E+03   3.300353E-01
   1.639872E+00   1.288647E+03   2.352052E+03   3.293423E-01
   1.647446E+00   1.283614E+03   2.348600E+03   3.286506E-01
   1.655055E+00   1.277938E+03   2.345395E+03   3.276746E-01
   1.662700E+00   1.271951E+03   2.342292E+03   3.265628E-01
   1.670380E+00   1.265973E+03   2.339161E+03   3.254614E-01
   1.678095E+00   1.260004E+03   2.336002E+03   3.243702E-01
   1.685846E+00   1.254043E+03   2.332816E+03   3.232891E-01
   1.693633E+00   1.248092E+03   2.329604E+03   3.222177E-01
   1.701455E+00   1.242150E+03   2.326365E+03   3.211561E-01
   1.709314E+00   1.236217E+03   2.323101E+03   3.201038E-01
   1.717209E+00   1.230294E+03   2.319813E+03   3.190610E-01
   1.725141E+00   1.224380E+03   2.316500E+03   3.180273E-01
   1.733109E+00   1.218475E+03   2.313163E+03   3.170027E-01
   1.741114E+00   1.212581E+03   2.309804E+03   3.159871E-01
   1.749156E+00   1.206697E+03   2.306421E+03   3.149805E-01
   1.757235E+00   1.200824E+03   2.303017E+03   3.139829E-01
   1.765352E+00   1.194962E+03   2.299591E+03   3.129942E-01
   1.773506E+00   1.189112E+03   2.296144E+03   3.120146E-01
   1.781697E+00   1.183273E+03   2.292675E+03   3.110439E-01
   1.789927E+00   1.177446E+03   2.289187E+03   3.100822E-01
   1.798194E+00   1.171633E+03   2.285678E+03   3.091295E-01
   1.806500E+00   1.167158E+03   2.281600E+03   3.080883E-01
   1.814844E+00   1.163035E+03   2.277376E+03   3.070239E-01
   1.823226E+00   1.158889E+03   2.273161E+03   3.059631E-01
   1.831647E+00   1.154721E+03   2.268954E+03   3.049064E-01
   1.840108E+00   1.150532E+03   2.264755E+03   3.038541E-01
   1.848607E+00   1.146321E+03   2.260563E+03   3.028067E-01
   1.857145E+00   1.142088E+03   2.256377E+03   3.017645E-01
   1.865723E+00   1.137835E+03   2.252196E+03   3.007278E-01
   1.874341E+00   1.133559E+03   2.248020E+03   2.996970E-01
   1.882998E+00   1.129263E+03   2.243849E+03   2.986725E-01
   1.891696E+00   1.124946E+03   2.239681E+03   2.976547E-01
   1.900433E+00   1.120845E+03   2.235446E+03   2.966618E-01
   1.909211E+00   1.121246E+03   2.229903E+03   2.960140E-01
   1.918029E+00   1.121569E+03   2.224428E+03   2.953565E-01
   1.926888E+00   1.121816E+03   2.219018E+03   2.946899E-01
   1.935788E+00   1.121990E+03   2.213671E+03   2.940152E-01
   1.944730E+00   1.122092E+03   2.208385E+03   2.933330E-01
   1.953712E+00   1.122124E+03   2.203157E+03   2.926441E-01
   1.962736E+00   1.122089E+03   2.197986E+03   2.919493E-01
   1.971802E+00   1.121987E+03   2.192868E+03   2.912492E-01
   1.980909E+00   1.121821E+03   2.187802E+03   2.905446E-01
   1.990059E+00   1.121593E+03   2.182786E+03   2.898360E-01
   1.999251E+00   1.121302E+03   2.177817E+03   2.891241E-01
   2.008485E+00   1.120020E+03   2.173151E+03   2.882660E-01
   2.017762E+00   1.118591E+03   2.168550E+03   2.873954E-01
   2.027082E+00   1.117099E+03   2.163987E+03   2.865256E-01
   2.036445E+00   1.115546E+03   2.159461E+03   2.856574E-01
   2.045851E+00   1.113933E+03   2.154971E+03   2.847911E-01
   2.055300E+00   1.112262E+03   2.150514E+03   2.839275E-01
   2.064793E+00   1.110533E+03   2.146089E+03   2.830671E-01
   2.074330E+00   1.108749E+03   2.141693E+03   2.822107E-01
   2.083911E+00   1.106910E+03   2.137326E+03   2.813589E-01
   2.093537E+00   1.105018E+03   2.132986E+03   2.805120E-01
   2.103207E+00   1.103074E+03   2.128670E+03   2.796703E-01
   2.112921E+00   1.101078E+03   2.124379E+03   2.788343E-01
   2.122680E+00   1.099032E+03   2.120110E+03   2.780042E-01
   2.132485E+00   1.096936E+03   2.115864E+03   2.771804E-01
   2.142334E+00   1.094792E+03   2.111637E+03   2.763636E-01
   2.152230E+00   1.096349E+03   2.107085E+03   2.755108E-01
   2.162170E+00   1.110009E+03   2.101850E+03   2.744482E-01
   2.172157E+00   1.122328E+03   2.097403E+03   2.732927E-01
   2.182190E+00   1.133258E+03   2.093712E+03   2.720559E-01
   2.192269E+00   1.142763E+03   2.090749E+03   2.707476E-01
   2.202395E+00   1.150828E+03   2.088491E+03   2.693756E-01
   2.212568E+00   1.157464E+03   2.086918E+03   2.679451E-01
   2.222787E+00   1.162697E+03   2.086017E+03   2.664589E-01
   2.233054E+00   1.166566E+03   2.085781E+03   2.649183E-01
   2.243368E+00   1.169111E+03   2.086207E+03   2.633254E-01
   2.253730E+00   1.170365E+03   2.087295E+03   2.616854E-01
   2.264140E+00   1.170344E+03   2.089040E+03   2.600074E-01
   2.274598E+00   1.170156E+03   2.088500E+03   2.590088E-01
   2.285104E+00   1.170167E+03   2.084496E+03   2.589011E-01
   2.295658E+00   1.168931E+03   2.080675E+03   2.587737E-01
   2.306262E+00   1.166545E+03   2.077096E+03   2.586190E-01
   2.316914E+00   1.163354E+03   2.073766E+03   2.584409E-01
   2.327616E+00   1.159948E+03   2.070632E+03   2.582549E-01
   2.338367E+00   1.157001E+03   2.067631E+03   2.580778E-01
   2.349167E+00   1.155061E+03   2.064696E+03   2.579209E-01
   2.360018E+00   1.150893E+03   2.064213E+03   2.570767E-01
   2.370918E+00   1.146752E+03   2.064111E+03   2.561692E-01
   2.381869E+00   1.142987E+03   2.064186E+03   2.552692E-01
   2.392871E+00   1.139633E+03   2.064419E+03   2.543906E-01
   2.403923E+00   1.136660E+03   2.064767E+03   2.535398E-01
   2.415027E+00   1.133967E+03   2.065178E+03   2.527091E-01
   2.426181E+00   1.131403E+03   2.065623E+03   2.518902E-01
   2.437388E+00   1.128794E+03   2.066077E+03   2.510776E-01
   2.448646E+00   1.125966E+03   2.066495E+03   2.502607E-01
   2.459956E+00   1.122739E+03   2.066851E+03   2.494264E-01
   2.471318E+00   1.118951E+03   2.067137E+03   2.485662E-01
   2.482733E+00   1.114442E+03   2.067354E+03   2.476753E-01
   2.494200E+00   1.109002E+03   2.067538E+03   2.467468E-01
   2.505720E+00   1.102367E+03   2.067620E+03   2.458204E-01
   2.517294E+00   1.093714E+03   2.067817E+03   2.449159E-01
   2.528921E+00   1.082198E+03   2.068492E+03   2.440117E-01
   2.540602E+00   1.067168E+03   2.069728E+03   2.431258E-01
   2.552337E+00   1.048460E+03   2.071471E+03   2.422403E-01
   2.564126E+00   1.026848E+03   2.073777E+03   2.413024E-01
   2.575969E+00   1.004248E+03   2.076794E+03   2.402823E-01
   2.587867E+00   9.830954E+02   2.080697E+03   2.391535E-01
   2.599820E+00   9.655279E+02   2.085525E+03   2.379843E-01
   2.611828E+00   9.527563E+02   2.090981E+03   2.368652E-01
   2.623892E+00   9.448432E+02   2.096771E+03   2.358158E-01
   2.636011E+00   9.411136E+02   2.102566E+03   2.349003E-01
   2.648187E+00   9.403442E+02   2.108152E+03   2.340527E-01
   2.660419E+00   9.412475E+02   2.113638E+03   2.331824E-01
   2.672707E+00   9.428703E+02   2.119078E+03   2.323823E-01
   2.685052E+00   9.444943E+02   2.123974E+03   2.316911E-01
   2.697454E+00   9.455241E+02   2.127959E+03   2.310868E-01
   2.709913E+00   9.456729E+02   2.130961E+03   2.305180E-01
   2.722429E+00   9.449630E+02   2.133021E+03   2.298992E-01
   2.735004E+00   9.435038E+02   2.134453E+03   2.292421E-01
   2.747637E+00   9.413307E+02   2.135315E+03   2.285526E-01
   2.760328E+00   9.366723E+02   2.137261E+03   2.277135E-01
   2.773077E+00   9.306893E+02   2.140056E+03   2.269058E-01
   2.785886E+00   9.236327E+02   2.143101E+03   2.262447E-01
   2.798753E+00   9.135378E+02   2.146062E+03   2.258265E-01
   2.811681E+00   8.950390E+02   2.148239E+03   2.256512E-01
   2.824667E+00   8.617704E+02   2.148384E+03   2.257666E-01
   2.837714E+00   8.131558E+02   2.146610E+03   2.258593E-01
   2.850821E+00   7.589501E+02   2.145385E+03   2.254446E-01
   2.863989E+00   7.108381E+02   2.147716E+03   2.242175E-01
   2.877217E+00   6.741941E+02   2.154304E+03   2.224193E-01
   2.890507E+00   6.488424E+02   2.164661E+03   2.204296E-01
   2.903858E+00   6.329538E+02   2.178519E+03   2.185031E-01
   2.917270E+00   6.251302E+02   2.193762E+03   2.167371E-01
   2.930745E+00   6.226524E+02   2.209403E+03   2.149348E-01
   2.944281E+00   6.226556E+02   2.225196E+03   2.134875E-01
   2.957881E+00   6.237818E+02   2.241171E+03   2.125833E-01
   2.971543E+00   6.260408E+02   2.257863E+03   2.122569E-01
   2.985268E+00   6.285077E+02   2.274490E+03   2.121098E-01
   2.999057E+00   6.295509E+02   2.288657E+03   2.113152E-01
   3.012909E+00   6.268595E+02   2.299450E+03   2.102367E-01
   3.026825E+00   6.224344E+02   2.306226E+03   2.092859E-01
   3.040806E+00   6.210978E+02   2.310473E+03   2.088470E-01
   3.054851E+00   6.217578E+02   2.313725E+03   2.088226E-01
   3.068961E+00   6.222421E+02   2.315401E+03   2.081683E-01
   3.083136E+00   6.240725E+02   2.316356E+03   2.065748E-01
   3.097376E+00   6.193544E+02   2.319736E+03   2.050172E-01
   3.111683E+00   6.167615E+02   2.316602E+03   2.048566E-01
   3.126055E+00   6.271248E+02   2.314313E+03   2.053040E-01
   3.140494E+00   6.469083E+02   2.312210E+03   2.055136E-01
   3.155000E+00   6.622908E+02   2.306800E+03   2.066132E-01
   3.169572E+00   6.461260E+02   2.284269E+03   2.095800E-01
   3.184212E+00   5.831282E+02   2.237592E+03   2.137091E-01
   3.198920E+00   5.130180E+02   2.194146E+03   2.163056E-01
   3.213695E+00   4.674454E+02   2.169842E+03   2.169066E-01
   3.228539E+00   4.424019E+02   2.160656E+03   2.159512E-01
   3.243451E+00   4.283892E+02   2.160313E+03   2.141892E-01
   3.258432E+00   4.235053E+02   2.166668E+03   2.124873E-01
   3.273482E+00   4.252107E+02   2.176608E+03   2.108276E-01
   3.288602E+00   4.327284E+02   2.187470E+03   2.091758E-01
   3.303792E+00   4.439925E+02   2.198117E+03   2.077964E-01
   3.319052E+00   4.551670E+02   2.206407E+03   2.066030E-01
   3.334382E+00   4.659678E+02   2.213393E+03   2.057618E-01
   3.349783E+00   4.783057E+02   2.221042E+03   2.056125E-01
   3.365255E+00   4.933452E+02   2.224394E+03   2.055782E-01
   3.380799E+00   5.077446E+02   2.224934E+03   2.055215E-01
   3.396414E+00   5.191795E+02   2.223001E+03   2.051295E-01
   3.412102E+00   5.266296E+02   2.216554E+03   2.047520E-01
   3.427862E+00   5.363664E+02   2.207681E+03   2.051056E-01
   3.443695E+00   5.500436E+02   2.198062E+03   2.061210E-01
   3.459601E+00   5.639995E+02   2.187587E+03   2.070381E-01
   3.475580E+00   5.775612E+02   2.175554E+03   2.069860E-01
   3.491634E+00   5.912833E+02   2.163092E+03   2.061852E-01
   3.507761E+00   5.997751E+02   2.152037E+03   2.056637E-01
   3.523963E+00   6.018779E+02   2.143861E+03   2.057739E-01
   3.540240E+00   6.080831E+02   2.137371E+03   2.062913E-01
   3.556592E+00   6.208971E+02   2.130906E+03   2.067945E-01
   3.573019E+00   6.343329E+02   2.122718E+03   2.073035E-01
   3.589523E+00   6.377670E+02   2.109272E+03   2.088142E-01
   3.606102E+00   6.172129E+02   2.084710E+03   2.115466E-01
   3.622758E+00   5.718915E+02   2.050060E+03   2.146637E-01
   3.639491E+00   5.218235E+02   2.017837E+03   2.166176E-01
   3.656302E+00   4.839433E+02   1.996114E+03   2.170537E-01
   3.673190E+00   4.600208E+02   1.984525E+03   2.163785E-01
   3.690156E+00   4.457814E+02   1.979374E+03   2.150778E-01
   3.707200E+00   4.390816E+02   1.979186E+03   2.136967E-01
   3.724323E+00   4.383986E+02   1.983132E+03   2.125213E-01
   3.741525E+00   4.422323E+02   1.988412E+03   2.113714E-01
   3.758807E+00   4.495761E+02   1.993517E+03   2.101278E-01
   3.776169E+00   4.592758E+02   1.997961E+03   2.090288E-01
   3.793610E+00   4.696186E+02   2.001628E+03   2.080782E-01
   3.811132E+00   4.797251E+02   2.005234E+03   2.073577E-01
   3.828736E+00   4.904258E+02   2.009037E+03   2.071202E-01
   3.846420E+00   5.018204E+02   2.012068E+03   2.069335E-01
   3.864186E+00   5.131629E+02   2.013027E+03   2.065694E-01
   3.882034E+00   5.234903E+02   2.011879E+03   2.061464E-01
   3.899965E+00   5.314691E+02   2.008271E+03   2.057037E-01
   3.917978E+00   5.384619E+02   2.003019E+03   2.055676E-01
   3.936075E+00   5.469076E+02   1.996945E+03   2.059344E-01
   3.954255E+00   5.571700E+02   1.990076E+03   2.064359E-01
   3.972520E+00   5.677466E+02   1.982130E+03   2.068757E-01
   3.990868E+00   5.779017E+02   1.973591E+03   2.070072E-01
   4.009301E+00   5.870592E+02   1.965142E+03   2.069512E-01
   4.027820E+00   5.926264E+02   1.957052E+03   2.068845E-01
   4.046424E+00   5.948582E+02   1.949788E+03   2.068317E-01
   4.065114E+00   5.989846E+02   1.943154E+03   2.069917E-01
   4.083890E+00   6.066345E+02   1.936690E+03   2.074541E-01
   4.102753E+00   6.145765E+02   1.928919E+03   2.082526E-01
   4.121703E+00   6.160561E+02   1.917176E+03   2.094986E-01
   4.140741E+00   6.029370E+02   1.899219E+03   2.114784E-01
   4.159866E+00   5.722030E+02   1.875275E+03   2.137559E-01
   4.179080E+00   5.322946E+02   1.850635E+03   2.154112E-01
   4.198383E+00   4.958978E+02   1.830785E+03   2.160228E-01
   4.217775E+00   4.691195E+02   1.817661E+03   2.158162E-01
   4.237256E+00   4.512127E+02   1.810389E+03   2.149322E-01
   4.256828E+00   4.400954E+02   1.807913E+03   2.137244E-01
   4.276489E+00   4.348543E+02   1.809022E+03   2.125610E-01
   4.296242E+00   4.344733E+02   1.811969E+03   2.114525E-01
   4.316086E+00   4.376863E+02   1.815441E+03   2.101995E-01
   4.336021E+00   4.438935E+02   1.819166E+03   2.090268E-01
   4.356049E+00   4.521550E+02   1.822623E+03   2.080105E-01
   4.376169E+00   4.612045E+02   1.825492E+03   2.072029E-01
   4.396382E+00   4.706749E+02   1.827713E+03   2.066902E-01
   4.416688E+00   4.806079E+02   1.829623E+03   2.063506E-01
   4.437088E+00   4.908512E+02   1.831265E+03   2.060606E-01
   4.457583E+00   5.009012E+02   1.831854E+03   2.058157E-01
   4.478172E+00   5.101997E+02   1.830372E+03   2.055559E-01
   4.498856E+00   5.180891E+02   1.826591E+03   2.051922E-01
   4.519635E+00   5.252569E+02   1.821290E+03   2.049290E-01
   4.540511E+00   5.331726E+02   1.815167E+03   2.051014E-01
   4.561483E+00   5.420541E+02   1.808753E+03   2.054909E-01
   4.582552E+00   5.510272E+02   1.802029E+03   2.058458E-01
   4.603718E+00   5.596361E+02   1.794534E+03   2.059136E-01
   4.624982E+00   5.673420E+02   1.786847E+03   2.058440E-01
   4.646345E+00   5.726364E+02   1.779635E+03   2.059113E-01
   4.667805E+00   5.755935E+02   1.773016E+03   2.062801E-01
   4.689365E+00   5.790647E+02   1.766296E+03   2.068356E-01
   4.711025E+00   5.844475E+02   1.758997E+03   2.073989E-01
   4.732785E+00   5.897083E+02   1.750574E+03   2.079412E-01
   4.754645E+00   5.905001E+02   1.740130E+03   2.089860E-01
   4.776606E+00   5.814379E+02   1.726213E+03   2.106721E-01
   4.798668E+00   5.598909E+02   1.707910E+03   2.126233E-01
   4.820833E+00   5.296465E+02   1.688363E+03   2.140543E-01
   4.843100E+00   4.985816E+02   1.671235E+03   2.146585E-01
   4.865469E+00   4.727675E+02   1.658574E+03   2.144704E-01
   4.887942E+00   4.540530E+02   1.650259E+03   2.137678E-01
   4.910519E+00   4.415642E+02   1.645697E+03   2.128627E-01
   4.933200E+00   4.342678E+02   1.644319E+03   2.119154E-01
   4.955986E+00   4.313133E+02   1.645368E+03   2.108720E-01
   4.978877E+00   4.319836E+02   1.647505E+03   2.097731E-01
   5.001874E+00   4.356609E+02   1.649732E+03   2.086332E-01
   5.024977E+00   4.417075E+02   1.651478E+03   2.075119E-01
   5.048187E+00   4.492493E+02   1.652948E+03   2.065672E-01
   5.071504E+00   4.575188E+02   1.654268E+03   2.059244E-01
   5.094928E+00   4.662519E+02   1.655285E+03   2.055366E-01
   5.118461E+00   4.755466E+02   1.655628E+03   2.053238E-01
   5.142103E+00   4.850805E+02   1.655191E+03   2.051563E-01
   5.165854E+00   4.942064E+02   1.653902E+03   2.049688E-01
   5.189714E+00   5.023814E+02   1.651620E+03   2.047603E-01
   5.213685E+00   5.096330E+02   1.647949E+03   2.046260E-01
   5.237766E+00   5.165754E+02   1.642955E+03   2.045365E-01
   5.261959E+00   5.238751E+02   1.637088E+03   2.044921E-01
   5.286263E+00   5.316197E+02   1.630949E+03   2.046848E-01
   5.310680E+00   5.392630E+02   1.624485E+03   2.048699E-01
   5.335209E+00   5.462331E+02   1.618091E+03   2.049682E-01
   5.359852E+00   5.522390E+02   1.611456E+03   2.050481E-01
   5.384608E+00   5.565360E+02   1.604875E+03   2.051647E-01
   5.409479E+00   5.593485E+02   1.598555E+03   2.054983E-01
   5.434465E+00   5.620983E+02   1.592313E+03   2.061079E-01
   5.459566E+00   5.655021E+02   1.585364E+03   2.068769E-01
   5.484783E+00   5.681552E+02   1.577141E+03   2.076932E-01
   5.510116E+00   5.670005E+02   1.567419E+03   2.085917E-01
   5.535567E+00   5.588837E+02   1.555654E+03   2.097734E-01
   5.561135E+00   5.422003E+02   1.542039E+03   2.111707E-01
   5.586821E+00   5.191119E+02   1.527438E+03   2.124230E-01
   5.612626E+00   4.942282E+02   1.513874E+03   2.129762E-01
   5.638550E+00   4.719074E+02   1.503184E+03   2.127933E-01
   5.664594E+00   4.542526E+02   1.495779E+03   2.121451E-01
   5.690758E+00   4.415642E+02   1.491192E+03   2.112519E-01
   5.717043E+00   4.334489E+02   1.488854E+03   2.103258E-01
   5.743449E+00   4.292366E+02   1.488465E+03   2.094267E-01
   5.769977E+00   4.282804E+02   1.489332E+03   2.084375E-01
   5.796628E+00   4.301285E+02   1.490586E+03   2.074037E-01
   5.823402E+00   4.342549E+02   1.491719E+03   2.063765E-01
   5.850300E+00   4.401335E+02   1.492384E+03   2.054449E-01
   5.877322E+00   4.470747E+02   1.492603E+03   2.046587E-01
   5.904468E+00   4.546262E+02   1.492698E+03   2.041509E-01
   5.931740E+00   4.626061E+02   1.492552E+03   2.038993E-01
   5.959138E+00   4.709337E+02   1.491703E+03   2.037637E-01
   5.986663E+00   4.792368E+02   1.490028E+03   2.036635E-01
   6.014314E+00   4.870248E+02   1.487568E+03   2.035373E-01
   6.042094E+00   4.940777E+02   1.484331E+03   2.034063E-01
   6.070001E+00   5.005812E+02   1.480352E+03   2.033567E-01
   6.098038E+00   5.070898E+02   1.475452E+03   2.034094E-01
   6.126204E+00   5.137195E+02   1.469885E+03   2.034359E-01
   6.154500E+00   5.202808E+02   1.464002E+03   2.034895E-01
   6.182927E+00   5.263943E+02   1.458081E+03   2.036303E-01
   6.211485E+00   5.316587E+02   1.452209E+03   2.037080E-01
   6.240175E+00   5.357696E+02   1.446474E+03   2.038680E-01
   6.268998E+00   5.386958E+02   1.440577E+03   2.041429E-01
   6.297954E+00   5.408407E+02   1.434642E+03   2.045622E-01
   6.327043E+00   5.427968E+02   1.428436E+03   2.051836E-01
   6.356267E+00   5.442793E+02   1.421558E+03   2.059848E-01
   6.385626E+00   5.438577E+02   1.413529E+03   2.068971E-01
   6.415120E+00   5.393917E+02   1.404241E+03   2.078733E-01
   6.444751E+00   5.292113E+02   1.393792E+03   2.088033E-01
   6.474518E+00   5.134631E+02   1.382709E+03   2.097099E-01
   6.504423E+00   4.942931E+02   1.371915E+03   2.103725E-01
   6.534467E+00   4.749337E+02   1.362145E+03   2.106066E-01
   6.564648E+00   4.577541E+02   1.354365E+03   2.102411E-01
   6.594970E+00   4.440443E+02   1.348876E+03   2.095050E-01
   6.625431E+00   4.341043E+02   1.345376E+03   2.086226E-01
   6.656033E+00   4.278148E+02   1.343380E+03   2.077386E-01
   6.686777E+00   4.247427E+02   1.342547E+03   2.069013E-01
   6.717662E+00   4.243180E+02   1.342591E+03   2.060554E-01
   6.748690E+00   4.261426E+02   1.342947E+03   2.051774E-01
   6.779861E+00   4.298693E+02   1.343056E+03   2.043153E-01
   6.811177E+00   4.349271E+02   1.342878E+03   2.035069E-01
   6.842637E+00   4.409750E+02   1.342235E+03   2.028468E-01
   6.874242E+00   4.476271E+02   1.341283E+03   2.023547E-01
   6.905993E+00   4.546655E+02   1.340151E+03   2.020879E-01
   6.937891E+00   4.619220E+02   1.338549E+03   2.019618E-01
   6.969936E+00   4.691897E+02   1.336189E+03   2.019131E-01
   7.002130E+00   4.761149E+02   1.333179E+03   2.018891E-01
   7.034472E+00   4.825505E+02   1.329592E+03   2.018794E-01
   7.066963E+00   4.885635E+02   1.325480E+03   2.018688E-01
   7.099605E+00   4.944343E+02   1.320824E+03   2.019392E-01
   7.132397E+00   5.002287E+02   1.315613E+03   2.020040E-01
   7.165340E+00   5.057382E+02   1.310094E+03   2.020149E-01
   7.198436E+00   5.107376E+02   1.304532E+03   2.021134E-01
   7.231685E+00   5.149507E+02   1.298999E+03   2.022714E-01
   7.265087E+00   5.181445E+02   1.293630E+03   2.024837E-01
   7.298644E+00   5.204052E+02   1.288224E+03   2.028569E-01
   7.332355E+00   5.219180E+02   1.282622E+03   2.033560E-01
   7.366222E+00   5.227421E+02   1.276756E+03   2.039602E-01
   7.400246E+00   5.225034E+02   1.270440E+03   2.047090E-01
   7.434427E+00   5.202702E+02   1.263415E+03   2.055420E-01
   7.468766E+00   5.149097E+02   1.255551E+03   2.063491E-01
   7.503263E+00   5.056929E+02   1.247117E+03   2.070445E-01
   7.537920E+00   4.929888E+02   1.238501E+03   2.075205E-01
   7.572736E+00   4.782806E+02   1.230385E+03   2.077973E-01
   7.607714E+00   4.634842E+02   1.223123E+03   2.078122E-01
   7.642853E+00   4.501315E+02   1.216937E+03   2.074754E-01
   7.678154E+00   4.390653E+02   1.212217E+03   2.067821E-01
   7.713619E+00   4.307393E+02   1.208869E+03   2.059815E-01
   7.749247E+00   4.251935E+02   1.206563E+03   2.051674E-01
   7.785040E+00   4.222490E+02   1.205003E+03   2.043959E-01
   7.820998E+00   4.215135E+02   1.204046E+03   2.036605E-01
   7.857122E+00   4.226386E+02   1.203440E+03   2.029463E-01
   7.893413E+00   4.253289E+02   1.202813E+03   2.022433E-01
   7.929872E+00   4.292263E+02   1.201986E+03   2.015744E-01
   7.966499E+00   4.340334E+02   1.200859E+03   2.010128E-01
   8.003295E+00   4.394850E+02   1.199365E+03   2.005789E-01
   8.040262E+00   4.452916E+02   1.197655E+03   2.002840E-01
   8.077399E+00   4.512610E+02   1.195724E+03   2.001387E-01
   8.114707E+00   4.572577E+02   1.193328E+03   2.000880E-01
   8.152188E+00   4.631037E+02   1.190402E+03   2.000966E-01
   8.189842E+00   4.686224E+02   1.187039E+03   2.001081E-01
   8.227670E+00   4.738147E+02   1.183251E+03   2.001122E-01
   8.265672E+00   4.786726E+02   1.179160E+03   2.001019E-01
   8.303850E+00   4.832941E+02   1.174714E+03   2.001203E-01
   8.342205E+00   4.876281E+02   1.169947E+03   2.001185E-01
   8.380737E+00   4.914949E+02   1.165054E+03   2.001224E-01
   8.419446E+00   4.947530E+02   1.160167E+03   2.002372E-01
   8.458335E+00   4.972547E+02   1.155311E+03   2.004315E-01
   8.497403E+00   4.989335E+02   1.150536E+03   2.007394E-01
   8.536651E+00   4.998813E+02   1.145592E+03   2.011883E-01
   8.576081E+00   5.000136E+02   1.140443E+03   2.017138E-01
   8.615693E+00   4.990989E+02   1.135025E+03   2.023118E-01
   8.655487E+00   4.966636E+02   1.129264E+03   2.029903E-01
   8.695466E+00   4.921333E+02   1.123047E+03   2.036411E-01
   8.735629E+00   4.850724E+02   1.116530E+03   2.041547E-01
   8.775978E+00   4.755913E+02   1.109986E+03   2.044636E-01
   8.816513E+00   4.644310E+02   1.103730E+03   2.045554E-01
   8.857236E+00   4.526949E+02   1.098084E+03   2.044652E-01
   8.898146E+00   4.415498E+02   1.093116E+03   2.041717E-01
   8.939246E+00   4.317833E+02   1.088945E+03   2.036065E-01
   8.980535E+00   4.238644E+02   1.085729E+03   2.028434E-01
   9.022015E+00   4.180421E+02   1.083316E+03   2.020518E-01
   9.063686E+00   4.143278E+02   1.081460E+03   2.012752E-01
   9.105550E+00   4.125768E+02   1.079992E+03   2.005508E-01
   9.147608E+00   4.124982E+02   1.078847E+03   1.998728E-01
   9.189860E+00   4.138512E+02   1.077812E+03   1.992269E-01
   9.232306E+00   4.164005E+02   1.076647E+03   1.986136E-01
   9.274949E+00   4.198594E+02   1.075301E+03   1.980668E-01
   9.317789E+00   4.240040E+02   1.073701E+03   1.976344E-01
   9.360827E+00   4.286013E+02   1.071844E+03   1.973142E-01
   9.404063E+00   4.334244E+02   1.069841E+03   1.971323E-01
   9.447500E+00   4.383163E+02   1.067632E+03   1.970645E-01
   9.491136E+00   4.431635E+02   1.065052E+03   1.970598E-01
   9.534975E+00   4.478257E+02   1.062106E+03   1.970767E-01
   9.579016E+00   4.522041E+02   1.058860E+03   1.970886E-01
   9.623260E+00   4.562678E+02   1.055344E+03   1.970671E-01
   9.667709E+00   4.600198E+02   1.051620E+03   1.970411E-01
   9.712362E+00   4.634820E+02   1.047627E+03   1.970299E-01
   9.757223E+00   4.665328E+02   1.043455E+03   1.969922E-01
   9.802290E+00   4.690984E+02   1.039191E+03   1.970082E-01
   9.847566E+00   4.710775E+02   1.034917E+03   1.971391E-01
   9.893050E+00   4.723833E+02   1.030648E+03   1.973505E-01
   9.938745E+00   4.730006E+02   1.026335E+03   1.976780E-01
   9.984651E+00   4.728997E+02   1.021828E+03   1.981074E-01
   1.003077E+01   4.719041E+02   1.017132E+03   1.985749E-01
   1.007710E+01   4.697645E+02   1.012222E+03   1.990842E-01
   1.012364E+01   4.661604E+02   1.007094E+03   1.996152E-01
   1.017040E+01   4.608411E+02   1.001743E+03   2.000489E-01
   1.021738E+01   4.537943E+02   9.963408E+02   2.003056E-01
   1.026457E+01   4.453614E+02   9.911360E+02   2.003373E-01
   1.031198E+01   4.362275E+02   9.863235E+02   2.001853E-01
   1.035961E+01   4.271668E+02   9.820446E+02   1.998924E-01
   1.040746E+01   4.188834E+02   9.782834E+02   1.994527E-01
   1.045553E+01   4.118008E+02   9.751232E+02   1.988143E-01
   1.050383E+01   4.062166E+02   9.725898E+02   1.980849E-01
   1.055234E+01   4.023090E+02   9.704963E+02   1.973729E-01
   1.060108E+01   4.000058E+02   9.687219E+02   1.966924E-01
   1.065005E+01   3.991630E+02   9.671698E+02   1.960535E-01
   1.069924E+01   3.995802E+02   9.657691E+02   1.954564E-01
   1.074866E+01   4.010860E+02   9.643447E+02   1.948969E-01
   1.079830E+01   4.034846E+02   9.627564E+02   1.943677E-01
   1.084818E+01   4.065736E+02   9.609735E+02   1.939089E-01
   1.089829E+01   4.101799E+02   9.589568E+02   1.935591E-01
   1.094862E+01   4.140966E+02   9.567570E+02   1.933175E-01
   1.099920E+01   4.181572E+02   9.544191E+02   1.931955E-01
   1.105000E+01   4.222619E+02   9.518529E+02   1.931755E-01
   1.110104E+01   4.262865E+02   9.490073E+02   1.932057E-01
   1.115231E+01   4.301213E+02   9.459065E+02   1.932430E-01
   1.120382E+01   4.336840E+02   9.426099E+02   1.932656E-01
   1.125557E+01   4.369231E+02   9.391573E+02   1.932526E-01
   1.130756E+01   4.398283E+02   9.355668E+02   1.932435E-01
   1.135979E+01   4.423768E+02   9.318028E+02   1.932437E-01
   1.141226E+01   4.444706E+02   9.279613E+02   1.932573E-01
   1.146497E+01   4.460637E+02   9.240818E+02   1.933466E-01
   1.151793E+01   4.470908E+02   9.201908E+02   1.935273E-01
   1.157112E+01   4.474889E+02   9.162982E+02   1.937816E-01
   1.162457E+01   4.472276E+02   9.123290E+02   1.941205E-01
   1.167826E+01   4.462163E+02   9.082179E+02   1.944933E-01
   1.173220E+01   4.443096E+02   9.039971E+02   1.948627E-01
   1.178639E+01   4.413805E+02   8.996654E+02   1.952364E-01
   1.184083E+01   4.373185E+02   8.952433E+02   1.955674E-01
   1.189552E+01   4.321162E+02   8.907901E+02   1.957564E-01
   1.195047E+01   4.259480E+02   8.864509E+02   1.957630E-01
   1.200567E+01   4.191792E+02   8.823577E+02   1.955724E-01
   1.206112E+01   4.123094E+02   8.786018E+02   1.952587E-01
   1.211683E+01   4.057974E+02   8.752313E+02   1.948653E-01
   1.217279E+01   4.000190E+02   8.722121E+02   1.943716E-01
   1.222902E+01   3.951958E+02   8.695892E+02   1.937465E-01
   1.228550E+01   3.915075E+02   8.673313E+02   1.930964E-01
   1.234225E+01   3.890228E+02   8.653121E+02   1.924770E-01
   1.239926E+01   3.876859E+02   8.634674E+02   1.918916E-01
   1.245653E+01   3.873906E+02   8.617346E+02   1.913481E-01
   1.251406E+01   3.880053E+02   8.600487E+02   1.908540E-01
   1.257186E+01   3.893990E+02   8.582988E+02   1.904010E-01
   1.262993E+01   3.914208E+02   8.564160E+02   1.899802E-01
   1.268827E+01   3.939283E+02   8.543776E+02   1.896229E-01
   1.274687E+01   3.967755E+02   8.521698E+02   1.893460E-01
   1.280575E+01   3.998163E+02   8.498363E+02   1.891579E-01
   1.286490E+01   4.029377E+02   8.473873E+02   1.890627E-01
   1.292432E+01   4.060533E+02   8.447696E+02   1.890349E-01
   1.298401E+01   4.090762E+02   8.419541E+02   1.890298E-01
   1.304398E+01   4.119174E+02   8.389695E+02   1.890116E-01
   1.310423E+01   4.145136E+02   8.358512E+02   1.889749E-01
   1.316476E+01   4.168176E+02   8.326321E+02   1.889303E-01
   1.322557E+01   4.188004E+02   8.293230E+02   1.889061E-01
   1.328665E+01   4.204145E+02   8.259266E+02   1.888980E-01
   1.334802E+01   4.216006E+02   8.224959E+02   1.889229E-01
   1.340968E+01   4.223242E+02   8.190467E+02   1.890177E-01
   1.347161E+01   4.225316E+02   8.155946E+02   1.891761E-01
   1.353384E+01   4.221683E+02   8.121474E+02   1.893868E-01
   1.359635E+01   4.211994E+02   8.086467E+02   1.896424E-01
   1.365915E+01   4.195569E+02   8.050745E+02   1.898895E-01
   1.372224E+01   4.171770E+02   8.014681E+02   1.901113E-01
   1.378562E+01   4.140385E+02   7.978384E+02   1.903077E-01
   1.384929E+01   4.101537E+02   7.942134E+02   1.904247E-01
   1.391326E+01   4.056146E+02   7.906448E+02   1.903933E-01
   1.397753E+01   4.006224E+02   7.871995E+02   1.901965E-01
   1.404209E+01   3.954534E+02   7.839504E+02   1.898554E-01
   1.410694E+01   3.904111E+02   7.809596E+02   1.894519E-01
   1.417210E+01   3.857717E+02   7.782164E+02   1.890086E-01
   1.423756E+01   3.817370E+02   7.756854E+02   1.884882E-01
   1.430332E+01   3.784339E+02   7.733912E+02   1.878931E-01
   1.436939E+01   3.759701E+02   7.712887E+02   1.873092E-01
   1.443576E+01   3.743629E+02   7.693139E+02   1.867587E-01
   1.450244E+01   3.735629E+02   7.674369E+02   1.862441E-01
   1.456942E+01   3.734955E+02   7.656160E+02   1.857726E-01
   1.463672E+01   3.740750E+02   7.637920E+02   1.853486E-01
   1.470432E+01   3.752043E+02   7.618953E+02   1.849634E-01
   1.477224E+01   3.767679E+02   7.598990E+02   1.846130E-01
   1.484047E+01   3.786605E+02   7.577947E+02   1.843210E-01
   1.490902E+01   3.807775E+02   7.555744E+02   1.840933E-01
   1.497788E+01   3.830164E+02   7.532560E+02   1.839351E-01
   1.504706E+01   3.853270E+02   7.508108E+02   1.838528E-01
   1.511656E+01   3.876177E+02   7.482258E+02   1.838168E-01
   1.518638E+01   3.897940E+02   7.455177E+02   1.837854E-01
   1.525653E+01   3.917896E+02   7.427016E+02   1.837365E-01
   1.532699E+01   3.935548E+02   7.397941E+02   1.836748E-01
   1.539779E+01   3.950427E+02   7.368346E+02   1.836232E-01
   1.546891E+01   3.962219E+02   7.338310E+02   1.835984E-01
   1.554036E+01   3.970529E+02   7.307905E+02   1.835970E-01
   1.561214E+01   3.974993E+02   7.277341E+02   1.836329E-01
   1.568425E+01   3.975322E+02   7.246665E+02   1.837219E-01
   1.575669E+01   3.971089E+02   7.216020E+02   1.838483E-01
   1.582947E+01   3.961986E+02   7.185415E+02   1.840063E-01
   1.590258E+01   3.947803E+02   7.154599E+02   1.841751E-01
   1.597603E+01   3.928248E+02   7.123746E+02   1.843097E-01
   1.604983E+01   3.903386E+02   7.093088E+02   1.844006E-01
   1.612396E+01   3.873657E+02   7.062704E+02   1.844368E-01
   1.619843E+01   3.839802E+02   7.032701E+02   1.843729E-01
   1.627325E+01   3.802964E+02   7.003460E+02   1.841752E-01
   1.634841E+01   3.764748E+02   6.975400E+02   1.838440E-01
   1.642393E+01   3.727034E+02   6.948930E+02   1.834241E-01
   1.649979E+01   3.691731E+02   6.924075E+02   1.829836E-01
   1.657600E+01   3.660738E+02   6.900132E+02   1.825433E-01
   1.665256E+01   3.634668E+02   6.877500E+02   1.820544E-01
   1.672948E+01   3.614178E+02   6.856226E+02   1.815356E-01
   1.680675E+01   3.599757E+02   6.835856E+02   1.810395E-01
   1.688438E+01   3.591330E+02   6.815924E+02   1.805734E-01
   1.696236E+01   3.588446E+02   6.796204E+02   1.801411E-01
   1.704071E+01   3.590462E+02   6.776551E+02   1.797512E-01
   1.711942E+01   3.596711E+02   6.756610E+02   1.794048E-01
   1.719849E+01   3.606420E+02   6.736051E+02   1.790927E-01
   1.727793E+01   3.618735E+02   6.714823E+02   1.788171E-01
   1.735773E+01   3.632901E+02   6.692867E+02   1.785920E-01
   1.743791E+01   3.648151E+02   6.670176E+02   1.784176E-01
   1.751845E+01   3.663804E+02   6.646777E+02   1.782964E-01
   1.759936E+01   3.679267E+02   6.622573E+02   1.782176E-01
   1.768065E+01   3.693939E+02   6.597529E+02   1.781546E-01
   1.776232E+01   3.707252E+02   6.571732E+02   1.780846E-01
   1.784436E+01   3.718744E+02   6.545325E+02   1.780034E-01
   1.792678E+01   3.728058E+02   6.518444E+02   1.779232E-01
   1.800958E+01   3.734917E+02   6.491185E+02   1.778581E-01
   1.809277E+01   3.739201E+02   6.463415E+02   1.778193E-01
   1.817634E+01   3.740436E+02   6.435545E+02   1.777996E-01
   1.826029E+01   3.738444E+02   6.407663E+02   1.778095E-01
   1.834463E+01   3.733069E+02   6.379824E+02   1.778493E-01
   1.842936E+01   3.724143E+02   6.352166E+02   1.779067E-01
   1.851449E+01   3.711659E+02   6.324677E+02   1.779734E-01
   1.860000E+01   3.695659E+02   6.297361E+02   1.780188E-01
   1.868591E+01   3.676295E+02   6.270453E+02   1.780131E-01
   1.877222E+01   3.654054E+02   6.244063E+02   1.779548E-01
   1.885893E+01   3.629631E+02   6.218142E+02   1.778329E-01
   1.894604E+01   3.603790E+02   6.192763E+02   1.776208E-01
   1.903354E+01   3.577109E+02   6.168093E+02   1.773219E-01
   1.912146E+01   3.550499E+02   6.144304E+02   1.769522E-01
   1.920978E+01   3.525698E+02   6.121595E+02   1.765444E-01
   1.929851E+01   3.503762E+02   6.099772E+02   1.761400E-01
   1.938764E+01   3.485361E+02   6.078577E+02   1.757320E-01
   1.947719E+01   3.470811E+02   6.057942E+02   1.753015E-01
   1.956715E+01   3.460326E+02   6.037787E+02   1.748725E-01
   1.965753E+01   3.453931E+02   6.017827E+02   1.744711E-01
   1.974833E+01   3.451357E+02   5.997853E+02   1.741014E-01
   1.983954E+01   3.452180E+02   5.977722E+02   1.737692E-01
   1.993118E+01   3.455884E+02   5.957295E+02   1.734770E-01
   2.002324E+01   3.463529E+02   5.934869E+02   1.732776E-01
   2.011573E+01   3.477328E+02   5.907257E+02   1.732774E-01
   2.020864E+01   3.491605E+02   5.879236E+02   1.733170E-01
   2.030198E+01   3.505845E+02   5.850834E+02   1.733937E-01
   2.039575E+01   3.519589E+02   5.822084E+02   1.735020E-01
   2.048996E+01   3.532431E+02   5.793012E+02   1.736326E-01
   2.058460E+01   3.544012E+02   5.763658E+02   1.737715E-01
   2.067967E+01   3.554010E+02   5.734120E+02   1.739053E-01
   2.077519E+01   3.562189E+02   5.704511E+02   1.740309E-01
   2.087115E+01   3.568401E+02   5.674929E+02   1.741533E-01
   2.096755E+01   3.572565E+02   5.645473E+02   1.742797E-01
   2.106440E+01   3.572014E+02   5.619519E+02   1.742457E-01
   2.116169E+01   3.568420E+02   5.595382E+02   1.741356E-01
   2.125943E+01   3.563186E+02   5.571415E+02   1.740343E-01
   2.135763E+01   3.556350E+02   5.547656E+02   1.739426E-01
   2.145628E+01   3.547991E+02   5.524119E+02   1.738589E-01
   2.155538E+01   3.538220E+02   5.500793E+02   1.737763E-01
   2.165494E+01   3.527170E+02   5.477666E+02   1.736806E-01
   2.175496E+01   3.514982E+02   5.454792E+02   1.735534E-01
   2.185545E+01   3.501874E+02   5.432252E+02   1.733893E-01
   2.195640E+01   3.488149E+02   5.410035E+02   1.731927E-01
   2.205781E+01   3.474121E+02   5.388093E+02   1.729615E-01
   2.215969E+01   3.460087E+02   5.366406E+02   1.726906E-01
   2.226204E+01   3.446326E+02   5.344987E+02   1.723752E-01
   2.236487E+01   3.433113E+02   5.323885E+02   1.720204E-01
   2.246817E+01   3.420747E+02   5.303103E+02   1.716517E-01
   2.257195E+01   3.409481E+02   5.282545E+02   1.712876E-01
   2.267621E+01   3.399451E+02   5.262124E+02   1.709258E-01
   2.278094E+01   3.390710E+02   5.241815E+02   1.705581E-01
   2.288617E+01   3.383288E+02   5.221618E+02   1.701896E-01
   2.299187E+01   3.377188E+02   5.201495E+02   1.698307E-01
   2.309807E+01   3.369301E+02   5.183860E+02   1.692980E-01
   2.320476E+01   3.362139E+02   5.166426E+02   1.687648E-01
   2.331194E+01   3.355889E+02   5.148959E+02   1.682477E-01
   2.341961E+01   3.350462E+02   5.131442E+02   1.677458E-01
   2.352779E+01   3.345757E+02   5.113870E+02   1.672582E-01
   2.363646E+01   3.341660E+02   5.096241E+02   1.667851E-01
   2.374563E+01   3.338053E+02   5.078555E+02   1.663264E-01
   2.385531E+01   3.334810E+02   5.060809E+02   1.658813E-01
   2.396549E+01   3.331801E+02   5.043002E+02   1.654479E-01
   2.407619E+01   3.328897E+02   5.025130E+02   1.650231E-01
   2.418739E+01   3.325968E+02   5.007196E+02   1.646030E-01
   2.429911E+01   3.322892E+02   4.989208E+02   1.641846E-01
   2.441135E+01   3.319560E+02   4.971185E+02   1.637679E-01
   2.452410E+01   3.315882E+02   4.953145E+02   1.633553E-01
   2.463737E+01   3.311779E+02   4.935103E+02   1.629499E-01
   2.475117E+01   3.307184E+02   4.917068E+02   1.625528E-01
   2.486549E+01   3.302033E+02   4.899047E+02   1.621638E-01
   2.498034E+01   3.296278E+02   4.881052E+02   1.617827E-01
   2.509572E+01   3.280630E+02   4.875419E+02   1.609294E-01
   2.521164E+01   3.261864E+02   4.872410E+02   1.600010E-01
   2.532809E+01   3.241479E+02   4.869477E+02   1.590916E-01
   2.544508E+01   3.219108E+02   4.866602E+02   1.581891E-01
   2.556260E+01   3.194408E+02   4.863794E+02   1.572814E-01
   2.568067E+01   3.167107E+02   4.861077E+02   1.563616E-01
   2.579929E+01   3.137019E+02   4.858471E+02   1.554195E-01
   2.591845E+01   3.104070E+02   4.856028E+02   1.544369E-01
   2.603817E+01   3.068364E+02   4.853863E+02   1.533912E-01
   2.615843E+01   3.030266E+02   4.852168E+02   1.522733E-01
   2.627926E+01   2.990510E+02   4.851093E+02   1.511138E-01
   2.640064E+01   2.950079E+02   4.850656E+02   1.499351E-01
   2.652258E+01   2.914151E+02   4.847084E+02   1.489013E-01
   2.664508E+01   2.900298E+02   4.827510E+02   1.486137E-01
   2.676815E+01   2.892574E+02   4.808517E+02   1.483251E-01
   2.689179E+01   2.890775E+02   4.789755E+02   1.480735E-01
   2.701600E+01   2.894147E+02   4.770906E+02   1.478797E-01
   2.714079E+01   2.901607E+02   4.751716E+02   1.477563E-01
   2.726615E+01   2.911909E+02   4.732024E+02   1.477071E-01
   2.739208E+01   2.923794E+02   4.711751E+02   1.477329E-01
   2.751861E+01   2.935788E+02   4.690692E+02   1.478106E-01
   2.764571E+01   2.945521E+02   4.668175E+02   1.478178E-01
   2.777340E+01   2.954207E+02   4.645284E+02   1.478578E-01
   2.790168E+01   2.961439E+02   4.622046E+02   1.479161E-01
   2.803056E+01   2.966869E+02   4.598514E+02   1.479771E-01
   2.816003E+01   2.970229E+02   4.574786E+02   1.480295E-01
   2.829010E+01   2.971347E+02   4.550984E+02   1.480716E-01
   2.842076E+01   2.970165E+02   4.527234E+02   1.481107E-01
   2.855204E+01   2.966737E+02   4.503632E+02   1.481566E-01
   2.868391E+01   2.961207E+02   4.480241E+02   1.482135E-01
   2.881640E+01   2.953803E+02   4.457113E+02   1.482792E-01
   2.894950E+01   2.944842E+02   4.434298E+02   1.483504E-01
   2.908322E+01   2.934727E+02   4.411831E+02   1.484235E-01
   2.921755E+01   2.923911E+02   4.389724E+02   1.484908E-01
   2.935250E+01   2.912866E+02   4.367974E+02   1.485396E-01
   2.948808E+01   2.902044E+02   4.346573E+02   1.485517E-01
   2.962428E+01   2.891122E+02   4.320078E+02   1.494893E-01
   2.976111E+01   2.885304E+02   4.293900E+02   1.504551E-01
   2.989857E+01   2.885721E+02   4.268154E+02   1.513969E-01
   3.003667E+01   2.891746E+02   4.242374E+02   1.523560E-01
   3.017540E+01   2.901717E+02   4.216219E+02   1.533633E-01
   3.031478E+01   2.913549E+02   4.189537E+02   1.544384E-01
   3.045480E+01   2.925262E+02   4.162312E+02   1.556005E-01
   3.059547E+01   2.935280E+02   4.134598E+02   1.568549E-01
   3.073678E+01   2.942595E+02   4.106529E+02   1.581912E-01
   3.087875E+01   2.946853E+02   4.078278E+02   1.595964E-01
   3.102138E+01   2.948332E+02   4.050018E+02   1.610588E-01
   3.116466E+01   2.947797E+02   4.021895E+02   1.625668E-01
   3.130861E+01   2.946297E+02   3.994027E+02   1.641127E-01
   3.145322E+01   2.944917E+02   3.966480E+02   1.656961E-01
   3.159850E+01   2.967291E+02   3.922227E+02   1.675298E-01
   3.174445E+01   2.998317E+02   3.872351E+02   1.694933E-01
   3.189107E+01   3.026455E+02   3.825410E+02   1.714616E-01
   3.203837E+01   3.051681E+02   3.781434E+02   1.734063E-01
   3.218635E+01   3.073977E+02   3.740450E+02   1.752971E-01
   3.233502E+01   3.093328E+02   3.702484E+02   1.771020E-01
   3.248437E+01   3.109699E+02   3.667567E+02   1.787875E-01
   3.263441E+01   3.123025E+02   3.635736E+02   1.803183E-01
   3.278515E+01   3.133192E+02   3.607046E+02   1.816571E-01
   3.293658E+01   3.140024E+02   3.581568E+02   1.827651E-01
   3.308871E+01   3.143268E+02   3.559399E+02   1.836015E-01
   3.324154E+01   3.120998E+02   3.554208E+02   1.803932E-01
   3.339508E+01   3.097398E+02   3.550040E+02   1.769132E-01
   3.354933E+01   3.074345E+02   3.545670E+02   1.734774E-01
   3.370429E+01   3.051819E+02   3.541094E+02   1.700896E-01
   3.385996E+01   3.029798E+02   3.536308E+02   1.667532E-01
   3.401636E+01   3.008260E+02   3.531312E+02   1.634714E-01
   3.417347E+01   2.987182E+02   3.526102E+02   1.602468E-01
   3.433132E+01   2.966540E+02   3.520678E+02   1.570820E-01
   3.448989E+01   2.946312E+02   3.515041E+02   1.539793E-01
   3.464919E+01   2.933648E+02   3.508063E+02   1.524637E-01
   3.480923E+01   2.920140E+02   3.502079E+02   1.509978E-01
   3.497001E+01   2.905253E+02   3.497195E+02   1.494789E-01
   3.513154E+01   2.888961E+02   3.493401E+02   1.479104E-01
   3.529380E+01   2.871201E+02   3.490691E+02   1.462941E-01
   3.545682E+01   2.851894E+02   3.489066E+02   1.446304E-01
   3.562059E+01   2.830972E+02   3.488529E+02   1.429198E-01
   3.578512E+01   2.808423E+02   3.489093E+02   1.411636E-01
   3.595041E+01   2.784331E+02   3.490772E+02   1.393643E-01
   3.611646E+01   2.788957E+02   3.465638E+02   1.422487E-01
   3.628327E+01   2.808570E+02   3.428063E+02   1.475414E-01
   3.645086E+01   2.828547E+02   3.389765E+02   1.532989E-01
   3.661922E+01   2.848516E+02   3.350927E+02   1.594943E-01
   3.678836E+01   2.869691E+02   3.311641E+02   1.660928E-01
   3.695828E+01   2.893103E+02   3.271907E+02   1.730440E-01
   3.712899E+01   2.911975E+02   3.239724E+02   1.742953E-01
   3.730048E+01   2.922315E+02   3.214924E+02   1.734075E-01
   3.747277E+01   2.924847E+02   3.195640E+02   1.721964E-01
   3.764585E+01   2.919016E+02   3.181893E+02   1.705961E-01
   3.781973E+01   2.904033E+02   3.173731E+02   1.685415E-01
   3.799442E+01   2.878863E+02   3.171212E+02   1.659708E-01
   3.816991E+01   2.842241E+02   3.174375E+02   1.628288E-01
   3.834621E+01   2.792716E+02   3.183207E+02   1.590707E-01
   3.852333E+01   2.735898E+02   3.193320E+02   1.547942E-01
   3.870126E+01   2.717963E+02   3.179477E+02   1.507732E-01
   3.888002E+01   2.697810E+02   3.168457E+02   1.463015E-01
   3.905960E+01   2.676307E+02   3.159704E+02   1.414954E-01
   3.924001E+01   2.654104E+02   3.152713E+02   1.364712E-01
   3.942126E+01   2.631656E+02   3.147044E+02   1.313392E-01
   3.960334E+01   2.609266E+02   3.142326E+02   1.261995E-01
   3.978626E+01   2.587107E+02   3.138253E+02   1.211386E-01
   3.997003E+01   2.565251E+02   3.134583E+02   1.162268E-01
   4.015465E+01   2.564154E+02   3.121783E+02   1.154400E-01
   4.034012E+01   2.566435E+02   3.107449E+02   1.154298E-01
   4.052644E+01   2.568030E+02   3.093415E+02   1.154191E-01
   4.071363E+01   2.568930E+02   3.079688E+02   1.154123E-01
   4.090168E+01   2.569127E+02   3.066273E+02   1.154142E-01
   4.109060E+01   2.568631E+02   3.053175E+02   1.154298E-01
   4.128039E+01   2.567466E+02   3.040396E+02   1.154637E-01
   4.147106E+01   2.565667E+02   3.027937E+02   1.155190E-01
   4.166261E+01   2.563263E+02   3.015796E+02   1.155967E-01
   4.185505E+01   2.560255E+02   3.003973E+02   1.156953E-01
   4.204837E+01   2.556625E+02   2.990445E+02   1.158877E-01
   4.224259E+01   2.552012E+02   2.971622E+02   1.162797E-01
   4.243770E+01   2.546095E+02   2.953861E+02   1.166091E-01
   4.263371E+01   2.538834E+02   2.937159E+02   1.168687E-01
   4.283063E+01   2.530179E+02   2.921516E+02   1.170499E-01
   4.302846E+01   2.520064E+02   2.906937E+02   1.171436E-01
   4.322721E+01   2.508410E+02   2.893429E+02   1.171397E-01
   4.342687E+01   2.494925E+02   2.882552E+02   1.160211E-01
   4.362745E+01   2.480705E+02   2.874544E+02   1.132654E-01
   4.382896E+01   2.466637E+02   2.866605E+02   1.105271E-01
   4.403140E+01   2.452721E+02   2.858721E+02   1.078112E-01
   4.423478E+01   2.438954E+02   2.850877E+02   1.051225E-01
   4.443909E+01   2.425332E+02   2.843062E+02   1.024652E-01
   4.464435E+01   2.411851E+02   2.835266E+02   9.984290E-02
   4.485056E+01   2.398504E+02   2.827479E+02   9.725896E-02
   4.505772E+01   2.385285E+02   2.819693E+02   9.471604E-02
   4.526583E+01   2.372187E+02   2.811901E+02   9.221627E-02
   4.547491E+01   2.359203E+02   2.804096E+02   8.976124E-02
   4.568495E+01   2.350921E+02   2.794116E+02   8.832258E-02
   4.589597E+01   2.344646E+02   2.783237E+02   8.731876E-02
   4.610795E+01   2.338283E+02   2.772448E+02   8.630407E-02
   4.632092E+01   2.331837E+02   2.761748E+02   8.527893E-02
   4.653487E+01   2.325311E+02   2.751138E+02   8.424390E-02
   4.674981E+01   2.318709E+02   2.740616E+02   8.319931E-02
   4.696574E+01   2.312031E+02   2.730184E+02   8.214516E-02
   4.718267E+01   2.305275E+02   2.719841E+02   8.108145E-02
   4.740060E+01   2.298441E+02   2.709588E+02   8.000851E-02
   4.761954E+01   2.291523E+02   2.699425E+02   7.892708E-02
   4.783949E+01   2.284519E+02   2.689353E+02   7.783820E-02
   4.806045E+01   2.277423E+02   2.679372E+02   7.674294E-02
   4.828244E+01   2.270228E+02   2.669481E+02   7.564231E-02
   4.850545E+01   2.262926E+02   2.659680E+02   7.453726E-02
   4.872949E+01   2.255512E+02   2.649970E+02   7.342870E-02
   4.895456E+01   2.247978E+02   2.640350E+02   7.231751E-02
   4.918068E+01   2.240321E+02   2.630820E+02   7.120452E-02
   4.940784E+01   2.232539E+02   2.621381E+02   7.009042E-02
   4.963605E+01   2.224634E+02   2.612033E+02   6.897580E-02
   4.986531E+01   2.216612E+02   2.602775E+02   6.786111E-02
   5.009563E+01   2.208154E+02   2.593855E+02   6.665347E-02
   5.032702E+01   2.199134E+02   2.585374E+02   6.531517E-02
   5.055947E+01   2.190029E+02   2.576980E+02   6.397819E-02
   5.079300E+01   2.180847E+02   2.568675E+02   6.264271E-02
   5.102761E+01   2.171601E+02   2.560457E+02   6.130887E-02
   5.126330E+01   2.162307E+02   2.552325E+02   5.997678E-02
   5.150008E+01   2.152984E+02   2.544278E+02   5.864654E-02
   5.173795E+01   2.143651E+02   2.536315E+02   5.731821E-02
   5.197692E+01   2.134331E+02   2.528434E+02   5.599181E-02
   5.221699E+01   2.125046E+02   2.520632E+02   5.466735E-02
   5.245818E+01   2.115818E+02   2.512906E+02   5.334479E-02
   5.270048E+01   2.106668E+02   2.505254E+02   5.202402E-02
   5.294389E+01   2.097611E+02   2.497671E+02   5.070491E-02
   5.318843E+01   2.088661E+02   2.490154E+02   4.938726E-02
   5.343411E+01   2.079824E+02   2.482699E+02   4.807081E-02
   5.368091E+01   2.071099E+02   2.475303E+02   4.675524E-02
   5.392886E+01   2.062478E+02   2.467962E+02   4.544016E-02
   5.417795E+01   2.053946E+02   2.460673E+02   4.412511E-02
   5.442819E+01   2.045478E+02   2.453433E+02   4.280958E-02
   5.467959E+01   2.037044E+02   2.446240E+02   4.149299E-02
   5.493214E+01   2.028604E+02   2.439091E+02   4.017472E-02
   5.518587E+01   2.020116E+02   2.431987E+02   3.885419E-02
   5.544077E+01   2.011530E+02   2.424926E+02   3.753085E-02
   5.569684E+01   2.002794E+02   2.417911E+02   3.620430E-02
   5.595410E+01   1.993854E+02   2.410943E+02   3.487433E-02
   5.621254E+01   1.984656E+02   2.404028E+02   3.354106E-02
   5.647218E+01   1.975144E+02   2.397173E+02   3.220499E-02
   5.673302E+01   1.965265E+02   2.390384E+02   3.086707E-02
   5.699506E+01   1.954967E+02   2.383675E+02   2.952875E-02
   5.725831E+01   1.944203E+02   2.377057E+02   2.819193E-02
   5.752278E+01   1.932932E+02   2.370544E+02   2.685890E-02
   5.778847E+01   1.921120E+02   2.364153E+02   2.553218E-02
   5.805539E+01   1.908746E+02   2.357897E+02   2.421433E-02
   5.832354E+01   1.895807E+02   2.351793E+02   2.290770E-02
   5.859293E+01   1.882322E+02   2.345852E+02   2.161427E-02
   5.886357E+01   1.868341E+02   2.340083E+02   2.033542E-02
   5.913545E+01   1.853947E+02   2.334494E+02   1.907189E-02
   5.940859E+01   1.839262E+02   2.329084E+02   1.782375E-02
   5.968299E+01   1.824443E+02   2.323851E+02   1.659053E-02
   5.995866E+01   1.809681E+02   2.318784E+02   1.537138E-02
   6.023560E+01   1.797751E+02   2.311408E+02   1.447676E-02
   6.051382E+01   1.787737E+02   2.303642E+02   1.364862E-02
   6.079333E+01   1.779448E+02   2.295856E+02   1.283201E-02
   6.107412E+01   1.772911E+02   2.288001E+02   1.202688E-02
   6.135622E+01   1.768007E+02   2.280037E+02   1.123235E-02
   6.163961E+01   1.764501E+02   2.271935E+02   1.044592E-02
   6.192432E+01   1.762080E+02   2.263677E+02   9.662797E-03
   6.221034E+01   1.760389E+02   2.255250E+02   8.875730E-03
   6.249768E+01   1.759063E+02   2.246648E+02   8.075251E-03
   6.278635E+01   1.757755E+02   2.237870E+02   7.250415E-03
   6.307635E+01   1.756145E+02   2.228917E+02   6.389924E-03
   6.336770E+01   1.753954E+02   2.219800E+02   5.483562E-03
   6.366038E+01   1.750944E+02   2.210535E+02   4.523812E-03
   6.395442E+01   1.746907E+02   2.201155E+02   3.507456E-03
   6.424982E+01   1.741666E+02   2.191702E+02   2.436765E-03
   6.454658E+01   1.735058E+02   2.182233E+02   1.319754E-03
   6.484471E+01   1.726936E+02   2.172810E+02   1.691385E-04
   6.514422E+01   1.717172E+02   2.163505E+02  -1.000006E-03
   6.544512E+01   1.705684E+02   2.154386E+02  -2.173271E-03
   6.574740E+01   1.692474E+02   2.145515E+02  -3.339679E-03
   6.605108E+01   1.677682E+02   2.136943E+02  -4.493266E-03
   6.635616E+01   1.661635E+02   2.128700E+02  -5.632992E-03
   6.666265E+01   1.644860E+02   2.120799E+02  -6.761139E-03
   6.697056E+01   1.628046E+02   2.113223E+02  -7.880953E-03
   6.727989E+01   1.611963E+02   2.105933E+02  -8.994466E-03
   6.759065E+01   1.597340E+02   2.098863E+02  -1.010122E-02
   6.790284E+01   1.584761E+02   2.091930E+02  -1.119811E-02
   6.821647E+01   1.574589E+02   2.085044E+02  -1.228008E-02
   6.853156E+01   1.566943E+02   2.078114E+02  -1.334137E-02
   6.884809E+01   1.561715E+02   2.071063E+02  -1.437699E-02
   6.916610E+01   1.558618E+02   2.063829E+02  -1.538430E-02
   6.948557E+01   1.557242E+02   2.056370E+02  -1.636430E-02
   6.980651E+01   1.557116E+02   2.048661E+02  -1.732251E-02
   7.012894E+01   1.558267E+02   2.039586E+02  -1.826390E-02
   7.045286E+01   1.560307E+02   2.028645E+02  -1.920255E-02
   7.077827E+01   1.562092E+02   2.017534E+02  -2.015791E-02
   7.110518E+01   1.563408E+02   2.006270E+02  -2.113891E-02
   7.143361E+01   1.564071E+02   1.994875E+02  -2.215310E-02
   7.176355E+01   1.563931E+02   1.983373E+02  -2.320582E-02
   7.209502E+01   1.562859E+02   1.971794E+02  -2.429958E-02
   7.242802E+01   1.560744E+02   1.960172E+02  -2.543356E-02
   7.276255E+01   1.557493E+02   1.948541E+02  -2.660362E-02
   7.309864E+01   1.553023E+02   1.936941E+02  -2.780280E-02
   7.343627E+01   1.547272E+02   1.925411E+02  -2.902239E-02
   7.377546E+01   1.540196E+02   1.913990E+02  -3.025332E-02
   7.411622E+01   1.531792E+02   1.902715E+02  -3.148748E-02
   7.445856E+01   1.522109E+02   1.891621E+02  -3.271870E-02
   7.480247E+01   1.511273E+02   1.880739E+02  -3.394313E-02
   7.514797E+01   1.499498E+02   1.870092E+02  -3.515887E-02
   7.549507E+01   1.487094E+02   1.859695E+02  -3.636527E-02
   7.584378E+01   1.474448E+02   1.849552E+02  -3.756205E-02
   7.619409E+01   1.461993E+02   1.839654E+02  -3.874857E-02
   7.654602E+01   1.450163E+02   1.829978E+02  -3.992362E-02
   7.689958E+01   1.439346E+02   1.820485E+02  -4.108541E-02
   7.725477E+01   1.429849E+02   1.811129E+02  -4.223204E-02
   7.761160E+01   1.421871E+02   1.801853E+02  -4.336186E-02
   7.797007E+01   1.415496E+02   1.792601E+02  -4.447398E-02
   7.833021E+01   1.410706E+02   1.783317E+02  -4.556849E-02
   7.869201E+01   1.407389E+02   1.773953E+02  -4.664673E-02
   7.905548E+01   1.405369E+02   1.764469E+02  -4.771135E-02
   7.942062E+01   1.404424E+02   1.754837E+02  -4.876630E-02
   7.978746E+01   1.404308E+02   1.745039E+02  -4.981674E-02
   8.015599E+01   1.404765E+02   1.735066E+02  -5.086874E-02
   8.052622E+01   1.405548E+02   1.724921E+02  -5.192894E-02
   8.089816E+01   1.406423E+02   1.714609E+02  -5.300410E-02
   8.127182E+01   1.407174E+02   1.704146E+02  -5.410054E-02
   8.164720E+01   1.407611E+02   1.693549E+02  -5.522376E-02
   8.202432E+01   1.407564E+02   1.682839E+02  -5.637798E-02
   8.240318E+01   1.406888E+02   1.672043E+02  -5.756579E-02
   8.278379E+01   1.405460E+02   1.661186E+02  -5.878788E-02
   8.316616E+01   1.403175E+02   1.650296E+02  -6.004300E-02
   8.355029E+01   1.399952E+02   1.639404E+02  -6.132799E-02
   8.393620E+01   1.395727E+02   1.628539E+02  -6.263819E-02
   8.432389E+01   1.390459E+02   1.617730E+02  -6.396800E-02
   8.471337E+01   1.384133E+02   1.607005E+02  -6.531156E-02
   8.510465E+01   1.376953E+02   1.596121E+02  -6.665012E-02
   8.549774E+01   1.369327E+02   1.584651E+02  -6.795449E-02
   8.589264E+01   1.360919E+02   1.573365E+02  -6.925656E-02
   8.628937E+01   1.351936E+02   1.562276E+02  -7.055320E-02
   8.668793E+01   1.342634E+02   1.551389E+02  -7.184138E-02
   8.708833E+01   1.333299E+02   1.540701E+02  -7.311788E-02
   8.749058E+01   1.324225E+02   1.530199E+02  -7.437923E-02
   8.789469E+01   1.315689E+02   1.519865E+02  -7.562191E-02
   8.830067E+01   1.307927E+02   1.509669E+02  -7.684273E-02
   8.870852E+01   1.301112E+02   1.499581E+02  -7.803931E-02
   8.911825E+01   1.295348E+02   1.489563E+02  -7.921047E-02
   8.952988E+01   1.290669E+02   1.479582E+02  -8.035647E-02
   8.994340E+01   1.287041E+02   1.469603E+02  -8.147902E-02
   9.035884E+01   1.284375E+02   1.459600E+02  -8.258117E-02
   9.077620E+01   1.282543E+02   1.449550E+02  -8.366702E-02
   9.119548E+01   1.281388E+02   1.439437E+02  -8.474142E-02
   9.161670E+01   1.280739E+02   1.429251E+02  -8.580959E-02
   9.203987E+01   1.280420E+02   1.418988E+02  -8.687672E-02
   9.246499E+01   1.280263E+02   1.408650E+02  -8.794768E-02
   9.289207E+01   1.280109E+02   1.398242E+02  -8.902670E-02
   9.332113E+01   1.279816E+02   1.387773E+02  -9.011718E-02
   9.375217E+01   1.279258E+02   1.377254E+02  -9.122150E-02
   9.418520E+01   1.278330E+02   1.366700E+02  -9.234100E-02
   9.462023E+01   1.276945E+02   1.356125E+02  -9.347593E-02
   9.505727E+01   1.275034E+02   1.345546E+02  -9.462551E-02
   9.549632E+01   1.272551E+02   1.334981E+02  -9.578812E-02
   9.593741E+01   1.269465E+02   1.324446E+02  -9.696139E-02
   9.638053E+01   1.265768E+02   1.313959E+02  -9.814249E-02
   9.682570E+01   1.261471E+02   1.303534E+02  -9.932829E-02
   9.727293E+01   1.256607E+02   1.293187E+02  -1.005156E-01
   9.772222E+01   1.251231E+02   1.282928E+02  -1.017013E-01
   9.817359E+01   1.245420E+02   1.272767E+02  -1.028825E-01
   9.862704E+01   1.239272E+02   1.262709E+02  -1.040561E-01
   9.908259E+01   1.232903E+02   1.252755E+02  -1.052196E-01
   9.954024E+01   1.226439E+02   1.242904E+02  -1.063703E-01
   1.000000E+02   1.220011E+02   1.233150E+02  -1.075057E-01
