#============================================================================
# Opacities computed by OpTool        <a^n>=  1.6617E-1  2.1501E-1  4.0285E-1
# Method:   DHS  fmax=  0.700
# Parameters:
#   amin [um]=      0.100 amax [um]=     20.000  na  =   35    apow=   3.5    
#   lmin [um]=      0.100 lmax [um]=    100.000  nlam=  300    nang=   180
#   porosity =      0.000 p_mantle =      0.000  fmax= 0.70    chop=   0.0
# Composition:
#  Where   mfrac  rho   Material
#  -----   -----  ----  -----------------------------------------------------
#  core    1.000  7.87  fe-c
#  - - -   - - -  -  -  - - - - - - - - - - - - - - - - - - - - - - - - - - -
#  grain   1.000  7.87  mixture of  1 materials
#----------------------------------------------------------------------------
# Command: optool fe-c -a 0.1 20 -l 0.1 100 -dhs 0.7
#============================================================================
# Standard output file, no scattering matrix
#    iformat
#    nlambda
#    lambda[um]  kabs [cm^2/g]  ksca [cm^2/g]    g_asymmetry
#============================================================================
           3
         300
   1.000000E-01   9.875045E+02   1.335944E+03   8.591935E-01
   1.023372E-01   9.879681E+02   1.340850E+03   8.566197E-01
   1.047290E-01   9.884220E+02   1.345829E+03   8.540008E-01
   1.071767E-01   9.887420E+02   1.350848E+03   8.513501E-01
   1.096816E-01   9.890599E+02   1.355944E+03   8.486711E-01
   1.122451E-01   9.893866E+02   1.361122E+03   8.459634E-01
   1.148684E-01   9.897250E+02   1.366372E+03   8.432396E-01
   1.175531E-01   9.900624E+02   1.371695E+03   8.404879E-01
   1.203005E-01   9.904026E+02   1.377094E+03   8.377091E-01
   1.231122E-01   9.907407E+02   1.382569E+03   8.348921E-01
   1.259895E-01   9.910937E+02   1.388130E+03   8.320501E-01
   1.289341E-01   9.914569E+02   1.393764E+03   8.291785E-01
   1.319476E-01   9.917907E+02   1.399478E+03   8.262557E-01
   1.350314E-01   9.920931E+02   1.405260E+03   8.232813E-01
   1.381873E-01   9.923652E+02   1.411121E+03   8.202567E-01
   1.414170E-01   9.926339E+02   1.417051E+03   8.172020E-01
   1.447222E-01   9.929117E+02   1.423054E+03   8.141287E-01
   1.481046E-01   9.932129E+02   1.429119E+03   8.110642E-01
   1.515661E-01   9.935183E+02   1.435235E+03   8.079956E-01
   1.551084E-01   9.937952E+02   1.441410E+03   8.048988E-01
   1.587336E-01   9.940205E+02   1.447641E+03   8.017394E-01
   1.624435E-01   9.941738E+02   1.453947E+03   7.985076E-01
   1.662401E-01   9.942695E+02   1.460314E+03   7.952126E-01
   1.701254E-01   9.943327E+02   1.466750E+03   7.918784E-01
   1.741016E-01   9.943883E+02   1.473231E+03   7.885301E-01
   1.781706E-01   9.944308E+02   1.479757E+03   7.851631E-01
   1.823348E-01   9.944413E+02   1.486324E+03   7.817684E-01
   1.865963E-01   9.943961E+02   1.492939E+03   7.783242E-01
   1.909574E-01   9.943023E+02   1.499608E+03   7.748423E-01
   1.954204E-01   9.941631E+02   1.506326E+03   7.713321E-01
   1.999877E-01   9.939837E+02   1.513095E+03   7.678071E-01
   2.046618E-01   9.937549E+02   1.519895E+03   7.642572E-01
   2.094451E-01   9.934652E+02   1.526735E+03   7.606714E-01
   2.143402E-01   9.931105E+02   1.533610E+03   7.570391E-01
   2.193497E-01   9.926956E+02   1.540533E+03   7.533572E-01
   2.244763E-01   9.922419E+02   1.547490E+03   7.496461E-01
   2.297228E-01   9.917570E+02   1.554489E+03   7.459166E-01
   2.350918E-01   9.912357E+02   1.561524E+03   7.421695E-01
   2.405863E-01   9.906504E+02   1.568592E+03   7.383778E-01
   2.462092E-01   9.899840E+02   1.575692E+03   7.345268E-01
   2.519636E-01   9.892097E+02   1.582818E+03   7.305929E-01
   2.578524E-01   9.883201E+02   1.589969E+03   7.265761E-01
   2.638789E-01   9.873277E+02   1.597152E+03   7.224844E-01
   2.700462E-01   9.862399E+02   1.604371E+03   7.183342E-01
   2.763577E-01   9.850508E+02   1.611621E+03   7.141230E-01
   2.828167E-01   9.837597E+02   1.618909E+03   7.098447E-01
   2.894266E-01   9.823827E+02   1.626236E+03   7.055052E-01
   2.961910E-01   9.809356E+02   1.633608E+03   7.011066E-01
   3.031136E-01   9.794454E+02   1.641010E+03   6.966744E-01
   3.101979E-01   9.779382E+02   1.648432E+03   6.922350E-01
   3.174477E-01   9.764412E+02   1.655883E+03   6.878116E-01
   3.248671E-01   9.749245E+02   1.663345E+03   6.833929E-01
   3.324598E-01   9.733994E+02   1.670824E+03   6.789752E-01
   3.402300E-01   9.718542E+02   1.678309E+03   6.745436E-01
   3.481818E-01   9.702787E+02   1.685790E+03   6.700854E-01
   3.563194E-01   9.686455E+02   1.693219E+03   6.655981E-01
   3.646472E-01   9.669670E+02   1.700593E+03   6.610905E-01
   3.731697E-01   9.652336E+02   1.707902E+03   6.565603E-01
   3.818913E-01   9.634137E+02   1.715144E+03   6.519828E-01
   3.908168E-01   9.614890E+02   1.722322E+03   6.473408E-01
   3.999509E-01   9.594365E+02   1.729440E+03   6.426050E-01
   4.092985E-01   9.572110E+02   1.736446E+03   6.377529E-01
   4.188645E-01   9.548431E+02   1.743391E+03   6.327766E-01
   4.286541E-01   9.523441E+02   1.750280E+03   6.276837E-01
   4.386726E-01   9.497105E+02   1.757128E+03   6.224659E-01
   4.489251E-01   9.469392E+02   1.763963E+03   6.171082E-01
   4.594173E-01   9.439756E+02   1.770722E+03   6.115879E-01
   4.701547E-01   9.408694E+02   1.777498E+03   6.058899E-01
   4.811431E-01   9.376377E+02   1.784309E+03   6.000037E-01
   4.923883E-01   9.343012E+02   1.791159E+03   5.939332E-01
   5.038963E-01   9.308909E+02   1.798051E+03   5.876978E-01
   5.156732E-01   9.274225E+02   1.804999E+03   5.813033E-01
   5.277254E-01   9.239120E+02   1.812018E+03   5.747547E-01
   5.400593E-01   9.203396E+02   1.819049E+03   5.680427E-01
   5.526815E-01   9.167332E+02   1.826125E+03   5.611664E-01
   5.655986E-01   9.131097E+02   1.833232E+03   5.541326E-01
   5.788177E-01   9.093367E+02   1.840037E+03   5.469304E-01
   5.923457E-01   9.055180E+02   1.846642E+03   5.396083E-01
   6.061899E-01   9.017431E+02   1.853169E+03   5.322085E-01
   6.203576E-01   8.980129E+02   1.859586E+03   5.247521E-01
   6.348565E-01   8.943122E+02   1.865843E+03   5.172460E-01
   6.496943E-01   8.906231E+02   1.871876E+03   5.096987E-01
   6.648788E-01   8.901572E+02   1.874407E+03   5.029533E-01
   6.804182E-01   8.897953E+02   1.876512E+03   4.962436E-01
   6.963208E-01   8.894649E+02   1.878200E+03   4.895884E-01
   7.125951E-01   8.891484E+02   1.879425E+03   4.830171E-01
   7.292497E-01   8.888120E+02   1.880139E+03   4.765440E-01
   7.462936E-01   8.877479E+02   1.881962E+03   4.700051E-01
   7.637358E-01   8.865490E+02   1.883257E+03   4.635584E-01
   7.815857E-01   8.852156E+02   1.883901E+03   4.572218E-01
   7.998527E-01   8.837336E+02   1.883858E+03   4.510194E-01
   8.185467E-01   8.820879E+02   1.883106E+03   4.449741E-01
   8.376776E-01   8.802561E+02   1.881634E+03   4.391001E-01
   8.572557E-01   8.782211E+02   1.879522E+03   4.333992E-01
   8.772913E-01   8.759571E+02   1.876826E+03   4.278624E-01
   8.977952E-01   8.733944E+02   1.873385E+03   4.224718E-01
   9.187782E-01   8.705132E+02   1.869198E+03   4.172283E-01
   9.402517E-01   8.673092E+02   1.864272E+03   4.121443E-01
   9.622271E-01   8.637790E+02   1.858626E+03   4.072316E-01
   9.847161E-01   8.599112E+02   1.852285E+03   4.024933E-01
   1.007731E+00   8.551278E+02   1.845887E+03   3.977819E-01
   1.031283E+00   8.488298E+02   1.840051E+03   3.929458E-01
   1.055386E+00   8.421021E+02   1.833547E+03   3.882402E-01
   1.080052E+00   8.349481E+02   1.826393E+03   3.836646E-01
   1.105295E+00   8.273825E+02   1.818616E+03   3.792268E-01
   1.131128E+00   8.194216E+02   1.810248E+03   3.749353E-01
   1.157564E+00   8.110348E+02   1.801266E+03   3.707799E-01
   1.184619E+00   8.021714E+02   1.791610E+03   3.667352E-01
   1.212305E+00   7.929308E+02   1.781428E+03   3.628041E-01
   1.240639E+00   7.833247E+02   1.770746E+03   3.589766E-01
   1.269635E+00   7.733765E+02   1.759594E+03   3.552529E-01
   1.299309E+00   7.631169E+02   1.748007E+03   3.516386E-01
   1.329676E+00   7.524891E+02   1.736227E+03   3.481214E-01
   1.360753E+00   7.415603E+02   1.724111E+03   3.447053E-01
   1.392556E+00   7.303209E+02   1.711706E+03   3.413713E-01
   1.425103E+00   7.186457E+02   1.699162E+03   3.380789E-01
   1.458410E+00   7.066862E+02   1.686358E+03   3.348488E-01
   1.492496E+00   6.945292E+02   1.673261E+03   3.316936E-01
   1.527378E+00   6.822099E+02   1.659901E+03   3.286198E-01
   1.563075E+00   6.693929E+02   1.646598E+03   3.255635E-01
   1.599607E+00   6.564285E+02   1.633085E+03   3.225784E-01
   1.636993E+00   6.433658E+02   1.619353E+03   3.196590E-01
   1.675252E+00   6.299381E+02   1.605604E+03   3.167443E-01
   1.714406E+00   6.163073E+02   1.591753E+03   3.138576E-01
   1.754475E+00   6.026526E+02   1.577724E+03   3.110292E-01
   1.795480E+00   5.890060E+02   1.563539E+03   3.082662E-01
   1.837444E+00   5.750595E+02   1.549391E+03   3.055112E-01
   1.880388E+00   5.611250E+02   1.535123E+03   3.028077E-01
   1.924336E+00   5.471260E+02   1.520783E+03   3.001309E-01
   1.969311E+00   5.331097E+02   1.506363E+03   2.974806E-01
   2.015338E+00   5.191178E+02   1.491867E+03   2.948597E-01
   2.062440E+00   5.050866E+02   1.477347E+03   2.922579E-01
   2.110643E+00   4.912209E+02   1.462741E+03   2.897131E-01
   2.159972E+00   4.774859E+02   1.448078E+03   2.872135E-01
   2.210455E+00   4.637527E+02   1.433404E+03   2.847279E-01
   2.262117E+00   4.502305E+02   1.418660E+03   2.822836E-01
   2.314987E+00   4.368183E+02   1.403884E+03   2.798575E-01
   2.369092E+00   4.235803E+02   1.389078E+03   2.774592E-01
   2.424462E+00   4.105153E+02   1.374259E+03   2.750910E-01
   2.481126E+00   3.977196E+02   1.359419E+03   2.727718E-01
   2.539114E+00   3.850832E+02   1.344585E+03   2.704760E-01
   2.598458E+00   3.726768E+02   1.329745E+03   2.682097E-01
   2.659189E+00   3.605608E+02   1.314894E+03   2.659778E-01
   2.721339E+00   3.487373E+02   1.300046E+03   2.637779E-01
   2.784941E+00   3.371453E+02   1.285217E+03   2.615995E-01
   2.850030E+00   3.258058E+02   1.270419E+03   2.594503E-01
   2.916641E+00   3.147579E+02   1.255656E+03   2.573385E-01
   2.984808E+00   3.039700E+02   1.240926E+03   2.552529E-01
   3.054568E+00   2.934902E+02   1.226233E+03   2.531985E-01
   3.125959E+00   2.832932E+02   1.211580E+03   2.511658E-01
   3.199018E+00   2.733626E+02   1.196974E+03   2.491504E-01
   3.273785E+00   2.637352E+02   1.182434E+03   2.471653E-01
   3.350299E+00   2.544082E+02   1.167969E+03   2.452144E-01
   3.428602E+00   2.453626E+02   1.153567E+03   2.432905E-01
   3.508734E+00   2.366042E+02   1.139241E+03   2.413940E-01
   3.590740E+00   2.280971E+02   1.124987E+03   2.395117E-01
   3.674662E+00   2.198707E+02   1.110817E+03   2.376497E-01
   3.760545E+00   2.119178E+02   1.096737E+03   2.358085E-01
   3.848436E+00   2.042275E+02   1.082740E+03   2.339869E-01
   3.938381E+00   1.968018E+02   1.068851E+03   2.321934E-01
   4.030428E+00   1.896379E+02   1.055057E+03   2.304242E-01
   4.124626E+00   1.827329E+02   1.041348E+03   2.286726E-01
   4.221026E+00   1.760703E+02   1.027745E+03   2.269367E-01
   4.319679E+00   1.696425E+02   1.014252E+03   2.252153E-01
   4.420638E+00   1.634427E+02   1.000877E+03   2.235107E-01
   4.523956E+00   1.574650E+02   9.876245E+02   2.218266E-01
   4.629689E+00   1.517107E+02   9.744725E+02   2.201593E-01
   4.737893E+00   1.461648E+02   9.614418E+02   2.185104E-01
   4.848626E+00   1.408283E+02   9.485228E+02   2.168742E-01
   4.961948E+00   1.356959E+02   9.357152E+02   2.152472E-01
   5.077917E+00   1.307611E+02   9.230230E+02   2.136292E-01
   5.196597E+00   1.260116E+02   9.104567E+02   2.120238E-01
   5.318051E+00   1.214394E+02   8.980209E+02   2.104345E-01
   5.442344E+00   1.170540E+02   8.857035E+02   2.088612E-01
   5.569541E+00   1.128293E+02   8.735130E+02   2.072989E-01
   5.699711E+00   1.087733E+02   8.614368E+02   2.057424E-01
   5.832924E+00   1.048694E+02   8.494838E+02   2.041896E-01
   5.969250E+00   1.011294E+02   8.376481E+02   2.026425E-01
   6.108762E+00   9.754615E+01   8.259345E+02   2.011048E-01
   6.251534E+00   9.409361E+01   8.143552E+02   1.995783E-01
   6.397644E+00   9.076691E+01   8.029061E+02   1.980610E-01
   6.547168E+00   8.756110E+01   7.915828E+02   1.965480E-01
   6.700188E+00   8.447143E+01   7.803833E+02   1.950349E-01
   6.856783E+00   8.153596E+01   7.692898E+02   1.935236E-01
   7.017038E+00   7.872525E+01   7.583170E+02   1.920150E-01
   7.181039E+00   7.601506E+01   7.474755E+02   1.905114E-01
   7.348873E+00   7.340178E+01   7.367630E+02   1.890139E-01
   7.520629E+00   7.088172E+01   7.261750E+02   1.875194E-01
   7.696400E+00   6.849149E+01   7.156920E+02   1.860260E-01
   7.876279E+00   6.619288E+01   7.053268E+02   1.845278E-01
   8.060361E+00   6.397438E+01   6.950838E+02   1.830243E-01
   8.248747E+00   6.183317E+01   6.849648E+02   1.815187E-01
   8.441535E+00   5.979507E+01   6.749592E+02   1.800167E-01
   8.638828E+00   5.782743E+01   6.650749E+02   1.785153E-01
   8.840733E+00   5.593718E+01   6.553035E+02   1.770110E-01
   9.047357E+00   5.411788E+01   6.456436E+02   1.754988E-01
   9.258810E+00   5.236799E+01   6.360941E+02   1.739765E-01
   9.475205E+00   5.068916E+01   6.266551E+02   1.724457E-01
   9.696658E+00   4.906940E+01   6.173317E+02   1.709097E-01
   9.923286E+00   4.751565E+01   6.081192E+02   1.693709E-01
   1.015521E+01   4.603338E+01   5.990116E+02   1.678282E-01
   1.039256E+01   4.460758E+01   5.900101E+02   1.662767E-01
   1.063545E+01   4.325331E+01   5.811086E+02   1.647145E-01
   1.088402E+01   4.196190E+01   5.723092E+02   1.631396E-01
   1.113840E+01   4.073127E+01   5.636144E+02   1.615551E-01
   1.139872E+01   3.955543E+01   5.550256E+02   1.599638E-01
   1.166513E+01   3.844005E+01   5.465398E+02   1.583684E-01
   1.193777E+01   3.735820E+01   5.381582E+02   1.567616E-01
   1.221677E+01   3.632299E+01   5.298744E+02   1.551410E-01
   1.250230E+01   3.532218E+01   5.216891E+02   1.535014E-01
   1.279450E+01   3.435775E+01   5.136017E+02   1.518427E-01
   1.309353E+01   3.343616E+01   5.056112E+02   1.501687E-01
   1.339955E+01   3.254083E+01   4.977213E+02   1.484811E-01
   1.371272E+01   3.169767E+01   4.899233E+02   1.467832E-01
   1.403322E+01   3.089022E+01   4.822175E+02   1.450690E-01
   1.436120E+01   3.010463E+01   4.746039E+02   1.433320E-01
   1.469684E+01   2.934021E+01   4.670817E+02   1.415698E-01
   1.504034E+01   2.860151E+01   4.596505E+02   1.397841E-01
   1.539186E+01   2.792102E+01   4.523042E+02   1.379830E-01
   1.575159E+01   2.725786E+01   4.450498E+02   1.361628E-01
   1.611973E+01   2.661153E+01   4.378844E+02   1.343221E-01
   1.649648E+01   2.598153E+01   4.308051E+02   1.324565E-01
   1.688203E+01   2.540181E+01   4.238039E+02   1.305670E-01
   1.727660E+01   2.483618E+01   4.168868E+02   1.286469E-01
   1.768038E+01   2.428396E+01   4.100542E+02   1.266974E-01
   1.809360E+01   2.375089E+01   4.033048E+02   1.247221E-01
   1.851648E+01   2.325082E+01   3.966353E+02   1.227243E-01
   1.894925E+01   2.276202E+01   3.900469E+02   1.206991E-01
   1.939213E+01   2.230034E+01   3.835344E+02   1.186448E-01
   1.984535E+01   2.185069E+01   3.770986E+02   1.165552E-01
   2.030918E+01   2.142174E+01   3.707379E+02   1.144302E-01
   2.078384E+01   2.100723E+01   3.644534E+02   1.122700E-01
   2.126959E+01   2.061417E+01   3.582439E+02   1.100782E-01
   2.176670E+01   2.023923E+01   3.521087E+02   1.078551E-01
   2.227543E+01   1.987155E+01   3.460473E+02   1.055968E-01
   2.279605E+01   1.951095E+01   3.400576E+02   1.032998E-01
   2.332883E+01   1.917267E+01   3.341365E+02   1.009634E-01
   2.387407E+01   1.885006E+01   3.282841E+02   9.858480E-02
   2.443205E+01   1.853315E+01   3.225013E+02   9.616194E-02
   2.500307E+01   1.822192E+01   3.167877E+02   9.369554E-02
   2.558744E+01   1.793494E+01   3.111406E+02   9.118944E-02
   2.618546E+01   1.765266E+01   3.055608E+02   8.863873E-02
   2.679746E+01   1.738069E+01   3.000464E+02   8.604285E-02
   2.742377E+01   1.711903E+01   2.945962E+02   8.339985E-02
   2.806471E+01   1.687289E+01   2.892090E+02   8.070928E-02
   2.872063E+01   1.663188E+01   2.838847E+02   7.796714E-02
   2.939188E+01   1.639432E+01   2.786226E+02   7.517134E-02
   3.007883E+01   1.617290E+01   2.734209E+02   7.232314E-02
   3.078182E+01   1.595678E+01   2.682795E+02   6.941785E-02
   3.150125E+01   1.574349E+01   2.631981E+02   6.645314E-02
   3.223749E+01   1.554487E+01   2.581753E+02   6.343116E-02
   3.299094E+01   1.534860E+01   2.532113E+02   6.034825E-02
   3.376199E+01   1.516173E+01   2.483054E+02   5.720679E-02
   3.455107E+01   1.497859E+01   2.434571E+02   5.400528E-02
   3.535859E+01   1.480429E+01   2.386652E+02   5.074480E-02
   3.618499E+01   1.463302E+01   2.339286E+02   4.742163E-02
   3.703070E+01   1.446801E+01   2.292459E+02   4.403338E-02
   3.789617E+01   1.430965E+01   2.246159E+02   4.057550E-02
   3.878187E+01   1.415446E+01   2.200377E+02   3.704173E-02
   3.968827E+01   1.400441E+01   2.155106E+02   3.342839E-02
   4.061586E+01   1.386000E+01   2.110346E+02   2.973274E-02
   4.156513E+01   1.371889E+01   2.066098E+02   2.595303E-02
   4.253658E+01   1.358293E+01   2.022364E+02   2.209100E-02
   4.353073E+01   1.345206E+01   1.979145E+02   1.814873E-02
   4.454813E+01   1.332574E+01   1.936438E+02   1.412853E-02
   4.558929E+01   1.320023E+01   1.894235E+02   1.003010E-02
   4.665480E+01   1.307943E+01   1.852534E+02   5.858169E-03
   4.774521E+01   1.295912E+01   1.811316E+02   1.606984E-03
   4.886110E+01   1.283929E+01   1.770565E+02  -2.725799E-03
   5.000307E+01   1.271992E+01   1.730271E+02  -7.143606E-03
   5.117173E+01   1.259439E+01   1.690444E+02  -1.164536E-02
   5.236771E+01   1.246951E+01   1.651050E+02  -1.624114E-02
   5.359163E+01   1.234527E+01   1.612084E+02  -2.093586E-02
   5.484417E+01   1.222164E+01   1.573538E+02  -2.573442E-02
   5.612597E+01   1.209863E+01   1.535412E+02  -3.064150E-02
   5.743774E+01   1.197623E+01   1.497701E+02  -3.566155E-02
   5.878016E+01   1.185442E+01   1.460407E+02  -4.079870E-02
   6.015396E+01   1.173212E+01   1.423532E+02  -4.605640E-02
   6.155987E+01   1.160177E+01   1.387089E+02  -5.143537E-02
   6.299863E+01   1.147233E+01   1.351066E+02  -5.694082E-02
   6.447102E+01   1.134378E+01   1.315466E+02  -6.257392E-02
   6.597782E+01   1.121613E+01   1.280294E+02  -6.833417E-02
   6.751985E+01   1.108938E+01   1.245552E+02  -7.421901E-02
   6.909791E+01   1.096353E+01   1.211244E+02  -8.022347E-02
   7.071285E+01   1.083785E+01   1.177374E+02  -8.633845E-02
   7.236553E+01   1.071218E+01   1.143943E+02  -9.255329E-02
   7.405685E+01   1.058748E+01   1.110945E+02  -9.885706E-02
   7.578769E+01   1.046375E+01   1.078375E+02  -1.052345E-01
   7.755898E+01   1.034099E+01   1.046226E+02  -1.116684E-01
   7.937168E+01   1.021920E+01   1.014488E+02  -1.181396E-01
   8.122674E+01   1.009838E+01   9.831473E+01  -1.246282E-01
   8.312515E+01   9.978508E+00   9.521880E+01  -1.311134E-01
   8.506793E+01   9.859598E+00   9.215922E+01  -1.375747E-01
   8.705612E+01   9.741881E+00   8.913432E+01  -1.439889E-01
   8.909078E+01   9.625087E+00   8.614164E+01  -1.503412E-01
   9.117299E+01   9.509201E+00   8.317910E+01  -1.566154E-01
   9.330387E+01   9.394203E+00   8.024475E+01  -1.627977E-01
   9.548455E+01   9.280076E+00   7.733687E+01  -1.688773E-01
   9.771620E+01   9.166799E+00   7.445410E+01  -1.748460E-01
   1.000000E+02   9.054355E+00   7.159556E+01  -1.806986E-01
