# Opacities computed by OpTool        <a^n>=  1.6617E-1  2.1501E-1  4.0285E-1
# Method:   DHS  fmax=  0.700
# Parameters:
#   amin [um]=      0.100 amax [um]=     20.000  na  =   35    apow=   3.5    
#   lmin [um]=      0.100 lmax [um]=    100.000  nlam= 1500    nang=   180
#   porosity =      0.000 p_mantle =      0.000  fmax= 0.70    chop=   0.0
# Composition:
#  Where   mfrac  rho   Material
#  -----   -----  ----  -----------------------------------------------------
#  core    1.000  7.87  lnk_data/fe3o4-Querry1985.lnk
#  - - -   - - -  -  -  - - - - - - - - - - - - - - - - - - - - - - - - - - -
#  grain   1.000  7.87  mixture of  1 materials
#----------------------------------------------------------------------------
# Command: optool -c lnk_data/fe3o4-Querry1985.lnk 612 7.87 -a 0.1 20 -l \
#   0.1 100 1500 -dhs 0.7
#============================================================================
# Standard output file, no scattering matrix
#    iformat
#    nlambda
#    lambda[um]  kabs [cm^2/g]  ksca [cm^2/g]    g_asymmetry
#============================================================================
           3
        1500
   1.000000E-01   8.817154E+02   1.409367E+03   8.433113E-01
   1.004619E-01   8.815624E+02   1.410679E+03   8.432719E-01
   1.009259E-01   8.814176E+02   1.412025E+03   8.432440E-01
   1.013921E-01   8.813020E+02   1.413288E+03   8.432258E-01
   1.018604E-01   8.811663E+02   1.414489E+03   8.431836E-01
   1.023309E-01   8.809831E+02   1.415706E+03   8.431115E-01
   1.028035E-01   8.807736E+02   1.416968E+03   8.430232E-01
   1.032784E-01   8.805517E+02   1.418289E+03   8.429163E-01
   1.037554E-01   8.803384E+02   1.419611E+03   8.428031E-01
   1.042346E-01   8.801549E+02   1.420887E+03   8.427060E-01
   1.047161E-01   8.800202E+02   1.422123E+03   8.426548E-01
   1.051997E-01   8.799259E+02   1.423321E+03   8.426480E-01
   1.056856E-01   8.798072E+02   1.424579E+03   8.426318E-01
   1.061738E-01   8.796257E+02   1.426001E+03   8.425552E-01
   1.066642E-01   8.794137E+02   1.427525E+03   8.424221E-01
   1.071569E-01   8.792423E+02   1.429058E+03   8.423126E-01
   1.076518E-01   8.791194E+02   1.430612E+03   8.422549E-01
   1.081490E-01   8.789882E+02   1.432246E+03   8.422093E-01
   1.086486E-01   8.788167E+02   1.433924E+03   8.421347E-01
   1.091504E-01   8.786204E+02   1.435560E+03   8.420391E-01
   1.096546E-01   8.784092E+02   1.437132E+03   8.419329E-01
   1.101610E-01   8.781821E+02   1.438732E+03   8.418158E-01
   1.106699E-01   8.779775E+02   1.440385E+03   8.417136E-01
   1.111810E-01   8.777827E+02   1.442065E+03   8.416049E-01
   1.116946E-01   8.776083E+02   1.443703E+03   8.415100E-01
   1.122105E-01   8.774713E+02   1.445254E+03   8.414631E-01
   1.127287E-01   8.773473E+02   1.446777E+03   8.414511E-01
   1.132494E-01   8.771946E+02   1.448368E+03   8.414280E-01
   1.137725E-01   8.769821E+02   1.450025E+03   8.413583E-01
   1.142980E-01   8.767219E+02   1.451658E+03   8.412482E-01
   1.148259E-01   8.764332E+02   1.453269E+03   8.411228E-01
   1.153563E-01   8.761473E+02   1.454926E+03   8.410126E-01
   1.158891E-01   8.759051E+02   1.456650E+03   8.409348E-01
   1.164244E-01   8.756829E+02   1.458447E+03   8.408521E-01
   1.169622E-01   8.754809E+02   1.460306E+03   8.407499E-01
   1.175024E-01   8.752979E+02   1.462255E+03   8.406319E-01
   1.180451E-01   8.751452E+02   1.464240E+03   8.405072E-01
   1.185904E-01   8.750231E+02   1.466148E+03   8.403675E-01
   1.191381E-01   8.748690E+02   1.468013E+03   8.401819E-01
   1.196884E-01   8.746581E+02   1.469881E+03   8.399550E-01
   1.202412E-01   8.743971E+02   1.471765E+03   8.396975E-01
   1.207966E-01   8.740890E+02   1.473661E+03   8.394139E-01
   1.213545E-01   8.737455E+02   1.475505E+03   8.391230E-01
   1.219151E-01   8.733841E+02   1.477273E+03   8.388554E-01
   1.224782E-01   8.730256E+02   1.478979E+03   8.386450E-01
   1.230439E-01   8.726651E+02   1.480647E+03   8.384901E-01
   1.236122E-01   8.722570E+02   1.482398E+03   8.383448E-01
   1.241832E-01   8.717983E+02   1.484311E+03   8.381724E-01
   1.247567E-01   8.713506E+02   1.486316E+03   8.379907E-01
   1.253330E-01   8.709939E+02   1.488343E+03   8.378687E-01
   1.259119E-01   8.707330E+02   1.490417E+03   8.378117E-01
   1.264935E-01   8.705234E+02   1.492577E+03   8.377760E-01
   1.270777E-01   8.703431E+02   1.494767E+03   8.377232E-01
   1.276647E-01   8.702089E+02   1.496902E+03   8.376628E-01
   1.282543E-01   8.701125E+02   1.498973E+03   8.375910E-01
   1.288467E-01   8.700491E+02   1.501057E+03   8.375110E-01
   1.294419E-01   8.700321E+02   1.503150E+03   8.374334E-01
   1.300397E-01   8.700311E+02   1.505213E+03   8.373376E-01
   1.306404E-01   8.700431E+02   1.507168E+03   8.372459E-01
   1.312438E-01   8.700589E+02   1.508981E+03   8.371818E-01
   1.318500E-01   8.700338E+02   1.510716E+03   8.371265E-01
   1.324590E-01   8.699125E+02   1.512453E+03   8.370393E-01
   1.330708E-01   8.696600E+02   1.514172E+03   8.368972E-01
   1.336854E-01   8.692871E+02   1.515802E+03   8.367145E-01
   1.343029E-01   8.688088E+02   1.517387E+03   8.365178E-01
   1.349232E-01   8.682722E+02   1.519000E+03   8.363408E-01
   1.355464E-01   8.677207E+02   1.520678E+03   8.361917E-01
   1.361725E-01   8.671550E+02   1.522441E+03   8.360374E-01
   1.368015E-01   8.666079E+02   1.524302E+03   8.358695E-01
   1.374333E-01   8.661051E+02   1.526297E+03   8.356915E-01
   1.380681E-01   8.656857E+02   1.528367E+03   8.355092E-01
   1.387058E-01   8.653565E+02   1.530429E+03   8.353093E-01
   1.393465E-01   8.650687E+02   1.532531E+03   8.350661E-01
   1.399901E-01   8.648125E+02   1.534702E+03   8.347881E-01
   1.406367E-01   8.645884E+02   1.536946E+03   8.344780E-01
   1.412863E-01   8.643927E+02   1.539241E+03   8.341391E-01
   1.419389E-01   8.642257E+02   1.541515E+03   8.337872E-01
   1.425945E-01   8.640910E+02   1.543747E+03   8.334485E-01
   1.432531E-01   8.639909E+02   1.545936E+03   8.331489E-01
   1.439148E-01   8.638960E+02   1.548105E+03   8.328769E-01
   1.445795E-01   8.637475E+02   1.550365E+03   8.325903E-01
   1.452473E-01   8.635363E+02   1.552751E+03   8.322640E-01
   1.459182E-01   8.633103E+02   1.555177E+03   8.319305E-01
   1.465922E-01   8.631180E+02   1.557582E+03   8.316514E-01
   1.472692E-01   8.629329E+02   1.559997E+03   8.314241E-01
   1.479495E-01   8.627024E+02   1.562439E+03   8.312142E-01
   1.486328E-01   8.624033E+02   1.564848E+03   8.309976E-01
   1.493193E-01   8.620522E+02   1.567152E+03   8.307909E-01
   1.500090E-01   8.616426E+02   1.569374E+03   8.305886E-01
   1.507019E-01   8.611984E+02   1.571595E+03   8.304029E-01
   1.513980E-01   8.607497E+02   1.573812E+03   8.302343E-01
   1.520973E-01   8.603033E+02   1.575996E+03   8.300683E-01
   1.527998E-01   8.598922E+02   1.578089E+03   8.299264E-01
   1.535056E-01   8.595284E+02   1.580082E+03   8.298195E-01
   1.542146E-01   8.591866E+02   1.582053E+03   8.297212E-01
   1.549269E-01   8.588273E+02   1.584065E+03   8.295917E-01
   1.556425E-01   8.584296E+02   1.586081E+03   8.294128E-01
   1.563614E-01   8.580062E+02   1.588044E+03   8.291978E-01
   1.570836E-01   8.575664E+02   1.590008E+03   8.289675E-01
   1.578091E-01   8.571554E+02   1.592027E+03   8.287511E-01
   1.585380E-01   8.567956E+02   1.594130E+03   8.285437E-01
   1.592703E-01   8.564846E+02   1.596324E+03   8.283158E-01
   1.600059E-01   8.562484E+02   1.598621E+03   8.280623E-01
   1.607450E-01   8.561045E+02   1.601043E+03   8.277866E-01
   1.614874E-01   8.560824E+02   1.603509E+03   8.274913E-01
   1.622333E-01   8.561649E+02   1.605958E+03   8.271600E-01
   1.629827E-01   8.562950E+02   1.608435E+03   8.267751E-01
   1.637355E-01   8.564541E+02   1.610949E+03   8.263486E-01
   1.644917E-01   8.566191E+02   1.613495E+03   8.258811E-01
   1.652515E-01   8.567647E+02   1.616033E+03   8.253794E-01
   1.660148E-01   8.568674E+02   1.618490E+03   8.248604E-01
   1.667816E-01   8.569079E+02   1.620851E+03   8.243516E-01
   1.675519E-01   8.568666E+02   1.623112E+03   8.238758E-01
   1.683258E-01   8.566958E+02   1.625310E+03   8.234207E-01
   1.691033E-01   8.563432E+02   1.627558E+03   8.229555E-01
   1.698844E-01   8.558199E+02   1.629872E+03   8.224687E-01
   1.706690E-01   8.551966E+02   1.632180E+03   8.220027E-01
   1.714573E-01   8.545358E+02   1.634463E+03   8.216064E-01
   1.722493E-01   8.538333E+02   1.636776E+03   8.212681E-01
   1.730449E-01   8.530766E+02   1.639138E+03   8.209566E-01
   1.738442E-01   8.522802E+02   1.641502E+03   8.206552E-01
   1.746471E-01   8.514843E+02   1.643821E+03   8.203766E-01
   1.754538E-01   8.507003E+02   1.646145E+03   8.201105E-01
   1.762642E-01   8.499747E+02   1.648538E+03   8.198697E-01
   1.770783E-01   8.493365E+02   1.650994E+03   8.196420E-01
   1.778962E-01   8.488026E+02   1.653478E+03   8.194169E-01
   1.787179E-01   8.484066E+02   1.655933E+03   8.192116E-01
   1.795434E-01   8.481499E+02   1.658364E+03   8.190265E-01
   1.803727E-01   8.480000E+02   1.660846E+03   8.188319E-01
   1.812058E-01   8.479127E+02   1.663415E+03   8.185922E-01
   1.820428E-01   8.478648E+02   1.666019E+03   8.182958E-01
   1.828836E-01   8.478580E+02   1.668609E+03   8.179563E-01
   1.837283E-01   8.478890E+02   1.671242E+03   8.175931E-01
   1.845769E-01   8.479901E+02   1.673950E+03   8.172314E-01
   1.854295E-01   8.481566E+02   1.676747E+03   8.168586E-01
   1.862860E-01   8.483757E+02   1.679628E+03   8.164521E-01
   1.871464E-01   8.486553E+02   1.682599E+03   8.160101E-01
   1.880108E-01   8.489966E+02   1.685657E+03   8.155367E-01
   1.888792E-01   8.494089E+02   1.688702E+03   8.150323E-01
   1.897516E-01   8.498471E+02   1.691690E+03   8.144801E-01
   1.906280E-01   8.502471E+02   1.694651E+03   8.138715E-01
   1.915085E-01   8.505811E+02   1.697577E+03   8.132206E-01
   1.923931E-01   8.508145E+02   1.700451E+03   8.125295E-01
   1.932817E-01   8.509176E+02   1.703221E+03   8.118096E-01
   1.941745E-01   8.508685E+02   1.705821E+03   8.110812E-01
   1.950713E-01   8.506570E+02   1.708249E+03   8.103735E-01
   1.959723E-01   8.502761E+02   1.710508E+03   8.097059E-01
   1.968775E-01   8.496961E+02   1.712664E+03   8.090652E-01
   1.977869E-01   8.489018E+02   1.714835E+03   8.084283E-01
   1.987004E-01   8.479418E+02   1.717033E+03   8.077924E-01
   1.996182E-01   8.469127E+02   1.719215E+03   8.072020E-01
   2.005402E-01   8.458854E+02   1.721398E+03   8.066904E-01
   2.014665E-01   8.448666E+02   1.723656E+03   8.062397E-01
   2.023970E-01   8.438621E+02   1.726008E+03   8.058208E-01
   2.033319E-01   8.429003E+02   1.728413E+03   8.054239E-01
   2.042710E-01   8.420182E+02   1.730850E+03   8.050559E-01
   2.052145E-01   8.412264E+02   1.733380E+03   8.047072E-01
   2.061624E-01   8.405694E+02   1.736050E+03   8.043898E-01
   2.071146E-01   8.400600E+02   1.738847E+03   8.040861E-01
   2.080713E-01   8.397097E+02   1.741726E+03   8.037913E-01
   2.090323E-01   8.395392E+02   1.744634E+03   8.035197E-01
   2.099978E-01   8.395319E+02   1.747581E+03   8.032654E-01
   2.109678E-01   8.396442E+02   1.750630E+03   8.029991E-01
   2.119422E-01   8.398257E+02   1.753790E+03   8.026913E-01
   2.129212E-01   8.400507E+02   1.756993E+03   8.023357E-01
   2.139046E-01   8.403105E+02   1.760202E+03   8.019455E-01
   2.148926E-01   8.405975E+02   1.763467E+03   8.015392E-01
   2.158852E-01   8.409342E+02   1.766802E+03   8.011363E-01
   2.168823E-01   8.413024E+02   1.770215E+03   8.007199E-01
   2.178841E-01   8.416928E+02   1.773690E+03   8.002742E-01
   2.188905E-01   8.421096E+02   1.777240E+03   7.997993E-01
   2.199015E-01   8.425579E+02   1.780843E+03   7.992996E-01
   2.209172E-01   8.441478E+02   1.781963E+03   7.987514E-01
   2.219376E-01   8.458612E+02   1.782748E+03   7.981685E-01
   2.229627E-01   8.475428E+02   1.783492E+03   7.975517E-01
   2.239925E-01   8.491845E+02   1.784188E+03   7.969113E-01
   2.250271E-01   8.507687E+02   1.784838E+03   7.962461E-01
   2.260665E-01   8.522814E+02   1.785411E+03   7.955586E-01
   2.271106E-01   8.537153E+02   1.785858E+03   7.948574E-01
   2.281596E-01   8.550708E+02   1.786168E+03   7.941618E-01
   2.292135E-01   8.563468E+02   1.786338E+03   7.934882E-01
   2.302722E-01   8.571627E+02   1.786837E+03   7.927891E-01
   2.313358E-01   8.568203E+02   1.788566E+03   7.919737E-01
   2.324043E-01   8.563443E+02   1.790281E+03   7.911417E-01
   2.334777E-01   8.557839E+02   1.791941E+03   7.903148E-01
   2.345562E-01   8.551892E+02   1.793530E+03   7.895248E-01
   2.356395E-01   8.545680E+02   1.795082E+03   7.887712E-01
   2.367279E-01   8.539163E+02   1.796623E+03   7.880400E-01
   2.378213E-01   8.532332E+02   1.798139E+03   7.873178E-01
   2.389198E-01   8.525357E+02   1.799600E+03   7.866076E-01
   2.400234E-01   8.517916E+02   1.801061E+03   7.858987E-01
   2.411320E-01   8.493876E+02   1.804469E+03   7.850164E-01
   2.422458E-01   8.469999E+02   1.807903E+03   7.841448E-01
   2.433647E-01   8.446255E+02   1.811370E+03   7.832712E-01
   2.444887E-01   8.422767E+02   1.814841E+03   7.823993E-01
   2.456180E-01   8.399658E+02   1.818292E+03   7.815367E-01
   2.467525E-01   8.377006E+02   1.821742E+03   7.806824E-01
   2.478922E-01   8.354673E+02   1.825245E+03   7.798184E-01
   2.490372E-01   8.332470E+02   1.828815E+03   7.789247E-01
   2.501874E-01   8.307879E+02   1.832724E+03   7.779717E-01
   2.513430E-01   8.270314E+02   1.838353E+03   7.768757E-01
   2.525040E-01   8.233015E+02   1.844035E+03   7.757608E-01
   2.536702E-01   8.196128E+02   1.849792E+03   7.746402E-01
   2.548419E-01   8.159568E+02   1.855620E+03   7.735058E-01
   2.560190E-01   8.123442E+02   1.861507E+03   7.723562E-01
   2.572015E-01   8.087709E+02   1.867515E+03   7.711893E-01
   2.583895E-01   8.052321E+02   1.873666E+03   7.699935E-01
   2.595830E-01   8.017521E+02   1.879839E+03   7.687666E-01
   2.607819E-01   7.985049E+02   1.886061E+03   7.675522E-01
   2.619865E-01   7.953916E+02   1.892344E+03   7.663368E-01
   2.631965E-01   7.922997E+02   1.898682E+03   7.650979E-01
   2.644122E-01   7.891935E+02   1.905142E+03   7.638121E-01
   2.656335E-01   7.860603E+02   1.911684E+03   7.624643E-01
   2.668604E-01   7.829057E+02   1.918222E+03   7.610635E-01
   2.680930E-01   7.797607E+02   1.924720E+03   7.596609E-01
   2.693313E-01   7.766182E+02   1.931176E+03   7.582801E-01
   2.705753E-01   7.737872E+02   1.937395E+03   7.569566E-01
   2.718251E-01   7.712983E+02   1.943433E+03   7.556821E-01
   2.730806E-01   7.687345E+02   1.949541E+03   7.543796E-01
   2.743419E-01   7.661573E+02   1.955660E+03   7.531020E-01
   2.756091E-01   7.635873E+02   1.961792E+03   7.518706E-01
   2.768821E-01   7.610254E+02   1.967975E+03   7.506829E-01
   2.781610E-01   7.584524E+02   1.974205E+03   7.495213E-01
   2.794458E-01   7.558633E+02   1.980413E+03   7.483786E-01
   2.807365E-01   7.553647E+02   1.984253E+03   7.475103E-01
   2.820332E-01   7.564589E+02   1.986351E+03   7.468572E-01
   2.833359E-01   7.575870E+02   1.988509E+03   7.462212E-01
   2.846445E-01   7.587236E+02   1.990758E+03   7.455777E-01
   2.859593E-01   7.598615E+02   1.993042E+03   7.449243E-01
   2.872801E-01   7.610062E+02   1.995276E+03   7.442779E-01
   2.886070E-01   7.621654E+02   1.997450E+03   7.436487E-01
   2.899400E-01   7.633062E+02   1.999638E+03   7.430109E-01
   2.912792E-01   7.643089E+02   2.001695E+03   7.422989E-01
   2.926246E-01   7.652793E+02   2.003622E+03   7.415362E-01
   2.939762E-01   7.662186E+02   2.005412E+03   7.407340E-01
   2.953341E-01   7.671316E+02   2.007098E+03   7.399153E-01
   2.966982E-01   7.680197E+02   2.008690E+03   7.390970E-01
   2.980686E-01   7.688552E+02   2.010160E+03   7.382694E-01
   2.994453E-01   7.696433E+02   2.011499E+03   7.374345E-01
   3.008284E-01   7.708277E+02   2.012275E+03   7.366542E-01
   3.022179E-01   7.722615E+02   2.012646E+03   7.358993E-01
   3.036138E-01   7.736653E+02   2.012830E+03   7.351269E-01
   3.050162E-01   7.750178E+02   2.012868E+03   7.343323E-01
   3.064250E-01   7.763246E+02   2.012800E+03   7.335341E-01
   3.078404E-01   7.775822E+02   2.012676E+03   7.327293E-01
   3.092622E-01   7.787768E+02   2.012573E+03   7.318993E-01
   3.106907E-01   7.802342E+02   2.012022E+03   7.310628E-01
   3.121257E-01   7.820046E+02   2.010949E+03   7.302408E-01
   3.135674E-01   7.837902E+02   2.009800E+03   7.294505E-01
   3.150157E-01   7.855753E+02   2.008599E+03   7.286958E-01
   3.164707E-01   7.873169E+02   2.007422E+03   7.279565E-01
   3.179325E-01   7.890043E+02   2.006342E+03   7.272185E-01
   3.194010E-01   7.906699E+02   2.005325E+03   7.264865E-01
   3.208762E-01   7.912156E+02   2.005644E+03   7.256331E-01
   3.223583E-01   7.910214E+02   2.006911E+03   7.247175E-01
   3.238473E-01   7.908846E+02   2.008270E+03   7.238468E-01
   3.253431E-01   7.908009E+02   2.009717E+03   7.230086E-01
   3.268458E-01   7.907805E+02   2.011207E+03   7.221993E-01
   3.283555E-01   7.908234E+02   2.012743E+03   7.214072E-01
   3.298721E-01   7.909549E+02   2.014365E+03   7.206398E-01
   3.313957E-01   7.915486E+02   2.015690E+03   7.199433E-01
   3.329264E-01   7.922784E+02   2.017100E+03   7.192624E-01
   3.344641E-01   7.931145E+02   2.018605E+03   7.185897E-01
   3.360090E-01   7.940637E+02   2.020156E+03   7.179305E-01
   3.375610E-01   7.951342E+02   2.021750E+03   7.172899E-01
   3.391201E-01   7.963024E+02   2.023435E+03   7.166538E-01
   3.406865E-01   7.975220E+02   2.025201E+03   7.159951E-01
   3.422601E-01   7.987859E+02   2.026962E+03   7.153008E-01
   3.438409E-01   8.001079E+02   2.028716E+03   7.145833E-01
   3.454291E-01   8.014908E+02   2.030475E+03   7.138556E-01
   3.470246E-01   8.029358E+02   2.032243E+03   7.131264E-01
   3.486274E-01   8.044275E+02   2.033993E+03   7.123894E-01
   3.502377E-01   8.058312E+02   2.035826E+03   7.116186E-01
   3.518554E-01   8.064804E+02   2.038403E+03   7.106888E-01
   3.534806E-01   8.071507E+02   2.041003E+03   7.097383E-01
   3.551133E-01   8.078505E+02   2.043526E+03   7.087625E-01
   3.567535E-01   8.085616E+02   2.045954E+03   7.077586E-01
   3.584013E-01   8.092756E+02   2.048287E+03   7.067389E-01
   3.600567E-01   8.099079E+02   2.050619E+03   7.056981E-01
   3.617198E-01   8.085243E+02   2.055393E+03   7.043368E-01
   3.633905E-01   8.070745E+02   2.060117E+03   7.029337E-01
   3.650690E-01   8.055516E+02   2.064725E+03   7.014874E-01
   3.667552E-01   8.039679E+02   2.069172E+03   7.000258E-01
   3.684492E-01   8.023135E+02   2.073452E+03   6.985677E-01
   3.701510E-01   8.002085E+02   2.078031E+03   6.970556E-01
   3.718607E-01   7.944819E+02   2.087011E+03   6.950247E-01
   3.735783E-01   7.885785E+02   2.095896E+03   6.929674E-01
   3.753038E-01   7.825394E+02   2.104634E+03   6.909106E-01
   3.770372E-01   7.763879E+02   2.113224E+03   6.888752E-01
   3.787787E-01   7.701297E+02   2.121693E+03   6.868651E-01
   3.805283E-01   7.628057E+02   2.131277E+03   6.847693E-01
   3.822859E-01   7.531333E+02   2.143486E+03   6.824487E-01
   3.840516E-01   7.433213E+02   2.155433E+03   6.801531E-01
   3.858255E-01   7.333872E+02   2.167112E+03   6.778837E-01
   3.876076E-01   7.233795E+02   2.178530E+03   6.756520E-01
   3.893979E-01   7.133226E+02   2.189727E+03   6.734575E-01
   3.911965E-01   7.006779E+02   2.203705E+03   6.710115E-01
   3.930034E-01   6.867474E+02   2.218885E+03   6.684509E-01
   3.948186E-01   6.729178E+02   2.233737E+03   6.659382E-01
   3.966422E-01   6.592435E+02   2.248429E+03   6.634885E-01
   3.984743E-01   6.456677E+02   2.263215E+03   6.610747E-01
   4.003148E-01   6.319318E+02   2.278359E+03   6.586537E-01
   4.021638E-01   6.170973E+02   2.294871E+03   6.561823E-01
   4.040213E-01   6.022416E+02   2.311574E+03   6.537136E-01
   4.058874E-01   5.874355E+02   2.328566E+03   6.512879E-01
   4.077622E-01   5.727743E+02   2.345823E+03   6.488817E-01
   4.096456E-01   5.583724E+02   2.363194E+03   6.464644E-01
   4.115377E-01   5.421496E+02   2.383139E+03   6.438513E-01
   4.134385E-01   5.257353E+02   2.403756E+03   6.411439E-01
   4.153481E-01   5.096165E+02   2.424062E+03   6.384213E-01
   4.172666E-01   4.937331E+02   2.443980E+03   6.356822E-01
   4.191939E-01   4.781755E+02   2.463490E+03   6.329956E-01
   4.211301E-01   4.643433E+02   2.481010E+03   6.305679E-01
   4.230752E-01   4.517937E+02   2.497195E+03   6.282710E-01
   4.250294E-01   4.391637E+02   2.513059E+03   6.259125E-01
   4.269925E-01   4.265023E+02   2.528123E+03   6.234691E-01
   4.289648E-01   4.139979E+02   2.542395E+03   6.211684E-01
   4.309461E-01   4.069823E+02   2.549744E+03   6.196178E-01
   4.329366E-01   4.062026E+02   2.550161E+03   6.187629E-01
   4.349363E-01   4.056327E+02   2.550574E+03   6.178989E-01
   4.369452E-01   4.050885E+02   2.550450E+03   6.170518E-01
   4.389634E-01   4.045587E+02   2.549822E+03   6.163398E-01
   4.409909E-01   4.088311E+02   2.543710E+03   6.162705E-01
   4.430278E-01   4.182392E+02   2.532022E+03   6.168482E-01
   4.450741E-01   4.277269E+02   2.519783E+03   6.174767E-01
   4.471298E-01   4.369750E+02   2.507495E+03   6.181411E-01
   4.491950E-01   4.460257E+02   2.495743E+03   6.187997E-01
   4.512698E-01   4.573846E+02   2.482572E+03   6.196710E-01
   4.533542E-01   4.703422E+02   2.468557E+03   6.206522E-01
   4.554482E-01   4.834032E+02   2.454676E+03   6.216759E-01
   4.575518E-01   4.965035E+02   2.440638E+03   6.228086E-01
   4.596652E-01   5.097399E+02   2.426383E+03   6.240682E-01
   4.617883E-01   5.226930E+02   2.412832E+03   6.252082E-01
   4.639213E-01   5.360446E+02   2.399253E+03   6.263283E-01
   4.660641E-01   5.499264E+02   2.385234E+03   6.274462E-01
   4.682168E-01   5.642281E+02   2.370701E+03   6.285959E-01
   4.703794E-01   5.778360E+02   2.356836E+03   6.296732E-01
   4.725520E-01   5.870035E+02   2.348044E+03   6.301663E-01
   4.747347E-01   5.962660E+02   2.338978E+03   6.307213E-01
   4.769274E-01   6.056236E+02   2.329609E+03   6.313292E-01
   4.791303E-01   6.150326E+02   2.320051E+03   6.319885E-01
   4.813433E-01   6.210398E+02   2.314417E+03   6.322353E-01
   4.835666E-01   6.248582E+02   2.311130E+03   6.322079E-01
   4.858001E-01   6.286771E+02   2.307572E+03   6.321912E-01
   4.880440E-01   6.324912E+02   2.303788E+03   6.321993E-01
   4.902982E-01   6.362844E+02   2.299793E+03   6.322432E-01
   4.925628E-01   6.399705E+02   2.295524E+03   6.324189E-01
   4.948379E-01   6.436538E+02   2.290926E+03   6.326036E-01
   4.971235E-01   6.473492E+02   2.285934E+03   6.328195E-01
   4.994197E-01   6.510648E+02   2.280541E+03   6.331093E-01
   5.017264E-01   6.559726E+02   2.273216E+03   6.336229E-01
   5.040438E-01   6.611778E+02   2.265041E+03   6.342336E-01
   5.063720E-01   6.662205E+02   2.256631E+03   6.348671E-01
   5.087108E-01   6.711291E+02   2.247957E+03   6.355249E-01
   5.110605E-01   6.758280E+02   2.239188E+03   6.362305E-01
   5.134210E-01   6.803047E+02   2.230435E+03   6.369793E-01
   5.157925E-01   6.847283E+02   2.221583E+03   6.377739E-01
   5.181748E-01   6.890945E+02   2.212650E+03   6.385855E-01
   5.205682E-01   6.937583E+02   2.203301E+03   6.394340E-01
   5.229727E-01   6.994382E+02   2.192855E+03   6.403544E-01
   5.253882E-01   7.051560E+02   2.182415E+03   6.412970E-01
   5.278149E-01   7.109260E+02   2.171999E+03   6.422542E-01
   5.302528E-01   7.167041E+02   2.161657E+03   6.432020E-01
   5.327020E-01   7.221592E+02   2.151877E+03   6.440627E-01
   5.351625E-01   7.277151E+02   2.142025E+03   6.449351E-01
   5.376343E-01   7.333652E+02   2.132139E+03   6.458109E-01
   5.401176E-01   7.389893E+02   2.122363E+03   6.466581E-01
   5.426123E-01   7.428861E+02   2.114820E+03   6.472014E-01
   5.451186E-01   7.468018E+02   2.107200E+03   6.477185E-01
   5.476364E-01   7.507215E+02   2.099529E+03   6.482222E-01
   5.501659E-01   7.546895E+02   2.091783E+03   6.487344E-01
   5.527070E-01   7.591648E+02   2.083400E+03   6.493192E-01
   5.552599E-01   7.636406E+02   2.074981E+03   6.499005E-01
   5.578246E-01   7.681220E+02   2.066532E+03   6.504789E-01
   5.604011E-01   7.724679E+02   2.058271E+03   6.510295E-01
   5.629895E-01   7.760648E+02   2.051022E+03   6.514302E-01
   5.655899E-01   7.796716E+02   2.043680E+03   6.518185E-01
   5.682023E-01   7.832643E+02   2.036270E+03   6.521933E-01
   5.708268E-01   7.870003E+02   2.028595E+03   6.525831E-01
   5.734634E-01   7.910594E+02   2.020424E+03   6.530132E-01
   5.761121E-01   7.950709E+02   2.012183E+03   6.534332E-01
   5.787731E-01   7.990278E+02   2.003841E+03   6.538449E-01
   5.814464E-01   8.024870E+02   1.996122E+03   6.541419E-01
   5.841320E-01   8.055145E+02   1.988922E+03   6.543510E-01
   5.868300E-01   8.084661E+02   1.981639E+03   6.545681E-01
   5.895405E-01   8.113259E+02   1.974321E+03   6.547865E-01
   5.922636E-01   8.134927E+02   1.967735E+03   6.549173E-01
   5.949991E-01   8.154853E+02   1.961260E+03   6.550397E-01
   5.977474E-01   8.174572E+02   1.954742E+03   6.551845E-01
   6.005083E-01   8.194045E+02   1.948290E+03   6.553288E-01
   6.032820E-01   8.212964E+02   1.942212E+03   6.553903E-01
   6.060685E-01   8.231796E+02   1.936119E+03   6.554593E-01
   6.088678E-01   8.250640E+02   1.930002E+03   6.555352E-01
   6.116801E-01   8.261853E+02   1.924685E+03   6.555427E-01
   6.145054E-01   8.268053E+02   1.919920E+03   6.555107E-01
   6.173437E-01   8.274481E+02   1.915170E+03   6.554851E-01
   6.201951E-01   8.281571E+02   1.910407E+03   6.554595E-01
   6.230597E-01   8.294692E+02   1.905346E+03   6.554080E-01
   6.259376E-01   8.308108E+02   1.900280E+03   6.553597E-01
   6.288287E-01   8.321772E+02   1.895225E+03   6.553109E-01
   6.317332E-01   8.309694E+02   1.893621E+03   6.548056E-01
   6.346511E-01   8.280123E+02   1.894340E+03   6.539844E-01
   6.375825E-01   8.250604E+02   1.895043E+03   6.531497E-01
   6.405274E-01   8.216221E+02   1.896028E+03   6.523200E-01
   6.434859E-01   8.159280E+02   1.898360E+03   6.515535E-01
   6.464581E-01   8.102516E+02   1.900690E+03   6.507862E-01
   6.494440E-01   8.045905E+02   1.903014E+03   6.500141E-01
   6.524437E-01   8.021400E+02   1.901131E+03   6.497965E-01
   6.554572E-01   8.004317E+02   1.898315E+03   6.497012E-01
   6.584847E-01   7.987385E+02   1.895500E+03   6.495969E-01
   6.615262E-01   7.966990E+02   1.893478E+03   6.493174E-01
   6.645817E-01   7.943018E+02   1.892249E+03   6.488637E-01
   6.676513E-01   7.918966E+02   1.890990E+03   6.484016E-01
   6.707351E-01   7.891074E+02   1.889975E+03   6.479245E-01
   6.738331E-01   7.851174E+02   1.889782E+03   6.474145E-01
   6.769455E-01   7.810889E+02   1.889518E+03   6.468915E-01
   6.800722E-01   7.770190E+02   1.889154E+03   6.463660E-01
   6.832134E-01   7.727702E+02   1.888609E+03   6.458928E-01
   6.863691E-01   7.684596E+02   1.887958E+03   6.454292E-01
   6.895393E-01   7.640651E+02   1.887238E+03   6.449694E-01
   6.927242E-01   7.601447E+02   1.885615E+03   6.446386E-01
   6.959238E-01   7.562621E+02   1.883771E+03   6.443419E-01
   6.991382E-01   7.523512E+02   1.881845E+03   6.440737E-01
   7.023674E-01   7.489381E+02   1.878911E+03   6.439987E-01
   7.056116E-01   7.456914E+02   1.875598E+03   6.440039E-01
   7.088707E-01   7.424296E+02   1.872250E+03   6.440221E-01
   7.121449E-01   7.391342E+02   1.868885E+03   6.440514E-01
   7.154342E-01   7.358313E+02   1.865529E+03   6.440902E-01
   7.187387E-01   7.325623E+02   1.862200E+03   6.441448E-01
   7.220585E-01   7.298336E+02   1.858199E+03   6.443144E-01
   7.253936E-01   7.274621E+02   1.853795E+03   6.445526E-01
   7.287441E-01   7.251559E+02   1.849407E+03   6.447965E-01
   7.321101E-01   7.229042E+02   1.845038E+03   6.450473E-01
   7.354916E-01   7.206988E+02   1.840719E+03   6.452934E-01
   7.388887E-01   7.185260E+02   1.836454E+03   6.455190E-01
   7.423016E-01   7.169572E+02   1.831219E+03   6.458864E-01
   7.457302E-01   7.156827E+02   1.825513E+03   6.463152E-01
   7.491746E-01   7.144184E+02   1.819831E+03   6.467394E-01
   7.526350E-01   7.138594E+02   1.813596E+03   6.472118E-01
   7.561113E-01   7.135204E+02   1.807209E+03   6.476949E-01
   7.596037E-01   7.131881E+02   1.800847E+03   6.481726E-01
   7.631122E-01   7.128631E+02   1.794262E+03   6.487162E-01
   7.666369E-01   7.125588E+02   1.787647E+03   6.492662E-01
   7.701779E-01   7.123619E+02   1.780894E+03   6.498181E-01
   7.737353E-01   7.138577E+02   1.772245E+03   6.505785E-01
   7.773091E-01   7.153238E+02   1.763575E+03   6.513265E-01
   7.808994E-01   7.171689E+02   1.754340E+03   6.521377E-01
   7.845062E-01   7.202217E+02   1.743459E+03   6.531617E-01
   7.881298E-01   7.231956E+02   1.732512E+03   6.541807E-01
   7.917700E-01   7.264712E+02   1.721761E+03   6.550822E-01
   7.954271E-01   7.300859E+02   1.711238E+03   6.558654E-01
   7.991011E-01   7.336362E+02   1.700708E+03   6.566557E-01
   8.027921E-01   7.332151E+02   1.693897E+03   6.570678E-01
   8.065001E-01   7.314876E+02   1.688289E+03   6.573614E-01
   8.102252E-01   7.299537E+02   1.682413E+03   6.577124E-01
   8.139675E-01   7.315685E+02   1.672425E+03   6.587052E-01
   8.177271E-01   7.332163E+02   1.662496E+03   6.597189E-01
   8.215041E-01   7.352126E+02   1.652402E+03   6.607550E-01
   8.252985E-01   7.377271E+02   1.642013E+03   6.618150E-01
   8.291105E-01   7.402951E+02   1.631665E+03   6.628782E-01
   8.329400E-01   7.434591E+02   1.621007E+03   6.639611E-01
   8.367873E-01   7.468348E+02   1.610291E+03   6.650541E-01
   8.406523E-01   7.502180E+02   1.599586E+03   6.661585E-01
   8.445352E-01   7.534970E+02   1.588762E+03   6.673194E-01
   8.484360E-01   7.567844E+02   1.577968E+03   6.684802E-01
   8.523548E-01   7.600023E+02   1.567614E+03   6.695400E-01
   8.562917E-01   7.631634E+02   1.557580E+03   6.705239E-01
   8.602468E-01   7.663045E+02   1.547600E+03   6.714915E-01
   8.642202E-01   7.693324E+02   1.537741E+03   6.724402E-01
   8.682119E-01   7.723655E+02   1.527920E+03   6.733810E-01
   8.722221E-01   7.753348E+02   1.517867E+03   6.744043E-01
   8.762508E-01   7.782522E+02   1.507640E+03   6.754913E-01
   8.802981E-01   7.812613E+02   1.497382E+03   6.765717E-01
   8.843641E-01   7.854614E+02   1.486196E+03   6.777123E-01
   8.884488E-01   7.896403E+02   1.475042E+03   6.788386E-01
   8.925525E-01   7.936655E+02   1.463820E+03   6.799936E-01
   8.966751E-01   7.975734E+02   1.452562E+03   6.811567E-01
   9.008167E-01   8.015339E+02   1.441347E+03   6.822824E-01
   9.049775E-01   8.058621E+02   1.430229E+03   6.833162E-01
   9.091574E-01   8.101581E+02   1.419146E+03   6.843400E-01
   9.133567E-01   8.142688E+02   1.408232E+03   6.853453E-01
   9.175754E-01   8.183233E+02   1.397390E+03   6.863417E-01
   9.218136E-01   8.220319E+02   1.386902E+03   6.873006E-01
   9.260713E-01   8.252854E+02   1.376878E+03   6.882136E-01
   9.303487E-01   8.285286E+02   1.366918E+03   6.891237E-01
   9.346459E-01   8.316564E+02   1.357105E+03   6.900271E-01
   9.389629E-01   8.347970E+02   1.347352E+03   6.909313E-01
   9.432999E-01   8.391423E+02   1.336037E+03   6.920894E-01
   9.476568E-01   8.438794E+02   1.324295E+03   6.933226E-01
   9.520339E-01   8.482901E+02   1.313384E+03   6.944007E-01
   9.564313E-01   8.523151E+02   1.303403E+03   6.952998E-01
   9.608489E-01   8.564064E+02   1.293366E+03   6.962096E-01
   9.652870E-01   8.607739E+02   1.282871E+03   6.972039E-01
   9.697455E-01   8.651394E+02   1.272457E+03   6.981828E-01
   9.742246E-01   8.698043E+02   1.261832E+03   6.991780E-01
   9.787245E-01   8.744855E+02   1.251276E+03   7.001568E-01
   9.832451E-01   8.793873E+02   1.241061E+03   7.010133E-01
   9.877866E-01   8.843706E+02   1.231039E+03   7.018056E-01
   9.923490E-01   8.889889E+02   1.221573E+03   7.025047E-01
   9.969326E-01   8.932625E+02   1.212625E+03   7.031162E-01
   1.001537E+00   8.976161E+02   1.203571E+03   7.037380E-01
   1.006163E+00   9.021377E+02   1.194228E+03   7.044038E-01
   1.010811E+00   9.065465E+02   1.185169E+03   7.050078E-01
   1.015479E+00   9.104476E+02   1.177112E+03   7.054239E-01
   1.020170E+00   9.143350E+02   1.169133E+03   7.058185E-01
   1.024882E+00   9.180677E+02   1.161333E+03   7.061867E-01
   1.029616E+00   9.217915E+02   1.153605E+03   7.065332E-01
   1.034371E+00   9.253789E+02   1.146037E+03   7.068566E-01
   1.039149E+00   9.289482E+02   1.138547E+03   7.071605E-01
   1.043949E+00   9.324184E+02   1.131450E+03   7.073740E-01
   1.048770E+00   9.358619E+02   1.124490E+03   7.075536E-01
   1.053615E+00   9.392091E+02   1.117659E+03   7.077137E-01
   1.058481E+00   9.425211E+02   1.110915E+03   7.078559E-01
   1.063370E+00   9.457521E+02   1.104289E+03   7.079810E-01
   1.068282E+00   9.489457E+02   1.097752E+03   7.080896E-01
   1.073216E+00   9.520686E+02   1.091326E+03   7.081819E-01
   1.078173E+00   9.551535E+02   1.084991E+03   7.082582E-01
   1.083153E+00   9.581847E+02   1.078956E+03   7.082656E-01
   1.088156E+00   9.611848E+02   1.073121E+03   7.082277E-01
   1.093182E+00   9.641263E+02   1.067389E+03   7.081764E-01
   1.098231E+00   9.670348E+02   1.061742E+03   7.081120E-01
   1.103304E+00   9.696458E+02   1.056142E+03   7.080932E-01
   1.108400E+00   9.720988E+02   1.050592E+03   7.080940E-01
   1.113519E+00   9.749998E+02   1.045045E+03   7.080164E-01
   1.118663E+00   9.781048E+02   1.039542E+03   7.078914E-01
   1.123830E+00   9.811400E+02   1.034150E+03   7.077504E-01
   1.129020E+00   9.841517E+02   1.028842E+03   7.075920E-01
   1.134235E+00   9.868286E+02   1.024031E+03   7.073601E-01
   1.139474E+00   9.894287E+02   1.019379E+03   7.071008E-01
   1.144737E+00   9.922646E+02   1.014661E+03   7.068159E-01
   1.150025E+00   9.951250E+02   1.009996E+03   7.065115E-01
   1.155336E+00   9.975818E+02   1.005598E+03   7.062088E-01
   1.160673E+00   1.000072E+03   1.001279E+03   7.058766E-01
   1.166034E+00   1.002794E+03   9.971653E+02   7.054396E-01
   1.171420E+00   1.005414E+03   9.931582E+02   7.049900E-01
   1.176830E+00   1.007749E+03   9.893367E+02   7.045413E-01
   1.182266E+00   1.010182E+03   9.852792E+02   7.041381E-01
   1.187727E+00   1.012755E+03   9.808824E+02   7.038017E-01
   1.193213E+00   1.016015E+03   9.769519E+02   7.031946E-01
   1.198724E+00   1.019759E+03   9.733841E+02   7.023837E-01
   1.204261E+00   1.022287E+03   9.714592E+02   7.013425E-01
   1.209823E+00   1.024444E+03   9.700294E+02   7.002293E-01
   1.215411E+00   1.025960E+03   9.674893E+02   6.995626E-01
   1.221025E+00   1.027448E+03   9.649418E+02   6.989026E-01
   1.226665E+00   1.028911E+03   9.624337E+02   6.982351E-01
   1.232330E+00   1.030360E+03   9.599583E+02   6.975597E-01
   1.238022E+00   1.031791E+03   9.575177E+02   6.968768E-01
   1.243741E+00   1.033390E+03   9.550533E+02   6.961653E-01
   1.249485E+00   1.035078E+03   9.525927E+02   6.954336E-01
   1.255257E+00   1.036475E+03   9.502529E+02   6.947260E-01
   1.261054E+00   1.037889E+03   9.479355E+02   6.940080E-01
   1.266879E+00   1.039511E+03   9.455922E+02   6.932540E-01
   1.272731E+00   1.040987E+03   9.433207E+02   6.925093E-01
   1.278609E+00   1.042298E+03   9.411225E+02   6.917784E-01
   1.284515E+00   1.043797E+03   9.391148E+02   6.909507E-01
   1.290448E+00   1.045330E+03   9.371905E+02   6.900910E-01
   1.296408E+00   1.046582E+03   9.353610E+02   6.892629E-01
   1.302396E+00   1.047825E+03   9.334490E+02   6.884624E-01
   1.308412E+00   1.049057E+03   9.314049E+02   6.877053E-01
   1.314455E+00   1.050273E+03   9.293920E+02   6.869431E-01
   1.320527E+00   1.051503E+03   9.274250E+02   6.861643E-01
   1.326626E+00   1.052949E+03   9.256900E+02   6.852673E-01
   1.332754E+00   1.054258E+03   9.241236E+02   6.843471E-01
   1.338909E+00   1.055397E+03   9.227522E+02   6.834020E-01
   1.345094E+00   1.056526E+03   9.211882E+02   6.825186E-01
   1.351306E+00   1.057647E+03   9.196009E+02   6.816433E-01
   1.357548E+00   1.058749E+03   9.180402E+02   6.807623E-01
   1.363818E+00   1.059829E+03   9.166630E+02   6.798258E-01
   1.370118E+00   1.060890E+03   9.154079E+02   6.788517E-01
   1.376446E+00   1.061930E+03   9.141766E+02   6.778720E-01
   1.382804E+00   1.062844E+03   9.129750E+02   6.769076E-01
   1.389191E+00   1.063601E+03   9.118041E+02   6.759654E-01
   1.395607E+00   1.064563E+03   9.106334E+02   6.749744E-01
   1.402053E+00   1.065540E+03   9.095605E+02   6.739455E-01
   1.408529E+00   1.066486E+03   9.086808E+02   6.728566E-01
   1.415035E+00   1.067023E+03   9.078406E+02   6.718424E-01
   1.421571E+00   1.067500E+03   9.069519E+02   6.708550E-01
   1.428137E+00   1.068172E+03   9.058746E+02   6.698848E-01
   1.434733E+00   1.068814E+03   9.049933E+02   6.688532E-01
   1.441360E+00   1.069387E+03   9.041961E+02   6.678062E-01
   1.448018E+00   1.069746E+03   9.034155E+02   6.667985E-01
   1.454706E+00   1.070267E+03   9.026408E+02   6.657498E-01
   1.461425E+00   1.070798E+03   9.018754E+02   6.646932E-01
   1.468175E+00   1.071120E+03   9.011219E+02   6.636768E-01
   1.474956E+00   1.071429E+03   9.003769E+02   6.626577E-01
   1.481769E+00   1.071720E+03   8.997033E+02   6.616154E-01
   1.488613E+00   1.071976E+03   8.992194E+02   6.605117E-01
   1.495489E+00   1.072048E+03   8.985425E+02   6.595142E-01
   1.502396E+00   1.072152E+03   8.978219E+02   6.585229E-01
   1.509336E+00   1.072404E+03   8.971120E+02   6.574925E-01
   1.516307E+00   1.072395E+03   8.966231E+02   6.564396E-01
   1.523311E+00   1.072251E+03   8.960399E+02   6.554484E-01
   1.530347E+00   1.072015E+03   8.953152E+02   6.545270E-01
   1.537415E+00   1.072261E+03   8.943875E+02   6.535692E-01
   1.544516E+00   1.072274E+03   8.939205E+02   6.524939E-01
   1.551650E+00   1.072055E+03   8.935958E+02   6.514157E-01
   1.558817E+00   1.071516E+03   8.928812E+02   6.505505E-01
   1.566017E+00   1.071369E+03   8.921937E+02   6.495850E-01
   1.573250E+00   1.071202E+03   8.914003E+02   6.486611E-01
   1.580517E+00   1.070933E+03   8.904888E+02   6.478029E-01
   1.587817E+00   1.070838E+03   8.898211E+02   6.468115E-01
   1.595151E+00   1.070535E+03   8.893109E+02   6.458037E-01
   1.602519E+00   1.070154E+03   8.887854E+02   6.448156E-01
   1.609921E+00   1.069793E+03   8.881053E+02   6.438785E-01
   1.617357E+00   1.069467E+03   8.871958E+02   6.430185E-01
   1.624827E+00   1.069257E+03   8.864548E+02   6.420647E-01
   1.632332E+00   1.069031E+03   8.858023E+02   6.410767E-01
   1.639872E+00   1.068633E+03   8.851364E+02   6.401290E-01
   1.647446E+00   1.068226E+03   8.844748E+02   6.391785E-01
   1.655055E+00   1.067809E+03   8.838159E+02   6.382258E-01
   1.662700E+00   1.067447E+03   8.832514E+02   6.372201E-01
   1.670380E+00   1.067170E+03   8.828548E+02   6.361252E-01
   1.678095E+00   1.066439E+03   8.824060E+02   6.351491E-01
   1.685846E+00   1.065873E+03   8.819788E+02   6.341236E-01
   1.693633E+00   1.065354E+03   8.815592E+02   6.330810E-01
   1.701455E+00   1.064781E+03   8.811343E+02   6.320490E-01
   1.709314E+00   1.064010E+03   8.806845E+02   6.310679E-01
   1.717209E+00   1.063229E+03   8.802348E+02   6.300852E-01
   1.725141E+00   1.062477E+03   8.796361E+02   6.291545E-01
   1.733109E+00   1.061713E+03   8.790467E+02   6.282192E-01
   1.741114E+00   1.060873E+03   8.785923E+02   6.272412E-01
   1.749156E+00   1.059826E+03   8.781092E+02   6.263176E-01
   1.757235E+00   1.058770E+03   8.776256E+02   6.253922E-01
   1.765352E+00   1.057707E+03   8.771409E+02   6.244654E-01
   1.773506E+00   1.056761E+03   8.765718E+02   6.235449E-01
   1.781697E+00   1.055913E+03   8.759327E+02   6.226294E-01
   1.789927E+00   1.054824E+03   8.754459E+02   6.216985E-01
   1.798194E+00   1.053373E+03   8.753723E+02   6.206649E-01
   1.806500E+00   1.051754E+03   8.745394E+02   6.199942E-01
   1.814844E+00   1.050489E+03   8.735549E+02   6.193097E-01
   1.823226E+00   1.049483E+03   8.727012E+02   6.185087E-01
   1.831647E+00   1.048372E+03   8.720243E+02   6.176505E-01
   1.840108E+00   1.047011E+03   8.714999E+02   6.167767E-01
   1.848607E+00   1.045416E+03   8.709410E+02   6.159662E-01
   1.857145E+00   1.043662E+03   8.695713E+02   6.155515E-01
   1.865723E+00   1.042586E+03   8.678356E+02   6.151511E-01
   1.874341E+00   1.042071E+03   8.665084E+02   6.144429E-01
   1.882998E+00   1.041543E+03   8.658182E+02   6.134473E-01
   1.891696E+00   1.040591E+03   8.652807E+02   6.124715E-01
   1.900433E+00   1.039560E+03   8.643637E+02   6.116832E-01
   1.909211E+00   1.038452E+03   8.636608E+02   6.108102E-01
   1.918029E+00   1.037128E+03   8.629241E+02   6.099968E-01
   1.926888E+00   1.035956E+03   8.622134E+02   6.091346E-01
   1.935788E+00   1.034879E+03   8.613667E+02   6.083121E-01
   1.944730E+00   1.033781E+03   8.605613E+02   6.074723E-01
   1.953712E+00   1.032450E+03   8.598294E+02   6.066461E-01
   1.962736E+00   1.030938E+03   8.589964E+02   6.059051E-01
   1.971802E+00   1.029698E+03   8.580001E+02   6.051804E-01
   1.980909E+00   1.028709E+03   8.568376E+02   6.044793E-01
   1.990059E+00   1.027799E+03   8.554858E+02   6.038521E-01
   1.999251E+00   1.028228E+03   8.550871E+02   6.024739E-01
   2.008485E+00   1.026634E+03   8.558334E+02   6.009737E-01
   2.017762E+00   1.024631E+03   8.556482E+02   6.000080E-01
   2.027082E+00   1.022645E+03   8.550953E+02   5.992146E-01
   2.036445E+00   1.020829E+03   8.545176E+02   5.983926E-01
   2.045851E+00   1.018991E+03   8.537910E+02   5.976459E-01
   2.055300E+00   1.017093E+03   8.529674E+02   5.969573E-01
   2.064793E+00   1.015351E+03   8.520541E+02   5.962771E-01
   2.074330E+00   1.013720E+03   8.511523E+02   5.955643E-01
   2.083911E+00   1.011980E+03   8.502658E+02   5.948652E-01
   2.093537E+00   1.010236E+03   8.492423E+02   5.942339E-01
   2.103207E+00   1.008604E+03   8.483174E+02   5.935260E-01
   2.112921E+00   1.006865E+03   8.474626E+02   5.928030E-01
   2.122680E+00   1.005088E+03   8.464397E+02   5.921724E-01
   2.132485E+00   1.003497E+03   8.453902E+02   5.915131E-01
   2.142334E+00   1.001949E+03   8.442306E+02   5.908997E-01
   2.152230E+00   1.000379E+03   8.432483E+02   5.901973E-01
   2.162170E+00   9.988839E+02   8.422795E+02   5.894695E-01
   2.172157E+00   9.970737E+02   8.412612E+02   5.888340E-01
   2.182190E+00   9.954616E+02   8.402258E+02   5.881621E-01
   2.192269E+00   9.938986E+02   8.390701E+02   5.875411E-01
   2.202395E+00   9.922812E+02   8.380336E+02   5.868666E-01
   2.212568E+00   9.907678E+02   8.368961E+02   5.862211E-01
   2.222787E+00   9.893782E+02   8.358918E+02   5.854752E-01
   2.233054E+00   9.880262E+02   8.347950E+02   5.847687E-01
   2.243368E+00   9.866765E+02   8.338655E+02   5.839690E-01
   2.253730E+00   9.852869E+02   8.331836E+02   5.830404E-01
   2.264140E+00   9.835392E+02   8.327051E+02   5.820744E-01
   2.274598E+00   9.816226E+02   8.320189E+02   5.812549E-01
   2.285104E+00   9.794047E+02   8.314145E+02   5.804525E-01
   2.295658E+00   9.771734E+02   8.305595E+02   5.797894E-01
   2.306262E+00   9.750937E+02   8.293772E+02   5.792747E-01
   2.316914E+00   9.732043E+02   8.281320E+02   5.787537E-01
   2.327616E+00   9.715601E+02   8.269271E+02   5.781568E-01
   2.338367E+00   9.699003E+02   8.259035E+02   5.774609E-01
   2.349167E+00   9.681264E+02   8.251134E+02   5.766567E-01
   2.360018E+00   9.659038E+02   8.242913E+02   5.759673E-01
   2.370918E+00   9.638797E+02   8.230174E+02   5.754916E-01
   2.381869E+00   9.621458E+02   8.216159E+02   5.750255E-01
   2.392871E+00   9.602948E+02   8.204546E+02   5.744465E-01
   2.403923E+00   9.584839E+02   8.193909E+02   5.738010E-01
   2.415027E+00   9.568901E+02   8.182103E+02   5.731739E-01
   2.426181E+00   9.551036E+02   8.171339E+02   5.725271E-01
   2.437388E+00   9.533875E+02   8.160199E+02   5.718851E-01
   2.448646E+00   9.517021E+02   8.150118E+02   5.711720E-01
   2.459956E+00   9.496852E+02   8.142172E+02   5.704034E-01
   2.471318E+00   9.474146E+02   8.133635E+02   5.697230E-01
   2.482733E+00   9.453911E+02   8.121360E+02   5.692087E-01
   2.494200E+00   9.433781E+02   8.110827E+02   5.685864E-01
   2.505720E+00   9.408541E+02   8.099356E+02   5.681327E-01
   2.517294E+00   9.396846E+02   8.083317E+02   5.676523E-01
   2.528921E+00   9.376352E+02   8.071323E+02   5.671226E-01
   2.540602E+00   9.356895E+02   8.061699E+02   5.664237E-01
   2.552337E+00   9.334493E+02   8.051520E+02   5.658220E-01
   2.564126E+00   9.316009E+02   8.035505E+02   5.654898E-01
   2.575969E+00   9.295508E+02   8.020029E+02   5.651699E-01
   2.587867E+00   9.282236E+02   8.009093E+02   5.644062E-01
   2.599820E+00   9.266948E+02   7.996106E+02   5.638134E-01
   2.611828E+00   9.242182E+02   7.986223E+02   5.632380E-01
   2.623892E+00   9.225048E+02   7.973850E+02   5.626453E-01
   2.636011E+00   9.205944E+02   7.961251E+02   5.621103E-01
   2.648187E+00   9.188935E+02   7.948673E+02   5.615261E-01
   2.660419E+00   9.169899E+02   7.935191E+02   5.610449E-01
   2.672707E+00   9.156342E+02   7.922887E+02   5.603653E-01
   2.685052E+00   9.134452E+02   7.916372E+02   5.595021E-01
   2.697454E+00   9.114495E+02   7.903908E+02   5.589765E-01
   2.709913E+00   9.091823E+02   7.897600E+02   5.581146E-01
   2.722429E+00   9.072894E+02   7.878128E+02   5.580226E-01
   2.735004E+00   9.053339E+02   7.864719E+02   5.575537E-01
   2.747637E+00   9.031287E+02   7.856782E+02   5.567846E-01
   2.760328E+00   9.018291E+02   7.840158E+02   5.563795E-01
   2.773077E+00   8.992064E+02   7.827931E+02   5.559893E-01
   2.785886E+00   8.977548E+02   7.815212E+02   5.553638E-01
   2.798753E+00   8.953636E+02   7.803398E+02   5.548942E-01
   2.811681E+00   8.941082E+02   7.783858E+02   5.546795E-01
   2.824667E+00   8.927989E+02   7.776512E+02   5.536616E-01
   2.837714E+00   8.913816E+02   7.765193E+02   5.529331E-01
   2.850821E+00   8.882179E+02   7.755127E+02   5.525206E-01
   2.863989E+00   8.864540E+02   7.740374E+02   5.521022E-01
   2.877217E+00   8.845832E+02   7.726989E+02   5.516155E-01
   2.890507E+00   8.827115E+02   7.716394E+02   5.509373E-01
   2.903858E+00   8.798681E+02   7.705441E+02   5.505083E-01
   2.917270E+00   8.784973E+02   7.686632E+02   5.502772E-01
   2.930745E+00   8.764986E+02   7.675647E+02   5.496525E-01
   2.944281E+00   8.745103E+02   7.662792E+02   5.491537E-01
   2.957881E+00   8.716193E+02   7.644913E+02   5.492177E-01
   2.971543E+00   8.709647E+02   7.638314E+02   5.479659E-01
   2.985268E+00   8.687312E+02   7.627248E+02   5.473956E-01
   2.999057E+00   8.666358E+02   7.614853E+02   5.468851E-01
   3.012909E+00   8.646035E+02   7.596746E+02   5.467646E-01
   3.026825E+00   8.634421E+02   7.583749E+02   5.460756E-01
   3.040806E+00   8.609841E+02   7.574798E+02   5.454023E-01
   3.054851E+00   8.589472E+02   7.559227E+02   5.451027E-01
   3.068961E+00   8.574386E+02   7.542658E+02   5.447505E-01
   3.083136E+00   8.554236E+02   7.533955E+02   5.439500E-01
   3.097376E+00   8.534823E+02   7.519510E+02   5.435474E-01
   3.111683E+00   8.512316E+02   7.506479E+02   5.431167E-01
   3.126055E+00   8.496283E+02   7.490793E+02   5.427269E-01
   3.140494E+00   8.477392E+02   7.480219E+02   5.420315E-01
   3.155000E+00   8.454757E+02   7.469267E+02   5.414542E-01
   3.169572E+00   8.433601E+02   7.450780E+02   5.414026E-01
   3.184212E+00   8.423508E+02   7.434341E+02   5.409363E-01
   3.198920E+00   8.405064E+02   7.422291E+02   5.403475E-01
   3.213695E+00   8.387822E+02   7.409696E+02   5.397723E-01
   3.228539E+00   8.364277E+02   7.400511E+02   5.390943E-01
   3.243451E+00   8.338908E+02   7.388277E+02   5.386927E-01
   3.258432E+00   8.321000E+02   7.371492E+02   5.384570E-01
   3.273482E+00   8.303629E+02   7.355453E+02   5.381544E-01
   3.288602E+00   8.291953E+02   7.338323E+02   5.377981E-01
   3.303792E+00   8.270114E+02   7.330363E+02   5.369885E-01
   3.319052E+00   8.255805E+02   7.316362E+02   5.364579E-01
   3.334382E+00   8.228338E+02   7.306493E+02   5.359317E-01
   3.349783E+00   8.212384E+02   7.290023E+02   5.356336E-01
   3.365255E+00   8.189182E+02   7.278895E+02   5.350995E-01
   3.380799E+00   8.175490E+02   7.262783E+02   5.347187E-01
   3.396414E+00   8.155440E+02   7.250217E+02   5.342183E-01
   3.412102E+00   8.138025E+02   7.233481E+02   5.339813E-01
   3.427862E+00   8.119382E+02   7.225270E+02   5.331001E-01
   3.443695E+00   8.090694E+02   7.211214E+02   5.329339E-01
   3.459601E+00   8.077025E+02   7.194333E+02   5.326159E-01
   3.475580E+00   8.058925E+02   7.180040E+02   5.322033E-01
   3.491634E+00   8.042031E+02   7.166279E+02   5.317174E-01
   3.507761E+00   8.023510E+02   7.152627E+02   5.312634E-01
   3.523963E+00   8.003718E+02   7.137279E+02   5.309792E-01
   3.540240E+00   7.986064E+02   7.122705E+02   5.305784E-01
   3.556592E+00   7.966259E+02   7.109177E+02   5.301471E-01
   3.573019E+00   7.946792E+02   7.093720E+02   5.298655E-01
   3.589523E+00   7.935984E+02   7.076097E+02   5.295418E-01
   3.606102E+00   7.919949E+02   7.067481E+02   5.286103E-01
   3.622758E+00   7.891511E+02   7.057576E+02   5.281002E-01
   3.639491E+00   7.876290E+02   7.038275E+02   5.280337E-01
   3.656302E+00   7.861387E+02   7.021635E+02   5.277413E-01
   3.673190E+00   7.847578E+02   7.009087E+02   5.270813E-01
   3.690156E+00   7.825714E+02   6.995047E+02   5.267562E-01
   3.707200E+00   7.813752E+02   6.980795E+02   5.261970E-01
   3.724323E+00   7.793673E+02   6.969086E+02   5.256354E-01
   3.741525E+00   7.772025E+02   6.954396E+02   5.253716E-01
   3.758807E+00   7.760826E+02   6.939118E+02   5.248910E-01
   3.776169E+00   7.742586E+02   6.927726E+02   5.242641E-01
   3.793610E+00   7.724930E+02   6.914465E+02   5.237850E-01
   3.811132E+00   7.701798E+02   6.904613E+02   5.231567E-01
   3.828736E+00   7.679620E+02   6.888673E+02   5.230345E-01
   3.846420E+00   7.665993E+02   6.871584E+02   5.227907E-01
   3.864186E+00   7.653340E+02   6.856835E+02   5.223199E-01
   3.882034E+00   7.637805E+02   6.846093E+02   5.215746E-01
   3.899965E+00   7.611845E+02   6.833842E+02   5.212382E-01
   3.917978E+00   7.592240E+02   6.818986E+02   5.209649E-01
   3.936075E+00   7.574716E+02   6.803999E+02   5.206492E-01
   3.954255E+00   7.562579E+02   6.790072E+02   5.200960E-01
   3.972520E+00   7.542961E+02   6.775586E+02   5.197937E-01
   3.990868E+00   7.526203E+02   6.758886E+02   5.196148E-01
   4.009301E+00   7.512476E+02   6.745057E+02   5.190976E-01
   4.027820E+00   7.494381E+02   6.734940E+02   5.183621E-01
   4.046424E+00   7.476996E+02   6.719993E+02   5.180441E-01
   4.065114E+00   7.458963E+02   6.708261E+02   5.174511E-01
   4.083890E+00   7.441107E+02   6.692491E+02   5.172217E-01
   4.102753E+00   7.422579E+02   6.681453E+02   5.165772E-01
   4.121703E+00   7.403868E+02   6.666266E+02   5.163188E-01
   4.140741E+00   7.388061E+02   6.652235E+02   5.158753E-01
   4.159866E+00   7.368535E+02   6.638272E+02   5.155274E-01
   4.179080E+00   7.351542E+02   6.622248E+02   5.153026E-01
   4.198383E+00   7.339611E+02   6.608578E+02   5.147208E-01
   4.217775E+00   7.320652E+02   6.600282E+02   5.138273E-01
   4.237256E+00   7.301288E+02   6.584618E+02   5.136372E-01
   4.256828E+00   7.286481E+02   6.572135E+02   5.130237E-01
   4.276489E+00   7.261602E+02   6.561173E+02   5.125450E-01
   4.296242E+00   7.245813E+02   6.545864E+02   5.122312E-01
   4.316086E+00   7.226154E+02   6.532684E+02   5.118255E-01
   4.336021E+00   7.211232E+02   6.515925E+02   5.116359E-01
   4.356049E+00   7.195662E+02   6.502257E+02   5.111724E-01
   4.376169E+00   7.175094E+02   6.488609E+02   5.108520E-01
   4.396382E+00   7.159861E+02   6.472889E+02   5.105884E-01
   4.416688E+00   7.144251E+02   6.459081E+02   5.101546E-01
   4.437088E+00   7.128825E+02   6.444197E+02   5.098255E-01
   4.457583E+00   7.113559E+02   6.431620E+02   5.092697E-01
   4.478172E+00   7.094013E+02   6.418133E+02   5.089283E-01
   4.498856E+00   7.078497E+02   6.401459E+02   5.087914E-01
   4.519635E+00   7.063836E+02   6.389012E+02   5.082143E-01
   4.540511E+00   7.046100E+02   6.375974E+02   5.077857E-01
   4.561483E+00   7.032085E+02   6.360304E+02   5.075155E-01
   4.582552E+00   7.016385E+02   6.348404E+02   5.069176E-01
   4.603718E+00   6.995339E+02   6.337884E+02   5.063345E-01
   4.624982E+00   6.977930E+02   6.322185E+02   5.061710E-01
   4.646345E+00   6.963356E+02   6.307514E+02   5.058229E-01
   4.667805E+00   6.945345E+02   6.294491E+02   5.054085E-01
   4.689365E+00   6.931203E+02   6.279177E+02   5.051161E-01
   4.711025E+00   6.914700E+02   6.267082E+02   5.045638E-01
   4.732785E+00   6.896692E+02   6.252626E+02   5.042984E-01
   4.754645E+00   6.883407E+02   6.236605E+02   5.040571E-01
   4.776606E+00   6.870129E+02   6.223304E+02   5.035354E-01
   4.798668E+00   6.852842E+02   6.212105E+02   5.029125E-01
   4.820833E+00   6.835167E+02   6.199512E+02   5.024452E-01
   4.843100E+00   6.816520E+02   6.187345E+02   5.019617E-01
   4.865469E+00   6.798060E+02   6.175053E+02   5.014855E-01
   4.887942E+00   6.780524E+02   6.161678E+02   5.010961E-01
   4.910519E+00   6.761480E+02   6.148190E+02   5.007644E-01
   4.933200E+00   6.743372E+02   6.133506E+02   5.005335E-01
   4.955986E+00   6.728628E+02   6.119344E+02   5.001484E-01
   4.978877E+00   6.712103E+02   6.107542E+02   4.995659E-01
   5.001874E+00   6.690042E+02   6.096178E+02   4.991049E-01
   5.024977E+00   6.670849E+02   6.078014E+02   4.992963E-01
   5.048187E+00   6.657791E+02   6.061343E+02   4.991459E-01
   5.071504E+00   6.644171E+02   6.045557E+02   4.989232E-01
   5.094928E+00   6.633468E+02   6.029725E+02   4.986231E-01
   5.118461E+00   6.619881E+02   6.016534E+02   4.981291E-01
   5.142103E+00   6.604533E+02   6.002962E+02   4.977362E-01
   5.165854E+00   6.589061E+02   5.988331E+02   4.974697E-01
   5.189714E+00   6.573996E+02   5.974295E+02   4.971312E-01
   5.213685E+00   6.559521E+02   5.961148E+02   4.966810E-01
   5.237766E+00   6.544551E+02   5.947524E+02   4.963037E-01
   5.261959E+00   6.528416E+02   5.935486E+02   4.957890E-01
   5.286263E+00   6.511490E+02   5.920356E+02   4.956493E-01
   5.310680E+00   6.499186E+02   5.904822E+02   4.954155E-01
   5.335209E+00   6.485241E+02   5.891004E+02   4.950430E-01
   5.359852E+00   6.468986E+02   5.878564E+02   4.945888E-01
   5.384608E+00   6.452769E+02   5.864929E+02   4.942710E-01
   5.409479E+00   6.438859E+02   5.848518E+02   4.941997E-01
   5.434465E+00   6.427498E+02   5.834638E+02   4.937620E-01
   5.459566E+00   6.412257E+02   5.821759E+02   4.933331E-01
   5.484783E+00   6.396112E+02   5.808947E+02   4.929257E-01
   5.510116E+00   6.381206E+02   5.795126E+02   4.925967E-01
   5.535567E+00   6.366950E+02   5.781014E+02   4.922819E-01
   5.561135E+00   6.352094E+02   5.767720E+02   4.918921E-01
   5.586821E+00   6.336321E+02   5.755640E+02   4.913903E-01
   5.612626E+00   6.321914E+02   5.740540E+02   4.911985E-01
   5.638550E+00   6.309527E+02   5.725938E+02   4.908858E-01
   5.664594E+00   6.295812E+02   5.712418E+02   4.904893E-01
   5.690758E+00   6.280867E+02   5.699845E+02   4.900208E-01
   5.717043E+00   6.266186E+02   5.687654E+02   4.894985E-01
   5.743449E+00   6.251144E+02   5.674848E+02   4.890609E-01
   5.769977E+00   6.234046E+02   5.661560E+02   4.887475E-01
   5.796628E+00   6.219532E+02   5.646766E+02   4.885341E-01
   5.823402E+00   6.206415E+02   5.632075E+02   4.882669E-01
   5.850300E+00   6.192696E+02   5.619172E+02   4.878074E-01
   5.877322E+00   6.181287E+02   5.605521E+02   4.873679E-01
   5.904468E+00   6.163506E+02   5.593342E+02   4.869592E-01
   5.931740E+00   6.148335E+02   5.579498E+02   4.866742E-01
   5.959138E+00   6.136056E+02   5.564759E+02   4.864117E-01
   5.986663E+00   6.121716E+02   5.552652E+02   4.859000E-01
   6.014314E+00   6.104009E+02   5.539500E+02   4.856325E-01
   6.042094E+00   6.091440E+02   5.524741E+02   4.854031E-01
   6.070001E+00   6.079796E+02   5.510131E+02   4.851323E-01
   6.098038E+00   6.064326E+02   5.497463E+02   4.847517E-01
   6.126204E+00   6.050686E+02   5.484689E+02   4.843292E-01
   6.154500E+00   6.036919E+02   5.470648E+02   4.840748E-01
   6.182927E+00   6.024001E+02   5.456434E+02   4.838190E-01
   6.211485E+00   6.012696E+02   5.442954E+02   4.834220E-01
   6.240175E+00   5.999481E+02   5.430806E+02   4.829230E-01
   6.268998E+00   5.984327E+02   5.418374E+02   4.825264E-01
   6.297954E+00   5.968860E+02   5.405585E+02   4.821881E-01
   6.327043E+00   5.954991E+02   5.392297E+02   4.818627E-01
   6.356267E+00   5.938766E+02   5.379165E+02   4.815984E-01
   6.385626E+00   5.925368E+02   5.364601E+02   4.814263E-01
   6.415120E+00   5.914293E+02   5.349169E+02   4.812909E-01
   6.444751E+00   5.902670E+02   5.335256E+02   4.809804E-01
   6.474518E+00   5.891170E+02   5.322674E+02   4.804950E-01
   6.504423E+00   5.877078E+02   5.311257E+02   4.799451E-01
   6.534467E+00   5.858440E+02   5.301170E+02   4.793736E-01
   6.564648E+00   5.846785E+02   5.285384E+02   4.793135E-01
   6.594970E+00   5.833875E+02   5.271773E+02   4.790126E-01
   6.625431E+00   5.819668E+02   5.260011E+02   4.785128E-01
   6.656033E+00   5.806632E+02   5.245249E+02   4.783705E-01
   6.686777E+00   5.793917E+02   5.231902E+02   4.780318E-01
   6.717662E+00   5.780781E+02   5.219130E+02   4.776322E-01
   6.748690E+00   5.765322E+02   5.205658E+02   4.774060E-01
   6.779861E+00   5.752172E+02   5.192079E+02   4.771184E-01
   6.811177E+00   5.740092E+02   5.178185E+02   4.768402E-01
   6.842637E+00   5.728697E+02   5.163524E+02   4.766461E-01
   6.874242E+00   5.718237E+02   5.150459E+02   4.762104E-01
   6.905993E+00   5.706360E+02   5.138076E+02   4.757354E-01
   6.937891E+00   5.690527E+02   5.126277E+02   4.753206E-01
   6.969936E+00   5.676989E+02   5.113163E+02   4.750129E-01
   7.002130E+00   5.664184E+02   5.099586E+02   4.747508E-01
   7.034472E+00   5.651728E+02   5.085660E+02   4.745325E-01
   7.066963E+00   5.638842E+02   5.072893E+02   4.741772E-01
   7.099605E+00   5.625974E+02   5.060166E+02   4.738224E-01
   7.132397E+00   5.613595E+02   5.046310E+02   4.736141E-01
   7.165340E+00   5.602667E+02   5.032405E+02   4.733695E-01
   7.198436E+00   5.592278E+02   5.018563E+02   4.731040E-01
   7.231685E+00   5.580901E+02   5.005208E+02   4.728102E-01
   7.265087E+00   5.568583E+02   4.992961E+02   4.723984E-01
   7.298644E+00   5.555526E+02   4.981584E+02   4.718933E-01
   7.332355E+00   5.541913E+02   4.967985E+02   4.717238E-01
   7.366222E+00   5.528607E+02   4.954887E+02   4.714768E-01
   7.400246E+00   5.515777E+02   4.942612E+02   4.710996E-01
   7.434427E+00   5.504261E+02   4.928876E+02   4.708873E-01
   7.468766E+00   5.492583E+02   4.915116E+02   4.706873E-01
   7.503263E+00   5.478499E+02   4.902952E+02   4.703455E-01
   7.537920E+00   5.466482E+02   4.889265E+02   4.701520E-01
   7.572736E+00   5.456143E+02   4.874354E+02   4.700783E-01
   7.607714E+00   5.444918E+02   4.861101E+02   4.697993E-01
   7.642853E+00   5.433716E+02   4.847916E+02   4.695114E-01
   7.678154E+00   5.422805E+02   4.834432E+02   4.692583E-01
   7.713619E+00   5.412265E+02   4.820966E+02   4.689917E-01
   7.749247E+00   5.401974E+02   4.807523E+02   4.687149E-01
   7.785040E+00   5.391507E+02   4.794887E+02   4.683284E-01
   7.820998E+00   5.380409E+02   4.782265E+02   4.679629E-01
   7.857122E+00   5.367314E+02   4.769421E+02   4.677008E-01
   7.893413E+00   5.355603E+02   4.756118E+02   4.674602E-01
   7.929872E+00   5.345096E+02   4.742425E+02   4.672383E-01
   7.966499E+00   5.335070E+02   4.728752E+02   4.670009E-01
   8.003295E+00   5.325213E+02   4.715216E+02   4.667419E-01
   8.040262E+00   5.315891E+02   4.702784E+02   4.663060E-01
   8.077399E+00   5.304931E+02   4.690694E+02   4.658808E-01
   8.114707E+00   5.290894E+02   4.679210E+02   4.654765E-01
   8.152188E+00   5.279083E+02   4.666090E+02   4.652471E-01
   8.189842E+00   5.268830E+02   4.651844E+02   4.651412E-01
   8.227670E+00   5.260092E+02   4.637915E+02   4.649439E-01
   8.265672E+00   5.251648E+02   4.624149E+02   4.647209E-01
   8.303850E+00   5.241415E+02   4.612286E+02   4.642792E-01
   8.342205E+00   5.230861E+02   4.600276E+02   4.638774E-01
   8.380737E+00   5.219217E+02   4.587722E+02   4.636019E-01
   8.419446E+00   5.207889E+02   4.574883E+02   4.633655E-01
   8.458335E+00   5.196995E+02   4.561631E+02   4.631834E-01
   8.497403E+00   5.188247E+02   4.547748E+02   4.630304E-01
   8.536651E+00   5.181032E+02   4.533437E+02   4.628966E-01
   8.576081E+00   5.172739E+02   4.520249E+02   4.626324E-01
   8.615693E+00   5.164063E+02   4.507483E+02   4.623207E-01
   8.655487E+00   5.153122E+02   4.495681E+02   4.619405E-01
   8.695466E+00   5.141863E+02   4.484038E+02   4.615492E-01
   8.735629E+00   5.130949E+02   4.472058E+02   4.612010E-01
   8.775978E+00   5.120203E+02   4.459892E+02   4.608786E-01
   8.816513E+00   5.110862E+02   4.445885E+02   4.607989E-01
   8.857236E+00   5.101988E+02   4.432177E+02   4.606597E-01
   8.898146E+00   5.095102E+02   4.419653E+02   4.602711E-01
   8.939246E+00   5.087374E+02   4.407254E+02   4.598938E-01
   8.980535E+00   5.077254E+02   4.395102E+02   4.595596E-01
   9.022015E+00   5.067068E+02   4.383186E+02   4.591919E-01
   9.063686E+00   5.056729E+02   4.371749E+02   4.587548E-01
   9.105550E+00   5.046450E+02   4.359642E+02   4.584230E-01
   9.147608E+00   5.036283E+02   4.346270E+02   4.582900E-01
   9.189860E+00   5.027553E+02   4.332853E+02   4.581195E-01
   9.232306E+00   5.021280E+02   4.319348E+02   4.578857E-01
   9.274949E+00   5.014108E+02   4.306582E+02   4.575680E-01
   9.317789E+00   5.005373E+02   4.295036E+02   4.571101E-01
   9.360827E+00   4.996553E+02   4.283293E+02   4.566903E-01
   9.404063E+00   4.987576E+02   4.271154E+02   4.563438E-01
   9.447500E+00   4.979319E+02   4.258885E+02   4.560007E-01
   9.491136E+00   4.972644E+02   4.246300E+02   4.556654E-01
   9.534975E+00   4.964937E+02   4.234503E+02   4.552433E-01
   9.579016E+00   4.954186E+02   4.224891E+02   4.545698E-01
   9.623260E+00   4.943336E+02   4.214898E+02   4.539662E-01
   9.667709E+00   4.932003E+02   4.203093E+02   4.536783E-01
   9.712362E+00   4.920908E+02   4.191274E+02   4.533923E-01
   9.757223E+00   4.912208E+02   4.179071E+02   4.531016E-01
   9.802290E+00   4.903521E+02   4.166902E+02   4.528120E-01
   9.847566E+00   4.894291E+02   4.154147E+02   4.526422E-01
   9.893050E+00   4.885055E+02   4.141401E+02   4.524774E-01
   9.938745E+00   4.878741E+02   4.129405E+02   4.521052E-01
   9.984651E+00   4.873032E+02   4.117616E+02   4.516864E-01
   1.003077E+01   4.864020E+02   4.106573E+02   4.512496E-01
   1.007710E+01   4.853367E+02   4.095901E+02   4.508044E-01
   1.012364E+01   4.843797E+02   4.084636E+02   4.504282E-01
   1.017040E+01   4.835369E+02   4.072754E+02   4.501239E-01
   1.021738E+01   4.826948E+02   4.060987E+02   4.498037E-01
   1.026457E+01   4.818538E+02   4.049462E+02   4.494461E-01
   1.031198E+01   4.810092E+02   4.037982E+02   4.490848E-01
   1.035961E+01   4.800999E+02   4.026729E+02   4.487068E-01
   1.040746E+01   4.791908E+02   4.015507E+02   4.483257E-01
   1.045553E+01   4.783264E+02   4.003909E+02   4.479966E-01
   1.050383E+01   4.774730E+02   3.992248E+02   4.476771E-01
   1.055234E+01   4.765534E+02   3.980987E+02   4.473113E-01
   1.060108E+01   4.755767E+02   3.970069E+02   4.469052E-01
   1.065005E+01   4.746412E+02   3.958832E+02   4.465426E-01
   1.069924E+01   4.738351E+02   3.946536E+02   4.463247E-01
   1.074866E+01   4.730298E+02   3.934277E+02   4.461029E-01
   1.079830E+01   4.723086E+02   3.922171E+02   4.458339E-01
   1.084818E+01   4.715954E+02   3.910119E+02   4.455571E-01
   1.089829E+01   4.708987E+02   3.898289E+02   4.452419E-01
   1.094862E+01   4.702144E+02   3.886636E+02   4.448974E-01
   1.099920E+01   4.694941E+02   3.875134E+02   4.445423E-01
   1.105000E+01   4.686295E+02   3.864089E+02   4.441535E-01
   1.110104E+01   4.677661E+02   3.853074E+02   4.437647E-01
   1.115231E+01   4.670798E+02   3.840896E+02   4.435349E-01
   1.120382E+01   4.664381E+02   3.828469E+02   4.433439E-01
   1.125557E+01   4.657762E+02   3.816546E+02   4.430794E-01
   1.130756E+01   4.650796E+02   3.805424E+02   4.426937E-01
   1.135979E+01   4.643837E+02   3.794342E+02   4.423082E-01
   1.141226E+01   4.636279E+02   3.782713E+02   4.420399E-01
   1.146497E+01   4.628685E+02   3.771073E+02   4.417812E-01
   1.151793E+01   4.622294E+02   3.759129E+02   4.415513E-01
   1.157112E+01   4.617394E+02   3.746813E+02   4.413553E-01
   1.162457E+01   4.612501E+02   3.734555E+02   4.411562E-01
   1.167826E+01   4.607757E+02   3.723123E+02   4.408165E-01
   1.173220E+01   4.603018E+02   3.711803E+02   4.404634E-01
   1.178639E+01   4.597812E+02   3.700448E+02   4.401336E-01
   1.184083E+01   4.591913E+02   3.688998E+02   4.398421E-01
   1.189552E+01   4.586014E+02   3.677597E+02   4.395467E-01
   1.195047E+01   4.581306E+02   3.666333E+02   4.392043E-01
   1.200567E+01   4.576835E+02   3.655151E+02   4.388472E-01
   1.206112E+01   4.571967E+02   3.644172E+02   4.384683E-01
   1.211683E+01   4.565808E+02   3.633705E+02   4.380328E-01
   1.217279E+01   4.559641E+02   3.623286E+02   4.375922E-01
   1.222902E+01   4.554217E+02   3.612213E+02   4.372524E-01
   1.228550E+01   4.549285E+02   3.600734E+02   4.369762E-01
   1.234225E+01   4.544352E+02   3.589311E+02   4.366936E-01
   1.239926E+01   4.540357E+02   3.578483E+02   4.362915E-01
   1.245653E+01   4.536412E+02   3.567761E+02   4.358740E-01
   1.251406E+01   4.532377E+02   3.557027E+02   4.354643E-01
   1.257186E+01   4.528092E+02   3.546105E+02   4.350960E-01
   1.262993E+01   4.523802E+02   3.535247E+02   4.347205E-01
   1.268827E+01   4.520653E+02   3.524206E+02   4.343599E-01
   1.274687E+01   4.518580E+02   3.513018E+02   4.340110E-01
   1.280575E+01   4.516502E+02   3.501922E+02   4.336528E-01
   1.286490E+01   4.514204E+02   3.491248E+02   4.332328E-01
   1.292432E+01   4.511824E+02   3.480775E+02   4.327871E-01
   1.298401E+01   4.509432E+02   3.470395E+02   4.323337E-01
   1.304398E+01   4.508635E+02   3.460308E+02   4.318134E-01
   1.310423E+01   4.507898E+02   3.450356E+02   4.312795E-01
   1.316476E+01   4.507103E+02   3.440608E+02   4.307221E-01
   1.322557E+01   4.506021E+02   3.431613E+02   4.300507E-01
   1.328665E+01   4.504894E+02   3.422746E+02   4.293688E-01
   1.334802E+01   4.503777E+02   3.414178E+02   4.286464E-01
   1.340968E+01   4.502786E+02   3.406285E+02   4.278184E-01
   1.347161E+01   4.501718E+02   3.398538E+02   4.269776E-01
   1.353384E+01   4.499965E+02   3.391154E+02   4.260935E-01
   1.359635E+01   4.496880E+02   3.384345E+02   4.251356E-01
   1.365915E+01   4.493704E+02   3.377651E+02   4.241676E-01
   1.372224E+01   4.489953E+02   3.371204E+02   4.231713E-01
   1.378562E+01   4.485302E+02   3.365080E+02   4.221356E-01
   1.384929E+01   4.480555E+02   3.359050E+02   4.210914E-01
   1.391326E+01   4.475527E+02   3.352977E+02   4.200621E-01
   1.397753E+01   4.470113E+02   3.346769E+02   4.190632E-01
   1.404209E+01   4.464614E+02   3.340639E+02   4.180565E-01
   1.410694E+01   4.459315E+02   3.334487E+02   4.170571E-01
   1.417210E+01   4.454473E+02   3.328226E+02   4.160778E-01
   1.423756E+01   4.449539E+02   3.322056E+02   4.150890E-01
   1.430332E+01   4.444636E+02   3.316174E+02   4.140571E-01
   1.436939E+01   4.439954E+02   3.310941E+02   4.129235E-01
   1.443576E+01   4.435142E+02   3.305815E+02   4.117781E-01
   1.450244E+01   4.429915E+02   3.300766E+02   4.106265E-01
   1.456942E+01   4.422898E+02   3.295616E+02   4.094977E-01
   1.463672E+01   4.415777E+02   3.290533E+02   4.083610E-01
   1.470432E+01   4.408552E+02   3.285516E+02   4.072164E-01
   1.477224E+01   4.403444E+02   3.280159E+02   4.061306E-01
   1.484047E+01   4.398269E+02   3.274894E+02   4.050353E-01
   1.490902E+01   4.392971E+02   3.269729E+02   4.039291E-01
   1.497788E+01   4.387469E+02   3.264889E+02   4.027766E-01
   1.504706E+01   4.381806E+02   3.260220E+02   4.016025E-01
   1.511656E+01   4.376004E+02   3.255653E+02   4.004184E-01
   1.518638E+01   4.370964E+02   3.251246E+02   3.992194E-01
   1.525653E+01   4.366667E+02   3.247029E+02   3.980028E-01
   1.532699E+01   4.362191E+02   3.242952E+02   3.967732E-01
   1.539779E+01   4.358004E+02   3.239144E+02   3.955137E-01
   1.546891E+01   4.355652E+02   3.236096E+02   3.941618E-01
   1.554036E+01   4.353027E+02   3.233267E+02   3.927892E-01
   1.561214E+01   4.350120E+02   3.230657E+02   3.913961E-01
   1.568425E+01   4.343948E+02   3.231002E+02   3.895473E-01
   1.575669E+01   4.336670E+02   3.232160E+02   3.875849E-01
   1.582947E+01   4.328904E+02   3.233532E+02   3.856039E-01
   1.590258E+01   4.320350E+02   3.234585E+02   3.836777E-01
   1.597603E+01   4.310947E+02   3.235022E+02   3.818448E-01
   1.604983E+01   4.301142E+02   3.235608E+02   3.799987E-01
   1.612396E+01   4.290929E+02   3.236339E+02   3.781394E-01
   1.619843E+01   4.285415E+02   3.239630E+02   3.760080E-01
   1.627325E+01   4.279473E+02   3.243494E+02   3.738208E-01
   1.634841E+01   4.272688E+02   3.247760E+02   3.715963E-01
   1.642393E+01   4.262697E+02   3.255230E+02   3.689240E-01
   1.649979E+01   4.247801E+02   3.267334E+02   3.656032E-01
   1.657600E+01   4.231152E+02   3.279949E+02   3.622401E-01
   1.665256E+01   4.212690E+02   3.293052E+02   3.588362E-01
   1.672948E+01   4.179905E+02   3.313140E+02   3.543409E-01
   1.680675E+01   4.141635E+02   3.334938E+02   3.495943E-01
   1.688438E+01   4.100594E+02   3.356908E+02   3.448395E-01
   1.696236E+01   4.050447E+02   3.380346E+02   3.397670E-01
   1.704071E+01   3.966903E+02   3.409770E+02   3.332068E-01
   1.711942E+01   3.881815E+02   3.437974E+02   3.267484E-01
   1.719849E+01   3.795444E+02   3.464929E+02   3.203953E-01
   1.727793E+01   3.695451E+02   3.482889E+02   3.143600E-01
   1.735773E+01   3.583970E+02   3.491052E+02   3.085626E-01
   1.743791E+01   3.477339E+02   3.498706E+02   3.027233E-01
   1.751845E+01   3.375459E+02   3.505829E+02   2.968543E-01
   1.759936E+01   3.310570E+02   3.487099E+02   2.943007E-01
   1.768065E+01   3.258095E+02   3.461122E+02   2.926743E-01
   1.776232E+01   3.202856E+02   3.440153E+02   2.903328E-01
   1.784436E+01   3.145892E+02   3.423789E+02   2.872904E-01
   1.792678E+01   3.140201E+02   3.389448E+02   2.887208E-01
   1.800958E+01   3.137257E+02   3.355372E+02   2.905369E-01
   1.809277E+01   3.127977E+02   3.325561E+02   2.917964E-01
   1.817634E+01   3.113357E+02   3.299860E+02   2.924981E-01
   1.826029E+01   3.123520E+02   3.270288E+02   2.955691E-01
   1.834463E+01   3.133159E+02   3.241105E+02   2.987917E-01
   1.842936E+01   3.140372E+02   3.212773E+02   3.019785E-01
   1.851449E+01   3.145244E+02   3.185303E+02   3.051296E-01
   1.860000E+01   3.154497E+02   3.162298E+02   3.078360E-01
   1.868591E+01   3.163770E+02   3.139410E+02   3.105636E-01
   1.877222E+01   3.172773E+02   3.116440E+02   3.133346E-01
   1.885893E+01   3.181497E+02   3.093388E+02   3.161488E-01
   1.894604E+01   3.187988E+02   3.074843E+02   3.179835E-01
   1.903354E+01   3.194319E+02   3.056804E+02   3.197102E-01
   1.912146E+01   3.200730E+02   3.038745E+02   3.214440E-01
   1.920978E+01   3.207220E+02   3.020668E+02   3.231843E-01
   1.929851E+01   3.211148E+02   3.005294E+02   3.242865E-01
   1.938764E+01   3.214326E+02   2.990816E+02   3.251803E-01
   1.947719E+01   3.217571E+02   2.976395E+02   3.260636E-01
   1.956715E+01   3.220884E+02   2.962034E+02   3.269355E-01
   1.965753E+01   3.223012E+02   2.948705E+02   3.275620E-01
   1.974833E+01   3.224155E+02   2.936251E+02   3.279829E-01
   1.983954E+01   3.225328E+02   2.923878E+02   3.283885E-01
   1.993118E+01   3.226530E+02   2.911588E+02   3.287782E-01
   2.002324E+01   3.227348E+02   2.899751E+02   3.290653E-01
   2.011573E+01   3.226947E+02   2.889110E+02   3.290776E-01
   2.020864E+01   3.226535E+02   2.878570E+02   3.290709E-01
   2.030198E+01   3.226111E+02   2.868135E+02   3.290452E-01
   2.039575E+01   3.225673E+02   2.857803E+02   3.290003E-01
   2.048996E+01   3.223267E+02   2.848839E+02   3.286354E-01
   2.058460E+01   3.220512E+02   2.840170E+02   3.282072E-01
   2.067967E+01   3.217702E+02   2.831606E+02   3.277621E-01
   2.077519E+01   3.214836E+02   2.823145E+02   3.273006E-01
   2.087115E+01   3.211086E+02   2.815090E+02   3.267432E-01
   2.096755E+01   3.206000E+02   2.807586E+02   3.260500E-01
   2.106440E+01   3.200850E+02   2.800161E+02   3.253461E-01
   2.116169E+01   3.195634E+02   2.792815E+02   3.246317E-01
   2.125943E+01   3.190351E+02   2.785548E+02   3.239073E-01
   2.135763E+01   3.184083E+02   2.778564E+02   3.231085E-01
   2.145628E+01   3.177556E+02   2.771687E+02   3.222887E-01
   2.155538E+01   3.170966E+02   2.764872E+02   3.214618E-01
   2.165494E+01   3.164311E+02   2.758118E+02   3.206280E-01
   2.175496E+01   3.157526E+02   2.751432E+02   3.197840E-01
   2.185545E+01   3.150340E+02   2.744836E+02   3.189170E-01
   2.195640E+01   3.143089E+02   2.738294E+02   3.180437E-01
   2.205781E+01   3.135774E+02   2.731806E+02   3.171640E-01
   2.215969E+01   3.128391E+02   2.725371E+02   3.162776E-01
   2.226204E+01   3.120756E+02   2.719107E+02   3.153571E-01
   2.236487E+01   3.112755E+02   2.713078E+02   3.143868E-01
   2.246817E+01   3.104677E+02   2.707100E+02   3.134094E-01
   2.257195E+01   3.096520E+02   2.701172E+02   3.124248E-01
   2.267621E+01   3.088283E+02   2.695293E+02   3.114327E-01
   2.278094E+01   3.079843E+02   2.689421E+02   3.104359E-01
   2.288617E+01   3.071213E+02   2.683554E+02   3.094347E-01
   2.299187E+01   3.062509E+02   2.677728E+02   3.084263E-01
   2.309807E+01   3.053730E+02   2.671944E+02   3.074106E-01
   2.320476E+01   3.044877E+02   2.666201E+02   3.063876E-01
   2.331194E+01   3.036302E+02   2.660796E+02   3.053217E-01
   2.341961E+01   3.027933E+02   2.655724E+02   3.042125E-01
   2.352779E+01   3.019430E+02   2.650721E+02   3.030914E-01
   2.363646E+01   3.010793E+02   2.645785E+02   3.019583E-01
   2.374563E+01   3.002020E+02   2.640915E+02   3.008132E-01
   2.385531E+01   2.992665E+02   2.636463E+02   2.995824E-01
   2.396549E+01   2.982523E+02   2.632569E+02   2.982364E-01
   2.407619E+01   2.972198E+02   2.628745E+02   2.968786E-01
   2.418739E+01   2.961688E+02   2.624988E+02   2.955093E-01
   2.429911E+01   2.950992E+02   2.621296E+02   2.941290E-01
   2.441135E+01   2.939904E+02   2.617895E+02   2.926958E-01
   2.452410E+01   2.927691E+02   2.615539E+02   2.910688E-01
   2.463737E+01   2.915198E+02   2.613265E+02   2.894294E-01
   2.475117E+01   2.902420E+02   2.611068E+02   2.877780E-01
   2.486549E+01   2.889357E+02   2.608946E+02   2.861150E-01
   2.498034E+01   2.876005E+02   2.606898E+02   2.844408E-01
   2.509572E+01   2.859172E+02   2.606242E+02   2.824244E-01
   2.521164E+01   2.841345E+02   2.605895E+02   2.803341E-01
   2.532809E+01   2.823175E+02   2.605578E+02   2.782389E-01
   2.544508E+01   2.804665E+02   2.605287E+02   2.761390E-01
   2.556260E+01   2.785814E+02   2.605020E+02   2.740346E-01
   2.568067E+01   2.765599E+02   2.605210E+02   2.718204E-01
   2.579929E+01   2.742978E+02   2.606267E+02   2.693957E-01
   2.591845E+01   2.719976E+02   2.607306E+02   2.669713E-01
   2.603817E+01   2.696598E+02   2.608322E+02   2.645475E-01
   2.615843E+01   2.672850E+02   2.609310E+02   2.621244E-01
   2.627926E+01   2.648742E+02   2.610265E+02   2.597025E-01
   2.640064E+01   2.617941E+02   2.613144E+02   2.567232E-01
   2.652258E+01   2.584098E+02   2.616706E+02   2.535217E-01
   2.664508E+01   2.549979E+02   2.620076E+02   2.503424E-01
   2.676815E+01   2.515611E+02   2.623250E+02   2.471859E-01
   2.689179E+01   2.481017E+02   2.626222E+02   2.440523E-01
   2.701600E+01   2.446225E+02   2.628989E+02   2.409421E-01
   2.714079E+01   2.399777E+02   2.631820E+02   2.370295E-01
   2.726615E+01   2.353021E+02   2.634209E+02   2.330990E-01
   2.739208E+01   2.307124E+02   2.636129E+02   2.292325E-01
   2.751861E+01   2.262094E+02   2.637595E+02   2.254302E-01
   2.764571E+01   2.217937E+02   2.638618E+02   2.216920E-01
   2.777340E+01   2.174655E+02   2.639213E+02   2.180177E-01
   2.790168E+01   2.134117E+02   2.631326E+02   2.145283E-01
   2.803056E+01   2.095006E+02   2.623415E+02   2.109940E-01
   2.816003E+01   2.057234E+02   2.615749E+02   2.074158E-01
   2.829010E+01   2.020772E+02   2.608299E+02   2.038015E-01
   2.842076E+01   1.985589E+02   2.601034E+02   2.001593E-01
   2.855204E+01   1.951651E+02   2.593928E+02   1.964972E-01
   2.868391E+01   1.952068E+02   2.573366E+02   1.956222E-01
   2.881640E+01   1.954848E+02   2.552285E+02   1.948566E-01
   2.894950E+01   1.954340E+02   2.533123E+02   1.936940E-01
   2.908322E+01   1.950995E+02   2.515802E+02   1.921464E-01
   2.921755E+01   1.945246E+02   2.500218E+02   1.902323E-01
   2.935250E+01   1.937507E+02   2.486243E+02   1.879767E-01
   2.948808E+01   1.941689E+02   2.469958E+02   1.874171E-01
   2.962428E+01   1.954555E+02   2.451620E+02   1.882552E-01
   2.976111E+01   1.965520E+02   2.434039E+02   1.889623E-01
   2.989857E+01   1.974680E+02   2.417219E+02   1.895383E-01
   3.003667E+01   1.982137E+02   2.401158E+02   1.899839E-01
   3.017540E+01   1.987991E+02   2.385849E+02   1.903006E-01
   3.031478E+01   1.992438E+02   2.371343E+02   1.905591E-01
   3.045480E+01   1.997118E+02   2.357878E+02   1.915144E-01
   3.059547E+01   2.001517E+02   2.344479E+02   1.924838E-01
   3.073678E+01   2.005634E+02   2.331147E+02   1.934681E-01
   3.087875E+01   2.009469E+02   2.317884E+02   1.944683E-01
   3.102138E+01   2.013021E+02   2.304691E+02   1.954852E-01
   3.116466E+01   2.016290E+02   2.291567E+02   1.965197E-01
   3.130861E+01   2.018165E+02   2.279289E+02   1.974103E-01
   3.145322E+01   2.018351E+02   2.268165E+02   1.980786E-01
   3.159850E+01   2.018557E+02   2.257043E+02   1.987597E-01
   3.174445E+01   2.018783E+02   2.245922E+02   1.994536E-01
   3.189107E+01   2.019028E+02   2.234803E+02   2.001602E-01
   3.203837E+01   2.019291E+02   2.223686E+02   2.008792E-01
   3.218635E+01   2.019573E+02   2.212571E+02   2.016103E-01
   3.233502E+01   2.018225E+02   2.202335E+02   2.020021E-01
   3.248437E+01   2.015351E+02   2.192940E+02   2.020670E-01
   3.263441E+01   2.012490E+02   2.183569E+02   2.021294E-01
   3.278515E+01   2.009640E+02   2.174221E+02   2.021888E-01
   3.293658E+01   2.006800E+02   2.164898E+02   2.022446E-01
   3.308871E+01   2.003970E+02   2.155600E+02   2.022963E-01
   3.324154E+01   2.001148E+02   2.146326E+02   2.023434E-01
   3.339508E+01   1.997737E+02   2.137351E+02   2.022572E-01
   3.354933E+01   1.993440E+02   2.128808E+02   2.019740E-01
   3.370429E+01   1.989144E+02   2.120290E+02   2.016848E-01
   3.385996E+01   1.984853E+02   2.111797E+02   2.013897E-01
   3.401636E+01   1.980565E+02   2.103329E+02   2.010890E-01
   3.417347E+01   1.976281E+02   2.094887E+02   2.007832E-01
   3.433132E+01   1.972002E+02   2.086471E+02   2.004726E-01
   3.448989E+01   1.967671E+02   2.078109E+02   2.001452E-01
   3.464919E+01   1.962096E+02   2.070401E+02   1.995433E-01
   3.480923E+01   1.956523E+02   2.062717E+02   1.989377E-01
   3.497001E+01   1.950952E+02   2.055057E+02   1.983286E-01
   3.513154E+01   1.945383E+02   2.047420E+02   1.977164E-01
   3.529380E+01   1.939817E+02   2.039806E+02   1.971012E-01
   3.545682E+01   1.934254E+02   2.032216E+02   1.964833E-01
   3.562059E+01   1.928694E+02   2.024648E+02   1.958628E-01
   3.578512E+01   1.922670E+02   2.017231E+02   1.951445E-01
   3.595041E+01   1.916038E+02   2.010002E+02   1.942989E-01
   3.611646E+01   1.909421E+02   2.002785E+02   1.934525E-01
   3.628327E+01   1.902819E+02   1.995580E+02   1.926054E-01
   3.645086E+01   1.896232E+02   1.988389E+02   1.917575E-01
   3.661922E+01   1.889659E+02   1.981209E+02   1.909085E-01
   3.678836E+01   1.883100E+02   1.974042E+02   1.900583E-01
   3.695828E+01   1.876555E+02   1.966887E+02   1.892067E-01
   3.712899E+01   1.870249E+02   1.959608E+02   1.884021E-01
   3.730048E+01   1.864151E+02   1.952226E+02   1.876373E-01
   3.747277E+01   1.858066E+02   1.944858E+02   1.868704E-01
   3.764585E+01   1.851994E+02   1.937503E+02   1.861012E-01
   3.781973E+01   1.845935E+02   1.930162E+02   1.853295E-01
   3.799442E+01   1.839889E+02   1.922834E+02   1.845548E-01
   3.816991E+01   1.833854E+02   1.915520E+02   1.837768E-01
   3.834621E+01   1.827832E+02   1.908219E+02   1.829953E-01
   3.852333E+01   1.821551E+02   1.901116E+02   1.821516E-01
   3.870126E+01   1.814771E+02   1.894370E+02   1.811943E-01
   3.888002E+01   1.807994E+02   1.887636E+02   1.802322E-01
   3.905960E+01   1.801219E+02   1.880915E+02   1.792651E-01
   3.924001E+01   1.794445E+02   1.874208E+02   1.782930E-01
   3.942126E+01   1.787674E+02   1.867514E+02   1.773159E-01
   3.960334E+01   1.780906E+02   1.860833E+02   1.763340E-01
   3.978626E+01   1.774141E+02   1.854165E+02   1.753475E-01
   3.997003E+01   1.767379E+02   1.847510E+02   1.743566E-01
   4.015465E+01   1.759566E+02   1.841006E+02   1.731230E-01
   4.034012E+01   1.751584E+02   1.834533E+02   1.718409E-01
   4.052644E+01   1.743640E+02   1.828063E+02   1.705571E-01
   4.071363E+01   1.735735E+02   1.821598E+02   1.692718E-01
   4.090168E+01   1.727868E+02   1.815135E+02   1.679851E-01
   4.109060E+01   1.720040E+02   1.808676E+02   1.666971E-01
   4.128039E+01   1.712250E+02   1.802221E+02   1.654081E-01
   4.147106E+01   1.704498E+02   1.795769E+02   1.641180E-01
   4.166261E+01   1.696785E+02   1.789321E+02   1.628270E-01
   4.185505E+01   1.690872E+02   1.782245E+02   1.619325E-01
   4.204837E+01   1.685013E+02   1.775169E+02   1.610445E-01
   4.224259E+01   1.679171E+02   1.768107E+02   1.601542E-01
   4.243770E+01   1.673344E+02   1.761057E+02   1.592618E-01
   4.263371E+01   1.667533E+02   1.754021E+02   1.583672E-01
   4.283063E+01   1.661737E+02   1.746999E+02   1.574703E-01
   4.302846E+01   1.655957E+02   1.739990E+02   1.565711E-01
   4.322721E+01   1.650192E+02   1.732994E+02   1.556696E-01
   4.342687E+01   1.644443E+02   1.726011E+02   1.547656E-01
   4.362745E+01   1.637437E+02   1.719572E+02   1.535790E-01
   4.382896E+01   1.630020E+02   1.713321E+02   1.522947E-01
   4.403140E+01   1.622631E+02   1.707072E+02   1.510097E-01
   4.423478E+01   1.615269E+02   1.700826E+02   1.497237E-01
   4.443909E+01   1.607936E+02   1.694583E+02   1.484367E-01
   4.464435E+01   1.600630E+02   1.688343E+02   1.471486E-01
   4.485056E+01   1.593352E+02   1.682106E+02   1.458591E-01
   4.505772E+01   1.586101E+02   1.675872E+02   1.445682E-01
   4.526583E+01   1.578877E+02   1.669642E+02   1.432755E-01
   4.547491E+01   1.571751E+02   1.663372E+02   1.419915E-01
   4.568495E+01   1.565306E+02   1.656710E+02   1.408003E-01
   4.589597E+01   1.558885E+02   1.650063E+02   1.396046E-01
   4.610795E+01   1.552490E+02   1.643429E+02   1.384043E-01
   4.632092E+01   1.546119E+02   1.636808E+02   1.371994E-01
   4.653487E+01   1.539774E+02   1.630201E+02   1.359901E-01
   4.674981E+01   1.533453E+02   1.623607E+02   1.347766E-01
   4.696574E+01   1.527158E+02   1.617027E+02   1.335591E-01
   4.718267E+01   1.520888E+02   1.610459E+02   1.323376E-01
   4.740060E+01   1.514643E+02   1.603905E+02   1.311126E-01
   4.761954E+01   1.508423E+02   1.597364E+02   1.298839E-01
   4.783949E+01   1.501809E+02   1.591074E+02   1.285999E-01
   4.806045E+01   1.495223E+02   1.584791E+02   1.273146E-01
   4.828244E+01   1.488665E+02   1.578513E+02   1.260282E-01
   4.850545E+01   1.482136E+02   1.572240E+02   1.247409E-01
   4.872949E+01   1.475635E+02   1.565974E+02   1.234526E-01
   4.895456E+01   1.469163E+02   1.559714E+02   1.221635E-01
   4.918068E+01   1.462720E+02   1.553459E+02   1.208736E-01
   4.940784E+01   1.456304E+02   1.547211E+02   1.195828E-01
   4.963605E+01   1.449916E+02   1.540968E+02   1.182913E-01
   4.986531E+01   1.443557E+02   1.534731E+02   1.169989E-01
   5.009563E+01   1.437113E+02   1.528498E+02   1.156373E-01
   5.032702E+01   1.430547E+02   1.522272E+02   1.141770E-01
   5.055947E+01   1.424018E+02   1.516056E+02   1.127140E-01
   5.079300E+01   1.417525E+02   1.509850E+02   1.112484E-01
   5.102761E+01   1.411070E+02   1.503654E+02   1.097801E-01
   5.126330E+01   1.404652E+02   1.497467E+02   1.083093E-01
   5.150008E+01   1.398269E+02   1.491290E+02   1.068358E-01
   5.173795E+01   1.391923E+02   1.485122E+02   1.053596E-01
   5.197692E+01   1.385613E+02   1.478963E+02   1.038807E-01
   5.221699E+01   1.379338E+02   1.472814E+02   1.023990E-01
   5.245818E+01   1.373099E+02   1.466672E+02   1.009143E-01
   5.270048E+01   1.367139E+02   1.460450E+02   9.947982E-02
   5.294389E+01   1.361820E+02   1.454015E+02   9.817460E-02
   5.318843E+01   1.356516E+02   1.447600E+02   9.686321E-02
   5.343411E+01   1.351226E+02   1.441204E+02   9.554554E-02
   5.368091E+01   1.345951E+02   1.434827E+02   9.422148E-02
   5.392886E+01   1.340692E+02   1.428468E+02   9.289095E-02
   5.417795E+01   1.335447E+02   1.422128E+02   9.155390E-02
   5.442819E+01   1.330217E+02   1.415805E+02   9.021034E-02
   5.467959E+01   1.325002E+02   1.409501E+02   8.886028E-02
   5.493214E+01   1.319803E+02   1.403215E+02   8.750378E-02
   5.518587E+01   1.314619E+02   1.396945E+02   8.614092E-02
   5.544077E+01   1.309451E+02   1.390694E+02   8.477180E-02
   5.569684E+01   1.304298E+02   1.384459E+02   8.339652E-02
   5.595410E+01   1.299162E+02   1.378240E+02   8.201519E-02
   5.621254E+01   1.294041E+02   1.372039E+02   8.062790E-02
   5.647218E+01   1.288937E+02   1.365853E+02   7.923476E-02
   5.673302E+01   1.283849E+02   1.359683E+02   7.783584E-02
   5.699506E+01   1.278778E+02   1.353530E+02   7.643124E-02
   5.725831E+01   1.273724E+02   1.347392E+02   7.502103E-02
   5.752278E+01   1.268686E+02   1.341269E+02   7.360526E-02
   5.778847E+01   1.263665E+02   1.335161E+02   7.218400E-02
   5.805539E+01   1.258661E+02   1.329068E+02   7.075730E-02
   5.832354E+01   1.253674E+02   1.322991E+02   6.932522E-02
   5.859293E+01   1.248704E+02   1.316927E+02   6.788780E-02
   5.886357E+01   1.243751E+02   1.310878E+02   6.644508E-02
   5.913545E+01   1.238815E+02   1.304844E+02   6.499711E-02
   5.940859E+01   1.233896E+02   1.298823E+02   6.354393E-02
   5.968299E+01   1.228994E+02   1.292817E+02   6.208557E-02
   5.995866E+01   1.224110E+02   1.286824E+02   6.062209E-02
   6.023560E+01   1.219243E+02   1.280845E+02   5.915351E-02
   6.051382E+01   1.214393E+02   1.274879E+02   5.767989E-02
   6.079333E+01   1.209561E+02   1.268927E+02   5.620127E-02
   6.107412E+01   1.204745E+02   1.262989E+02   5.471768E-02
   6.135622E+01   1.199948E+02   1.257063E+02   5.322917E-02
   6.163961E+01   1.195167E+02   1.251151E+02   5.173580E-02
   6.192432E+01   1.190404E+02   1.245252E+02   5.023761E-02
   6.221034E+01   1.185658E+02   1.239365E+02   4.873465E-02
   6.249768E+01   1.180930E+02   1.233492E+02   4.722697E-02
   6.278635E+01   1.176219E+02   1.227632E+02   4.571462E-02
   6.307635E+01   1.171526E+02   1.221784E+02   4.419767E-02
   6.336770E+01   1.166849E+02   1.215948E+02   4.267617E-02
   6.366038E+01   1.162191E+02   1.210126E+02   4.115017E-02
   6.395442E+01   1.157549E+02   1.204316E+02   3.961974E-02
   6.424982E+01   1.152925E+02   1.198518E+02   3.808495E-02
   6.454658E+01   1.148319E+02   1.192733E+02   3.654585E-02
   6.484471E+01   1.143729E+02   1.186960E+02   3.500251E-02
   6.514422E+01   1.139157E+02   1.181199E+02   3.345500E-02
   6.544512E+01   1.134603E+02   1.175451E+02   3.190339E-02
   6.574740E+01   1.130065E+02   1.169715E+02   3.034775E-02
   6.605108E+01   1.125545E+02   1.163991E+02   2.878816E-02
   6.635616E+01   1.121042E+02   1.158279E+02   2.722469E-02
   6.666265E+01   1.116556E+02   1.152579E+02   2.565742E-02
   6.697056E+01   1.112088E+02   1.146891E+02   2.408643E-02
   6.727989E+01   1.107637E+02   1.141215E+02   2.251181E-02
   6.759065E+01   1.103202E+02   1.135551E+02   2.093362E-02
   6.790284E+01   1.098785E+02   1.129898E+02   1.935197E-02
   6.821647E+01   1.094385E+02   1.124258E+02   1.776695E-02
   6.853156E+01   1.090002E+02   1.118629E+02   1.617864E-02
   6.884809E+01   1.085636E+02   1.113012E+02   1.458713E-02
   6.916610E+01   1.081287E+02   1.107407E+02   1.299254E-02
   6.948557E+01   1.076955E+02   1.101813E+02   1.139495E-02
   6.980651E+01   1.072640E+02   1.096231E+02   9.794467E-03
   7.012894E+01   1.068341E+02   1.090661E+02   8.191202E-03
   7.045286E+01   1.064059E+02   1.085102E+02   6.585259E-03
   7.077827E+01   1.059795E+02   1.079554E+02   4.976751E-03
   7.110518E+01   1.055546E+02   1.074018E+02   3.365791E-03
   7.143361E+01   1.051315E+02   1.068493E+02   1.752494E-03
   7.176355E+01   1.047100E+02   1.062980E+02   1.369787E-04
   7.209502E+01   1.042902E+02   1.057478E+02  -1.480635E-03
   7.242802E+01   1.038720E+02   1.051987E+02  -3.100224E-03
   7.276255E+01   1.034555E+02   1.046507E+02  -4.721665E-03
   7.309864E+01   1.030406E+02   1.041038E+02  -6.344832E-03
   7.343627E+01   1.026273E+02   1.035581E+02  -7.969599E-03
   7.377546E+01   1.022157E+02   1.030134E+02  -9.595839E-03
   7.411622E+01   1.018057E+02   1.024698E+02  -1.122342E-02
   7.445856E+01   1.013973E+02   1.019273E+02  -1.285222E-02
   7.480247E+01   1.009906E+02   1.013859E+02  -1.448211E-02
   7.514797E+01   1.005854E+02   1.008455E+02  -1.611296E-02
   7.549507E+01   1.001819E+02   1.003062E+02  -1.774464E-02
   7.584378E+01   9.977992E+01   9.976789E+01  -1.937703E-02
   7.619409E+01   9.937956E+01   9.923063E+01  -2.101000E-02
   7.654602E+01   9.898077E+01   9.869440E+01  -2.264343E-02
   7.689958E+01   9.858357E+01   9.815917E+01  -2.427720E-02
   7.725477E+01   9.818793E+01   9.762494E+01  -2.591118E-02
   7.761160E+01   9.779385E+01   9.709170E+01  -2.754527E-02
   7.797007E+01   9.740132E+01   9.655942E+01  -2.917934E-02
   7.833021E+01   9.701033E+01   9.602810E+01  -3.081328E-02
   7.869201E+01   9.662088E+01   9.549773E+01  -3.244697E-02
   7.905548E+01   9.623295E+01   9.496829E+01  -3.408032E-02
   7.942062E+01   9.584655E+01   9.443977E+01  -3.571321E-02
   7.978746E+01   9.546165E+01   9.391216E+01  -3.734554E-02
   8.015599E+01   9.507825E+01   9.338544E+01  -3.897721E-02
   8.052622E+01   9.469635E+01   9.285960E+01  -4.060811E-02
   8.089816E+01   9.431593E+01   9.233462E+01  -4.223814E-02
   8.127182E+01   9.393698E+01   9.181050E+01  -4.386721E-02
   8.164720E+01   9.355949E+01   9.128722E+01  -4.549521E-02
   8.202432E+01   9.318346E+01   9.076477E+01  -4.712206E-02
   8.240318E+01   9.280887E+01   9.024313E+01  -4.874764E-02
   8.278379E+01   9.243572E+01   8.972230E+01  -5.037187E-02
   8.316616E+01   9.206400E+01   8.920226E+01  -5.199464E-02
   8.355029E+01   9.169369E+01   8.868301E+01  -5.361586E-02
   8.393620E+01   9.132478E+01   8.816452E+01  -5.523542E-02
   8.432389E+01   9.095727E+01   8.764680E+01  -5.685323E-02
   8.471337E+01   9.059115E+01   8.712983E+01  -5.846917E-02
   8.510465E+01   9.022641E+01   8.661361E+01  -6.008315E-02
   8.549774E+01   8.986303E+01   8.609811E+01  -6.169506E-02
   8.589264E+01   8.950102E+01   8.558335E+01  -6.330477E-02
   8.628937E+01   8.914035E+01   8.506930E+01  -6.491219E-02
   8.668793E+01   8.878102E+01   8.455596E+01  -6.651720E-02
   8.708833E+01   8.842302E+01   8.404333E+01  -6.811966E-02
   8.749058E+01   8.806635E+01   8.353140E+01  -6.971947E-02
   8.789469E+01   8.771098E+01   8.302015E+01  -7.131650E-02
   8.830067E+01   8.735692E+01   8.250960E+01  -7.291062E-02
   8.870852E+01   8.700415E+01   8.199972E+01  -7.450169E-02
   8.911825E+01   8.665267E+01   8.149053E+01  -7.608959E-02
   8.952988E+01   8.630246E+01   8.098200E+01  -7.767419E-02
   8.994340E+01   8.595352E+01   8.047414E+01  -7.925533E-02
   9.035884E+01   8.560584E+01   7.996694E+01  -8.083289E-02
   9.077620E+01   8.525942E+01   7.946040E+01  -8.240672E-02
   9.119548E+01   8.491423E+01   7.895452E+01  -8.397667E-02
   9.161670E+01   8.457029E+01   7.844928E+01  -8.554262E-02
   9.203987E+01   8.422757E+01   7.794469E+01  -8.710441E-02
   9.246499E+01   8.388607E+01   7.744074E+01  -8.866190E-02
   9.289207E+01   8.354579E+01   7.693743E+01  -9.021495E-02
   9.332113E+01   8.320671E+01   7.643476E+01  -9.176341E-02
   9.375217E+01   8.286884E+01   7.593271E+01  -9.330714E-02
   9.418520E+01   8.253215E+01   7.543130E+01  -9.484601E-02
   9.462023E+01   8.219665E+01   7.493050E+01  -9.637988E-02
   9.505727E+01   8.186234E+01   7.443033E+01  -9.790861E-02
   9.549632E+01   8.152919E+01   7.393077E+01  -9.943207E-02
   9.593741E+01   8.119722E+01   7.343182E+01  -1.009501E-01
   9.638053E+01   8.086641E+01   7.293349E+01  -1.024627E-01
   9.682570E+01   8.053675E+01   7.243575E+01  -1.039695E-01
   9.727293E+01   8.020825E+01   7.193862E+01  -1.054707E-01
   9.772222E+01   7.988089E+01   7.144209E+01  -1.069659E-01
   9.817359E+01   7.955468E+01   7.094615E+01  -1.084552E-01
   9.862704E+01   7.922960E+01   7.045080E+01  -1.099384E-01
   9.908259E+01   7.890566E+01   6.995604E+01  -1.114154E-01
   9.954024E+01   7.858285E+01   6.946187E+01  -1.128861E-01
   1.000000E+02   7.826116E+01   6.896828E+01  -1.143504E-01
