#============================================================================
# Opacities computed by OpTool        <a^n>=  1.6617E-1  2.1501E-1  4.0285E-1
# Method:   DHS  fmax=  0.700
# Parameters:
#   amin [um]=      0.100 amax [um]=     20.000  na  =   35    apow=   3.5    
#   lmin [um]=      0.100 lmax [um]=    100.000  nlam=  300    nang=   180
#   porosity =      0.000 p_mantle =      0.000  fmax= 0.70    chop=   0.0
# Composition:
#  Where   mfrac  rho   Material
#  -----   -----  ----  -----------------------------------------------------
#  core    1.000  2.80  ens
#  - - -   - - -  -  -  - - - - - - - - - - - - - - - - - - - - - - - - - - -
#  grain   1.000  2.80  mixture of  1 materials
#----------------------------------------------------------------------------
# Command: optool ens -a 0.1 20 -l 0.1 100 -dhs 0.7
#============================================================================
# Standard output file, no scattering matrix
#    iformat
#    nlambda
#    lambda[um]  kabs [cm^2/g]  ksca [cm^2/g]    g_asymmetry
#============================================================================
           3
         300
   1.000000E-01   1.472088E+03   5.659010E+03   8.714432E-01
   1.023372E-01   1.460114E+03   5.713739E+03   8.697161E-01
   1.047290E-01   1.449314E+03   5.770566E+03   8.681532E-01
   1.071767E-01   1.437761E+03   5.826765E+03   8.669680E-01
   1.096816E-01   1.427385E+03   5.882025E+03   8.657403E-01
   1.122451E-01   1.415984E+03   5.941649E+03   8.641744E-01
   1.148684E-01   1.405515E+03   5.996835E+03   8.621894E-01
   1.175531E-01   1.394444E+03   6.043399E+03   8.602972E-01
   1.203005E-01   1.382189E+03   6.090975E+03   8.586849E-01
   1.231122E-01   1.370023E+03   6.140518E+03   8.571788E-01
   1.259895E-01   1.359050E+03   6.188645E+03   8.561632E-01
   1.289341E-01   1.348180E+03   6.236190E+03   8.549116E-01
   1.319476E-01   1.337105E+03   6.282215E+03   8.532502E-01
   1.350314E-01   1.325921E+03   6.319792E+03   8.512571E-01
   1.381873E-01   1.314507E+03   6.350169E+03   8.494221E-01
   1.414170E-01   1.301878E+03   6.382783E+03   8.479934E-01
   1.447222E-01   1.289417E+03   6.417371E+03   8.466404E-01
   1.481046E-01   1.279131E+03   6.449605E+03   8.455719E-01
   1.515661E-01   1.267272E+03   6.482173E+03   8.442867E-01
   1.551084E-01   1.257073E+03   6.510201E+03   8.425224E-01
   1.587336E-01   1.245408E+03   6.526701E+03   8.405212E-01
   1.624435E-01   1.233104E+03   6.536510E+03   8.387401E-01
   1.662401E-01   1.220157E+03   6.548452E+03   8.373447E-01
   1.701254E-01   1.208143E+03   6.562456E+03   8.361571E-01
   1.741016E-01   1.197473E+03   6.575337E+03   8.350321E-01
   1.781706E-01   1.186191E+03   6.590411E+03   8.337231E-01
   1.823348E-01   1.176012E+03   6.599880E+03   8.319381E-01
   1.865963E-01   1.164460E+03   6.597371E+03   8.301506E-01
   1.909574E-01   1.151700E+03   6.589997E+03   8.285477E-01
   1.954204E-01   1.139908E+03   6.582929E+03   8.271783E-01
   1.999877E-01   1.127952E+03   6.575567E+03   8.261176E-01
   2.046618E-01   1.117354E+03   6.567602E+03   8.249511E-01
   2.094451E-01   1.106204E+03   6.560890E+03   8.234466E-01
   2.143402E-01   1.095572E+03   6.547997E+03   8.215956E-01
   2.193497E-01   1.084351E+03   6.527043E+03   8.197721E-01
   2.244763E-01   1.072260E+03   6.506082E+03   8.181932E-01
   2.297228E-01   1.060154E+03   6.486351E+03   8.167354E-01
   2.350918E-01   1.049242E+03   6.466186E+03   8.156664E-01
   2.405863E-01   1.038547E+03   6.446448E+03   8.144610E-01
   2.462092E-01   1.028073E+03   6.425414E+03   8.129571E-01
   2.519636E-01   1.017515E+03   6.396732E+03   8.111554E-01
   2.578524E-01   1.006718E+03   6.361100E+03   8.094158E-01
   2.638789E-01   9.948407E+02   6.325956E+03   8.079678E-01
   2.700462E-01   9.830870E+02   6.292287E+03   8.065921E-01
   2.763577E-01   9.728939E+02   6.258013E+03   8.054321E-01
   2.828167E-01   9.616637E+02   6.226132E+03   8.041651E-01
   2.894266E-01   9.518827E+02   6.192923E+03   8.025501E-01
   2.961910E-01   9.411869E+02   6.152753E+03   8.007464E-01
   3.031136E-01   9.301076E+02   6.108689E+03   7.991176E-01
   3.101979E-01   9.187350E+02   6.066410E+03   7.978426E-01
   3.174477E-01   9.079871E+02   6.025701E+03   7.968234E-01
   3.248671E-01   8.982069E+02   5.984602E+03   7.959376E-01
   3.324598E-01   8.880109E+02   5.945550E+03   7.950119E-01
   3.402300E-01   8.786026E+02   5.903073E+03   7.937803E-01
   3.481818E-01   8.682718E+02   5.853070E+03   7.925982E-01
   3.563194E-01   8.570987E+02   5.801171E+03   7.916372E-01
   3.646472E-01   8.467447E+02   5.750976E+03   7.909518E-01
   3.731697E-01   8.363589E+02   5.701844E+03   7.906205E-01
   3.818913E-01   8.270318E+02   5.653374E+03   7.902809E-01
   3.908168E-01   8.173306E+02   5.606207E+03   7.897251E-01
   3.999509E-01   8.079925E+02   5.554598E+03   7.888960E-01
   4.092985E-01   7.982058E+02   5.497720E+03   7.880829E-01
   4.188645E-01   7.877867E+02   5.441641E+03   7.875011E-01
   4.286541E-01   7.772614E+02   5.387319E+03   7.870143E-01
   4.386726E-01   7.677074E+02   5.334180E+03   7.868665E-01
   4.489251E-01   7.582286E+02   5.283107E+03   7.866001E-01
   4.594173E-01   7.490415E+02   5.232491E+03   7.860523E-01
   4.701547E-01   7.397895E+02   5.177961E+03   7.852162E-01
   4.811431E-01   7.304313E+02   5.119999E+03   7.844237E-01
   4.923883E-01   7.203014E+02   5.063922E+03   7.839118E-01
   5.038963E-01   7.103883E+02   5.009992E+03   7.834791E-01
   5.156732E-01   7.016215E+02   4.956733E+03   7.832425E-01
   5.277254E-01   6.921256E+02   4.906502E+03   7.829294E-01
   5.400593E-01   6.837240E+02   4.855917E+03   7.822676E-01
   5.526815E-01   6.746305E+02   4.801182E+03   7.813984E-01
   5.655986E-01   6.652418E+02   4.744601E+03   7.806465E-01
   5.788177E-01   6.557457E+02   4.690389E+03   7.801750E-01
   5.923457E-01   6.466832E+02   4.638375E+03   7.799007E-01
   6.061899E-01   6.383513E+02   4.587290E+03   7.796685E-01
   6.203576E-01   6.297509E+02   4.538992E+03   7.793133E-01
   6.348565E-01   6.217368E+02   4.489283E+03   7.785815E-01
   6.496943E-01   6.131037E+02   4.435604E+03   7.778214E-01
   6.648788E-01   6.038900E+02   4.381622E+03   7.771960E-01
   6.804182E-01   5.953049E+02   4.330205E+03   7.767730E-01
   6.963208E-01   5.867690E+02   4.280695E+03   7.766705E-01
   7.125951E-01   5.790487E+02   4.232685E+03   7.765134E-01
   7.292497E-01   5.710947E+02   4.186509E+03   7.761208E-01
   7.462936E-01   5.634560E+02   4.138201E+03   7.754527E-01
   7.637358E-01   5.555543E+02   4.086661E+03   7.747769E-01
   7.815857E-01   5.472437E+02   4.036278E+03   7.743161E-01
   7.998527E-01   5.388519E+02   3.988284E+03   7.739885E-01
   8.185467E-01   5.312780E+02   3.941477E+03   7.739835E-01
   8.376776E-01   5.237125E+02   3.896273E+03   7.738479E-01
   8.572557E-01   5.164698E+02   3.852471E+03   7.734873E-01
   8.772913E-01   5.091760E+02   3.806450E+03   7.728623E-01
   8.977952E-01   5.018366E+02   3.757195E+03   7.722142E-01
   9.187782E-01   4.939476E+02   3.710757E+03   7.719329E-01
   9.402517E-01   4.863097E+02   3.666309E+03   7.717502E-01
   9.622271E-01   4.795015E+02   3.621970E+03   7.717186E-01
   9.847161E-01   4.721935E+02   3.580237E+03   7.716329E-01
   1.007731E+00   4.657175E+02   3.539215E+03   7.712548E-01
   1.031283E+00   4.587244E+02   3.494761E+03   7.706189E-01
   1.055386E+00   4.515100E+02   3.449021E+03   7.700757E-01
   1.080052E+00   4.443215E+02   3.406090E+03   7.698929E-01
   1.105295E+00   4.374458E+02   3.364487E+03   7.698852E-01
   1.131128E+00   4.311095E+02   3.323604E+03   7.698729E-01
   1.157564E+00   4.246208E+02   3.285086E+03   7.697530E-01
   1.184619E+00   4.185649E+02   3.245933E+03   7.692825E-01
   1.212305E+00   4.120769E+02   3.203693E+03   7.687270E-01
   1.240639E+00   4.051520E+02   3.161515E+03   7.682915E-01
   1.269635E+00   3.987423E+02   3.121977E+03   7.681307E-01
   1.299309E+00   3.923823E+02   3.083417E+03   7.682426E-01
   1.329676E+00   3.866073E+02   3.046047E+03   7.682549E-01
   1.360753E+00   3.807006E+02   3.010198E+03   7.680467E-01
   1.392556E+00   3.750416E+02   2.973085E+03   7.675796E-01
   1.425103E+00   3.691796E+02   2.933426E+03   7.670292E-01
   1.458410E+00   3.630437E+02   2.894865E+03   7.667002E-01
   1.492496E+00   3.568594E+02   2.858396E+03   7.665396E-01
   1.527378E+00   3.513327E+02   2.822713E+03   7.666825E-01
   1.563075E+00   3.457488E+02   2.788151E+03   7.666464E-01
   1.599607E+00   3.404824E+02   2.754516E+03   7.663770E-01
   1.636993E+00   3.351488E+02   2.719496E+03   7.658379E-01
   1.675252E+00   3.297846E+02   2.682447E+03   7.652707E-01
   1.714406E+00   3.240285E+02   2.647011E+03   7.650379E-01
   1.754475E+00   3.185169E+02   2.613393E+03   7.649365E-01
   1.795480E+00   3.135932E+02   2.580277E+03   7.649926E-01
   1.837444E+00   3.083349E+02   2.548605E+03   7.649544E-01
   1.880388E+00   3.036826E+02   2.517320E+03   7.645806E-01
   1.924336E+00   2.986498E+02   2.484133E+03   7.639951E-01
   1.969311E+00   2.934333E+02   2.449840E+03   7.634492E-01
   2.015338E+00   2.897923E+02   2.415086E+03   7.634900E-01
   2.062440E+00   2.893107E+02   2.376939E+03   7.641973E-01
   2.110643E+00   2.891773E+02   2.339546E+03   7.648748E-01
   2.159972E+00   2.889113E+02   2.303657E+03   7.653808E-01
   2.210455E+00   2.888495E+02   2.267344E+03   7.655909E-01
   2.262117E+00   2.884785E+02   2.229138E+03   7.656947E-01
   2.314987E+00   2.877703E+02   2.191552E+03   7.659355E-01
   2.369092E+00   2.871271E+02   2.155835E+03   7.664375E-01
   2.424462E+00   2.868237E+02   2.121146E+03   7.672302E-01
   2.481126E+00   2.864970E+02   2.087368E+03   7.678629E-01
   2.539114E+00   2.862715E+02   2.053586E+03   7.682831E-01
   2.598458E+00   2.859335E+02   2.018853E+03   7.685016E-01
   2.659189E+00   2.854141E+02   1.982933E+03   7.686950E-01
   2.721339E+00   2.845575E+02   1.948508E+03   7.691382E-01
   2.784941E+00   2.839322E+02   1.915217E+03   7.697644E-01
   2.850030E+00   2.836710E+02   1.882713E+03   7.705576E-01
   2.916641E+00   2.832267E+02   1.851293E+03   7.711775E-01
   2.984808E+00   2.830576E+02   1.819408E+03   7.715100E-01
   3.054568E+00   2.824915E+02   1.786893E+03   7.716403E-01
   3.125959E+00   2.816393E+02   1.754545E+03   7.718491E-01
   3.199018E+00   2.808838E+02   1.723681E+03   7.723506E-01
   3.273785E+00   2.803315E+02   1.693724E+03   7.730356E-01
   3.350299E+00   2.798586E+02   1.664634E+03   7.737196E-01
   3.428602E+00   2.794245E+02   1.636164E+03   7.741982E-01
   3.508734E+00   2.790026E+02   1.606971E+03   7.744933E-01
   3.590740E+00   2.784222E+02   1.576141E+03   7.748487E-01
   3.674662E+00   2.775295E+02   1.546442E+03   7.753722E-01
   3.760545E+00   2.768603E+02   1.517654E+03   7.761437E-01
   3.848436E+00   2.764829E+02   1.489663E+03   7.770888E-01
   3.938381E+00   2.759689E+02   1.462558E+03   7.779305E-01
   4.030428E+00   2.760074E+02   1.433930E+03   7.787191E-01
   4.124626E+00   2.765590E+02   1.402104E+03   7.797903E-01
   4.221026E+00   2.768691E+02   1.370373E+03   7.808731E-01
   4.319679E+00   2.771960E+02   1.340010E+03   7.822199E-01
   4.420638E+00   2.777852E+02   1.310357E+03   7.837268E-01
   4.523956E+00   2.784325E+02   1.280995E+03   7.853257E-01
   4.629689E+00   2.794359E+02   1.250923E+03   7.868881E-01
   4.737893E+00   2.803430E+02   1.220521E+03   7.882607E-01
   4.848626E+00   2.810195E+02   1.190235E+03   7.895561E-01
   4.961948E+00   2.815861E+02   1.160769E+03   7.909740E-01
   5.077917E+00   2.823693E+02   1.130268E+03   7.929768E-01
   5.196597E+00   2.831526E+02   1.099413E+03   7.951977E-01
   5.318051E+00   2.839282E+02   1.068973E+03   7.973017E-01
   5.442344E+00   2.846657E+02   1.038557E+03   7.991399E-01
   5.569541E+00   2.858550E+02   1.004911E+03   8.015697E-01
   5.699711E+00   2.874897E+02   9.691703E+02   8.045227E-01
   5.832924E+00   2.893530E+02   9.343867E+02   8.076706E-01
   5.969250E+00   2.912123E+02   9.001517E+02   8.108450E-01
   6.108762E+00   2.919682E+02   8.650945E+02   8.141526E-01
   6.251534E+00   2.915777E+02   8.304927E+02   8.172185E-01
   6.397644E+00   2.896623E+02   7.972522E+02   8.200532E-01
   6.547168E+00   2.885042E+02   7.568048E+02   8.243839E-01
   6.700188E+00   2.871635E+02   7.166024E+02   8.288049E-01
   6.856783E+00   2.853273E+02   6.751357E+02   8.335274E-01
   7.017038E+00   2.828609E+02   6.298550E+02   8.388682E-01
   7.181039E+00   2.821231E+02   5.760597E+02   8.454931E-01
   7.348873E+00   2.833258E+02   5.119350E+02   8.536629E-01
   7.520629E+00   2.898496E+02   4.369770E+02   8.626993E-01
   7.696400E+00   2.984070E+02   3.538528E+02   8.715662E-01
   7.876279E+00   2.950057E+02   2.696525E+02   8.796291E-01
   8.060361E+00   3.076507E+02   1.681438E+02   8.868927E-01
   8.248747E+00   3.323877E+02   7.215292E+01   8.900519E-01
   8.441535E+00   3.263298E+02   4.799755E+01   8.844065E-01
   8.638828E+00   3.879908E+02   1.959331E+02   8.401989E-01
   8.840733E+00   9.983460E+02   4.314249E+02   7.027326E-01
   9.047357E+00   1.301302E+03   5.206943E+02   6.547332E-01
   9.258810E+00   2.007600E+03   6.905681E+02   6.018549E-01
   9.475205E+00   1.515445E+03   5.464591E+02   6.839401E-01
   9.696658E+00   1.249336E+03   3.731497E+02   7.384805E-01
   9.923286E+00   1.557124E+03   5.817741E+02   6.612124E-01
   1.015521E+01   1.621112E+03   5.056759E+02   6.581206E-01
   1.039256E+01   1.992737E+03   6.859057E+02   5.877807E-01
   1.063545E+01   1.828887E+03   8.233279E+02   5.482282E-01
   1.088402E+01   1.221852E+03   7.756608E+02   6.151354E-01
   1.113840E+01   1.301407E+03   7.046223E+02   6.227056E-01
   1.139872E+01   1.113770E+03   5.968458E+02   6.753808E-01
   1.166513E+01   1.207100E+03   7.620411E+02   5.991190E-01
   1.193777E+01   4.723874E+02   1.017959E+03   6.142280E-01
   1.221677E+01   3.169552E+02   9.626135E+02   6.488503E-01
   1.250230E+01   2.700373E+02   8.776793E+02   6.740140E-01
   1.279450E+01   2.744657E+02   7.578073E+02   7.039087E-01
   1.309353E+01   2.662986E+02   6.530962E+02   7.281528E-01
   1.339955E+01   4.200006E+02   4.391541E+02   7.660286E-01
   1.371272E+01   5.800305E+02   3.028841E+02   7.745842E-01
   1.403322E+01   3.707860E+02   4.243505E+02   7.648998E-01
   1.436120E+01   6.310314E+02   2.556899E+02   7.687454E-01
   1.469684E+01   5.342822E+02   2.695770E+02   7.729621E-01
   1.504034E+01   4.446317E+02   2.008192E+02   7.887438E-01
   1.539186E+01   7.696895E+02   2.067845E+02   7.438215E-01
   1.575159E+01   5.088610E+02   2.245897E+02   7.706223E-01
   1.611973E+01   4.184404E+02   8.266268E+01   7.923304E-01
   1.649648E+01   6.444861E+02   1.183161E+02   7.437253E-01
   1.688203E+01   8.103659E+02   1.740270E+02   7.000303E-01
   1.727660E+01   9.386289E+02   2.393366E+02   6.473956E-01
   1.768038E+01   1.376952E+03   3.706481E+02   5.753353E-01
   1.809360E+01   1.559033E+03   4.251581E+02   5.527313E-01
   1.851648E+01   1.369631E+03   3.655504E+02   5.821371E-01
   1.894925E+01   1.461523E+03   3.840637E+02   5.545977E-01
   1.939213E+01   1.803861E+03   5.495102E+02   4.867576E-01
   1.984535E+01   1.703469E+03   6.130048E+02   4.565940E-01
   2.030918E+01   1.424334E+03   5.529016E+02   4.798800E-01
   2.078384E+01   1.299149E+03   5.392874E+02   4.848133E-01
   2.126959E+01   1.188203E+03   4.999722E+02   5.058473E-01
   2.176670E+01   1.146676E+03   5.429083E+02   4.767330E-01
   2.227543E+01   1.015715E+03   5.347375E+02   4.874442E-01
   2.279605E+01   8.789614E+02   4.777268E+02   5.370021E-01
   2.332883E+01   7.161222E+02   4.710878E+02   5.667548E-01
   2.387407E+01   8.117494E+02   4.092652E+02   5.678564E-01
   2.443205E+01   9.592761E+02   4.058079E+02   5.334546E-01
   2.500307E+01   6.971703E+02   4.489325E+02   5.549095E-01
   2.558744E+01   6.460702E+02   3.498325E+02   6.020626E-01
   2.618546E+01   8.516398E+02   2.545143E+02   5.906281E-01
   2.679746E+01   9.583486E+02   3.163217E+02   5.424208E-01
   2.742377E+01   9.481059E+02   2.915873E+02   5.464305E-01
   2.806471E+01   1.189308E+03   3.779082E+02   4.696744E-01
   2.872063E+01   1.072513E+03   4.754743E+02   4.106738E-01
   2.939188E+01   8.914612E+02   4.234881E+02   4.547849E-01
   3.007883E+01   9.027999E+02   4.593899E+02   4.140645E-01
   3.078182E+01   7.129972E+02   5.079298E+02   3.884724E-01
   3.150125E+01   5.360529E+02   5.177145E+02   4.350092E-01
   3.223749E+01   4.539779E+02   5.249642E+02   4.484333E-01
   3.299094E+01   4.382287E+02   4.586718E+02   4.917828E-01
   3.376199E+01   4.751651E+02   4.058727E+02   5.049132E-01
   3.455107E+01   4.900746E+02   4.191894E+02   4.797139E-01
   3.535859E+01   3.934054E+02   3.805030E+02   5.206127E-01
   3.618499E+01   6.116716E+02   2.981236E+02   5.023570E-01
   3.703070E+01   6.184423E+02   3.613541E+02   4.448821E-01
   3.789617E+01   3.958447E+02   4.449327E+02   4.395797E-01
   3.878187E+01   3.043327E+02   4.454230E+02   4.572184E-01
   3.968827E+01   2.547124E+02   4.090821E+02   4.834433E-01
   4.061586E+01   3.179406E+02   2.803529E+02   5.316516E-01
   4.156513E+01   5.264636E+02   2.377036E+02   4.976350E-01
   4.253658E+01   4.772330E+02   2.465239E+02   4.955386E-01
   4.353073E+01   6.343657E+02   2.098531E+02   4.667276E-01
   4.454813E+01   6.688125E+02   2.766248E+02   4.008794E-01
   4.558929E+01   5.065321E+02   3.355104E+02   3.765085E-01
   4.665480E+01   3.833359E+02   3.663025E+02   3.824438E-01
   4.774521E+01   3.068649E+02   3.651378E+02   4.014771E-01
   4.886110E+01   3.506045E+02   2.955839E+02   4.315600E-01
   5.000307E+01   3.477290E+02   3.183940E+02   3.987243E-01
   5.117173E+01   3.150303E+02   3.063809E+02   4.079951E-01
   5.236771E+01   3.198522E+02   3.030745E+02   3.951393E-01
   5.359163E+01   2.536533E+02   3.351061E+02   3.761790E-01
   5.484417E+01   2.146138E+02   3.363497E+02   3.751911E-01
   5.612597E+01   1.924092E+02   3.298206E+02   3.761096E-01
   5.743774E+01   1.753450E+02   3.206336E+02   3.767307E-01
   5.878016E+01   1.641955E+02   3.140905E+02   3.723042E-01
   6.015396E+01   1.548481E+02   2.980048E+02   3.746071E-01
   6.155987E+01   1.442399E+02   2.931123E+02   3.682102E-01
   6.299863E+01   1.357755E+02   2.777928E+02   3.698027E-01
   6.447102E+01   1.366704E+02   2.632059E+02   3.690570E-01
   6.597782E+01   1.128344E+02   2.565970E+02   3.646644E-01
   6.751985E+01   1.109679E+02   2.405968E+02   3.683876E-01
   6.909791E+01   1.676797E+02   2.003107E+02   3.840867E-01
   7.071285E+01   1.339901E+02   2.152652E+02   3.670284E-01
   7.236553E+01   1.511657E+02   1.941340E+02   3.718001E-01
   7.405685E+01   1.135804E+02   2.132573E+02   3.514663E-01
   7.578769E+01   1.018756E+02   2.078097E+02   3.450373E-01
   7.755898E+01   8.122922E+01   1.926122E+02   3.417810E-01
   7.937168E+01   7.856740E+01   1.849602E+02   3.354545E-01
   8.122674E+01   6.567251E+01   1.780609E+02   3.299710E-01
   8.312515E+01   7.030130E+01   1.671465E+02   3.329436E-01
   8.506793E+01   6.536859E+01   1.514063E+02   3.486321E-01
   8.705612E+01   5.975925E+01   1.535641E+02   3.397850E-01
   8.909078E+01   5.381514E+01   1.404126E+02   3.535558E-01
   9.117299E+01   4.988125E+01   1.273422E+02   3.656972E-01
   9.330387E+01   4.949350E+01   1.208125E+02   3.695250E-01
   9.548455E+01   4.406682E+01   1.163936E+02   3.735483E-01
   9.771620E+01   4.705258E+01   1.028105E+02   3.931721E-01
   1.000000E+02   4.429317E+01   9.444969E+01   4.059469E-01
