#============================================================================
# Opacities computed by OpTool        <a^n>=  1.6617E-1  2.1501E-1  4.0285E-1
# Method:   DHS  fmax=  0.700
# Parameters:
#   amin [um]=      0.100 amax [um]=     20.000  na  =   35    apow=   3.5    
#   lmin [um]=      0.100 lmax [um]=    100.000  nlam= 1500    nang=   180
#   porosity =      0.000 p_mantle =      0.000  fmax= 0.70    chop=   0.0
# Composition:
#  Where   mfrac  rho   Material
#  -----   -----  ----  -----------------------------------------------------
#  core    1.000  3.27  for
#  - - -   - - -  -  -  - - - - - - - - - - - - - - - - - - - - - - - - - - -
#  grain   1.000  3.27  mixture of  1 materials
#----------------------------------------------------------------------------
# Command: optool for -a 0.1 20 -l 0.1 100 1500 -dhs 0.7
#============================================================================
# Standard output file, no scattering matrix
#    iformat
#    nlambda
#    lambda[um]  kabs [cm^2/g]  ksca [cm^2/g]    g_asymmetry
#============================================================================
           3
        1500
   1.000000E-01   1.067641E+02   5.988424E+03   8.236526E-01
   1.004619E-01   1.062703E+02   5.992701E+03   8.230521E-01
   1.009259E-01   1.052104E+02   5.991957E+03   8.231251E-01
   1.013921E-01   1.056456E+02   5.999263E+03   8.228601E-01
   1.018604E-01   1.053378E+02   6.008877E+03   8.231110E-01
   1.023309E-01   1.045521E+02   6.025564E+03   8.223105E-01
   1.028035E-01   1.042168E+02   6.033423E+03   8.217354E-01
   1.032784E-01   1.027457E+02   6.031953E+03   8.227754E-01
   1.037554E-01   1.027917E+02   6.046105E+03   8.228695E-01
   1.042346E-01   1.033386E+02   6.062774E+03   8.217861E-01
   1.047161E-01   1.031377E+02   6.067947E+03   8.217249E-01
   1.051997E-01   1.020601E+02   6.080400E+03   8.208794E-01
   1.056856E-01   1.012389E+02   6.085907E+03   8.210848E-01
   1.061738E-01   1.019890E+02   6.094648E+03   8.208744E-01
   1.066642E-01   1.005011E+02   6.094603E+03   8.217510E-01
   1.071569E-01   1.018124E+02   6.112209E+03   8.200213E-01
   1.076518E-01   9.987283E+01   6.112727E+03   8.202880E-01
   1.081490E-01   9.978800E+01   6.117386E+03   8.207579E-01
   1.086486E-01   9.857785E+01   6.128601E+03   8.209872E-01
   1.091504E-01   1.001481E+02   6.147656E+03   8.199534E-01
   1.096546E-01   9.998489E+01   6.158480E+03   8.191941E-01
   1.101610E-01   9.867002E+01   6.156963E+03   8.202830E-01
   1.106699E-01   9.860396E+01   6.168629E+03   8.197520E-01
   1.111810E-01   9.765694E+01   6.170353E+03   8.196316E-01
   1.116946E-01   9.790547E+01   6.181835E+03   8.191258E-01
   1.122105E-01   9.668403E+01   6.189548E+03   8.199874E-01
   1.127287E-01   9.740245E+01   6.213038E+03   8.187017E-01
   1.132494E-01   9.669852E+01   6.218368E+03   8.186880E-01
   1.137725E-01   9.585709E+01   6.223819E+03   8.188067E-01
   1.142980E-01   9.692896E+01   6.238121E+03   8.176599E-01
   1.148259E-01   9.647544E+01   6.246850E+03   8.171733E-01
   1.153563E-01   9.577635E+01   6.255922E+03   8.167631E-01
   1.158891E-01   9.469777E+01   6.260820E+03   8.176725E-01
   1.164244E-01   9.470803E+01   6.267595E+03   8.173290E-01
   1.169622E-01   9.408940E+01   6.279999E+03   8.162926E-01
   1.175024E-01   9.414957E+01   6.284523E+03   8.155503E-01
   1.180451E-01   9.301982E+01   6.282034E+03   8.157382E-01
   1.185904E-01   9.377637E+01   6.288327E+03   8.154851E-01
   1.191381E-01   9.411430E+01   6.299979E+03   8.152468E-01
   1.196884E-01   9.369731E+01   6.315173E+03   8.143517E-01
   1.202412E-01   9.241500E+01   6.315945E+03   8.144776E-01
   1.207966E-01   9.094045E+01   6.312902E+03   8.157231E-01
   1.213545E-01   9.185121E+01   6.331606E+03   8.149131E-01
   1.219151E-01   9.153761E+01   6.340284E+03   8.146430E-01
   1.224782E-01   9.082097E+01   6.345940E+03   8.144000E-01
   1.230439E-01   8.984351E+01   6.356926E+03   8.137074E-01
   1.236122E-01   9.036572E+01   6.362439E+03   8.138617E-01
   1.241832E-01   9.080667E+01   6.368105E+03   8.137657E-01
   1.247567E-01   8.910338E+01   6.372487E+03   8.141659E-01
   1.253330E-01   9.043731E+01   6.384869E+03   8.128554E-01
   1.259119E-01   8.896808E+01   6.384834E+03   8.132335E-01
   1.264935E-01   8.813131E+01   6.388576E+03   8.138231E-01
   1.270777E-01   8.779362E+01   6.400416E+03   8.138188E-01
   1.276647E-01   8.776555E+01   6.416969E+03   8.129039E-01
   1.282543E-01   8.836111E+01   6.424956E+03   8.122263E-01
   1.288467E-01   8.769114E+01   6.425171E+03   8.130721E-01
   1.294419E-01   8.686727E+01   6.435219E+03   8.123881E-01
   1.300397E-01   8.643661E+01   6.433407E+03   8.125525E-01
   1.306404E-01   8.666026E+01   6.443327E+03   8.121117E-01
   1.312438E-01   8.625436E+01   6.453748E+03   8.124349E-01
   1.318500E-01   8.582894E+01   6.469741E+03   8.115711E-01
   1.324590E-01   8.580950E+01   6.472276E+03   8.115328E-01
   1.330708E-01   8.529195E+01   6.476818E+03   8.113572E-01
   1.336854E-01   8.508926E+01   6.486530E+03   8.104055E-01
   1.343029E-01   8.490324E+01   6.493967E+03   8.097607E-01
   1.349232E-01   8.383071E+01   6.496261E+03   8.099985E-01
   1.355464E-01   8.378660E+01   6.502853E+03   8.101078E-01
   1.361725E-01   8.398821E+01   6.506585E+03   8.098608E-01
   1.368015E-01   8.328313E+01   6.512442E+03   8.090621E-01
   1.374333E-01   8.254506E+01   6.513842E+03   8.084088E-01
   1.380681E-01   8.259561E+01   6.510771E+03   8.085088E-01
   1.387058E-01   8.218663E+01   6.513810E+03   8.083569E-01
   1.393465E-01   8.319686E+01   6.525541E+03   8.077108E-01
   1.399901E-01   8.303683E+01   6.535229E+03   8.070605E-01
   1.406367E-01   8.126903E+01   6.531515E+03   8.073863E-01
   1.412863E-01   7.976290E+01   6.527095E+03   8.086698E-01
   1.419389E-01   8.143552E+01   6.546180E+03   8.073868E-01
   1.425945E-01   8.133200E+01   6.549163E+03   8.072993E-01
   1.432531E-01   7.997724E+01   6.551493E+03   8.071255E-01
   1.439148E-01   7.924713E+01   6.559174E+03   8.065823E-01
   1.445795E-01   8.051258E+01   6.562986E+03   8.067076E-01
   1.452473E-01   7.947853E+01   6.563193E+03   8.069277E-01
   1.459182E-01   7.922937E+01   6.571656E+03   8.064781E-01
   1.465922E-01   7.938392E+01   6.576551E+03   8.057465E-01
   1.472692E-01   7.885437E+01   6.575526E+03   8.060952E-01
   1.479495E-01   7.797295E+01   6.577761E+03   8.066077E-01
   1.486328E-01   7.780373E+01   6.588141E+03   8.063114E-01
   1.493193E-01   7.730216E+01   6.599941E+03   8.056858E-01
   1.500090E-01   7.821256E+01   6.602074E+03   8.053127E-01
   1.507019E-01   7.768251E+01   6.604074E+03   8.057707E-01
   1.513980E-01   7.594667E+01   6.608217E+03   8.052691E-01
   1.520973E-01   7.656032E+01   6.607085E+03   8.053012E-01
   1.527998E-01   7.579108E+01   6.612698E+03   8.050971E-01
   1.535056E-01   7.624618E+01   6.624392E+03   8.049511E-01
   1.542146E-01   7.545700E+01   6.633287E+03   8.043537E-01
   1.549269E-01   7.560495E+01   6.632513E+03   8.044285E-01
   1.556425E-01   7.466403E+01   6.634255E+03   8.041892E-01
   1.563614E-01   7.461106E+01   6.639729E+03   8.032545E-01
   1.570836E-01   7.429460E+01   6.645100E+03   8.025486E-01
   1.578091E-01   7.354511E+01   6.643484E+03   8.029644E-01
   1.585380E-01   7.479167E+01   6.650589E+03   8.024122E-01
   1.592703E-01   7.419207E+01   6.649619E+03   8.022833E-01
   1.600059E-01   7.401661E+01   6.650259E+03   8.015684E-01
   1.607450E-01   7.269662E+01   6.647157E+03   8.010693E-01
   1.614874E-01   7.244513E+01   6.640831E+03   8.011273E-01
   1.622333E-01   7.240459E+01   6.640525E+03   8.011227E-01
   1.629827E-01   7.219034E+01   6.647221E+03   8.004875E-01
   1.637355E-01   7.288270E+01   6.653388E+03   7.997327E-01
   1.644917E-01   7.174034E+01   6.644686E+03   8.001252E-01
   1.652515E-01   7.075769E+01   6.640471E+03   8.010585E-01
   1.660148E-01   7.253603E+01   6.655654E+03   7.995803E-01
   1.667816E-01   7.213879E+01   6.652177E+03   7.997715E-01
   1.675519E-01   7.026041E+01   6.650499E+03   7.996069E-01
   1.683258E-01   7.078834E+01   6.655700E+03   7.989437E-01
   1.691033E-01   6.998085E+01   6.653223E+03   7.992456E-01
   1.698844E-01   6.968831E+01   6.648456E+03   7.996259E-01
   1.706690E-01   7.066871E+01   6.658084E+03   7.984151E-01
   1.714573E-01   6.925560E+01   6.653996E+03   7.983559E-01
   1.722493E-01   6.938135E+01   6.651387E+03   7.986069E-01
   1.730449E-01   6.874304E+01   6.651462E+03   7.989731E-01
   1.738442E-01   6.882294E+01   6.658715E+03   7.985728E-01
   1.746471E-01   6.883120E+01   6.667541E+03   7.977754E-01
   1.754538E-01   6.851770E+01   6.660604E+03   7.981279E-01
   1.762642E-01   6.831009E+01   6.662594E+03   7.982159E-01
   1.770783E-01   6.684428E+01   6.663227E+03   7.975697E-01
   1.778962E-01   6.724851E+01   6.661208E+03   7.975250E-01
   1.787179E-01   6.653126E+01   6.662954E+03   7.975987E-01
   1.795434E-01   6.740520E+01   6.674203E+03   7.970422E-01
   1.803727E-01   6.626745E+01   6.675949E+03   7.967640E-01
   1.812058E-01   6.631916E+01   6.671935E+03   7.969665E-01
   1.820428E-01   6.596327E+01   6.673715E+03   7.964633E-01
   1.828836E-01   6.591232E+01   6.673996E+03   7.957058E-01
   1.837283E-01   6.575392E+01   6.676812E+03   7.951108E-01
   1.845769E-01   6.515738E+01   6.673898E+03   7.954284E-01
   1.854295E-01   6.538799E+01   6.676062E+03   7.949828E-01
   1.862860E-01   6.530649E+01   6.674557E+03   7.946149E-01
   1.871464E-01   6.455376E+01   6.671078E+03   7.940589E-01
   1.880108E-01   6.420190E+01   6.664587E+03   7.936401E-01
   1.888792E-01   6.443924E+01   6.658483E+03   7.934781E-01
   1.897516E-01   6.382402E+01   6.654632E+03   7.936741E-01
   1.906280E-01   6.312843E+01   6.657386E+03   7.931047E-01
   1.915085E-01   6.406528E+01   6.658245E+03   7.923756E-01
   1.923931E-01   6.251436E+01   6.647536E+03   7.928687E-01
   1.932817E-01   6.263828E+01   6.643232E+03   7.933752E-01
   1.941745E-01   6.345484E+01   6.652198E+03   7.920768E-01
   1.950713E-01   6.422199E+01   6.647565E+03   7.920358E-01
   1.959723E-01   6.157407E+01   6.641716E+03   7.919413E-01
   1.968775E-01   6.143831E+01   6.639842E+03   7.915856E-01
   1.977869E-01   6.199408E+01   6.636623E+03   7.915458E-01
   1.987004E-01   6.136966E+01   6.626009E+03   7.920976E-01
   1.996182E-01   6.178146E+01   6.631649E+03   7.907450E-01
   2.005402E-01   6.078070E+01   6.623024E+03   7.908396E-01
   2.014665E-01   6.083812E+01   6.617186E+03   7.910725E-01
   2.023970E-01   6.125770E+01   6.616535E+03   7.910542E-01
   2.033319E-01   6.047310E+01   6.617762E+03   7.908146E-01
   2.042710E-01   6.019133E+01   6.619554E+03   7.901212E-01
   2.052145E-01   6.020500E+01   6.608492E+03   7.905978E-01
   2.061624E-01   5.978942E+01   6.607424E+03   7.904963E-01
   2.071146E-01   5.936172E+01   6.603926E+03   7.897547E-01
   2.080713E-01   5.996126E+01   6.600345E+03   7.894884E-01
   2.090323E-01   5.872808E+01   6.596010E+03   7.899034E-01
   2.099978E-01   5.976626E+01   6.604417E+03   7.889470E-01
   2.109678E-01   5.901201E+01   6.600452E+03   7.888187E-01
   2.119422E-01   5.765572E+01   6.591939E+03   7.891470E-01
   2.129212E-01   5.853891E+01   6.592179E+03   7.882545E-01
   2.139046E-01   5.755281E+01   6.586950E+03   7.877766E-01
   2.148926E-01   5.820483E+01   6.587345E+03   7.870563E-01
   2.158852E-01   5.752784E+01   6.581201E+03   7.874010E-01
   2.168823E-01   5.749053E+01   6.576573E+03   7.871154E-01
   2.178841E-01   5.710695E+01   6.574126E+03   7.864965E-01
   2.188905E-01   5.659561E+01   6.567229E+03   7.859333E-01
   2.199015E-01   5.651585E+01   6.556919E+03   7.856907E-01
   2.209172E-01   5.683680E+01   6.549799E+03   7.853227E-01
   2.219376E-01   5.627689E+01   6.544603E+03   7.854707E-01
   2.229627E-01   5.586374E+01   6.543602E+03   7.849043E-01
   2.239925E-01   5.599221E+01   6.539607E+03   7.843443E-01
   2.250271E-01   5.470113E+01   6.526973E+03   7.848223E-01
   2.260665E-01   5.472276E+01   6.523168E+03   7.849779E-01
   2.271106E-01   5.552339E+01   6.526435E+03   7.840135E-01
   2.281596E-01   5.564715E+01   6.519423E+03   7.839275E-01
   2.292135E-01   5.418757E+01   6.514368E+03   7.834464E-01
   2.302722E-01   5.382815E+01   6.507985E+03   7.834413E-01
   2.313358E-01   5.429880E+01   6.503139E+03   7.832624E-01
   2.324043E-01   5.356443E+01   6.492010E+03   7.837272E-01
   2.334777E-01   5.409819E+01   6.493219E+03   7.826082E-01
   2.345562E-01   5.297105E+01   6.482908E+03   7.825623E-01
   2.356395E-01   5.328429E+01   6.476468E+03   7.827597E-01
   2.367279E-01   5.248200E+01   6.473291E+03   7.828639E-01
   2.378213E-01   5.325022E+01   6.474496E+03   7.822664E-01
   2.389198E-01   5.330310E+01   6.471672E+03   7.816641E-01
   2.400234E-01   5.251510E+01   6.460283E+03   7.821999E-01
   2.411320E-01   5.260630E+01   6.457876E+03   7.818956E-01
   2.422458E-01   5.183634E+01   6.448724E+03   7.815145E-01
   2.433647E-01   5.249996E+01   6.445775E+03   7.810929E-01
   2.444887E-01   5.144587E+01   6.439428E+03   7.815604E-01
   2.456180E-01   5.228267E+01   6.444054E+03   7.805501E-01
   2.467525E-01   5.128225E+01   6.436083E+03   7.805000E-01
   2.478922E-01   5.081838E+01   6.428219E+03   7.805401E-01
   2.490372E-01   5.207286E+01   6.426382E+03   7.796065E-01
   2.501874E-01   5.119222E+01   6.419174E+03   7.792340E-01
   2.513430E-01   5.098312E+01   6.414944E+03   7.786896E-01
   2.525040E-01   5.041929E+01   6.405681E+03   7.791707E-01
   2.536702E-01   5.034655E+01   6.397716E+03   7.788422E-01
   2.548419E-01   5.012412E+01   6.393862E+03   7.780030E-01
   2.560190E-01   5.023359E+01   6.384841E+03   7.774816E-01
   2.572015E-01   4.938520E+01   6.370559E+03   7.774095E-01
   2.583895E-01   4.972949E+01   6.360981E+03   7.771238E-01
   2.595830E-01   5.012168E+01   6.355378E+03   7.770088E-01
   2.607819E-01   4.960200E+01   6.352183E+03   7.763519E-01
   2.619865E-01   4.907415E+01   6.341927E+03   7.761423E-01
   2.631965E-01   4.826106E+01   6.327189E+03   7.766865E-01
   2.644122E-01   4.867492E+01   6.324705E+03   7.763285E-01
   2.656335E-01   4.867453E+01   6.319445E+03   7.759237E-01
   2.668604E-01   4.822508E+01   6.310332E+03   7.757187E-01
   2.680930E-01   4.794031E+01   6.304651E+03   7.750539E-01
   2.693313E-01   4.765168E+01   6.295192E+03   7.750959E-01
   2.705753E-01   4.810090E+01   6.287095E+03   7.749092E-01
   2.718251E-01   4.705347E+01   6.275444E+03   7.751969E-01
   2.730806E-01   4.849902E+01   6.272550E+03   7.741446E-01
   2.743419E-01   4.700147E+01   6.259459E+03   7.742621E-01
   2.756091E-01   4.672315E+01   6.250394E+03   7.745084E-01
   2.768821E-01   4.609623E+01   6.244839E+03   7.745366E-01
   2.781610E-01   4.662579E+01   6.243849E+03   7.737932E-01
   2.794458E-01   4.711824E+01   6.237586E+03   7.732232E-01
   2.807365E-01   4.612635E+01   6.224758E+03   7.737383E-01
   2.820332E-01   4.620614E+01   6.220568E+03   7.731947E-01
   2.833359E-01   4.585702E+01   6.207484E+03   7.731201E-01
   2.846445E-01   4.603563E+01   6.202521E+03   7.727131E-01
   2.859593E-01   4.551577E+01   6.195942E+03   7.729447E-01
   2.872801E-01   4.556531E+01   6.195786E+03   7.721771E-01
   2.886070E-01   4.573606E+01   6.186525E+03   7.719824E-01
   2.899400E-01   4.489966E+01   6.177777E+03   7.718446E-01
   2.912792E-01   4.522668E+01   6.173053E+03   7.710445E-01
   2.926246E-01   4.524130E+01   6.165702E+03   7.704971E-01
   2.939762E-01   4.484515E+01   6.156120E+03   7.703593E-01
   2.953341E-01   4.430383E+01   6.147113E+03   7.705786E-01
   2.966982E-01   4.443581E+01   6.138056E+03   7.702576E-01
   2.980686E-01   4.396555E+01   6.130589E+03   7.695260E-01
   2.994453E-01   4.372686E+01   6.120611E+03   7.689390E-01
   3.008284E-01   4.376988E+01   6.105764E+03   7.688269E-01
   3.022179E-01   4.359682E+01   6.095354E+03   7.685954E-01
   3.036138E-01   4.417294E+01   6.090680E+03   7.681021E-01
   3.050162E-01   4.417899E+01   6.085291E+03   7.674978E-01
   3.064250E-01   4.303507E+01   6.072008E+03   7.675967E-01
   3.078404E-01   4.205404E+01   6.055705E+03   7.683643E-01
   3.092622E-01   4.289922E+01   6.054550E+03   7.675376E-01
   3.106907E-01   4.295770E+01   6.045668E+03   7.673473E-01
   3.121257E-01   4.259858E+01   6.036175E+03   7.671048E-01
   3.135674E-01   4.172371E+01   6.029020E+03   7.666332E-01
   3.150157E-01   4.268903E+01   6.018790E+03   7.665819E-01
   3.164707E-01   4.239933E+01   6.007381E+03   7.665795E-01
   3.179325E-01   4.163406E+01   5.999106E+03   7.664779E-01
   3.194010E-01   4.200628E+01   5.992246E+03   7.657777E-01
   3.208762E-01   4.179396E+01   5.979360E+03   7.659421E-01
   3.223583E-01   4.114293E+01   5.968306E+03   7.662799E-01
   3.238473E-01   4.116325E+01   5.962678E+03   7.660819E-01
   3.253431E-01   4.072236E+01   5.958405E+03   7.655621E-01
   3.268458E-01   4.138188E+01   5.950455E+03   7.651434E-01
   3.283555E-01   4.106959E+01   5.938910E+03   7.655972E-01
   3.298721E-01   4.028046E+01   5.931083E+03   7.651571E-01
   3.313957E-01   4.018041E+01   5.917608E+03   7.652057E-01
   3.329264E-01   3.999307E+01   5.910785E+03   7.650127E-01
   3.344641E-01   4.025566E+01   5.906125E+03   7.650175E-01
   3.360090E-01   3.974488E+01   5.901375E+03   7.645406E-01
   3.375610E-01   3.987434E+01   5.889358E+03   7.645367E-01
   3.391201E-01   3.956307E+01   5.880472E+03   7.643829E-01
   3.406865E-01   3.929827E+01   5.873464E+03   7.637269E-01
   3.422601E-01   3.915005E+01   5.865364E+03   7.632370E-01
   3.438409E-01   3.881773E+01   5.853389E+03   7.634694E-01
   3.454291E-01   3.910095E+01   5.846278E+03   7.632514E-01
   3.470246E-01   3.899568E+01   5.834633E+03   7.631453E-01
   3.486274E-01   3.869675E+01   5.824375E+03   7.625939E-01
   3.502377E-01   3.824789E+01   5.812312E+03   7.621856E-01
   3.518554E-01   3.814032E+01   5.796666E+03   7.621928E-01
   3.534806E-01   3.812996E+01   5.785342E+03   7.621365E-01
   3.551133E-01   3.842749E+01   5.778800E+03   7.617237E-01
   3.567535E-01   3.848685E+01   5.771520E+03   7.612350E-01
   3.584013E-01   3.791972E+01   5.756693E+03   7.615110E-01
   3.600567E-01   3.699736E+01   5.740773E+03   7.622993E-01
   3.617198E-01   3.842407E+01   5.739058E+03   7.612478E-01
   3.633905E-01   3.822969E+01   5.727108E+03   7.613878E-01
   3.650690E-01   3.698296E+01   5.715711E+03   7.613591E-01
   3.667552E-01   3.702744E+01   5.707560E+03   7.609264E-01
   3.684492E-01   3.683036E+01   5.694480E+03   7.611308E-01
   3.701510E-01   3.661093E+01   5.680712E+03   7.613993E-01
   3.718607E-01   3.709575E+01   5.675316E+03   7.607707E-01
   3.735783E-01   3.666995E+01   5.663226E+03   7.605183E-01
   3.753038E-01   3.639510E+01   5.649186E+03   7.608231E-01
   3.770372E-01   3.615260E+01   5.637795E+03   7.611804E-01
   3.787787E-01   3.599296E+01   5.631141E+03   7.609692E-01
   3.805283E-01   3.603934E+01   5.625231E+03   7.605331E-01
   3.822859E-01   3.613046E+01   5.612112E+03   7.606380E-01
   3.840516E-01   3.615535E+01   5.602355E+03   7.608871E-01
   3.858255E-01   3.500860E+01   5.591564E+03   7.605546E-01
   3.876076E-01   3.545942E+01   5.578735E+03   7.605381E-01
   3.893979E-01   3.506325E+01   5.569482E+03   7.606476E-01
   3.911965E-01   3.546145E+01   5.564721E+03   7.604961E-01
   3.930034E-01   3.496084E+01   5.556379E+03   7.602102E-01
   3.948186E-01   3.501490E+01   5.542998E+03   7.604183E-01
   3.966422E-01   3.451996E+01   5.533475E+03   7.602699E-01
   3.984743E-01   3.458581E+01   5.524305E+03   7.596994E-01
   4.003148E-01   3.453934E+01   5.514840E+03   7.593044E-01
   4.021638E-01   3.415121E+01   5.502039E+03   7.596608E-01
   4.040213E-01   3.454344E+01   5.493835E+03   7.593458E-01
   4.058874E-01   3.435016E+01   5.481499E+03   7.591921E-01
   4.077622E-01   3.409794E+01   5.468996E+03   7.588160E-01
   4.096456E-01   3.393769E+01   5.455466E+03   7.584852E-01
   4.115377E-01   3.358399E+01   5.440084E+03   7.585357E-01
   4.134385E-01   3.344561E+01   5.427503E+03   7.587264E-01
   4.153481E-01   3.314026E+01   5.419402E+03   7.583217E-01
   4.172666E-01   3.367004E+01   5.410830E+03   7.578431E-01
   4.191939E-01   3.304518E+01   5.394939E+03   7.582559E-01
   4.211301E-01   3.290945E+01   5.380739E+03   7.588476E-01
   4.230752E-01   3.339258E+01   5.376607E+03   7.578517E-01
   4.250294E-01   3.381220E+01   5.364443E+03   7.579955E-01
   4.269925E-01   3.220855E+01   5.352021E+03   7.580670E-01
   4.289648E-01   3.254043E+01   5.343050E+03   7.577230E-01
   4.309461E-01   3.230728E+01   5.329966E+03   7.579375E-01
   4.329366E-01   3.212174E+01   5.314656E+03   7.583753E-01
   4.349363E-01   3.272477E+01   5.309629E+03   7.573889E-01
   4.369452E-01   3.178206E+01   5.294217E+03   7.575364E-01
   4.389634E-01   3.212403E+01   5.281020E+03   7.578059E-01
   4.409909E-01   3.200590E+01   5.270724E+03   7.580303E-01
   4.430278E-01   3.165843E+01   5.262405E+03   7.578718E-01
   4.450741E-01   3.175359E+01   5.256090E+03   7.573485E-01
   4.471298E-01   3.147517E+01   5.240234E+03   7.579121E-01
   4.491950E-01   3.142382E+01   5.230654E+03   7.579874E-01
   4.512698E-01   3.083331E+01   5.219669E+03   7.575019E-01
   4.533542E-01   3.122399E+01   5.208023E+03   7.574622E-01
   4.554482E-01   3.077852E+01   5.197101E+03   7.577657E-01
   4.575518E-01   3.136138E+01   5.193127E+03   7.572521E-01
   4.596652E-01   3.068107E+01   5.182609E+03   7.572044E-01
   4.617883E-01   3.022251E+01   5.169209E+03   7.576140E-01
   4.639213E-01   3.064860E+01   5.162173E+03   7.571148E-01
   4.660641E-01   3.009404E+01   5.150496E+03   7.567760E-01
   4.682168E-01   3.029266E+01   5.140485E+03   7.563046E-01
   4.703794E-01   3.003464E+01   5.127282E+03   7.566154E-01
   4.725520E-01   3.010465E+01   5.116366E+03   7.564611E-01
   4.747347E-01   3.008943E+01   5.106028E+03   7.561247E-01
   4.769274E-01   2.969939E+01   5.094229E+03   7.557718E-01
   4.791303E-01   2.963264E+01   5.079946E+03   7.556218E-01
   4.813433E-01   2.987005E+01   5.066526E+03   7.554432E-01
   4.835666E-01   2.949394E+01   5.053391E+03   7.556963E-01
   4.858001E-01   2.912174E+01   5.043953E+03   7.553063E-01
   4.880440E-01   2.935608E+01   5.033825E+03   7.549021E-01
   4.902982E-01   2.850919E+01   5.018144E+03   7.554244E-01
   4.925628E-01   2.858403E+01   5.006240E+03   7.557991E-01
   4.948379E-01   2.937413E+01   5.001048E+03   7.548988E-01
   4.971235E-01   2.941718E+01   4.989079E+03   7.550154E-01
   4.994197E-01   2.829918E+01   4.977894E+03   7.548746E-01
   5.017264E-01   2.802055E+01   4.965695E+03   7.549064E-01
   5.040438E-01   2.848459E+01   4.954579E+03   7.548679E-01
   5.063720E-01   2.799551E+01   4.939342E+03   7.554356E-01
   5.087108E-01   2.821067E+01   4.932940E+03   7.545553E-01
   5.110605E-01   2.762306E+01   4.918745E+03   7.545896E-01
   5.134210E-01   2.781120E+01   4.906424E+03   7.548786E-01
   5.157925E-01   2.772588E+01   4.896672E+03   7.550567E-01
   5.181748E-01   2.767693E+01   4.889103E+03   7.547595E-01
   5.205682E-01   2.780422E+01   4.881092E+03   7.543797E-01
   5.229727E-01   2.755785E+01   4.865964E+03   7.549251E-01
   5.253882E-01   2.746866E+01   4.856417E+03   7.548451E-01
   5.278149E-01   2.704228E+01   4.844556E+03   7.544669E-01
   5.302528E-01   2.756804E+01   4.835033E+03   7.542904E-01
   5.327020E-01   2.688824E+01   4.823237E+03   7.547625E-01
   5.351625E-01   2.769851E+01   4.819695E+03   7.540397E-01
   5.376343E-01   2.681744E+01   4.808113E+03   7.541419E-01
   5.401176E-01   2.640819E+01   4.796006E+03   7.544354E-01
   5.426123E-01   2.708945E+01   4.789256E+03   7.538075E-01
   5.451186E-01   2.646038E+01   4.777450E+03   7.535685E-01
   5.476364E-01   2.674936E+01   4.767865E+03   7.530785E-01
   5.501659E-01   2.637291E+01   4.754517E+03   7.535442E-01
   5.527070E-01   2.637477E+01   4.743250E+03   7.533775E-01
   5.552599E-01   2.624205E+01   4.734520E+03   7.528422E-01
   5.578246E-01   2.616343E+01   4.722616E+03   7.525324E-01
   5.604011E-01   2.570176E+01   4.707641E+03   7.525716E-01
   5.629895E-01   2.592670E+01   4.694717E+03   7.524139E-01
   5.655899E-01   2.592883E+01   4.683423E+03   7.525158E-01
   5.682023E-01   2.565988E+01   4.674660E+03   7.520229E-01
   5.708268E-01   2.548437E+01   4.663100E+03   7.518436E-01
   5.734634E-01   2.500749E+01   4.648077E+03   7.524321E-01
   5.761121E-01   2.508519E+01   4.638848E+03   7.524487E-01
   5.787731E-01   2.533837E+01   4.630505E+03   7.520236E-01
   5.814464E-01   2.523777E+01   4.619252E+03   7.520341E-01
   5.841320E-01   2.495885E+01   4.610130E+03   7.516392E-01
   5.868300E-01   2.468569E+01   4.597595E+03   7.517515E-01
   5.895405E-01   2.501853E+01   4.586598E+03   7.517211E-01
   5.922636E-01   2.440132E+01   4.572686E+03   7.522017E-01
   5.949991E-01   2.508956E+01   4.565610E+03   7.513207E-01
   5.977474E-01   2.428842E+01   4.551918E+03   7.515361E-01
   6.005083E-01   2.425903E+01   4.540231E+03   7.518871E-01
   6.032820E-01   2.381640E+01   4.530557E+03   7.520340E-01
   6.060685E-01   2.448996E+01   4.524549E+03   7.515367E-01
   6.088678E-01   2.455319E+01   4.516045E+03   7.511913E-01
   6.116801E-01   2.398764E+01   4.501835E+03   7.518407E-01
   6.145054E-01   2.408380E+01   4.493196E+03   7.515294E-01
   6.173437E-01   2.371007E+01   4.480076E+03   7.515175E-01
   6.201951E-01   2.388567E+01   4.471802E+03   7.512798E-01
   6.230597E-01   2.348055E+01   4.461117E+03   7.517068E-01
   6.259376E-01   2.378388E+01   4.456313E+03   7.510985E-01
   6.288287E-01   2.363665E+01   4.445494E+03   7.510999E-01
   6.317332E-01   2.329332E+01   4.434738E+03   7.511583E-01
   6.346511E-01   2.366511E+01   4.427300E+03   7.505916E-01
   6.375825E-01   2.359138E+01   4.417068E+03   7.502663E-01
   6.405274E-01   2.343306E+01   4.406204E+03   7.500897E-01
   6.434859E-01   2.302735E+01   4.393766E+03   7.505478E-01
   6.464581E-01   2.307526E+01   4.382448E+03   7.503609E-01
   6.494440E-01   2.282510E+01   4.373537E+03   7.497893E-01
   6.524437E-01   2.292840E+01   4.363240E+03   7.493871E-01
   6.554572E-01   2.258216E+01   4.348879E+03   7.495230E-01
   6.584847E-01   2.288373E+01   4.337154E+03   7.494037E-01
   6.615262E-01   2.307301E+01   4.328023E+03   7.492292E-01
   6.645817E-01   2.300477E+01   4.319815E+03   7.486696E-01
   6.676513E-01   2.247093E+01   4.306941E+03   7.488361E-01
   6.707351E-01   2.189137E+01   4.291844E+03   7.496273E-01
   6.738331E-01   2.229999E+01   4.285560E+03   7.491935E-01
   6.769455E-01   2.228919E+01   4.275463E+03   7.491063E-01
   6.800722E-01   2.206082E+01   4.265112E+03   7.490044E-01
   6.832134E-01   2.157803E+01   4.256055E+03   7.486516E-01
   6.863691E-01   2.200523E+01   4.244312E+03   7.487533E-01
   6.895393E-01   2.217439E+01   4.233154E+03   7.487848E-01
   6.927242E-01   2.155786E+01   4.222132E+03   7.490227E-01
   6.959238E-01   2.200283E+01   4.214050E+03   7.483345E-01
   6.991382E-01   2.155672E+01   4.201159E+03   7.486435E-01
   7.023674E-01   2.124851E+01   4.189608E+03   7.490486E-01
   7.056116E-01   2.123723E+01   4.180913E+03   7.490350E-01
   7.088707E-01   2.117915E+01   4.174586E+03   7.486217E-01
   7.121449E-01   2.148514E+01   4.166026E+03   7.483048E-01
   7.154342E-01   2.133838E+01   4.153858E+03   7.489464E-01
   7.187387E-01   2.095741E+01   4.145555E+03   7.485590E-01
   7.220585E-01   2.079742E+01   4.132529E+03   7.487532E-01
   7.253936E-01   2.095639E+01   4.124466E+03   7.485537E-01
   7.287441E-01   2.092601E+01   4.115736E+03   7.487434E-01
   7.321101E-01   2.075148E+01   4.109182E+03   7.483195E-01
   7.354916E-01   2.069886E+01   4.098196E+03   7.483651E-01
   7.388887E-01   2.061153E+01   4.088835E+03   7.483377E-01
   7.423016E-01   2.055390E+01   4.081391E+03   7.478144E-01
   7.457302E-01   2.043056E+01   4.072527E+03   7.474845E-01
   7.491746E-01   2.013412E+01   4.060840E+03   7.476643E-01
   7.526350E-01   2.020466E+01   4.051243E+03   7.476925E-01
   7.561113E-01   2.033901E+01   4.040289E+03   7.475680E-01
   7.596037E-01   2.007091E+01   4.030740E+03   7.471552E-01
   7.631122E-01   1.979673E+01   4.020626E+03   7.468027E-01
   7.666369E-01   1.996816E+01   4.007101E+03   7.468784E-01
   7.701779E-01   1.975253E+01   3.996060E+03   7.468514E-01
   7.737353E-01   2.018673E+01   3.988545E+03   7.464924E-01
   7.773091E-01   2.017018E+01   3.980156E+03   7.460532E-01
   7.808994E-01   1.953486E+01   3.967452E+03   7.463490E-01
   7.845062E-01   1.896534E+01   3.953436E+03   7.472124E-01
   7.881298E-01   1.977630E+01   3.948847E+03   7.463925E-01
   7.917700E-01   1.980433E+01   3.938276E+03   7.464397E-01
   7.954271E-01   1.914303E+01   3.927525E+03   7.464116E-01
   7.991011E-01   1.895395E+01   3.919031E+03   7.460582E-01
   8.027921E-01   1.938136E+01   3.908109E+03   7.462228E-01
   8.065001E-01   1.910319E+01   3.897022E+03   7.464929E-01
   8.102252E-01   1.909093E+01   3.889895E+03   7.462462E-01
   8.139675E-01   1.918495E+01   3.880792E+03   7.458477E-01
   8.177271E-01   1.901171E+01   3.868933E+03   7.462334E-01
   8.215041E-01   1.868650E+01   3.858389E+03   7.465980E-01
   8.252985E-01   1.865530E+01   3.850660E+03   7.464563E-01
   8.291105E-01   1.850703E+01   3.843943E+03   7.461331E-01
   8.329400E-01   1.892920E+01   3.834164E+03   7.460410E-01
   8.367873E-01   1.882629E+01   3.824269E+03   7.464557E-01
   8.406523E-01   1.801456E+01   3.814953E+03   7.462127E-01
   8.445352E-01   1.837862E+01   3.804275E+03   7.462903E-01
   8.484360E-01   1.810084E+01   3.795884E+03   7.463164E-01
   8.523548E-01   1.834963E+01   3.789025E+03   7.462528E-01
   8.562917E-01   1.804824E+01   3.781401E+03   7.459396E-01
   8.602468E-01   1.816692E+01   3.770210E+03   7.460443E-01
   8.642202E-01   1.780276E+01   3.761046E+03   7.460271E-01
   8.682119E-01   1.784379E+01   3.753458E+03   7.455012E-01
   8.722221E-01   1.773336E+01   3.745491E+03   7.451320E-01
   8.762508E-01   1.751059E+01   3.734609E+03   7.455053E-01
   8.802981E-01   1.806849E+01   3.727474E+03   7.452071E-01
   8.843641E-01   1.788829E+01   3.717628E+03   7.452146E-01
   8.884488E-01   1.786630E+01   3.708874E+03   7.449010E-01
   8.925525E-01   1.735408E+01   3.699033E+03   7.446442E-01
   8.966751E-01   1.727509E+01   3.686597E+03   7.447654E-01
   9.008167E-01   1.727879E+01   3.676016E+03   7.448725E-01
   9.049775E-01   1.719013E+01   3.668140E+03   7.444510E-01
   9.091574E-01   1.754081E+01   3.659680E+03   7.438745E-01
   9.133567E-01   1.707116E+01   3.646317E+03   7.442550E-01
   9.175754E-01   1.681961E+01   3.633916E+03   7.449243E-01
   9.218136E-01   1.755267E+01   3.629620E+03   7.439112E-01
   9.260713E-01   1.749072E+01   3.619058E+03   7.441440E-01
   9.303487E-01   1.667034E+01   3.609312E+03   7.441862E-01
   9.346459E-01   1.701951E+01   3.602474E+03   7.437869E-01
   9.389629E-01   1.667908E+01   3.592262E+03   7.441802E-01
   9.432999E-01   1.662009E+01   3.581794E+03   7.446500E-01
   9.476568E-01   1.702990E+01   3.577691E+03   7.439352E-01
   9.520339E-01   1.644353E+01   3.567070E+03   7.440502E-01
   9.564313E-01   1.660307E+01   3.556825E+03   7.443444E-01
   9.608489E-01   1.639164E+01   3.547018E+03   7.446555E-01
   9.652870E-01   1.640716E+01   3.539309E+03   7.443950E-01
   9.697455E-01   1.650409E+01   3.533206E+03   7.438437E-01
   9.742246E-01   1.639460E+01   3.521123E+03   7.443083E-01
   9.787245E-01   1.631856E+01   3.512877E+03   7.444755E-01
   9.832451E-01   1.578060E+01   3.504350E+03   7.441144E-01
   9.877866E-01   1.601392E+01   3.495118E+03   7.441423E-01
   9.923490E-01   1.574449E+01   3.486513E+03   7.443503E-01
   9.969326E-01   1.617511E+01   3.481537E+03   7.439932E-01
   1.001537E+00   1.572072E+01   3.473279E+03   7.439318E-01
   1.006163E+00   1.574707E+01   3.462920E+03   7.442224E-01
   1.010811E+00   1.571341E+01   3.456099E+03   7.439890E-01
   1.015479E+00   1.561247E+01   3.448441E+03   7.436383E-01
   1.020170E+00   1.560873E+01   3.440976E+03   7.433054E-01
   1.024882E+00   1.546062E+01   3.431006E+03   7.436577E-01
   1.029616E+00   1.558434E+01   3.423056E+03   7.434008E-01
   1.034371E+00   1.561715E+01   3.414484E+03   7.432199E-01
   1.039149E+00   1.535857E+01   3.405600E+03   7.429346E-01
   1.043949E+00   1.523518E+01   3.395516E+03   7.427505E-01
   1.048770E+00   1.542851E+01   3.385008E+03   7.426778E-01
   1.053615E+00   1.515519E+01   3.374653E+03   7.429476E-01
   1.058481E+00   1.487296E+01   3.366961E+03   7.425322E-01
   1.063370E+00   1.528462E+01   3.358840E+03   7.420612E-01
   1.068282E+00   1.468724E+01   3.346624E+03   7.425826E-01
   1.073216E+00   1.479882E+01   3.336937E+03   7.430510E-01
   1.078173E+00   1.528488E+01   3.332645E+03   7.421194E-01
   1.083153E+00   1.554106E+01   3.323296E+03   7.422242E-01
   1.088156E+00   1.449027E+01   3.314028E+03   7.422810E-01
   1.093182E+00   1.442793E+01   3.305841E+03   7.422102E-01
   1.098231E+00   1.474738E+01   3.297632E+03   7.423065E-01
   1.103304E+00   1.449218E+01   3.287078E+03   7.429847E-01
   1.108400E+00   1.468553E+01   3.283129E+03   7.421622E-01
   1.113519E+00   1.434739E+01   3.273004E+03   7.423551E-01
   1.118663E+00   1.435772E+01   3.263514E+03   7.426911E-01
   1.123830E+00   1.461872E+01   3.255435E+03   7.427531E-01
   1.129020E+00   1.433836E+01   3.247894E+03   7.425792E-01
   1.134235E+00   1.425488E+01   3.241347E+03   7.421559E-01
   1.139474E+00   1.427725E+01   3.230086E+03   7.427294E-01
   1.144737E+00   1.419219E+01   3.222721E+03   7.427400E-01
   1.150025E+00   1.404917E+01   3.214778E+03   7.423096E-01
   1.155336E+00   1.433343E+01   3.207279E+03   7.422427E-01
   1.160673E+00   1.381531E+01   3.198455E+03   7.427442E-01
   1.166034E+00   1.440286E+01   3.194955E+03   7.421294E-01
   1.171420E+00   1.404257E+01   3.186431E+03   7.422143E-01
   1.176830E+00   1.350842E+01   3.176591E+03   7.426282E-01
   1.182266E+00   1.390385E+01   3.171101E+03   7.420924E-01
   1.187727E+00   1.355484E+01   3.162801E+03   7.418996E-01
   1.193213E+00   1.385188E+01   3.155929E+03   7.414601E-01
   1.198724E+00   1.358247E+01   3.146227E+03   7.418926E-01
   1.204261E+00   1.363367E+01   3.137756E+03   7.417717E-01
   1.209823E+00   1.347295E+01   3.130764E+03   7.413919E-01
   1.215411E+00   1.334168E+01   3.122580E+03   7.411600E-01
   1.221025E+00   1.328602E+01   3.112730E+03   7.411672E-01
   1.226665E+00   1.346204E+01   3.103679E+03   7.410439E-01
   1.232330E+00   1.329162E+01   3.094673E+03   7.412537E-01
   1.238022E+00   1.311691E+01   3.087399E+03   7.407921E-01
   1.243741E+00   1.321213E+01   3.078831E+03   7.404697E-01
   1.249485E+00   1.273513E+01   3.067397E+03   7.410489E-01
   1.255257E+00   1.278274E+01   3.059352E+03   7.412645E-01
   1.261054E+00   1.312966E+01   3.053750E+03   7.406457E-01
   1.266879E+00   1.319224E+01   3.045287E+03   7.406846E-01
   1.272731E+00   1.271349E+01   3.038188E+03   7.404938E-01
   1.278609E+00   1.255535E+01   3.029522E+03   7.406852E-01
   1.284515E+00   1.281479E+01   3.022149E+03   7.407438E-01
   1.290448E+00   1.253147E+01   3.012704E+03   7.414052E-01
   1.296408E+00   1.285071E+01   3.008221E+03   7.406612E-01
   1.302396E+00   1.235299E+01   2.998899E+03   7.408638E-01
   1.308412E+00   1.249768E+01   2.990165E+03   7.411855E-01
   1.314455E+00   1.221912E+01   2.982307E+03   7.413198E-01
   1.320527E+00   1.264704E+01   2.976727E+03   7.409005E-01
   1.326626E+00   1.264806E+01   2.970318E+03   7.405276E-01
   1.332754E+00   1.235470E+01   2.960122E+03   7.412562E-01
   1.338909E+00   1.236695E+01   2.953754E+03   7.410826E-01
   1.345094E+00   1.214913E+01   2.945076E+03   7.409715E-01
   1.351306E+00   1.238300E+01   2.938717E+03   7.407477E-01
   1.357548E+00   1.199657E+01   2.930292E+03   7.412940E-01
   1.363818E+00   1.232897E+01   2.926492E+03   7.406250E-01
   1.370118E+00   1.205577E+01   2.918272E+03   7.407114E-01
   1.376446E+00   1.188441E+01   2.910208E+03   7.409197E-01
   1.382804E+00   1.250381E+01   2.905327E+03   7.402848E-01
   1.389191E+00   1.214604E+01   2.897776E+03   7.401327E-01
   1.395607E+00   1.200685E+01   2.890709E+03   7.398970E-01
   1.402053E+00   1.180962E+01   2.881428E+03   7.404564E-01
   1.408529E+00   1.181765E+01   2.873396E+03   7.403361E-01
   1.415035E+00   1.177192E+01   2.867487E+03   7.397780E-01
   1.421571E+00   1.184794E+01   2.860277E+03   7.395009E-01
   1.428137E+00   1.151747E+01   2.850389E+03   7.397137E-01
   1.434733E+00   1.171046E+01   2.842071E+03   7.396222E-01
   1.441360E+00   1.195174E+01   2.834856E+03   7.395792E-01
   1.448018E+00   1.174981E+01   2.828412E+03   7.390204E-01
   1.454706E+00   1.152972E+01   2.819178E+03   7.390170E-01
   1.461425E+00   1.117376E+01   2.808393E+03   7.397435E-01
   1.468175E+00   1.144433E+01   2.802680E+03   7.394611E-01
   1.474956E+00   1.141312E+01   2.795378E+03   7.393175E-01
   1.481769E+00   1.126957E+01   2.787645E+03   7.392324E-01
   1.488613E+00   1.116401E+01   2.781370E+03   7.388742E-01
   1.495489E+00   1.112829E+01   2.773201E+03   7.390841E-01
   1.502396E+00   1.139036E+01   2.766183E+03   7.391777E-01
   1.509336E+00   1.093897E+01   2.758296E+03   7.397145E-01
   1.516307E+00   1.157324E+01   2.753838E+03   7.389945E-01
   1.523311E+00   1.103432E+01   2.744896E+03   7.393634E-01
   1.530347E+00   1.089968E+01   2.736751E+03   7.397814E-01
   1.537415E+00   1.070183E+01   2.729672E+03   7.398533E-01
   1.544516E+00   1.090084E+01   2.724841E+03   7.393825E-01
   1.551650E+00   1.114834E+01   2.718759E+03   7.390301E-01
   1.558817E+00   1.083898E+01   2.709757E+03   7.397877E-01
   1.566017E+00   1.079575E+01   2.704075E+03   7.394365E-01
   1.573250E+00   1.072125E+01   2.695112E+03   7.396125E-01
   1.580517E+00   1.083442E+01   2.689281E+03   7.393616E-01
   1.587817E+00   1.062444E+01   2.682162E+03   7.397667E-01
   1.595151E+00   1.066635E+01   2.677584E+03   7.392106E-01
   1.602519E+00   1.081898E+01   2.670140E+03   7.391993E-01
   1.609921E+00   1.050408E+01   2.662904E+03   7.392862E-01
   1.617357E+00   1.064675E+01   2.657679E+03   7.387300E-01
   1.624827E+00   1.072223E+01   2.651300E+03   7.384039E-01
   1.632332E+00   1.045689E+01   2.643390E+03   7.385365E-01
   1.639872E+00   1.033928E+01   2.635792E+03   7.388570E-01
   1.647446E+00   1.044607E+01   2.628499E+03   7.387305E-01
   1.655055E+00   1.025276E+01   2.622386E+03   7.383181E-01
   1.662700E+00   1.016406E+01   2.615890E+03   7.379874E-01
   1.670380E+00   1.017596E+01   2.606878E+03   7.381677E-01
   1.678095E+00   1.014755E+01   2.599138E+03   7.381426E-01
   1.685846E+00   1.043235E+01   2.593473E+03   7.378002E-01
   1.693633E+00   1.051284E+01   2.587070E+03   7.372563E-01
   1.701455E+00   1.002330E+01   2.577864E+03   7.375030E-01
   1.709314E+00   9.657815E+00   2.567470E+03   7.384159E-01
   1.717209E+00   1.007235E+01   2.563541E+03   7.377254E-01
   1.725141E+00   1.009324E+01   2.556019E+03   7.377272E-01
   1.733109E+00   9.972916E+00   2.548849E+03   7.376374E-01
   1.741114E+00   9.608461E+00   2.542603E+03   7.373684E-01
   1.749156E+00   1.009595E+01   2.535446E+03   7.374583E-01
   1.757235E+00   9.933751E+00   2.528164E+03   7.377548E-01
   1.765352E+00   9.706347E+00   2.522479E+03   7.378364E-01
   1.773506E+00   9.860152E+00   2.516966E+03   7.373736E-01
   1.781697E+00   9.809209E+00   2.509027E+03   7.377392E-01
   1.789927E+00   9.550310E+00   2.501310E+03   7.381970E-01
   1.798194E+00   9.530893E+00   2.495467E+03   7.380782E-01
   1.806500E+00   9.446258E+00   2.490517E+03   7.377445E-01
   1.814844E+00   9.757040E+00   2.484332E+03   7.374757E-01
   1.823226E+00   9.589147E+00   2.476774E+03   7.381196E-01
   1.831647E+00   9.348783E+00   2.470879E+03   7.378191E-01
   1.840108E+00   9.341389E+00   2.462896E+03   7.380048E-01
   1.848607E+00   9.257064E+00   2.457112E+03   7.379441E-01
   1.857145E+00   9.383054E+00   2.451844E+03   7.379920E-01
   1.865723E+00   9.191713E+00   2.446706E+03   7.376821E-01
   1.874341E+00   9.267522E+00   2.439340E+03   7.377999E-01
   1.882998E+00   9.168844E+00   2.433086E+03   7.378052E-01
   1.891696E+00   9.114970E+00   2.427803E+03   7.372917E-01
   1.900433E+00   9.075562E+00   2.422029E+03   7.369335E-01
   1.909211E+00   8.924074E+00   2.414161E+03   7.372316E-01
   1.918029E+00   9.135376E+00   2.408510E+03   7.370438E-01
   1.926888E+00   9.106235E+00   2.401327E+03   7.370372E-01
   1.935788E+00   9.042922E+00   2.395475E+03   7.366733E-01
   1.944730E+00   8.774114E+00   2.388866E+03   7.364485E-01
   1.953712E+00   8.803826E+00   2.380742E+03   7.365764E-01
   1.962736E+00   8.836310E+00   2.373579E+03   7.366218E-01
   1.971802E+00   8.962965E+00   2.368255E+03   7.362542E-01
   1.980909E+00   9.063360E+00   2.362295E+03   7.356827E-01
   1.990059E+00   8.887931E+00   2.353612E+03   7.360253E-01
   1.999251E+00   8.489013E+00   2.344786E+03   7.368369E-01
   2.008485E+00   9.066973E+00   2.341808E+03   7.358690E-01
   2.017762E+00   8.974084E+00   2.334303E+03   7.360810E-01
   2.027082E+00   8.543453E+00   2.327442E+03   7.361019E-01
   2.036445E+00   8.586264E+00   2.322066E+03   7.357136E-01
   2.045851E+00   8.485659E+00   2.314854E+03   7.360528E-01
   2.055300E+00   8.418010E+00   2.307767E+03   7.365099E-01
   2.064793E+00   8.691962E+00   2.304245E+03   7.359556E-01
   2.074330E+00   8.481547E+00   2.297772E+03   7.358750E-01
   2.083911E+00   8.414358E+00   2.290407E+03   7.362826E-01
   2.093537E+00   8.341970E+00   2.283603E+03   7.366253E-01
   2.103207E+00   8.300329E+00   2.278474E+03   7.364220E-01
   2.112921E+00   8.379743E+00   2.274188E+03   7.359633E-01
   2.122680E+00   8.410400E+00   2.266813E+03   7.362230E-01
   2.132485E+00   8.403746E+00   2.261081E+03   7.365119E-01
   2.142334E+00   7.995852E+00   2.255185E+03   7.362150E-01
   2.152230E+00   8.203772E+00   2.248538E+03   7.362633E-01
   2.162170E+00   8.031235E+00   2.242723E+03   7.363973E-01
   2.172157E+00   8.243068E+00   2.238511E+03   7.361990E-01
   2.182190E+00   8.055260E+00   2.233097E+03   7.360016E-01
   2.192269E+00   8.085534E+00   2.225988E+03   7.362353E-01
   2.202395E+00   7.927694E+00   2.220542E+03   7.361730E-01
   2.212568E+00   7.996377E+00   2.215493E+03   7.356770E-01
   2.222787E+00   8.047177E+00   2.210146E+03   7.353200E-01
   2.233054E+00   7.859531E+00   2.202871E+03   7.356838E-01
   2.243368E+00   7.992945E+00   2.197713E+03   7.354052E-01
   2.253730E+00   7.982008E+00   2.191452E+03   7.352974E-01
   2.264140E+00   7.853566E+00   2.185676E+03   7.350580E-01
   2.274598E+00   7.820841E+00   2.179484E+03   7.348094E-01
   2.285104E+00   7.764258E+00   2.172113E+03   7.349166E-01
   2.295658E+00   7.715934E+00   2.165319E+03   7.351122E-01
   2.306262E+00   7.592086E+00   2.160248E+03   7.347321E-01
   2.316914E+00   7.820457E+00   2.154706E+03   7.341754E-01
   2.327616E+00   7.554774E+00   2.146456E+03   7.346301E-01
   2.338367E+00   7.573964E+00   2.139392E+03   7.351554E-01
   2.349167E+00   7.788175E+00   2.136242E+03   7.342240E-01
   2.360018E+00   8.006861E+00   2.129657E+03   7.343152E-01
   2.370918E+00   7.338563E+00   2.123024E+03   7.344126E-01
   2.381869E+00   7.476180E+00   2.117669E+03   7.340669E-01
   2.392871E+00   7.427458E+00   2.111206E+03   7.344103E-01
   2.403923E+00   7.364493E+00   2.104363E+03   7.349536E-01
   2.415027E+00   7.669925E+00   2.101722E+03   7.340884E-01
   2.426181E+00   7.287697E+00   2.094863E+03   7.343785E-01
   2.437388E+00   7.459955E+00   2.088305E+03   7.347226E-01
   2.448646E+00   7.411506E+00   2.082596E+03   7.348628E-01
   2.459956E+00   7.291705E+00   2.077699E+03   7.347903E-01
   2.471318E+00   7.294362E+00   2.073808E+03   7.342422E-01
   2.482733E+00   7.246630E+00   2.066299E+03   7.349127E-01
   2.494200E+00   7.241647E+00   2.061426E+03   7.349823E-01
   2.505720E+00   7.046852E+00   2.056149E+03   7.346033E-01
   2.517294E+00   7.269131E+00   2.050690E+03   7.345459E-01
   2.528921E+00   7.049939E+00   2.044641E+03   7.349682E-01
   2.540602E+00   7.351777E+00   2.041759E+03   7.343469E-01
   2.552337E+00   7.058564E+00   2.035895E+03   7.343678E-01
   2.564126E+00   6.854164E+00   2.029059E+03   7.347397E-01
   2.575969E+00   7.049408E+00   2.024794E+03   7.342759E-01
   2.587867E+00   6.824933E+00   2.019264E+03   7.340525E-01
   2.599820E+00   6.998563E+00   2.014420E+03   7.335351E-01
   2.611828E+00   6.875331E+00   2.007574E+03   7.339177E-01
   2.623892E+00   6.918310E+00   2.002029E+03   7.337976E-01
   2.636011E+00   6.909576E+00   1.996759E+03   7.334547E-01
   2.648187E+00   6.783084E+00   1.991439E+03   7.331882E-01
   2.660419E+00   6.804481E+00   1.985141E+03   7.331265E-01
   2.672707E+00   6.902077E+00   1.979118E+03   7.329410E-01
   2.685052E+00   6.769160E+00   1.972629E+03   7.333171E-01
   2.697454E+00   6.670507E+00   1.967973E+03   7.329193E-01
   2.709913E+00   6.731357E+00   1.962428E+03   7.324812E-01
   2.722429E+00   6.430050E+00   1.954792E+03   7.330708E-01
   2.735004E+00   6.452003E+00   1.949033E+03   7.334005E-01
   2.747637E+00   6.832792E+00   1.945666E+03   7.325169E-01
   2.760328E+00   6.800297E+00   1.939483E+03   7.326512E-01
   2.773077E+00   6.417275E+00   1.934212E+03   7.325167E-01
   2.785886E+00   6.346559E+00   1.928064E+03   7.325370E-01
   2.798753E+00   6.486345E+00   1.922534E+03   7.326557E-01
   2.811681E+00   6.354634E+00   1.916212E+03   7.332167E-01
   2.824667E+00   6.450600E+00   1.912847E+03   7.325467E-01
   2.837714E+00   6.250700E+00   1.906756E+03   7.326304E-01
   2.850821E+00   6.311392E+00   1.900540E+03   7.329617E-01
   2.863989E+00   6.284547E+00   1.895304E+03   7.330472E-01
   2.877217E+00   6.305705E+00   1.891040E+03   7.328311E-01
   2.890507E+00   6.374297E+00   1.886880E+03   7.323933E-01
   2.903858E+00   6.245758E+00   1.880125E+03   7.331054E-01
   2.917270E+00   6.261171E+00   1.875596E+03   7.330087E-01
   2.930745E+00   6.109604E+00   1.870376E+03   7.327960E-01
   2.944281E+00   6.330967E+00   1.865955E+03   7.326121E-01
   2.957881E+00   6.099756E+00   1.859997E+03   7.332188E-01
   2.971543E+00   6.452594E+00   1.857787E+03   7.323852E-01
   2.985268E+00   6.035314E+00   1.851810E+03   7.326077E-01
   2.999057E+00   6.001477E+00   1.846211E+03   7.327541E-01
   3.012909E+00   6.286588E+00   1.842339E+03   7.321437E-01
   3.026825E+00   5.966674E+00   1.836768E+03   7.321042E-01
   3.040806E+00   6.152903E+00   1.832436E+03   7.315003E-01
   3.054851E+00   5.954274E+00   1.825512E+03   7.320376E-01
   3.068961E+00   5.979554E+00   1.819986E+03   7.319069E-01
   3.083136E+00   5.953321E+00   1.815682E+03   7.313268E-01
   3.097376E+00   5.992570E+00   1.810521E+03   7.310087E-01
   3.111683E+00   5.774648E+00   1.803700E+03   7.311478E-01
   3.126055E+00   5.928164E+00   1.798017E+03   7.310142E-01
   3.140494E+00   5.904038E+00   1.792833E+03   7.310994E-01
   3.155000E+00   5.833913E+00   1.788244E+03   7.305829E-01
   3.169572E+00   5.781452E+00   1.782476E+03   7.303736E-01
   3.184212E+00   5.601409E+00   1.775414E+03   7.310862E-01
   3.198920E+00   5.632603E+00   1.770981E+03   7.310320E-01
   3.213695E+00   5.762496E+00   1.766483E+03   7.306502E-01
   3.228539E+00   5.720543E+00   1.761216E+03   7.306623E-01
   3.243451E+00   5.623932E+00   1.756984E+03   7.303264E-01
   3.258432E+00   5.536832E+00   1.751096E+03   7.304614E-01
   3.273482E+00   5.705664E+00   1.746299E+03   7.304784E-01
   3.288602E+00   5.463330E+00   1.740619E+03   7.310323E-01
   3.303792E+00   5.747230E+00   1.737243E+03   7.304136E-01
   3.319052E+00   5.478730E+00   1.731333E+03   7.305509E-01
   3.334382E+00   5.416133E+00   1.725361E+03   7.309261E-01
   3.349783E+00   5.349012E+00   1.720653E+03   7.309679E-01
   3.365255E+00   5.584335E+00   1.717135E+03   7.305085E-01
   3.380799E+00   5.584455E+00   1.712760E+03   7.301311E-01
   3.396414E+00   5.475633E+00   1.706735E+03   7.307830E-01
   3.412102E+00   5.472755E+00   1.702561E+03   7.305593E-01
   3.427862E+00   5.340851E+00   1.696828E+03   7.306888E-01
   3.443695E+00   5.415719E+00   1.692983E+03   7.304308E-01
   3.459601E+00   5.235850E+00   1.687701E+03   7.309605E-01
   3.475580E+00   5.360586E+00   1.685202E+03   7.302040E-01
   3.491634E+00   5.358195E+00   1.679945E+03   7.303093E-01
   3.507761E+00   5.295775E+00   1.675285E+03   7.302659E-01
   3.523963E+00   5.350879E+00   1.671372E+03   7.298244E-01
   3.540240E+00   5.382059E+00   1.667006E+03   7.295353E-01
   3.556592E+00   5.404868E+00   1.662123E+03   7.292905E-01
   3.573019E+00   5.198195E+00   1.655961E+03   7.298331E-01
   3.589523E+00   5.178271E+00   1.651021E+03   7.297184E-01
   3.606102E+00   5.154125E+00   1.647098E+03   7.290595E-01
   3.622758E+00   5.180709E+00   1.642369E+03   7.286576E-01
   3.639491E+00   5.043540E+00   1.635965E+03   7.288718E-01
   3.656302E+00   5.196419E+00   1.630856E+03   7.287636E-01
   3.673190E+00   5.313128E+00   1.626833E+03   7.284626E-01
   3.690156E+00   5.299662E+00   1.622592E+03   7.279164E-01
   3.707200E+00   5.062554E+00   1.616445E+03   7.280507E-01
   3.724323E+00   4.851312E+00   1.609502E+03   7.290417E-01
   3.741525E+00   5.011868E+00   1.606604E+03   7.284088E-01
   3.758807E+00   5.068443E+00   1.601763E+03   7.282726E-01
   3.776169E+00   5.026978E+00   1.597009E+03   7.282595E-01
   3.793610E+00   4.778792E+00   1.592948E+03   7.279812E-01
   3.811132E+00   4.943314E+00   1.587650E+03   7.281853E-01
   3.828736E+00   4.998405E+00   1.583144E+03   7.282896E-01
   3.846420E+00   4.838958E+00   1.578831E+03   7.285058E-01
   3.864186E+00   4.954856E+00   1.575118E+03   7.280704E-01
   3.882034E+00   4.893751E+00   1.569776E+03   7.282896E-01
   3.899965E+00   4.723000E+00   1.564300E+03   7.287646E-01
   3.917978E+00   4.768643E+00   1.560358E+03   7.285839E-01
   3.936075E+00   4.742816E+00   1.556859E+03   7.282648E-01
   3.954255E+00   4.879877E+00   1.552950E+03   7.278991E-01
   3.972520E+00   4.805867E+00   1.547570E+03   7.285460E-01
   3.990868E+00   4.681801E+00   1.543607E+03   7.282251E-01
   4.009301E+00   4.622796E+00   1.538281E+03   7.284802E-01
   4.027820E+00   4.686229E+00   1.534593E+03   7.282923E-01
   4.046424E+00   4.715761E+00   1.530446E+03   7.284857E-01
   4.065114E+00   4.644483E+00   1.527336E+03   7.280051E-01
   4.083890E+00   4.587644E+00   1.522460E+03   7.281377E-01
   4.102753E+00   4.621452E+00   1.518213E+03   7.279838E-01
   4.121703E+00   4.575427E+00   1.514396E+03   7.276049E-01
   4.140741E+00   4.552774E+00   1.510582E+03   7.272250E-01
   4.159866E+00   4.483172E+00   1.505467E+03   7.272943E-01
   4.179080E+00   4.486154E+00   1.500726E+03   7.274199E-01
   4.198383E+00   4.561178E+00   1.496260E+03   7.272963E-01
   4.217775E+00   4.516332E+00   1.492261E+03   7.267950E-01
   4.237256E+00   4.332287E+00   1.487541E+03   7.265617E-01
   4.256828E+00   4.446105E+00   1.481979E+03   7.266454E-01
   4.276489E+00   4.397181E+00   1.477335E+03   7.266464E-01
   4.296242E+00   4.578113E+00   1.473979E+03   7.261420E-01
   4.316086E+00   4.572363E+00   1.469766E+03   7.257024E-01
   4.336021E+00   4.347821E+00   1.463917E+03   7.260209E-01
   4.356049E+00   4.143232E+00   1.457854E+03   7.269306E-01
   4.376169E+00   4.437173E+00   1.455587E+03   7.260023E-01
   4.396382E+00   4.543326E+00   1.451100E+03   7.259519E-01
   4.416688E+00   4.220717E+00   1.446468E+03   7.261180E-01
   4.437088E+00   4.196248E+00   1.442897E+03   7.257572E-01
   4.457583E+00   4.266293E+00   1.437832E+03   7.260298E-01
   4.478172E+00   4.224410E+00   1.433362E+03   7.263335E-01
   4.498856E+00   4.286117E+00   1.430495E+03   7.259695E-01
   4.519635E+00   4.306772E+00   1.426566E+03   7.257026E-01
   4.540511E+00   4.231160E+00   1.421434E+03   7.261430E-01
   4.561483E+00   4.099379E+00   1.416715E+03   7.265978E-01
   4.582552E+00   4.104282E+00   1.413270E+03   7.263763E-01
   4.603718E+00   4.158040E+00   1.410094E+03   7.259624E-01
   4.624982E+00   4.265065E+00   1.405843E+03   7.259004E-01
   4.646345E+00   4.230614E+00   1.401400E+03   7.263137E-01
   4.667805E+00   3.980562E+00   1.397594E+03   7.260864E-01
   4.689365E+00   4.060542E+00   1.393141E+03   7.262128E-01
   4.711025E+00   3.983910E+00   1.389271E+03   7.262965E-01
   4.732785E+00   4.069096E+00   1.386118E+03   7.262219E-01
   4.754645E+00   4.042548E+00   1.383064E+03   7.257681E-01
   4.776606E+00   4.078321E+00   1.378351E+03   7.259723E-01
   4.798668E+00   3.895521E+00   1.374201E+03   7.259555E-01
   4.820833E+00   3.945253E+00   1.370787E+03   7.255191E-01
   4.843100E+00   3.908580E+00   1.367368E+03   7.250546E-01
   4.865469E+00   3.838731E+00   1.362241E+03   7.253377E-01
   4.887942E+00   4.032830E+00   1.358465E+03   7.250559E-01
   4.910519E+00   4.073981E+00   1.354533E+03   7.248342E-01
   4.933200E+00   3.994460E+00   1.350488E+03   7.245344E-01
   4.955986E+00   3.777833E+00   1.345953E+03   7.243050E-01
   4.978877E+00   3.800826E+00   1.340950E+03   7.243877E-01
   5.001874E+00   3.780010E+00   1.336220E+03   7.246612E-01
   5.024977E+00   3.818955E+00   1.331370E+03   7.244282E-01
   5.048187E+00   3.906090E+00   1.325591E+03   7.243371E-01
   5.071504E+00   3.796714E+00   1.318269E+03   7.253521E-01
   5.094928E+00   3.988851E+00   1.313439E+03   7.254988E-01
   5.118461E+00   4.141043E+00   1.308175E+03   7.255686E-01
   5.142103E+00   4.075553E+00   1.302634E+03   7.259126E-01
   5.165854E+00   4.178148E+00   1.297495E+03   7.258904E-01
   5.189714E+00   4.104465E+00   1.290991E+03   7.266921E-01
   5.213685E+00   4.303309E+00   1.285412E+03   7.272918E-01
   5.237766E+00   4.358865E+00   1.280785E+03   7.271822E-01
   5.261959E+00   4.287670E+00   1.274849E+03   7.276585E-01
   5.286263E+00   4.338521E+00   1.268532E+03   7.285180E-01
   5.310680E+00   4.427041E+00   1.263506E+03   7.288579E-01
   5.335209E+00   4.541699E+00   1.258969E+03   7.287612E-01
   5.359852E+00   4.690177E+00   1.253074E+03   7.291092E-01
   5.384608E+00   4.607236E+00   1.247026E+03   7.300452E-01
   5.409479E+00   4.754139E+00   1.241970E+03   7.300837E-01
   5.434465E+00   4.909260E+00   1.236838E+03   7.302966E-01
   5.459566E+00   4.806439E+00   1.230925E+03   7.312296E-01
   5.484783E+00   4.861296E+00   1.226358E+03   7.311675E-01
   5.510116E+00   5.113069E+00   1.220827E+03   7.314680E-01
   5.535567E+00   4.963789E+00   1.214929E+03   7.319284E-01
   5.561135E+00   5.140491E+00   1.209406E+03   7.322687E-01
   5.586821E+00   5.344917E+00   1.204872E+03   7.318451E-01
   5.612626E+00   5.164121E+00   1.197664E+03   7.328499E-01
   5.638550E+00   5.413864E+00   1.192082E+03   7.331006E-01
   5.664594E+00   5.454630E+00   1.186594E+03   7.331611E-01
   5.690758E+00   5.358098E+00   1.180055E+03   7.334798E-01
   5.717043E+00   5.555632E+00   1.173766E+03   7.339159E-01
   5.743449E+00   5.680569E+00   1.167773E+03   7.341877E-01
   5.769977E+00   5.944562E+00   1.162312E+03   7.341244E-01
   5.796628E+00   5.652563E+00   1.155225E+03   7.348654E-01
   5.823402E+00   5.644843E+00   1.148053E+03   7.360677E-01
   5.850300E+00   5.950393E+00   1.143365E+03   7.357857E-01
   5.877322E+00   6.075745E+00   1.137379E+03   7.362984E-01
   5.904468E+00   5.974771E+00   1.131018E+03   7.370740E-01
   5.931740E+00   5.989079E+00   1.124523E+03   7.377830E-01
   5.959138E+00   6.263112E+00   1.119034E+03   7.381808E-01
   5.986663E+00   6.490933E+00   1.113514E+03   7.383512E-01
   6.014314E+00   6.329732E+00   1.106608E+03   7.395093E-01
   6.042094E+00   6.394388E+00   1.100448E+03   7.402332E-01
   6.070001E+00   6.561388E+00   1.094702E+03   7.407923E-01
   6.098038E+00   6.702319E+00   1.089229E+03   7.409792E-01
   6.126204E+00   6.866341E+00   1.083022E+03   7.416334E-01
   6.154500E+00   6.710412E+00   1.076159E+03   7.428786E-01
   6.182927E+00   6.909543E+00   1.070715E+03   7.432288E-01
   6.211485E+00   7.119855E+00   1.064899E+03   7.436602E-01
   6.240175E+00   7.195173E+00   1.058745E+03   7.444391E-01
   6.268998E+00   7.242535E+00   1.052099E+03   7.454421E-01
   6.297954E+00   7.369762E+00   1.046325E+03   7.459004E-01
   6.327043E+00   7.582219E+00   1.040186E+03   7.462533E-01
   6.356267E+00   7.612117E+00   1.033772E+03   7.469544E-01
   6.385626E+00   7.739621E+00   1.027360E+03   7.474442E-01
   6.415120E+00   7.897474E+00   1.020706E+03   7.481529E-01
   6.444751E+00   8.014991E+00   1.013806E+03   7.487662E-01
   6.474518E+00   7.998614E+00   1.006693E+03   7.496100E-01
   6.504423E+00   8.315222E+00   1.000372E+03   7.499050E-01
   6.534467E+00   8.381270E+00   9.930880E+02   7.508135E-01
   6.564648E+00   8.490830E+00   9.861293E+02   7.514607E-01
   6.594970E+00   8.453925E+00   9.786458E+02   7.525268E-01
   6.625431E+00   8.809377E+00   9.722598E+02   7.528891E-01
   6.656033E+00   8.967035E+00   9.652511E+02   7.535467E-01
   6.686777E+00   9.024094E+00   9.577814E+02   7.546019E-01
   6.717662E+00   9.041919E+00   9.501568E+02   7.559544E-01
   6.748690E+00   9.348969E+00   9.436533E+02   7.565085E-01
   6.779861E+00   9.591366E+00   9.369254E+02   7.569428E-01
   6.811177E+00   9.516321E+00   9.287499E+02   7.586850E-01
   6.842637E+00   9.788764E+00   9.215726E+02   7.597754E-01
   6.874242E+00   9.929493E+00   9.148656E+02   7.603697E-01
   6.905993E+00   1.036743E+01   9.081566E+02   7.605435E-01
   6.937891E+00   1.024021E+01   8.994261E+02   7.625540E-01
   6.969936E+00   1.045526E+01   8.919534E+02   7.637465E-01
   7.002130E+00   1.065282E+01   8.847572E+02   7.644546E-01
   7.034472E+00   1.098812E+01   8.771954E+02   7.651156E-01
   7.066963E+00   1.106331E+01   8.685869E+02   7.667597E-01
   7.099605E+00   1.120793E+01   8.604214E+02   7.681952E-01
   7.132397E+00   1.149444E+01   8.527429E+02   7.688713E-01
   7.165340E+00   1.169079E+01   8.443786E+02   7.698829E-01
   7.198436E+00   1.192032E+01   8.356730E+02   7.710376E-01
   7.231685E+00   1.203890E+01   8.266081E+02   7.725571E-01
   7.265087E+00   1.231693E+01   8.180683E+02   7.735242E-01
   7.298644E+00   1.262459E+01   8.094134E+02   7.742808E-01
   7.332355E+00   1.291719E+01   8.001630E+02   7.754478E-01
   7.366222E+00   1.295547E+01   7.901349E+02   7.774141E-01
   7.400246E+00   1.334391E+01   7.812611E+02   7.784303E-01
   7.434427E+00   1.361905E+01   7.718243E+02   7.795495E-01
   7.468766E+00   1.383070E+01   7.616037E+02   7.813232E-01
   7.503263E+00   1.404694E+01   7.515640E+02   7.832875E-01
   7.537920E+00   1.445969E+01   7.421855E+02   7.844369E-01
   7.572736E+00   1.469651E+01   7.317698E+02   7.862541E-01
   7.607714E+00   1.496570E+01   7.212466E+02   7.884087E-01
   7.642853E+00   1.530684E+01   7.111609E+02   7.902865E-01
   7.678154E+00   1.572632E+01   7.008138E+02   7.917233E-01
   7.713619E+00   1.598856E+01   6.893742E+02   7.941071E-01
   7.749247E+00   1.634179E+01   6.781241E+02   7.964086E-01
   7.785040E+00   1.676297E+01   6.668361E+02   7.984513E-01
   7.820998E+00   1.712592E+01   6.547145E+02   8.008519E-01
   7.857122E+00   1.750300E+01   6.423745E+02   8.035787E-01
   7.893413E+00   1.795124E+01   6.299749E+02   8.060978E-01
   7.929872E+00   1.837954E+01   6.169233E+02   8.087986E-01
   7.966499E+00   1.882162E+01   6.033389E+02   8.117212E-01
   8.003295E+00   1.931046E+01   5.896023E+02   8.145893E-01
   8.040262E+00   1.980969E+01   5.750838E+02   8.176157E-01
   8.077399E+00   2.033085E+01   5.599234E+02   8.207755E-01
   8.114707E+00   2.087664E+01   5.441624E+02   8.240710E-01
   8.152188E+00   2.144833E+01   5.276014E+02   8.275467E-01
   8.189842E+00   2.205056E+01   5.104770E+02   8.311131E-01
   8.227670E+00   2.268871E+01   4.924163E+02   8.348285E-01
   8.265672E+00   2.336549E+01   4.736081E+02   8.386149E-01
   8.303850E+00   2.408381E+01   4.537581E+02   8.425088E-01
   8.342205E+00   2.484741E+01   4.326944E+02   8.464918E-01
   8.380737E+00   2.565927E+01   4.107202E+02   8.504787E-01
   8.419446E+00   2.652089E+01   3.872413E+02   8.545681E-01
   8.458335E+00   2.744297E+01   3.626896E+02   8.586334E-01
   8.497403E+00   2.843218E+01   3.369246E+02   8.626802E-01
   8.536651E+00   2.949632E+01   3.097882E+02   8.667039E-01
   8.576081E+00   3.064573E+01   2.814430E+02   8.706479E-01
   8.615693E+00   3.188910E+01   2.518272E+02   8.745039E-01
   8.655487E+00   3.324506E+01   2.214591E+02   8.781841E-01
   8.695466E+00   3.472724E+01   1.902871E+02   8.816940E-01
   8.735629E+00   3.635931E+01   1.589000E+02   8.849606E-01
   8.775978E+00   3.816663E+01   1.277389E+02   8.879438E-01
   8.816513E+00   4.018549E+01   9.769395E+01   8.905642E-01
   8.857236E+00   4.245565E+01   6.940049E+01   8.927790E-01
   8.898146E+00   4.503640E+01   4.418088E+01   8.944819E-01
   8.939246E+00   4.800948E+01   2.342639E+01   8.955626E-01
   8.980535E+00   5.147660E+01   8.683358E+00   8.958772E-01
   9.022015E+00   5.561509E+01   1.887759E+00   8.952062E-01
   9.063686E+00   6.065339E+01   4.870073E+00   8.932495E-01
   9.105550E+00   6.698728E+01   1.937871E+01   8.895780E-01
   9.147608E+00   7.529192E+01   4.662949E+01   8.835705E-01
   9.189860E+00   8.686462E+01   8.691347E+01   8.742660E-01
   9.232306E+00   1.045959E+02   1.391541E+02   8.600935E-01
   9.274949E+00   1.366800E+02   2.006525E+02   8.383403E-01
   9.317789E+00   2.173004E+02   2.643457E+02   8.042239E-01
   9.360827E+00   4.231704E+02   2.904235E+02   7.664902E-01
   9.404063E+00   5.823746E+02   2.879168E+02   7.504876E-01
   9.447500E+00   6.783248E+02   2.878574E+02   7.419732E-01
   9.491136E+00   7.449168E+02   2.901167E+02   7.357917E-01
   9.534975E+00   7.957986E+02   2.936834E+02   7.306123E-01
   9.579016E+00   8.371077E+02   2.979878E+02   7.259591E-01
   9.623260E+00   8.717916E+02   3.026785E+02   7.216419E-01
   9.667709E+00   9.018031E+02   3.076154E+02   7.175171E-01
   9.712362E+00   9.281491E+02   3.126997E+02   7.135095E-01
   9.757223E+00   9.512951E+02   3.178589E+02   7.095728E-01
   9.802290E+00   9.712585E+02   3.230410E+02   7.056680E-01
   9.847566E+00   9.877260E+02   3.282744E+02   7.017118E-01
   9.893050E+00   9.999098E+02   3.336934E+02   6.975496E-01
   9.938745E+00   1.005923E+03   3.397891E+02   6.927799E-01
   9.984651E+00   1.001160E+03   3.488956E+02   6.858022E-01
   1.003077E+01   9.784607E+02   3.739395E+02   6.685825E-01
   1.007710E+01   9.336517E+02   4.787238E+02   6.049287E-01
   1.012364E+01   1.321098E+03   6.418425E+02   5.489817E-01
   1.017040E+01   1.832759E+03   6.304772E+02   5.687163E-01
   1.021738E+01   1.495760E+03   4.779770E+02   6.352284E-01
   1.026457E+01   1.262835E+03   3.807038E+02   6.783256E-01
   1.031198E+01   1.214163E+03   3.786573E+02   6.701680E-01
   1.035961E+01   1.175588E+03   4.180112E+02   6.417066E-01
   1.040746E+01   1.625549E+03   6.810214E+02   5.392607E-01
   1.045553E+01   1.888774E+03   6.589589E+02   5.558936E-01
   1.050383E+01   1.631654E+03   5.371102E+02   6.033413E-01
   1.055234E+01   1.584719E+03   5.138017E+02   6.115807E-01
   1.060108E+01   1.578581E+03   5.100227E+02   6.117543E-01
   1.065005E+01   1.588645E+03   5.138510E+02   6.088753E-01
   1.069924E+01   1.606681E+03   5.214553E+02   6.045279E-01
   1.074866E+01   1.630319E+03   5.318450E+02   5.991387E-01
   1.079830E+01   1.658278E+03   5.445478E+02   5.929107E-01
   1.084818E+01   1.690186E+03   5.595624E+02   5.858722E-01
   1.089829E+01   1.725990E+03   5.770929E+02   5.779802E-01
   1.094862E+01   1.765995E+03   5.975992E+02   5.691079E-01
   1.099920E+01   1.810558E+03   6.217403E+02   5.590845E-01
   1.105000E+01   1.860716E+03   6.507709E+02   5.475579E-01
   1.110104E+01   1.917095E+03   6.862302E+02   5.341560E-01
   1.115231E+01   1.981682E+03   7.314411E+02   5.180230E-01
   1.120382E+01   2.055499E+03   7.913930E+02   4.980354E-01
   1.125557E+01   2.139738E+03   8.774805E+02   4.716673E-01
   1.130756E+01   2.226372E+03   1.018080E+03   4.331182E-01
   1.135979E+01   2.189460E+03   1.291557E+03   3.666391E-01
   1.141226E+01   1.166685E+03   1.401037E+03   2.935757E-01
   1.146497E+01   8.946721E+02   1.141064E+03   2.948466E-01
   1.151793E+01   8.587287E+02   1.081796E+03   3.370716E-01
   1.157112E+01   6.958855E+02   1.127599E+03   3.929875E-01
   1.162457E+01   5.697911E+02   1.142307E+03   4.417448E-01
   1.167826E+01   4.981673E+02   1.108757E+03   4.839017E-01
   1.173220E+01   4.956640E+02   1.025488E+03   5.290794E-01
   1.178639E+01   5.789038E+02   8.766535E+02   5.808008E-01
   1.184083E+01   7.821299E+02   6.997323E+02   6.189444E-01
   1.189552E+01   9.456471E+02   6.944507E+02   5.878480E-01
   1.195047E+01   8.301845E+02   8.037020E+02   5.531867E-01
   1.200567E+01   6.140591E+02   9.184425E+02   5.432148E-01
   1.206112E+01   4.518159E+02   9.950880E+02   5.434825E-01
   1.211683E+01   3.487125E+02   1.034041E+03   5.478428E-01
   1.217279E+01   2.813720E+02   1.046648E+03   5.548411E-01
   1.222902E+01   2.351840E+02   1.048471E+03   5.619891E-01
   1.228550E+01   2.030437E+02   1.045175E+03   5.686987E-01
   1.234225E+01   1.784989E+02   1.036478E+03   5.752532E-01
   1.239926E+01   1.591323E+02   1.024840E+03   5.821643E-01
   1.245653E+01   1.457347E+02   1.012900E+03   5.883436E-01
   1.251406E+01   1.345113E+02   9.989434E+02   5.933009E-01
   1.257186E+01   1.225630E+02   9.824011E+02   5.983632E-01
   1.262993E+01   1.131107E+02   9.658408E+02   6.040573E-01
   1.268827E+01   1.060065E+02   9.491805E+02   6.098827E-01
   1.274687E+01   1.003669E+02   9.330870E+02   6.155461E-01
   1.280575E+01   9.580502E+01   9.175087E+02   6.204443E-01
   1.286490E+01   9.125537E+01   9.012005E+02   6.253338E-01
   1.292432E+01   8.731160E+01   8.849436E+02   6.302589E-01
   1.298401E+01   8.376201E+01   8.688187E+02   6.351753E-01
   1.304398E+01   8.107114E+01   8.530319E+02   6.398132E-01
   1.310423E+01   7.880344E+01   8.373226E+02   6.440918E-01
   1.316476E+01   7.643113E+01   8.214571E+02   6.484318E-01
   1.322557E+01   7.426461E+01   8.050958E+02   6.530588E-01
   1.328665E+01   7.265421E+01   7.881785E+02   6.576665E-01
   1.334802E+01   7.156974E+01   7.709917E+02   6.619879E-01
   1.340968E+01   7.063235E+01   7.539039E+02   6.660357E-01
   1.347161E+01   6.977563E+01   7.369338E+02   6.700568E-01
   1.353384E+01   6.900848E+01   7.198483E+02   6.742128E-01
   1.359635E+01   6.845933E+01   7.025315E+02   6.784681E-01
   1.365915E+01   6.800789E+01   6.848864E+02   6.829187E-01
   1.372224E+01   6.766119E+01   6.671923E+02   6.874584E-01
   1.378562E+01   6.760870E+01   6.495359E+02   6.920839E-01
   1.384929E+01   6.756944E+01   6.315251E+02   6.969983E-01
   1.391326E+01   6.778828E+01   6.131720E+02   7.020924E-01
   1.397753E+01   6.816764E+01   5.944226E+02   7.074063E-01
   1.404209E+01   6.878558E+01   5.752524E+02   7.127783E-01
   1.410694E+01   6.955314E+01   5.554418E+02   7.182512E-01
   1.417210E+01   7.050260E+01   5.348685E+02   7.237624E-01
   1.423756E+01   7.161279E+01   5.133243E+02   7.293722E-01
   1.430332E+01   7.289650E+01   4.906884E+02   7.351231E-01
   1.436939E+01   7.437889E+01   4.669773E+02   7.410963E-01
   1.443576E+01   7.612294E+01   4.422769E+02   7.472767E-01
   1.450244E+01   7.817228E+01   4.163716E+02   7.536952E-01
   1.456942E+01   8.058397E+01   3.893273E+02   7.602819E-01
   1.463672E+01   8.340819E+01   3.608685E+02   7.670449E-01
   1.470432E+01   8.672561E+01   3.310382E+02   7.738709E-01
   1.477224E+01   9.061635E+01   2.997604E+02   7.806644E-01
   1.484047E+01   9.518313E+01   2.671346E+02   7.873035E-01
   1.490902E+01   1.005995E+02   2.332994E+02   7.937081E-01
   1.497788E+01   1.070813E+02   1.986850E+02   7.997863E-01
   1.504706E+01   1.149725E+02   1.636701E+02   8.054702E-01
   1.511656E+01   1.247380E+02   1.291503E+02   8.105662E-01
   1.518638E+01   1.371156E+02   9.628990E+01   8.148014E-01
   1.525653E+01   1.532027E+02   6.675263E+01   8.177899E-01
   1.532699E+01   1.749370E+02   4.300461E+01   8.189446E-01
   1.539779E+01   2.055542E+02   2.834965E+01   8.173193E-01
   1.546891E+01   2.509516E+02   2.666498E+01   8.113089E-01
   1.554036E+01   3.184958E+02   4.032873E+01   7.988985E-01
   1.561214E+01   4.068338E+02   6.472256E+01   7.805016E-01
   1.568425E+01   4.958833E+02   8.977784E+01   7.613150E-01
   1.575669E+01   5.713726E+02   1.109449E+02   7.450903E-01
   1.582947E+01   6.333809E+02   1.286343E+02   7.319233E-01
   1.590258E+01   6.857909E+02   1.440460E+02   7.209442E-01
   1.597603E+01   7.313999E+02   1.579670E+02   7.115451E-01
   1.604983E+01   7.722013E+02   1.710437E+02   7.032707E-01
   1.612396E+01   8.091635E+02   1.837630E+02   6.958780E-01
   1.619843E+01   8.420818E+02   1.964999E+02   6.893155E-01
   1.627325E+01   8.689712E+02   2.095414E+02   6.838137E-01
   1.634841E+01   8.844798E+02   2.230057E+02   6.800876E-01
   1.642393E+01   8.763487E+02   2.361883E+02   6.800123E-01
   1.649979E+01   8.240026E+02   2.463252E+02   6.873762E-01
   1.657600E+01   7.159576E+02   2.467906E+02   7.057815E-01
   1.665256E+01   5.854657E+02   2.316171E+02   7.303117E-01
   1.672948E+01   4.737436E+02   2.001922E+02   7.527760E-01
   1.680675E+01   3.922243E+02   1.576766E+02   7.701553E-01
   1.688438E+01   3.364138E+02   1.119881E+02   7.825196E-01
   1.696236E+01   2.999947E+02   7.136525E+01   7.902732E-01
   1.704071E+01   2.783691E+02   4.228108E+01   7.935766E-01
   1.711942E+01   2.690291E+02   2.881756E+01   7.922644E-01
   1.719849E+01   2.715532E+02   3.250735E+01   7.857831E-01
   1.727793E+01   2.883288E+02   5.270376E+01   7.728576E-01
   1.735773E+01   3.263837E+02   8.664534E+01   7.509966E-01
   1.743791E+01   3.979697E+02   1.278118E+02   7.178536E-01
   1.751845E+01   4.975452E+02   1.636665E+02   6.809990E-01
   1.759936E+01   5.821280E+02   1.868587E+02   6.548748E-01
   1.768065E+01   6.371745E+02   2.020629E+02   6.385565E-01
   1.776232E+01   6.731007E+02   2.142529E+02   6.264174E-01
   1.784436E+01   6.975794E+02   2.258910E+02   6.154240E-01
   1.792678E+01   7.136819E+02   2.383665E+02   6.040495E-01
   1.800958E+01   7.214675E+02   2.527651E+02   5.913407E-01
   1.809277E+01   7.184247E+02   2.698703E+02   5.768618E-01
   1.817634E+01   7.035516E+02   2.895947E+02   5.611648E-01
   1.826029E+01   6.963098E+02   3.126524E+02   5.446164E-01
   1.834463E+01   7.392495E+02   3.441649E+02   5.268158E-01
   1.842936E+01   8.632093E+02   3.895134E+02   5.095477E-01
   1.851449E+01   1.082562E+03   4.504276E+02   4.929221E-01
   1.860000E+01   1.374714E+03   5.235412E+02   4.744722E-01
   1.868591E+01   1.659162E+03   5.964656E+02   4.555261E-01
   1.877222E+01   1.860669E+03   6.491979E+02   4.409447E-01
   1.885893E+01   1.943404E+03   6.623960E+02   4.347370E-01
   1.894604E+01   1.904774E+03   6.318675E+02   4.390522E-01
   1.903354E+01   1.802336E+03   5.807297E+02   4.513469E-01
   1.912146E+01   1.713393E+03   5.379745E+02   4.640611E-01
   1.920978E+01   1.669171E+03   5.155779E+02   4.710682E-01
   1.929851E+01   1.669919E+03   5.147366E+02   4.703277E-01
   1.938764E+01   1.716563E+03   5.393487E+02   4.603443E-01
   1.947719E+01   1.802944E+03   5.971103E+02   4.394306E-01
   1.956715E+01   1.861013E+03   6.787046E+02   4.104277E-01
   1.965753E+01   1.747457E+03   7.241458E+02   3.872994E-01
   1.974833E+01   1.466661E+03   6.867169E+02   3.865574E-01
   1.983954E+01   1.239767E+03   6.165860E+02   4.082706E-01
   1.993118E+01   1.087901E+03   5.585488E+02   4.401097E-01
   2.002324E+01   9.686883E+02   5.091684E+02   4.814613E-01
   2.011573E+01   8.708261E+02   4.635717E+02   5.273801E-01
   2.020864E+01   7.915270E+02   4.154518E+02   5.715703E-01
   2.030198E+01   7.330109E+02   3.592903E+02   6.107454E-01
   2.039575E+01   7.001143E+02   2.941797E+02   6.424911E-01
   2.048996E+01   7.009475E+02   2.292192E+02   6.619366E-01
   2.058460E+01   7.486972E+02   1.889771E+02   6.604953E-01
   2.067967E+01   8.447276E+02   1.930314E+02   6.366975E-01
   2.077519E+01   9.548753E+02   2.222942E+02   6.072261E-01
   2.087115E+01   1.042414E+03   2.516875E+02   5.851829E-01
   2.096755E+01   1.081569E+03   2.687392E+02   5.747179E-01
   2.106440E+01   1.072192E+03   2.680910E+02   5.754847E-01
   2.116169E+01   1.058901E+03   2.612725E+02   5.778278E-01
   2.125943E+01   1.060737E+03   2.579706E+02   5.765026E-01
   2.135763E+01   1.073477E+03   2.588343E+02   5.722507E-01
   2.145628E+01   1.093198E+03   2.629188E+02   5.661042E-01
   2.155538E+01   1.119460E+03   2.700934E+02   5.583049E-01
   2.165494E+01   1.155308E+03   2.814674E+02   5.484034E-01
   2.175496E+01   1.207779E+03   2.995309E+02   5.355406E-01
   2.185545E+01   1.278870E+03   3.247662E+02   5.205647E-01
   2.195640E+01   1.327761E+03   3.426240E+02   5.109623E-01
   2.205781E+01   1.326271E+03   3.418927E+02   5.103994E-01
   2.215969E+01   1.317382E+03   3.378315E+02   5.106163E-01
   2.226204E+01   1.325177E+03   3.415735E+02   5.064218E-01
   2.236487E+01   1.358940E+03   3.596586E+02   4.956782E-01
   2.246817E+01   1.442868E+03   4.058627E+02   4.750954E-01
   2.257195E+01   1.628923E+03   5.090820E+02   4.404242E-01
   2.267621E+01   1.895492E+03   6.862036E+02   3.938960E-01
   2.278094E+01   2.103338E+03   8.965142E+02   3.488888E-01
   2.288617E+01   2.212594E+03   1.087411E+03   3.134018E-01
   2.299187E+01   2.250464E+03   1.236883E+03   2.861001E-01
   2.309807E+01   2.236197E+03   1.341089E+03   2.639579E-01
   2.320476E+01   2.173243E+03   1.401384E+03   2.454631E-01
   2.331194E+01   2.051115E+03   1.419656E+03   2.300925E-01
   2.341961E+01   1.828486E+03   1.395816E+03   2.184741E-01
   2.352779E+01   1.446089E+03   1.326889E+03   2.118171E-01
   2.363646E+01   1.033017E+03   1.217812E+03   2.102057E-01
   2.374563E+01   7.687228E+02   1.090609E+03   2.120245E-01
   2.385531E+01   6.461452E+02   9.625703E+02   2.169466E-01
   2.396549E+01   6.397749E+02   8.414385E+02   2.299348E-01
   2.407619E+01   7.116220E+02   7.464573E+02   2.552938E-01
   2.418739E+01   7.923982E+02   6.908595E+02   2.820792E-01
   2.429911E+01   8.456915E+02   6.765398E+02   2.932713E-01
   2.441135E+01   8.085844E+02   6.972389E+02   2.800854E-01
   2.452410E+01   7.292095E+02   6.909210E+02   2.697299E-01
   2.463737E+01   7.011004E+02   6.673622E+02   2.718285E-01
   2.475117E+01   6.830004E+02   6.474499E+02   2.749777E-01
   2.486549E+01   6.760722E+02   6.243263E+02   2.840839E-01
   2.498034E+01   6.872580E+02   6.022911E+02   3.006973E-01
   2.509572E+01   6.897273E+02   5.931791E+02   3.071372E-01
   2.521164E+01   6.673162E+02   5.934002E+02   3.022455E-01
   2.532809E+01   6.304791E+02   5.930887E+02   2.996368E-01
   2.544508E+01   5.955341E+02   5.902809E+02   3.155742E-01
   2.556260E+01   5.700546E+02   5.801634E+02   3.491076E-01
   2.568067E+01   5.695701E+02   5.509818E+02   3.929168E-01
   2.579929E+01   6.124886E+02   4.997502E+02   4.349138E-01
   2.591845E+01   6.980670E+02   4.570523E+02   4.483889E-01
   2.603817E+01   7.619142E+02   4.583908E+02   4.287703E-01
   2.615843E+01   7.637244E+02   4.828815E+02   4.004798E-01
   2.627926E+01   7.135269E+02   5.088843E+02   3.759304E-01
   2.640064E+01   6.392083E+02   5.272586E+02   3.667307E-01
   2.652258E+01   5.708586E+02   5.381564E+02   3.813380E-01
   2.664508E+01   5.243591E+02   5.354043E+02   4.112314E-01
   2.676815E+01   5.102456E+02   5.091247E+02   4.478416E-01
   2.689179E+01   5.375309E+02   4.585640E+02   4.835595E-01
   2.701600E+01   6.039652E+02   4.054389E+02   5.029655E-01
   2.714079E+01   6.766655E+02   3.779119E+02   5.008889E-01
   2.726615E+01   7.330767E+02   3.717159E+02   4.892703E-01
   2.739208E+01   7.729284E+02   3.755880E+02   4.753670E-01
   2.751861E+01   7.999270E+02   3.840584E+02   4.612522E-01
   2.764571E+01   8.167177E+02   3.949155E+02   4.473115E-01
   2.777340E+01   8.248865E+02   4.072892E+02   4.334122E-01
   2.790168E+01   8.249052E+02   4.208821E+02   4.192831E-01
   2.803056E+01   8.163865E+02   4.356479E+02   4.045784E-01
   2.816003E+01   7.981825E+02   4.516348E+02   3.888786E-01
   2.829010E+01   7.680532E+02   4.688357E+02   3.717260E-01
   2.842076E+01   7.235611E+02   4.867791E+02   3.528749E-01
   2.855204E+01   6.643451E+02   5.039211E+02   3.334658E-01
   2.868391E+01   5.992363E+02   5.187950E+02   3.191509E-01
   2.881640E+01   5.367975E+02   5.362183E+02   3.170718E-01
   2.894950E+01   4.763178E+02   5.590835E+02   3.245441E-01
   2.908322E+01   4.218529E+02   5.820092E+02   3.358553E-01
   2.921755E+01   3.771749E+02   6.000070E+02   3.485137E-01
   2.935250E+01   3.375376E+02   6.102725E+02   3.613805E-01
   2.948808E+01   3.076106E+02   6.169630E+02   3.735405E-01
   2.962428E+01   2.863988E+02   6.197893E+02   3.862518E-01
   2.976111E+01   2.667342E+02   6.151156E+02   3.993635E-01
   2.989857E+01   2.504284E+02   6.064299E+02   4.118877E-01
   3.003667E+01   2.381838E+02   5.967471E+02   4.238358E-01
   3.017540E+01   2.307212E+02   5.842518E+02   4.377078E-01
   3.031478E+01   2.259683E+02   5.654950E+02   4.530185E-01
   3.045480E+01   2.246371E+02   5.416518E+02   4.689721E-01
   3.059547E+01   2.275937E+02   5.130587E+02   4.859139E-01
   3.073678E+01   2.365828E+02   4.756066E+02   5.067926E-01
   3.087875E+01   2.583284E+02   4.231728E+02   5.334859E-01
   3.102138E+01   3.141239E+02   3.462108E+02   5.650562E-01
   3.116466E+01   4.455623E+02   2.732741E+02   5.720288E-01
   3.130861E+01   4.652902E+02   3.126408E+02   5.436482E-01
   3.145322E+01   3.610792E+02   3.288057E+02   5.592916E-01
   3.159850E+01   3.379222E+02   2.788515E+02   5.877964E-01
   3.174445E+01   3.737025E+02   2.022082E+02   6.109968E-01
   3.189107E+01   4.710278E+02   1.424520E+02   6.098445E-01
   3.203837E+01   6.063649E+02   1.360890E+02   5.802578E-01
   3.218635E+01   7.305863E+02   1.563795E+02   5.460080E-01
   3.233502E+01   8.363959E+02   1.838736E+02   5.153429E-01
   3.248437E+01   9.220960E+02   2.126871E+02   4.891421E-01
   3.263441E+01   9.865204E+02   2.395623E+02   4.674320E-01
   3.278515E+01   1.032575E+03   2.610951E+02   4.507229E-01
   3.293658E+01   1.088937E+03   2.806960E+02   4.351825E-01
   3.308871E+01   1.184597E+03   3.162182E+02   4.116042E-01
   3.324154E+01   1.318701E+03   3.826176E+02   3.769443E-01
   3.339508E+01   1.458431E+03   5.149311E+02   3.227813E-01
   3.354933E+01   1.343494E+03   6.645208E+02   2.625778E-01
   3.370429E+01   9.257104E+02   7.039324E+02   2.237579E-01
   3.385996E+01   6.173058E+02   6.573286E+02   2.048937E-01
   3.401636E+01   5.185233E+02   5.957375E+02   2.010207E-01
   3.417347E+01   4.859604E+02   5.630423E+02   1.988028E-01
   3.433132E+01   4.464638E+02   5.427220E+02   1.879089E-01
   3.448989E+01   4.477644E+02   5.185005E+02   1.846014E-01
   3.464919E+01   4.567704E+02   5.039591E+02   1.849147E-01
   3.480923E+01   4.532750E+02   5.015594E+02   1.876307E-01
   3.497001E+01   4.332167E+02   5.105340E+02   1.929559E-01
   3.513154E+01   4.055635E+02   5.254959E+02   2.015965E-01
   3.529380E+01   3.730876E+02   5.406428E+02   2.130845E-01
   3.545682E+01   3.510462E+02   5.535885E+02   2.263452E-01
   3.562059E+01   3.298765E+02   5.552325E+02   2.445602E-01
   3.578512E+01   3.274961E+02   5.421986E+02   2.670637E-01
   3.595041E+01   3.658433E+02   4.985900E+02   3.023334E-01
   3.611646E+01   4.315168E+02   4.515949E+02   3.170867E-01
   3.628327E+01   4.193254E+02   4.684326E+02   2.869452E-01
   3.645086E+01   3.658894E+02   5.079630E+02   2.608522E-01
   3.661922E+01   2.884699E+02   5.652488E+02   2.461194E-01
   3.678836E+01   2.456933E+02   6.073877E+02   2.424217E-01
   3.695828E+01   2.096495E+02   6.259966E+02   2.466818E-01
   3.712899E+01   1.793913E+02   6.277621E+02   2.555009E-01
   3.730048E+01   1.581476E+02   6.275742E+02   2.588176E-01
   3.747277E+01   1.406438E+02   6.319521E+02   2.595944E-01
   3.764585E+01   1.328134E+02   6.426394E+02   2.619697E-01
   3.781973E+01   1.325961E+02   6.569228E+02   2.639604E-01
   3.799442E+01   1.307059E+02   6.672249E+02   2.635634E-01
   3.816991E+01   1.213686E+02   6.665158E+02   2.640831E-01
   3.834621E+01   1.103315E+02   6.582351E+02   2.695186E-01
   3.852333E+01   1.012582E+02   6.470794E+02   2.774084E-01
   3.870126E+01   9.512019E+01   6.363803E+02   2.844928E-01
   3.888002E+01   9.252940E+01   6.291092E+02   2.883548E-01
   3.905960E+01   8.858347E+01   6.245504E+02   2.879693E-01
   3.924001E+01   8.111588E+01   6.202886E+02   2.855903E-01
   3.942126E+01   7.341956E+01   6.175982E+02   2.853358E-01
   3.960334E+01   6.977560E+01   6.193919E+02   2.868634E-01
   3.978626E+01   6.946782E+01   6.252408E+02   2.884928E-01
   3.997003E+01   7.024698E+01   6.328579E+02   2.895343E-01
   4.015465E+01   7.031147E+01   6.394926E+02   2.897396E-01
   4.034012E+01   6.872487E+01   6.415933E+02   2.892108E-01
   4.052644E+01   6.560559E+01   6.373819E+02   2.890081E-01
   4.071363E+01   6.182092E+01   6.284260E+02   2.903397E-01
   4.090168E+01   5.812097E+01   6.174592E+02   2.934289E-01
   4.109060E+01   5.515369E+01   6.066204E+02   2.977362E-01
   4.128039E+01   5.337131E+01   5.971533E+02   3.022235E-01
   4.147106E+01   5.284405E+01   5.896202E+02   3.059514E-01
   4.166261E+01   5.332671E+01   5.846079E+02   3.081232E-01
   4.185505E+01   5.348830E+01   5.817444E+02   3.077782E-01
   4.204837E+01   5.183658E+01   5.787698E+02   3.056280E-01
   4.224259E+01   4.872079E+01   5.745528E+02   3.030182E-01
   4.243770E+01   4.420857E+01   5.692857E+02   3.014982E-01
   4.263371E+01   4.091719E+01   5.656634E+02   3.018056E-01
   4.283063E+01   3.930819E+01   5.648317E+02   3.030067E-01
   4.302846E+01   3.905636E+01   5.664752E+02   3.044307E-01
   4.322721E+01   3.957581E+01   5.697688E+02   3.056445E-01
   4.342687E+01   3.968533E+01   5.733237E+02   3.066412E-01
   4.362745E+01   3.906709E+01   5.759259E+02   3.075254E-01
   4.382896E+01   3.816969E+01   5.762167E+02   3.082069E-01
   4.403140E+01   3.706997E+01   5.733180E+02   3.088814E-01
   4.423478E+01   3.586365E+01   5.676673E+02   3.097356E-01
   4.443909E+01   3.471068E+01   5.602187E+02   3.110456E-01
   4.464435E+01   3.361281E+01   5.519260E+02   3.130019E-01
   4.485056E+01   3.259693E+01   5.436727E+02   3.153522E-01
   4.505772E+01   3.212915E+01   5.361051E+02   3.177746E-01
   4.526583E+01   3.191441E+01   5.295674E+02   3.200174E-01
   4.547491E+01   3.216815E+01   5.244592E+02   3.216738E-01
   4.568495E+01   3.276773E+01   5.210064E+02   3.223264E-01
   4.589597E+01   3.327146E+01   5.189382E+02   3.215001E-01
   4.610795E+01   3.316550E+01   5.170370E+02   3.191643E-01
   4.632092E+01   3.232224E+01   5.140581E+02   3.161019E-01
   4.653487E+01   3.095228E+01   5.099250E+02   3.130656E-01
   4.674981E+01   2.898156E+01   5.048753E+02   3.106601E-01
   4.696574E+01   2.693653E+01   4.997939E+02   3.096630E-01
   4.718267E+01   2.576620E+01   4.962510E+02   3.097878E-01
   4.740060E+01   2.552563E+01   4.944773E+02   3.103884E-01
   4.761954E+01   2.591854E+01   4.939130E+02   3.112144E-01
   4.783949E+01   2.666760E+01   4.938285E+02   3.122798E-01
   4.806045E+01   2.782656E+01   4.934117E+02   3.136060E-01
   4.828244E+01   2.947551E+01   4.916299E+02   3.153380E-01
   4.850545E+01   3.178737E+01   4.871988E+02   3.177959E-01
   4.872949E+01   3.549237E+01   4.788790E+02   3.214334E-01
   4.895456E+01   4.201462E+01   4.655091E+02   3.270299E-01
   4.918068E+01   5.473104E+01   4.452255E+02   3.362334E-01
   4.940784E+01   8.127880E+01   4.143819E+02   3.513932E-01
   4.963605E+01   1.246092E+02   3.782903E+02   3.673363E-01
   4.986531E+01   1.263347E+02   3.880471E+02   3.543950E-01
   5.009563E+01   8.308276E+01   4.276949E+02   3.313561E-01
   5.032702E+01   5.442147E+01   4.475652E+02   3.207833E-01
   5.055947E+01   3.990818E+01   4.521045E+02   3.175932E-01
   5.079300E+01   3.244461E+01   4.509167E+02   3.173153E-01
   5.102761E+01   2.840166E+01   4.482992E+02   3.178602E-01
   5.126330E+01   2.610681E+01   4.458896E+02   3.182763E-01
   5.150008E+01   2.470910E+01   4.442637E+02   3.179896E-01
   5.173795E+01   2.363324E+01   4.432866E+02   3.166412E-01
   5.197692E+01   2.244824E+01   4.421804E+02   3.142532E-01
   5.221699E+01   2.101929E+01   4.400444E+02   3.113556E-01
   5.245818E+01   1.948800E+01   4.367342E+02   3.086214E-01
   5.270048E+01   1.803474E+01   4.327180E+02   3.065269E-01
   5.294389E+01   1.680402E+01   4.287635E+02   3.052296E-01
   5.318843E+01   1.585851E+01   4.255219E+02   3.046180E-01
   5.343411E+01   1.518397E+01   4.232554E+02   3.045222E-01
   5.368091E+01   1.473011E+01   4.219579E+02   3.047503E-01
   5.392886E+01   1.442782E+01   4.214011E+02   3.051738E-01
   5.417795E+01   1.422075E+01   4.212692E+02   3.057518E-01
   5.442819E+01   1.406151E+01   4.212424E+02   3.063830E-01
   5.467959E+01   1.391455E+01   4.209770E+02   3.070169E-01
   5.493214E+01   1.375934E+01   4.201477E+02   3.076142E-01
   5.518587E+01   1.359381E+01   4.185246E+02   3.081554E-01
   5.544077E+01   1.344076E+01   4.160432E+02   3.086119E-01
   5.569684E+01   1.329969E+01   4.127187E+02   3.089589E-01
   5.595410E+01   1.309981E+01   4.085350E+02   3.093349E-01
   5.621254E+01   1.283298E+01   4.036820E+02   3.098984E-01
   5.647218E+01   1.254822E+01   3.985044E+02   3.106248E-01
   5.673302E+01   1.227875E+01   3.932833E+02   3.114659E-01
   5.699506E+01   1.203392E+01   3.882079E+02   3.123203E-01
   5.725831E+01   1.183985E+01   3.834797E+02   3.131133E-01
   5.752278E+01   1.167400E+01   3.791519E+02   3.137750E-01
   5.778847E+01   1.156070E+01   3.753616E+02   3.142080E-01
   5.805539E+01   1.146937E+01   3.721031E+02   3.143639E-01
   5.832354E+01   1.140158E+01   3.693939E+02   3.141324E-01
   5.859293E+01   1.132689E+01   3.670873E+02   3.135002E-01
   5.886357E+01   1.122082E+01   3.650193E+02   3.124082E-01
   5.913545E+01   1.105983E+01   3.629363E+02   3.109214E-01
   5.940859E+01   1.083698E+01   3.606133E+02   3.092008E-01
   5.968299E+01   1.057175E+01   3.580078E+02   3.074646E-01
   5.995866E+01   1.030321E+01   3.552947E+02   3.059078E-01
   6.023560E+01   1.006821E+01   3.527115E+02   3.046567E-01
   6.051382E+01   9.890696E+00   3.504702E+02   3.037418E-01
   6.079333E+01   9.775654E+00   3.486533E+02   3.031383E-01
   6.107412E+01   9.714008E+00   3.472211E+02   3.027899E-01
   6.135622E+01   9.689913E+00   3.460185E+02   3.026847E-01
   6.163961E+01   9.687445E+00   3.448882E+02   3.027428E-01
   6.192432E+01   9.691733E+00   3.436041E+02   3.029417E-01
   6.221034E+01   9.689759E+00   3.419726E+02   3.031928E-01
   6.249768E+01   9.670477E+00   3.397667E+02   3.034929E-01
   6.278635E+01   9.628811E+00   3.368581E+02   3.038115E-01
   6.307635E+01   9.565847E+00   3.331979E+02   3.041592E-01
   6.336770E+01   9.487830E+00   3.288054E+02   3.045790E-01
   6.366038E+01   9.406707E+00   3.238025E+02   3.050954E-01
   6.395442E+01   9.338441E+00   3.183945E+02   3.057008E-01
   6.424982E+01   9.297261E+00   3.127248E+02   3.064080E-01
   6.454658E+01   9.297025E+00   3.069179E+02   3.072161E-01
   6.484471E+01   9.354720E+00   3.011371E+02   3.080829E-01
   6.514422E+01   9.487457E+00   2.954733E+02   3.089937E-01
   6.544512E+01   9.715770E+00   2.899698E+02   3.099599E-01
   6.574740E+01   1.006874E+01   2.846874E+02   3.109921E-01
   6.605108E+01   1.058807E+01   2.796674E+02   3.121261E-01
   6.635616E+01   1.133397E+01   2.749089E+02   3.134439E-01
   6.666265E+01   1.239914E+01   2.703748E+02   3.150786E-01
   6.697056E+01   1.393189E+01   2.660226E+02   3.171820E-01
   6.727989E+01   1.617545E+01   2.616866E+02   3.200006E-01
   6.759065E+01   1.954196E+01   2.569745E+02   3.239345E-01
   6.790284E+01   2.472975E+01   2.511110E+02   3.295149E-01
   6.821647E+01   3.295167E+01   2.424820E+02   3.376588E-01
   6.853156E+01   4.636698E+01   2.283768E+02   3.497280E-01
   6.884809E+01   6.899870E+01   2.058526E+02   3.669731E-01
   6.916610E+01   1.073078E+02   1.773512E+02   3.861027E-01
   6.948557E+01   1.538884E+02   1.632922E+02   3.873062E-01
   6.980651E+01   1.530436E+02   1.849039E+02   3.609905E-01
   7.012894E+01   1.068974E+02   2.182203E+02   3.325496E-01
   7.045286E+01   6.735822E+01   2.386116E+02   3.145760E-01
   7.077827E+01   4.428793E+01   2.479019E+02   3.060649E-01
   7.110518E+01   3.161951E+01   2.528776E+02   3.024467E-01
   7.143361E+01   2.434398E+01   2.564982E+02   3.009998E-01
   7.176355E+01   1.985608E+01   2.595465E+02   3.004190E-01
   7.209502E+01   1.686048E+01   2.620330E+02   3.001169E-01
   7.242802E+01   1.471067E+01   2.637765E+02   2.998935E-01
   7.276255E+01   1.306927E+01   2.646015E+02   2.996525E-01
   7.309864E+01   1.175218E+01   2.643738E+02   2.993429E-01
   7.343627E+01   1.065250E+01   2.630372E+02   2.989600E-01
   7.377546E+01   9.708888E+00   2.606230E+02   2.985440E-01
   7.411622E+01   8.886935E+00   2.572645E+02   2.981418E-01
   7.445856E+01   8.168073E+00   2.532010E+02   2.977707E-01
   7.480247E+01   7.538284E+00   2.486350E+02   2.974561E-01
   7.514797E+01   6.985865E+00   2.437457E+02   2.971973E-01
   7.549507E+01   6.502752E+00   2.387493E+02   2.969409E-01
   7.584378E+01   6.079095E+00   2.337489E+02   2.966601E-01
   7.619409E+01   5.706600E+00   2.288357E+02   2.963184E-01
   7.654602E+01   5.378278E+00   2.240788E+02   2.958850E-01
   7.689958E+01   5.088102E+00   2.195320E+02   2.953389E-01
   7.725477E+01   4.830314E+00   2.152018E+02   2.946862E-01
   7.761160E+01   4.600952E+00   2.111217E+02   2.939284E-01
   7.797007E+01   4.396378E+00   2.073052E+02   2.930828E-01
   7.833021E+01   4.213556E+00   2.037578E+02   2.921758E-01
   7.869201E+01   4.049917E+00   2.004782E+02   2.912402E-01
   7.905548E+01   3.902946E+00   1.974386E+02   2.903257E-01
   7.942062E+01   3.771164E+00   1.946536E+02   2.894594E-01
   7.978746E+01   3.652899E+00   1.921072E+02   2.886826E-01
   8.015599E+01   3.546568E+00   1.897847E+02   2.880327E-01
   8.052622E+01   3.450772E+00   1.876501E+02   2.875627E-01
   8.089816E+01   3.364431E+00   1.856855E+02   2.873095E-01
   8.127182E+01   3.286562E+00   1.838856E+02   2.872875E-01
   8.164720E+01   3.216115E+00   1.822169E+02   2.875339E-01
   8.202432E+01   3.152222E+00   1.806567E+02   2.880668E-01
   8.240318E+01   3.093964E+00   1.791847E+02   2.888885E-01
   8.278379E+01   3.040428E+00   1.777533E+02   2.900435E-01
   8.316616E+01   2.990874E+00   1.763549E+02   2.914907E-01
   8.355029E+01   2.944428E+00   1.749568E+02   2.932261E-01
   8.393620E+01   2.900333E+00   1.735259E+02   2.952419E-01
   8.432389E+01   2.857835E+00   1.720403E+02   2.974988E-01
   8.471337E+01   2.816286E+00   1.704694E+02   2.999755E-01
   8.510465E+01   2.775083E+00   1.688133E+02   3.025833E-01
   8.549774E+01   2.733783E+00   1.670445E+02   3.053014E-01
   8.589264E+01   2.691976E+00   1.651680E+02   3.080504E-01
   8.628937E+01   2.649407E+00   1.631688E+02   3.108026E-01
   8.668793E+01   2.606127E+00   1.610783E+02   3.134591E-01
   8.708833E+01   2.561932E+00   1.588839E+02   3.160165E-01
   8.749058E+01   2.517199E+00   1.566217E+02   3.184026E-01
   8.789469E+01   2.472046E+00   1.543107E+02   3.205913E-01
   8.830067E+01   2.426770E+00   1.519658E+02   3.225738E-01
   8.870852E+01   2.381749E+00   1.496190E+02   3.243293E-01
   8.911825E+01   2.337220E+00   1.472855E+02   3.258691E-01
   8.952988E+01   2.293628E+00   1.449957E+02   3.271930E-01
   8.994340E+01   2.251126E+00   1.427539E+02   3.283380E-01
   9.035884E+01   2.210018E+00   1.405764E+02   3.293304E-01
   9.077620E+01   2.170542E+00   1.384881E+02   3.301901E-01
   9.119548E+01   2.132788E+00   1.364844E+02   3.309703E-01
   9.161670E+01   2.096920E+00   1.345686E+02   3.317157E-01
   9.203987E+01   2.062938E+00   1.327419E+02   3.324722E-01
   9.246499E+01   2.030869E+00   1.310026E+02   3.332869E-01
   9.289207E+01   2.000710E+00   1.293518E+02   3.341985E-01
   9.332113E+01   1.972459E+00   1.277792E+02   3.352560E-01
   9.375217E+01   1.945926E+00   1.262778E+02   3.364976E-01
   9.418520E+01   1.921032E+00   1.248276E+02   3.379788E-01
   9.462023E+01   1.897520E+00   1.234123E+02   3.397437E-01
   9.505727E+01   1.875337E+00   1.220335E+02   3.417859E-01
   9.549632E+01   1.854137E+00   1.206620E+02   3.441558E-01
   9.593741E+01   1.833717E+00   1.192790E+02   3.468718E-01
   9.638053E+01   1.813725E+00   1.178785E+02   3.499063E-01
   9.682570E+01   1.793928E+00   1.164186E+02   3.533195E-01
   9.727293E+01   1.773986E+00   1.149047E+02   3.570321E-01
   9.772222E+01   1.753574E+00   1.132917E+02   3.611007E-01
   9.817359E+01   1.732446E+00   1.115939E+02   3.654103E-01
   9.862704E+01   1.710293E+00   1.097797E+02   3.699751E-01
   9.908259E+01   1.686977E+00   1.078569E+02   3.747041E-01
   9.954024E+01   1.662262E+00   1.057945E+02   3.796143E-01
   1.000000E+02   1.636146E+00   1.036296E+02   3.845559E-01
