# Opacities computed by OpTool        <a^n>=  1.6617E-1  2.1501E-1  4.0285E-1
# Method:   DHS  fmax=  0.700
# Parameters:
#   amin [um]=      0.100 amax [um]=     20.000  na  =   35    apow=   3.5    
#   lmin [um]=      0.100 lmax [um]=    100.000  nlam= 1500    nang=   180
#   porosity =      0.000 p_mantle =      0.000  fmax= 0.70    chop=   0.0
# Composition:
#  Where   mfrac  rho   Material
#  -----   -----  ----  -----------------------------------------------------
#  core    1.000  8.91  lnk_data/ni-Ordal1987.lnk
#  - - -   - - -  -  -  - - - - - - - - - - - - - - - - - - - - - - - - - - -
#  grain   1.000  8.91  mixture of  1 materials
#----------------------------------------------------------------------------
# Command: optool -c lnk_data/ni-Ordal1987.lnk 52 8.908 -a 0.1 20 -l 0.1 \
#   100 1500 -dhs 0.7
#============================================================================
# Standard output file, no scattering matrix
#    iformat
#    nlambda
#    lambda[um]  kabs [cm^2/g]  ksca [cm^2/g]    g_asymmetry
#============================================================================
           3
        1500
   1.000000E-01   4.284196E+02   1.689895E+03   6.188693E-01
   1.004619E-01   4.286765E+02   1.690290E+03   6.188458E-01
   1.009259E-01   4.289337E+02   1.690685E+03   6.188193E-01
   1.013921E-01   4.291912E+02   1.691081E+03   6.187926E-01
   1.018604E-01   4.294492E+02   1.691477E+03   6.187682E-01
   1.023309E-01   4.297075E+02   1.691874E+03   6.187397E-01
   1.028035E-01   4.299660E+02   1.692271E+03   6.187108E-01
   1.032784E-01   4.302246E+02   1.692668E+03   6.186819E-01
   1.037554E-01   4.304835E+02   1.693067E+03   6.186525E-01
   1.042346E-01   4.307427E+02   1.693466E+03   6.186218E-01
   1.047161E-01   4.310022E+02   1.693866E+03   6.185931E-01
   1.051997E-01   4.312621E+02   1.694267E+03   6.185625E-01
   1.056856E-01   4.315225E+02   1.694670E+03   6.185283E-01
   1.061738E-01   4.317831E+02   1.695073E+03   6.184957E-01
   1.066642E-01   4.320442E+02   1.695477E+03   6.184625E-01
   1.071569E-01   4.323056E+02   1.695882E+03   6.184290E-01
   1.076518E-01   4.325676E+02   1.696289E+03   6.183961E-01
   1.081490E-01   4.328302E+02   1.696696E+03   6.183632E-01
   1.086486E-01   4.330934E+02   1.697106E+03   6.183283E-01
   1.091504E-01   4.333573E+02   1.697516E+03   6.182905E-01
   1.096546E-01   4.336219E+02   1.697928E+03   6.182550E-01
   1.101610E-01   4.338873E+02   1.698341E+03   6.182201E-01
   1.106699E-01   4.341535E+02   1.698755E+03   6.181848E-01
   1.111810E-01   4.344208E+02   1.699171E+03   6.181488E-01
   1.116946E-01   4.346891E+02   1.699588E+03   6.181128E-01
   1.122105E-01   4.349584E+02   1.700005E+03   6.180747E-01
   1.127287E-01   4.352286E+02   1.700424E+03   6.180365E-01
   1.132494E-01   4.354998E+02   1.700843E+03   6.179987E-01
   1.137725E-01   4.357719E+02   1.701263E+03   6.179614E-01
   1.142980E-01   4.360448E+02   1.701683E+03   6.179234E-01
   1.148259E-01   4.363185E+02   1.702104E+03   6.178835E-01
   1.153563E-01   4.365931E+02   1.702525E+03   6.178439E-01
   1.158891E-01   4.368682E+02   1.702946E+03   6.178020E-01
   1.164244E-01   4.371440E+02   1.703367E+03   6.177603E-01
   1.169622E-01   4.374201E+02   1.703788E+03   6.177184E-01
   1.175024E-01   4.376966E+02   1.704209E+03   6.176762E-01
   1.180451E-01   4.379734E+02   1.704630E+03   6.176306E-01
   1.185904E-01   4.382505E+02   1.705052E+03   6.175856E-01
   1.191381E-01   4.385279E+02   1.705473E+03   6.175414E-01
   1.196884E-01   4.388053E+02   1.705895E+03   6.174929E-01
   1.202412E-01   4.390828E+02   1.706317E+03   6.174442E-01
   1.207966E-01   4.393602E+02   1.706739E+03   6.173948E-01
   1.213545E-01   4.396375E+02   1.707162E+03   6.173444E-01
   1.219151E-01   4.399149E+02   1.707585E+03   6.172929E-01
   1.224782E-01   4.401924E+02   1.708009E+03   6.172428E-01
   1.230439E-01   4.404701E+02   1.708435E+03   6.171896E-01
   1.236122E-01   4.407479E+02   1.708861E+03   6.171337E-01
   1.241832E-01   4.410259E+02   1.709288E+03   6.170791E-01
   1.247567E-01   4.413041E+02   1.709717E+03   6.170232E-01
   1.253330E-01   4.415826E+02   1.710148E+03   6.169673E-01
   1.259119E-01   4.418616E+02   1.710580E+03   6.169116E-01
   1.264935E-01   4.421412E+02   1.711014E+03   6.168559E-01
   1.270777E-01   4.424215E+02   1.711450E+03   6.167974E-01
   1.276647E-01   4.427027E+02   1.711888E+03   6.167374E-01
   1.282543E-01   4.429848E+02   1.712328E+03   6.166795E-01
   1.288467E-01   4.432679E+02   1.712770E+03   6.166218E-01
   1.294419E-01   4.435522E+02   1.713214E+03   6.165637E-01
   1.300397E-01   4.438379E+02   1.713660E+03   6.165053E-01
   1.306404E-01   4.441250E+02   1.714107E+03   6.164466E-01
   1.312438E-01   4.444135E+02   1.714556E+03   6.163862E-01
   1.318500E-01   4.447034E+02   1.715006E+03   6.163260E-01
   1.324590E-01   4.449947E+02   1.715457E+03   6.162663E-01
   1.330708E-01   4.452875E+02   1.715909E+03   6.162070E-01
   1.336854E-01   4.455815E+02   1.716361E+03   6.161467E-01
   1.343029E-01   4.458767E+02   1.716814E+03   6.160850E-01
   1.349232E-01   4.461732E+02   1.717267E+03   6.160233E-01
   1.355464E-01   4.464706E+02   1.717720E+03   6.159593E-01
   1.361725E-01   4.467689E+02   1.718172E+03   6.158956E-01
   1.368015E-01   4.470677E+02   1.718624E+03   6.158314E-01
   1.374333E-01   4.473669E+02   1.719076E+03   6.157661E-01
   1.380681E-01   4.476665E+02   1.719527E+03   6.156974E-01
   1.387058E-01   4.479665E+02   1.719978E+03   6.156297E-01
   1.393465E-01   4.482667E+02   1.720428E+03   6.155612E-01
   1.399901E-01   4.485670E+02   1.720877E+03   6.154886E-01
   1.406367E-01   4.488671E+02   1.721326E+03   6.154157E-01
   1.412863E-01   4.491668E+02   1.721774E+03   6.153416E-01
   1.419389E-01   4.494662E+02   1.722222E+03   6.152655E-01
   1.425945E-01   4.497651E+02   1.722671E+03   6.151883E-01
   1.432531E-01   4.500639E+02   1.723119E+03   6.151116E-01
   1.439148E-01   4.503625E+02   1.723568E+03   6.150306E-01
   1.445795E-01   4.506609E+02   1.724018E+03   6.149478E-01
   1.452473E-01   4.509591E+02   1.724468E+03   6.148652E-01
   1.459182E-01   4.512570E+02   1.724920E+03   6.147807E-01
   1.465922E-01   4.515548E+02   1.725373E+03   6.146960E-01
   1.472692E-01   4.518530E+02   1.725828E+03   6.146108E-01
   1.479495E-01   4.521516E+02   1.726284E+03   6.145252E-01
   1.486328E-01   4.524508E+02   1.726743E+03   6.144361E-01
   1.493193E-01   4.527509E+02   1.727204E+03   6.143465E-01
   1.500090E-01   4.530518E+02   1.727667E+03   6.142583E-01
   1.507019E-01   4.533538E+02   1.728132E+03   6.141700E-01
   1.513980E-01   4.536569E+02   1.728600E+03   6.140809E-01
   1.520973E-01   4.539615E+02   1.729070E+03   6.139915E-01
   1.527998E-01   4.542674E+02   1.729543E+03   6.139013E-01
   1.535056E-01   4.545749E+02   1.730017E+03   6.138094E-01
   1.542146E-01   4.548838E+02   1.730493E+03   6.137180E-01
   1.549269E-01   4.551943E+02   1.730971E+03   6.136267E-01
   1.556425E-01   4.555064E+02   1.731450E+03   6.135358E-01
   1.563614E-01   4.558200E+02   1.731931E+03   6.134432E-01
   1.570836E-01   4.561351E+02   1.732412E+03   6.133500E-01
   1.578091E-01   4.564515E+02   1.732894E+03   6.132561E-01
   1.585380E-01   4.567692E+02   1.733376E+03   6.131603E-01
   1.592703E-01   4.570880E+02   1.733859E+03   6.130648E-01
   1.600059E-01   4.574076E+02   1.734342E+03   6.129686E-01
   1.607450E-01   4.577278E+02   1.734825E+03   6.128708E-01
   1.614874E-01   4.580488E+02   1.735308E+03   6.127701E-01
   1.622333E-01   4.583705E+02   1.735791E+03   6.126709E-01
   1.629827E-01   4.586928E+02   1.736273E+03   6.125697E-01
   1.637355E-01   4.590155E+02   1.736756E+03   6.124653E-01
   1.644917E-01   4.593385E+02   1.737237E+03   6.123607E-01
   1.652515E-01   4.596614E+02   1.737719E+03   6.122546E-01
   1.660148E-01   4.599843E+02   1.738200E+03   6.121466E-01
   1.667816E-01   4.603072E+02   1.738682E+03   6.120379E-01
   1.675519E-01   4.606301E+02   1.739163E+03   6.119288E-01
   1.683258E-01   4.609531E+02   1.739645E+03   6.118152E-01
   1.691033E-01   4.612760E+02   1.740127E+03   6.117005E-01
   1.698844E-01   4.615989E+02   1.740610E+03   6.115852E-01
   1.706690E-01   4.619219E+02   1.741093E+03   6.114681E-01
   1.714573E-01   4.622453E+02   1.741578E+03   6.113508E-01
   1.722493E-01   4.625692E+02   1.742063E+03   6.112327E-01
   1.730449E-01   4.628940E+02   1.742550E+03   6.111138E-01
   1.738442E-01   4.632196E+02   1.743038E+03   6.109912E-01
   1.746471E-01   4.635461E+02   1.743527E+03   6.108686E-01
   1.754538E-01   4.638735E+02   1.744017E+03   6.107463E-01
   1.762642E-01   4.642019E+02   1.744508E+03   6.106233E-01
   1.770783E-01   4.645315E+02   1.745000E+03   6.104990E-01
   1.778962E-01   4.648626E+02   1.745494E+03   6.103739E-01
   1.787179E-01   4.651954E+02   1.745989E+03   6.102476E-01
   1.795434E-01   4.655300E+02   1.746485E+03   6.101197E-01
   1.803727E-01   4.658663E+02   1.746981E+03   6.099920E-01
   1.812058E-01   4.662042E+02   1.747477E+03   6.098637E-01
   1.820428E-01   4.665433E+02   1.747974E+03   6.097350E-01
   1.828836E-01   4.668836E+02   1.748470E+03   6.096036E-01
   1.837283E-01   4.672249E+02   1.748967E+03   6.094709E-01
   1.845769E-01   4.675672E+02   1.749463E+03   6.093364E-01
   1.854295E-01   4.679106E+02   1.749959E+03   6.091999E-01
   1.862860E-01   4.682548E+02   1.750455E+03   6.090628E-01
   1.871464E-01   4.685994E+02   1.750949E+03   6.089244E-01
   1.880108E-01   4.689441E+02   1.751444E+03   6.087829E-01
   1.888792E-01   4.692890E+02   1.751937E+03   6.086384E-01
   1.897516E-01   4.696341E+02   1.752431E+03   6.084944E-01
   1.906280E-01   4.699794E+02   1.752923E+03   6.083470E-01
   1.915085E-01   4.703249E+02   1.753415E+03   6.081969E-01
   1.923931E-01   4.706703E+02   1.753907E+03   6.080457E-01
   1.932817E-01   4.710155E+02   1.754399E+03   6.078925E-01
   1.941745E-01   4.713603E+02   1.754891E+03   6.077367E-01
   1.950713E-01   4.717047E+02   1.755383E+03   6.075800E-01
   1.959723E-01   4.720487E+02   1.755876E+03   6.074216E-01
   1.968775E-01   4.723924E+02   1.756370E+03   6.072582E-01
   1.977869E-01   4.727357E+02   1.756865E+03   6.070937E-01
   1.987004E-01   4.730786E+02   1.757361E+03   6.069275E-01
   1.996182E-01   4.734214E+02   1.757860E+03   6.067593E-01
   2.005402E-01   4.737645E+02   1.758361E+03   6.065904E-01
   2.014665E-01   4.741082E+02   1.758864E+03   6.064203E-01
   2.023970E-01   4.744526E+02   1.759369E+03   6.062486E-01
   2.033319E-01   4.747980E+02   1.759877E+03   6.060732E-01
   2.042710E-01   4.751443E+02   1.760388E+03   6.058981E-01
   2.052145E-01   4.754920E+02   1.760901E+03   6.057229E-01
   2.061624E-01   4.758411E+02   1.761417E+03   6.055469E-01
   2.071146E-01   4.761919E+02   1.761936E+03   6.053696E-01
   2.080713E-01   4.765449E+02   1.762457E+03   6.051918E-01
   2.090323E-01   4.769003E+02   1.762980E+03   6.050127E-01
   2.099978E-01   4.772582E+02   1.763506E+03   6.048327E-01
   2.109678E-01   4.776186E+02   1.764033E+03   6.046530E-01
   2.119422E-01   4.779814E+02   1.764561E+03   6.044731E-01
   2.129212E-01   4.783463E+02   1.765090E+03   6.042927E-01
   2.139046E-01   4.787133E+02   1.765620E+03   6.041099E-01
   2.148926E-01   4.790824E+02   1.766151E+03   6.039266E-01
   2.158852E-01   4.794538E+02   1.766681E+03   6.037415E-01
   2.168823E-01   4.798274E+02   1.767211E+03   6.035555E-01
   2.178841E-01   4.802030E+02   1.767741E+03   6.033690E-01
   2.188905E-01   4.805804E+02   1.768269E+03   6.031818E-01
   2.199015E-01   4.809592E+02   1.768797E+03   6.029915E-01
   2.209172E-01   4.813395E+02   1.769323E+03   6.027996E-01
   2.219376E-01   4.817215E+02   1.769848E+03   6.026083E-01
   2.229627E-01   4.821051E+02   1.770371E+03   6.024136E-01
   2.239925E-01   4.824903E+02   1.770892E+03   6.022173E-01
   2.250271E-01   4.828769E+02   1.771411E+03   6.020202E-01
   2.260665E-01   4.832647E+02   1.771928E+03   6.018215E-01
   2.271106E-01   4.836536E+02   1.772443E+03   6.016207E-01
   2.281596E-01   4.840435E+02   1.772956E+03   6.014197E-01
   2.292135E-01   4.844345E+02   1.773468E+03   6.012165E-01
   2.302722E-01   4.848264E+02   1.773978E+03   6.010092E-01
   2.313358E-01   4.852191E+02   1.774486E+03   6.008012E-01
   2.324043E-01   4.856126E+02   1.774993E+03   6.005914E-01
   2.334777E-01   4.860068E+02   1.775500E+03   6.003797E-01
   2.345562E-01   4.864019E+02   1.776006E+03   6.001671E-01
   2.356395E-01   4.867978E+02   1.776511E+03   5.999529E-01
   2.367279E-01   4.871946E+02   1.777016E+03   5.997359E-01
   2.378213E-01   4.875920E+02   1.777521E+03   5.995150E-01
   2.389198E-01   4.879899E+02   1.778025E+03   5.992936E-01
   2.400234E-01   4.883883E+02   1.778530E+03   5.990705E-01
   2.411320E-01   4.887873E+02   1.779034E+03   5.988450E-01
   2.422458E-01   4.891870E+02   1.779538E+03   5.986169E-01
   2.433647E-01   4.895876E+02   1.780043E+03   5.983867E-01
   2.444887E-01   4.899893E+02   1.780547E+03   5.981533E-01
   2.456180E-01   4.903921E+02   1.781051E+03   5.979176E-01
   2.467525E-01   4.907960E+02   1.781555E+03   5.976802E-01
   2.478922E-01   4.912008E+02   1.782058E+03   5.974407E-01
   2.490372E-01   4.916064E+02   1.782560E+03   5.971986E-01
   2.501874E-01   4.920128E+02   1.783062E+03   5.969527E-01
   2.513430E-01   4.924199E+02   1.783563E+03   5.967044E-01
   2.525040E-01   4.928280E+02   1.784062E+03   5.964524E-01
   2.536702E-01   4.932371E+02   1.784561E+03   5.961980E-01
   2.548419E-01   4.936468E+02   1.785058E+03   5.959412E-01
   2.560190E-01   4.940569E+02   1.785554E+03   5.956816E-01
   2.572015E-01   4.944673E+02   1.786048E+03   5.954170E-01
   2.583895E-01   4.948782E+02   1.786541E+03   5.951498E-01
   2.595830E-01   4.952896E+02   1.787033E+03   5.948808E-01
   2.607819E-01   4.957018E+02   1.787523E+03   5.946066E-01
   2.619865E-01   4.961148E+02   1.788012E+03   5.943299E-01
   2.631965E-01   4.965284E+02   1.788500E+03   5.940505E-01
   2.644122E-01   4.969427E+02   1.788986E+03   5.937681E-01
   2.656335E-01   4.973577E+02   1.789472E+03   5.934825E-01
   2.668604E-01   4.977735E+02   1.789957E+03   5.931954E-01
   2.680930E-01   4.981901E+02   1.790441E+03   5.929041E-01
   2.693313E-01   4.986073E+02   1.790925E+03   5.926083E-01
   2.705753E-01   4.990252E+02   1.791409E+03   5.923107E-01
   2.718251E-01   4.994438E+02   1.791893E+03   5.920097E-01
   2.730806E-01   4.998632E+02   1.792379E+03   5.917060E-01
   2.743419E-01   5.002835E+02   1.792864E+03   5.914001E-01
   2.756091E-01   5.007051E+02   1.793351E+03   5.910916E-01
   2.768821E-01   5.011278E+02   1.793839E+03   5.907790E-01
   2.781610E-01   5.015519E+02   1.794328E+03   5.904625E-01
   2.794458E-01   5.019773E+02   1.794819E+03   5.901449E-01
   2.807365E-01   5.024041E+02   1.795311E+03   5.898248E-01
   2.820332E-01   5.028324E+02   1.795804E+03   5.895019E-01
   2.833359E-01   5.032624E+02   1.796300E+03   5.891761E-01
   2.846445E-01   5.036944E+02   1.796796E+03   5.888475E-01
   2.859593E-01   5.041285E+02   1.797294E+03   5.885154E-01
   2.872801E-01   5.045648E+02   1.797792E+03   5.881809E-01
   2.886070E-01   5.050034E+02   1.798292E+03   5.878443E-01
   2.899400E-01   5.054442E+02   1.798792E+03   5.875055E-01
   2.912792E-01   5.058873E+02   1.799293E+03   5.871636E-01
   2.926246E-01   5.063329E+02   1.799794E+03   5.868184E-01
   2.939762E-01   5.067812E+02   1.800295E+03   5.864710E-01
   2.953341E-01   5.072324E+02   1.800796E+03   5.861203E-01
   2.966982E-01   5.076864E+02   1.801296E+03   5.857680E-01
   2.980686E-01   5.081432E+02   1.801796E+03   5.854135E-01
   2.994453E-01   5.086024E+02   1.802296E+03   5.850565E-01
   3.008284E-01   5.090642E+02   1.802794E+03   5.846954E-01
   3.022179E-01   5.095286E+02   1.803292E+03   5.843329E-01
   3.036138E-01   5.099962E+02   1.803789E+03   5.839688E-01
   3.050162E-01   5.104672E+02   1.804284E+03   5.836009E-01
   3.064250E-01   5.109415E+02   1.804778E+03   5.832319E-01
   3.078404E-01   5.114195E+02   1.805271E+03   5.828615E-01
   3.092622E-01   5.119012E+02   1.805762E+03   5.824894E-01
   3.106907E-01   5.123867E+02   1.806253E+03   5.821162E-01
   3.121257E-01   5.128761E+02   1.806742E+03   5.817430E-01
   3.135674E-01   5.133695E+02   1.807230E+03   5.813670E-01
   3.150157E-01   5.138669E+02   1.807717E+03   5.809892E-01
   3.164707E-01   5.143684E+02   1.808204E+03   5.806116E-01
   3.179325E-01   5.148741E+02   1.808689E+03   5.802329E-01
   3.194010E-01   5.153840E+02   1.809175E+03   5.798540E-01
   3.208762E-01   5.158985E+02   1.809660E+03   5.794752E-01
   3.223583E-01   5.164175E+02   1.810144E+03   5.790961E-01
   3.238473E-01   5.169410E+02   1.810628E+03   5.787151E-01
   3.253431E-01   5.174688E+02   1.811112E+03   5.783333E-01
   3.268458E-01   5.180008E+02   1.811595E+03   5.779524E-01
   3.283555E-01   5.185366E+02   1.812079E+03   5.775710E-01
   3.298721E-01   5.190762E+02   1.812561E+03   5.771884E-01
   3.313957E-01   5.196193E+02   1.813044E+03   5.768047E-01
   3.329264E-01   5.201658E+02   1.813525E+03   5.764194E-01
   3.344641E-01   5.207154E+02   1.814005E+03   5.760317E-01
   3.360090E-01   5.212680E+02   1.814484E+03   5.756426E-01
   3.375610E-01   5.218232E+02   1.814962E+03   5.752517E-01
   3.391201E-01   5.223808E+02   1.815437E+03   5.748588E-01
   3.406865E-01   5.229408E+02   1.815909E+03   5.744627E-01
   3.422601E-01   5.235030E+02   1.816379E+03   5.740636E-01
   3.438409E-01   5.240677E+02   1.816846E+03   5.736618E-01
   3.454291E-01   5.246349E+02   1.817309E+03   5.732566E-01
   3.470246E-01   5.252044E+02   1.817767E+03   5.728493E-01
   3.486274E-01   5.257762E+02   1.818222E+03   5.724394E-01
   3.502377E-01   5.263499E+02   1.818672E+03   5.720260E-01
   3.518554E-01   5.269258E+02   1.819117E+03   5.716082E-01
   3.534806E-01   5.275039E+02   1.819557E+03   5.711888E-01
   3.551133E-01   5.280847E+02   1.819991E+03   5.707663E-01
   3.567535E-01   5.286683E+02   1.820420E+03   5.703399E-01
   3.584013E-01   5.292549E+02   1.820843E+03   5.699115E-01
   3.600567E-01   5.298445E+02   1.821259E+03   5.694808E-01
   3.617198E-01   5.304373E+02   1.821670E+03   5.690474E-01
   3.633905E-01   5.310332E+02   1.822074E+03   5.686121E-01
   3.650690E-01   5.316325E+02   1.822472E+03   5.681753E-01
   3.667552E-01   5.322352E+02   1.822864E+03   5.677345E-01
   3.684492E-01   5.328413E+02   1.823250E+03   5.672912E-01
   3.701510E-01   5.334507E+02   1.823630E+03   5.668464E-01
   3.718607E-01   5.340636E+02   1.824004E+03   5.663992E-01
   3.735783E-01   5.346801E+02   1.824372E+03   5.659504E-01
   3.753038E-01   5.353002E+02   1.824735E+03   5.654998E-01
   3.770372E-01   5.359241E+02   1.825092E+03   5.650471E-01
   3.787787E-01   5.365516E+02   1.825443E+03   5.645905E-01
   3.805283E-01   5.371824E+02   1.825789E+03   5.641319E-01
   3.822859E-01   5.378165E+02   1.826130E+03   5.636717E-01
   3.840516E-01   5.384535E+02   1.826465E+03   5.632088E-01
   3.858255E-01   5.390933E+02   1.826795E+03   5.627425E-01
   3.876076E-01   5.397356E+02   1.827120E+03   5.622730E-01
   3.893979E-01   5.403803E+02   1.827439E+03   5.617992E-01
   3.911965E-01   5.410273E+02   1.827753E+03   5.613207E-01
   3.930034E-01   5.416761E+02   1.828061E+03   5.608384E-01
   3.948186E-01   5.423265E+02   1.828363E+03   5.603516E-01
   3.966422E-01   5.429784E+02   1.828659E+03   5.598602E-01
   3.984743E-01   5.436317E+02   1.828950E+03   5.593626E-01
   4.003148E-01   5.442863E+02   1.829234E+03   5.588594E-01
   4.021638E-01   5.449423E+02   1.829511E+03   5.583505E-01
   4.040213E-01   5.455999E+02   1.829782E+03   5.578355E-01
   4.058874E-01   5.462588E+02   1.830047E+03   5.573153E-01
   4.077622E-01   5.469189E+02   1.830304E+03   5.567893E-01
   4.096456E-01   5.475801E+02   1.830556E+03   5.562564E-01
   4.115377E-01   5.482424E+02   1.830800E+03   5.557163E-01
   4.134385E-01   5.489062E+02   1.831038E+03   5.551713E-01
   4.153481E-01   5.495717E+02   1.831270E+03   5.546196E-01
   4.172666E-01   5.502391E+02   1.831494E+03   5.540609E-01
   4.191939E-01   5.509086E+02   1.831713E+03   5.534968E-01
   4.211301E-01   5.515802E+02   1.831925E+03   5.529268E-01
   4.230752E-01   5.522541E+02   1.832131E+03   5.523506E-01
   4.250294E-01   5.529303E+02   1.832331E+03   5.517690E-01
   4.269925E-01   5.536091E+02   1.832526E+03   5.511821E-01
   4.289648E-01   5.542904E+02   1.832716E+03   5.505875E-01
   4.309461E-01   5.549744E+02   1.832900E+03   5.499872E-01
   4.329366E-01   5.556611E+02   1.833081E+03   5.493816E-01
   4.349363E-01   5.563506E+02   1.833258E+03   5.487699E-01
   4.369452E-01   5.570431E+02   1.833431E+03   5.481530E-01
   4.389634E-01   5.577387E+02   1.833601E+03   5.475306E-01
   4.409909E-01   5.584376E+02   1.833768E+03   5.469024E-01
   4.430278E-01   5.591395E+02   1.833932E+03   5.462668E-01
   4.450741E-01   5.598445E+02   1.834094E+03   5.456260E-01
   4.471298E-01   5.605523E+02   1.834254E+03   5.449797E-01
   4.491950E-01   5.612629E+02   1.834413E+03   5.443272E-01
   4.512698E-01   5.619761E+02   1.834570E+03   5.436679E-01
   4.533542E-01   5.626919E+02   1.834726E+03   5.430020E-01
   4.554482E-01   5.634101E+02   1.834882E+03   5.423285E-01
   4.575518E-01   5.641306E+02   1.835036E+03   5.416474E-01
   4.596652E-01   5.648532E+02   1.835189E+03   5.409593E-01
   4.617883E-01   5.655778E+02   1.835342E+03   5.402637E-01
   4.639213E-01   5.663044E+02   1.835493E+03   5.395604E-01
   4.660641E-01   5.670328E+02   1.835644E+03   5.388481E-01
   4.682168E-01   5.677632E+02   1.835794E+03   5.381276E-01
   4.703794E-01   5.684959E+02   1.835944E+03   5.373987E-01
   4.725520E-01   5.692309E+02   1.836092E+03   5.366615E-01
   4.747347E-01   5.699681E+02   1.836240E+03   5.359166E-01
   4.769274E-01   5.707076E+02   1.836388E+03   5.351635E-01
   4.791303E-01   5.714492E+02   1.836535E+03   5.344011E-01
   4.813433E-01   5.721933E+02   1.836681E+03   5.336298E-01
   4.835666E-01   5.729401E+02   1.836827E+03   5.328517E-01
   4.858001E-01   5.736901E+02   1.836973E+03   5.320647E-01
   4.880440E-01   5.744435E+02   1.837118E+03   5.312694E-01
   4.902982E-01   5.752005E+02   1.837263E+03   5.304670E-01
   4.925628E-01   5.759614E+02   1.837409E+03   5.296571E-01
   4.948379E-01   5.767262E+02   1.837554E+03   5.288396E-01
   4.971235E-01   5.774953E+02   1.837700E+03   5.280158E-01
   4.994197E-01   5.782688E+02   1.837847E+03   5.271850E-01
   5.017264E-01   5.790469E+02   1.837995E+03   5.263457E-01
   5.040438E-01   5.798297E+02   1.838144E+03   5.255003E-01
   5.063720E-01   5.806174E+02   1.838294E+03   5.246485E-01
   5.087108E-01   5.814102E+02   1.838447E+03   5.237902E-01
   5.110605E-01   5.822085E+02   1.838601E+03   5.229264E-01
   5.134210E-01   5.830123E+02   1.838757E+03   5.220567E-01
   5.157925E-01   5.838218E+02   1.838916E+03   5.211808E-01
   5.181748E-01   5.846371E+02   1.839077E+03   5.202977E-01
   5.205682E-01   5.854581E+02   1.839241E+03   5.194099E-01
   5.229727E-01   5.862847E+02   1.839407E+03   5.185167E-01
   5.253882E-01   5.871170E+02   1.839576E+03   5.176177E-01
   5.278149E-01   5.879549E+02   1.839748E+03   5.167126E-01
   5.302528E-01   5.887984E+02   1.839923E+03   5.158017E-01
   5.327020E-01   5.896476E+02   1.840100E+03   5.148841E-01
   5.351625E-01   5.905022E+02   1.840279E+03   5.139604E-01
   5.376343E-01   5.913624E+02   1.840461E+03   5.130309E-01
   5.401176E-01   5.922279E+02   1.840644E+03   5.120955E-01
   5.426123E-01   5.930988E+02   1.840829E+03   5.111539E-01
   5.451186E-01   5.939752E+02   1.841016E+03   5.102053E-01
   5.476364E-01   5.948573E+02   1.841204E+03   5.092507E-01
   5.501659E-01   5.957452E+02   1.841392E+03   5.082899E-01
   5.527070E-01   5.966392E+02   1.841581E+03   5.073232E-01
   5.552599E-01   5.975392E+02   1.841770E+03   5.063513E-01
   5.578246E-01   5.984452E+02   1.841958E+03   5.053738E-01
   5.604011E-01   5.993572E+02   1.842146E+03   5.043897E-01
   5.629895E-01   6.002756E+02   1.842334E+03   5.034002E-01
   5.655899E-01   6.012006E+02   1.842520E+03   5.024068E-01
   5.682023E-01   6.021327E+02   1.842705E+03   5.014076E-01
   5.708268E-01   6.030721E+02   1.842888E+03   5.004039E-01
   5.734634E-01   6.040189E+02   1.843069E+03   4.993966E-01
   5.761121E-01   6.049735E+02   1.843248E+03   4.983854E-01
   5.787731E-01   6.059358E+02   1.843425E+03   4.973705E-01
   5.814464E-01   6.069063E+02   1.843598E+03   4.963534E-01
   5.841320E-01   6.078849E+02   1.843769E+03   4.953329E-01
   5.868300E-01   6.088720E+02   1.843937E+03   4.943084E-01
   5.895405E-01   6.098674E+02   1.844101E+03   4.932824E-01
   5.922636E-01   6.108715E+02   1.844262E+03   4.922542E-01
   5.949991E-01   6.118843E+02   1.844420E+03   4.912242E-01
   5.977474E-01   6.129061E+02   1.844573E+03   4.901933E-01
   6.005083E-01   6.139370E+02   1.844723E+03   4.891613E-01
   6.032820E-01   6.149771E+02   1.844868E+03   4.881277E-01
   6.060685E-01   6.160262E+02   1.845008E+03   4.870924E-01
   6.088678E-01   6.170844E+02   1.845144E+03   4.860575E-01
   6.116801E-01   6.181515E+02   1.845274E+03   4.850222E-01
   6.145054E-01   6.192274E+02   1.845398E+03   4.839864E-01
   6.173437E-01   6.203119E+02   1.845516E+03   4.829500E-01
   6.201951E-01   6.214051E+02   1.845628E+03   4.819132E-01
   6.230597E-01   6.225068E+02   1.845732E+03   4.808755E-01
   6.259376E-01   6.236168E+02   1.845829E+03   4.798375E-01
   6.288287E-01   6.247350E+02   1.845918E+03   4.787994E-01
   6.317332E-01   6.258612E+02   1.845997E+03   4.777613E-01
   6.346511E-01   6.269953E+02   1.846067E+03   4.767228E-01
   6.375825E-01   6.281372E+02   1.846127E+03   4.756835E-01
   6.405274E-01   6.292871E+02   1.846176E+03   4.746443E-01
   6.434859E-01   6.304450E+02   1.846214E+03   4.736051E-01
   6.464581E-01   6.316109E+02   1.846239E+03   4.725663E-01
   6.494440E-01   6.327845E+02   1.846252E+03   4.715285E-01
   6.524437E-01   6.339658E+02   1.846252E+03   4.704913E-01
   6.554572E-01   6.351547E+02   1.846238E+03   4.694538E-01
   6.584847E-01   6.363513E+02   1.846209E+03   4.684179E-01
   6.615262E-01   6.375559E+02   1.846166E+03   4.673838E-01
   6.645817E-01   6.387685E+02   1.846107E+03   4.663505E-01
   6.676513E-01   6.399892E+02   1.846032E+03   4.653193E-01
   6.707351E-01   6.412180E+02   1.845940E+03   4.642908E-01
   6.738331E-01   6.424550E+02   1.845832E+03   4.632646E-01
   6.769455E-01   6.437001E+02   1.845706E+03   4.622415E-01
   6.800722E-01   6.449534E+02   1.845562E+03   4.612222E-01
   6.832134E-01   6.462147E+02   1.845400E+03   4.602056E-01
   6.863691E-01   6.474842E+02   1.845220E+03   4.591921E-01
   6.895393E-01   6.487616E+02   1.845021E+03   4.581828E-01
   6.927242E-01   6.500469E+02   1.844803E+03   4.571778E-01
   6.959238E-01   6.513401E+02   1.844566E+03   4.561775E-01
   6.991382E-01   6.526413E+02   1.844309E+03   4.551821E-01
   7.023674E-01   6.539504E+02   1.844033E+03   4.541917E-01
   7.056116E-01   6.552671E+02   1.843736E+03   4.532057E-01
   7.088707E-01   6.565912E+02   1.843418E+03   4.522247E-01
   7.121449E-01   6.579225E+02   1.843080E+03   4.512495E-01
   7.154342E-01   6.583341E+02   1.843027E+03   4.500572E-01
   7.187387E-01   6.575463E+02   1.843350E+03   4.485811E-01
   7.220585E-01   6.567581E+02   1.843652E+03   4.471091E-01
   7.253936E-01   6.559693E+02   1.843932E+03   4.456411E-01
   7.287441E-01   6.551795E+02   1.844188E+03   4.441771E-01
   7.321101E-01   6.543884E+02   1.844421E+03   4.427178E-01
   7.354916E-01   6.535955E+02   1.844630E+03   4.412634E-01
   7.388887E-01   6.528005E+02   1.844814E+03   4.398131E-01
   7.423016E-01   6.520031E+02   1.844972E+03   4.383668E-01
   7.457302E-01   6.512032E+02   1.845104E+03   4.369251E-01
   7.491746E-01   6.504006E+02   1.845209E+03   4.354881E-01
   7.526350E-01   6.495952E+02   1.845287E+03   4.340553E-01
   7.561113E-01   6.487866E+02   1.845336E+03   4.326277E-01
   7.596037E-01   6.479746E+02   1.845357E+03   4.312053E-01
   7.631122E-01   6.471588E+02   1.845349E+03   4.297878E-01
   7.666369E-01   6.463390E+02   1.845312E+03   4.283749E-01
   7.701779E-01   6.456084E+02   1.845197E+03   4.269896E-01
   7.737353E-01   6.450608E+02   1.844955E+03   4.256530E-01
   7.773091E-01   6.445093E+02   1.844684E+03   4.243217E-01
   7.808994E-01   6.439538E+02   1.844382E+03   4.229969E-01
   7.845062E-01   6.433940E+02   1.844050E+03   4.216785E-01
   7.881298E-01   6.428300E+02   1.843688E+03   4.203664E-01
   7.917700E-01   6.422613E+02   1.843295E+03   4.190611E-01
   7.954271E-01   6.416881E+02   1.842870E+03   4.177625E-01
   7.991011E-01   6.411100E+02   1.842415E+03   4.164704E-01
   8.027921E-01   6.405270E+02   1.841928E+03   4.151855E-01
   8.065001E-01   6.399388E+02   1.841411E+03   4.139079E-01
   8.102252E-01   6.393454E+02   1.840861E+03   4.126379E-01
   8.139675E-01   6.387466E+02   1.840280E+03   4.113759E-01
   8.177271E-01   6.381423E+02   1.839668E+03   4.101217E-01
   8.215041E-01   6.375324E+02   1.839023E+03   4.088753E-01
   8.252985E-01   6.369165E+02   1.838347E+03   4.076368E-01
   8.291105E-01   6.362944E+02   1.837639E+03   4.064062E-01
   8.329400E-01   6.356658E+02   1.836898E+03   4.051837E-01
   8.367873E-01   6.351935E+02   1.836281E+03   4.040104E-01
   8.406523E-01   6.347171E+02   1.835634E+03   4.028455E-01
   8.445352E-01   6.342336E+02   1.834955E+03   4.016877E-01
   8.484360E-01   6.337428E+02   1.834243E+03   4.005371E-01
   8.523548E-01   6.332443E+02   1.833499E+03   3.993942E-01
   8.562917E-01   6.327379E+02   1.832722E+03   3.982587E-01
   8.602468E-01   6.322233E+02   1.831912E+03   3.971304E-01
   8.642202E-01   6.317003E+02   1.831069E+03   3.960091E-01
   8.682119E-01   6.311688E+02   1.830193E+03   3.948948E-01
   8.722221E-01   6.306285E+02   1.829283E+03   3.937877E-01
   8.762508E-01   6.300793E+02   1.828339E+03   3.926878E-01
   8.802981E-01   6.295210E+02   1.827362E+03   3.915949E-01
   8.843641E-01   6.289533E+02   1.826351E+03   3.905090E-01
   8.884488E-01   6.283761E+02   1.825306E+03   3.894299E-01
   8.925525E-01   6.277891E+02   1.824228E+03   3.883578E-01
   8.966751E-01   6.271924E+02   1.823115E+03   3.872926E-01
   9.008167E-01   6.265861E+02   1.821968E+03   3.862347E-01
   9.049775E-01   6.259701E+02   1.820788E+03   3.851841E-01
   9.091574E-01   6.253301E+02   1.819587E+03   3.841378E-01
   9.133567E-01   6.243164E+02   1.818688E+03   3.830204E-01
   9.175754E-01   6.232927E+02   1.817754E+03   3.819107E-01
   9.218136E-01   6.222589E+02   1.816784E+03   3.808088E-01
   9.260713E-01   6.212149E+02   1.815779E+03   3.797147E-01
   9.303487E-01   6.201608E+02   1.814739E+03   3.786286E-01
   9.346459E-01   6.190964E+02   1.813664E+03   3.775504E-01
   9.389629E-01   6.180219E+02   1.812554E+03   3.764804E-01
   9.432999E-01   6.169371E+02   1.811410E+03   3.754187E-01
   9.476568E-01   6.158422E+02   1.810232E+03   3.743652E-01
   9.520339E-01   6.147371E+02   1.809020E+03   3.733202E-01
   9.564313E-01   6.136218E+02   1.807774E+03   3.722837E-01
   9.608489E-01   6.124962E+02   1.806495E+03   3.712557E-01
   9.652870E-01   6.113603E+02   1.805182E+03   3.702362E-01
   9.697455E-01   6.102138E+02   1.803836E+03   3.692251E-01
   9.742246E-01   6.090566E+02   1.802457E+03   3.682222E-01
   9.787245E-01   6.078885E+02   1.801045E+03   3.672274E-01
   9.832451E-01   6.067091E+02   1.799600E+03   3.662405E-01
   9.877866E-01   6.055185E+02   1.798123E+03   3.652612E-01
   9.923490E-01   6.043165E+02   1.796614E+03   3.642895E-01
   9.969326E-01   6.031030E+02   1.795072E+03   3.633252E-01
   1.001537E+00   6.018347E+02   1.793577E+03   3.623595E-01
   1.006163E+00   6.004680E+02   1.792208E+03   3.613835E-01
   1.010811E+00   5.990894E+02   1.790806E+03   3.604147E-01
   1.015479E+00   5.976989E+02   1.789371E+03   3.594530E-01
   1.020170E+00   5.962964E+02   1.787903E+03   3.584983E-01
   1.024882E+00   5.948818E+02   1.786402E+03   3.575505E-01
   1.029616E+00   5.934553E+02   1.784869E+03   3.566095E-01
   1.034371E+00   5.920166E+02   1.783304E+03   3.556752E-01
   1.039149E+00   5.905659E+02   1.781706E+03   3.547474E-01
   1.043949E+00   5.891033E+02   1.780077E+03   3.538264E-01
   1.048770E+00   5.876291E+02   1.778416E+03   3.529121E-01
   1.053615E+00   5.862072E+02   1.776571E+03   3.520170E-01
   1.058481E+00   5.847959E+02   1.774644E+03   3.511330E-01
   1.063370E+00   5.833737E+02   1.772687E+03   3.502558E-01
   1.068282E+00   5.819405E+02   1.770700E+03   3.493853E-01
   1.073216E+00   5.804966E+02   1.768685E+03   3.485217E-01
   1.078173E+00   5.790421E+02   1.766640E+03   3.476649E-01
   1.083153E+00   5.775772E+02   1.764568E+03   3.468149E-01
   1.088156E+00   5.761019E+02   1.762467E+03   3.459718E-01
   1.093182E+00   5.746166E+02   1.760339E+03   3.451356E-01
   1.098231E+00   5.731212E+02   1.758184E+03   3.443065E-01
   1.103304E+00   5.716161E+02   1.756003E+03   3.434843E-01
   1.108400E+00   5.701014E+02   1.753795E+03   3.426693E-01
   1.113519E+00   5.685260E+02   1.751799E+03   3.418525E-01
   1.118663E+00   5.669170E+02   1.749885E+03   3.410386E-01
   1.123830E+00   5.652975E+02   1.747945E+03   3.402318E-01
   1.129020E+00   5.636676E+02   1.745978E+03   3.394318E-01
   1.134235E+00   5.620271E+02   1.743986E+03   3.386386E-01
   1.139474E+00   5.603762E+02   1.741968E+03   3.378519E-01
   1.144737E+00   5.587147E+02   1.739925E+03   3.370715E-01
   1.150025E+00   5.570427E+02   1.737857E+03   3.362973E-01
   1.155336E+00   5.553602E+02   1.735764E+03   3.355290E-01
   1.160673E+00   5.536674E+02   1.733646E+03   3.347666E-01
   1.166034E+00   5.519644E+02   1.731504E+03   3.340099E-01
   1.171420E+00   5.502513E+02   1.729338E+03   3.332590E-01
   1.176830E+00   5.485284E+02   1.727148E+03   3.325138E-01
   1.182266E+00   5.465476E+02   1.725003E+03   3.317259E-01
   1.187727E+00   5.442106E+02   1.722927E+03   3.308767E-01
   1.193213E+00   5.418661E+02   1.720824E+03   3.300336E-01
   1.198724E+00   5.395142E+02   1.718693E+03   3.291966E-01
   1.204261E+00   5.371552E+02   1.716534E+03   3.283654E-01
   1.209823E+00   5.347893E+02   1.714348E+03   3.275402E-01
   1.215411E+00   5.324169E+02   1.712136E+03   3.267208E-01
   1.221025E+00   5.300384E+02   1.709897E+03   3.259074E-01
   1.226665E+00   5.276541E+02   1.707633E+03   3.251000E-01
   1.232330E+00   5.252640E+02   1.705342E+03   3.242984E-01
   1.238022E+00   5.228686E+02   1.703027E+03   3.235027E-01
   1.243741E+00   5.204679E+02   1.700686E+03   3.227128E-01
   1.249485E+00   5.180623E+02   1.698322E+03   3.219286E-01
   1.255257E+00   5.157038E+02   1.695795E+03   3.211584E-01
   1.261054E+00   5.133469E+02   1.693233E+03   3.203947E-01
   1.266879E+00   5.109871E+02   1.690649E+03   3.196370E-01
   1.272731E+00   5.086244E+02   1.688043E+03   3.188851E-01
   1.278609E+00   5.062592E+02   1.685417E+03   3.181391E-01
   1.284515E+00   5.038919E+02   1.682771E+03   3.173990E-01
   1.290448E+00   5.015226E+02   1.680105E+03   3.166649E-01
   1.296408E+00   4.991518E+02   1.677419E+03   3.159368E-01
   1.302396E+00   4.967798E+02   1.674715E+03   3.152147E-01
   1.308412E+00   4.944067E+02   1.671992E+03   3.144986E-01
   1.314455E+00   4.920328E+02   1.669251E+03   3.137883E-01
   1.320527E+00   4.896581E+02   1.666491E+03   3.130839E-01
   1.326626E+00   4.872828E+02   1.663715E+03   3.123850E-01
   1.332754E+00   4.850261E+02   1.660906E+03   3.117137E-01
   1.338909E+00   4.829138E+02   1.658065E+03   3.110746E-01
   1.345094E+00   4.807994E+02   1.655208E+03   3.104402E-01
   1.351306E+00   4.786831E+02   1.652337E+03   3.098103E-01
   1.357548E+00   4.765652E+02   1.649451E+03   3.091849E-01
   1.363818E+00   4.744458E+02   1.646551E+03   3.085640E-01
   1.370118E+00   4.723253E+02   1.643637E+03   3.079475E-01
   1.376446E+00   4.702036E+02   1.640709E+03   3.073353E-01
   1.382804E+00   4.680811E+02   1.637768E+03   3.067271E-01
   1.389191E+00   4.659577E+02   1.634814E+03   3.061229E-01
   1.395607E+00   4.638336E+02   1.631846E+03   3.055226E-01
   1.402053E+00   4.617091E+02   1.628866E+03   3.049261E-01
   1.408529E+00   4.595844E+02   1.625873E+03   3.043333E-01
   1.415035E+00   4.574597E+02   1.622868E+03   3.037444E-01
   1.421571E+00   4.553353E+02   1.619851E+03   3.031592E-01
   1.428137E+00   4.532114E+02   1.616823E+03   3.025778E-01
   1.434733E+00   4.510653E+02   1.613703E+03   3.019934E-01
   1.441360E+00   4.489119E+02   1.610540E+03   3.014101E-01
   1.448018E+00   4.467605E+02   1.607368E+03   3.008303E-01
   1.454706E+00   4.446115E+02   1.604187E+03   3.002541E-01
   1.461425E+00   4.424650E+02   1.600996E+03   2.996816E-01
   1.468175E+00   4.403213E+02   1.597798E+03   2.991128E-01
   1.474956E+00   4.381806E+02   1.594591E+03   2.985478E-01
   1.481769E+00   4.360431E+02   1.591376E+03   2.979865E-01
   1.488613E+00   4.339089E+02   1.588153E+03   2.974288E-01
   1.495489E+00   4.317782E+02   1.584924E+03   2.968749E-01
   1.502396E+00   4.296513E+02   1.581687E+03   2.963249E-01
   1.509336E+00   4.275283E+02   1.578445E+03   2.957786E-01
   1.516307E+00   4.254095E+02   1.575196E+03   2.952363E-01
   1.523311E+00   4.232951E+02   1.571940E+03   2.946979E-01
   1.530347E+00   4.211850E+02   1.568680E+03   2.941632E-01
   1.537415E+00   4.190793E+02   1.565413E+03   2.936323E-01
   1.544516E+00   4.170620E+02   1.562112E+03   2.931196E-01
   1.551650E+00   4.150964E+02   1.558789E+03   2.926185E-01
   1.558817E+00   4.131345E+02   1.555462E+03   2.921205E-01
   1.566017E+00   4.111764E+02   1.552131E+03   2.916255E-01
   1.573250E+00   4.092222E+02   1.548797E+03   2.911336E-01
   1.580517E+00   4.072721E+02   1.545459E+03   2.906447E-01
   1.587817E+00   4.053262E+02   1.542117E+03   2.901587E-01
   1.595151E+00   4.033846E+02   1.538772E+03   2.896755E-01
   1.602519E+00   4.014474E+02   1.535424E+03   2.891951E-01
   1.609921E+00   3.995146E+02   1.532073E+03   2.887174E-01
   1.617357E+00   3.975862E+02   1.528718E+03   2.882421E-01
   1.624827E+00   3.956624E+02   1.525361E+03   2.877693E-01
   1.632332E+00   3.937432E+02   1.522002E+03   2.872989E-01
   1.639872E+00   3.918288E+02   1.518640E+03   2.868308E-01
   1.647446E+00   3.899193E+02   1.515275E+03   2.863652E-01
   1.655055E+00   3.880148E+02   1.511909E+03   2.859019E-01
   1.662700E+00   3.861154E+02   1.508541E+03   2.854410E-01
   1.670380E+00   3.842120E+02   1.505177E+03   2.849809E-01
   1.678095E+00   3.821390E+02   1.501939E+03   2.844967E-01
   1.685846E+00   3.800719E+02   1.498697E+03   2.840150E-01
   1.693633E+00   3.780110E+02   1.495452E+03   2.835355E-01
   1.701455E+00   3.759564E+02   1.492204E+03   2.830586E-01
   1.709314E+00   3.739083E+02   1.488954E+03   2.825841E-01
   1.717209E+00   3.718667E+02   1.485702E+03   2.821121E-01
   1.725141E+00   3.698318E+02   1.482447E+03   2.816426E-01
   1.733109E+00   3.678035E+02   1.479191E+03   2.811756E-01
   1.741114E+00   3.657820E+02   1.475933E+03   2.807111E-01
   1.749156E+00   3.637675E+02   1.472673E+03   2.802491E-01
   1.757235E+00   3.617600E+02   1.469413E+03   2.797899E-01
   1.765352E+00   3.597598E+02   1.466151E+03   2.793333E-01
   1.773506E+00   3.577668E+02   1.462888E+03   2.788794E-01
   1.781697E+00   3.557811E+02   1.459625E+03   2.784282E-01
   1.789927E+00   3.538028E+02   1.456361E+03   2.779796E-01
   1.798194E+00   3.518317E+02   1.453097E+03   2.775336E-01
   1.806500E+00   3.498680E+02   1.449832E+03   2.770899E-01
   1.814844E+00   3.479117E+02   1.446567E+03   2.766486E-01
   1.823226E+00   3.459864E+02   1.443268E+03   2.762117E-01
   1.831647E+00   3.441066E+02   1.439916E+03   2.757804E-01
   1.840108E+00   3.422344E+02   1.436564E+03   2.753512E-01
   1.848607E+00   3.403699E+02   1.433214E+03   2.749242E-01
   1.857145E+00   3.385132E+02   1.429865E+03   2.744993E-01
   1.865723E+00   3.366642E+02   1.426517E+03   2.740765E-01
   1.874341E+00   3.348229E+02   1.423171E+03   2.736555E-01
   1.882998E+00   3.329894E+02   1.419826E+03   2.732363E-01
   1.891696E+00   3.311636E+02   1.416482E+03   2.728189E-01
   1.900433E+00   3.293456E+02   1.413139E+03   2.724033E-01
   1.909211E+00   3.275353E+02   1.409798E+03   2.719893E-01
   1.918029E+00   3.257330E+02   1.406459E+03   2.715770E-01
   1.926888E+00   3.239385E+02   1.403122E+03   2.711664E-01
   1.935788E+00   3.221519E+02   1.399786E+03   2.707574E-01
   1.944730E+00   3.203731E+02   1.396453E+03   2.703500E-01
   1.953712E+00   3.186021E+02   1.393121E+03   2.699441E-01
   1.962736E+00   3.168389E+02   1.389792E+03   2.695397E-01
   1.971802E+00   3.150837E+02   1.386466E+03   2.691368E-01
   1.980909E+00   3.133363E+02   1.383142E+03   2.687355E-01
   1.990059E+00   3.115970E+02   1.379820E+03   2.683358E-01
   1.999251E+00   3.098657E+02   1.376502E+03   2.679377E-01
   2.008485E+00   3.084092E+02   1.373111E+03   2.675872E-01
   2.017762E+00   3.069816E+02   1.369719E+03   2.672419E-01
   2.027082E+00   3.055594E+02   1.366331E+03   2.668979E-01
   2.036445E+00   3.041426E+02   1.362948E+03   2.665553E-01
   2.045851E+00   3.027313E+02   1.359570E+03   2.662141E-01
   2.055300E+00   3.013255E+02   1.356198E+03   2.658744E-01
   2.064793E+00   2.999253E+02   1.352830E+03   2.655361E-01
   2.074330E+00   2.985306E+02   1.349468E+03   2.651992E-01
   2.083911E+00   2.971414E+02   1.346111E+03   2.648638E-01
   2.093537E+00   2.957578E+02   1.342759E+03   2.645298E-01
   2.103207E+00   2.943796E+02   1.339413E+03   2.641972E-01
   2.112921E+00   2.929169E+02   1.336117E+03   2.638526E-01
   2.122680E+00   2.912512E+02   1.332931E+03   2.634785E-01
   2.132485E+00   2.895931E+02   1.329748E+03   2.631060E-01
   2.142334E+00   2.879428E+02   1.326567E+03   2.627351E-01
   2.152230E+00   2.863002E+02   1.323390E+03   2.623657E-01
   2.162170E+00   2.846653E+02   1.320215E+03   2.619977E-01
   2.172157E+00   2.830380E+02   1.317044E+03   2.616311E-01
   2.182190E+00   2.814184E+02   1.313875E+03   2.612659E-01
   2.192269E+00   2.798064E+02   1.310709E+03   2.609019E-01
   2.202395E+00   2.782021E+02   1.307546E+03   2.605392E-01
   2.212568E+00   2.766054E+02   1.304386E+03   2.601775E-01
   2.222787E+00   2.749427E+02   1.301276E+03   2.598077E-01
   2.233054E+00   2.730920E+02   1.298293E+03   2.594140E-01
   2.243368E+00   2.712505E+02   1.295311E+03   2.590217E-01
   2.253730E+00   2.694183E+02   1.292329E+03   2.586307E-01
   2.264140E+00   2.675952E+02   1.289347E+03   2.582410E-01
   2.274598E+00   2.657814E+02   1.286366E+03   2.578524E-01
   2.285104E+00   2.639768E+02   1.283386E+03   2.574651E-01
   2.295658E+00   2.621814E+02   1.280407E+03   2.570789E-01
   2.306262E+00   2.603953E+02   1.277429E+03   2.566941E-01
   2.316914E+00   2.586186E+02   1.274452E+03   2.563106E-01
   2.327616E+00   2.568511E+02   1.271476E+03   2.559284E-01
   2.338367E+00   2.550930E+02   1.268502E+03   2.555476E-01
   2.349167E+00   2.533443E+02   1.265529E+03   2.551680E-01
   2.360018E+00   2.518297E+02   1.262419E+03   2.548176E-01
   2.370918E+00   2.503418E+02   1.259301E+03   2.544707E-01
   2.381869E+00   2.488617E+02   1.256188E+03   2.541251E-01
   2.392871E+00   2.473894E+02   1.253079E+03   2.537809E-01
   2.403923E+00   2.459248E+02   1.249975E+03   2.534379E-01
   2.415027E+00   2.444680E+02   1.246875E+03   2.530963E-01
   2.426181E+00   2.430189E+02   1.243780E+03   2.527560E-01
   2.437388E+00   2.415776E+02   1.240690E+03   2.524171E-01
   2.448646E+00   2.401439E+02   1.237604E+03   2.520794E-01
   2.459956E+00   2.387180E+02   1.234522E+03   2.517430E-01
   2.471318E+00   2.372996E+02   1.231446E+03   2.514078E-01
   2.482733E+00   2.358889E+02   1.228374E+03   2.510739E-01
   2.494200E+00   2.344859E+02   1.225306E+03   2.507411E-01
   2.505720E+00   2.330059E+02   1.222248E+03   2.503921E-01
   2.517294E+00   2.314493E+02   1.219199E+03   2.500270E-01
   2.528921E+00   2.299024E+02   1.216154E+03   2.496632E-01
   2.540602E+00   2.283652E+02   1.213112E+03   2.493007E-01
   2.552337E+00   2.268375E+02   1.210075E+03   2.489393E-01
   2.564126E+00   2.253195E+02   1.207042E+03   2.485792E-01
   2.575969E+00   2.238110E+02   1.204012E+03   2.482201E-01
   2.587867E+00   2.223119E+02   1.200987E+03   2.478621E-01
   2.599820E+00   2.208223E+02   1.197965E+03   2.475051E-01
   2.611828E+00   2.193421E+02   1.194948E+03   2.471492E-01
   2.623892E+00   2.178712E+02   1.191935E+03   2.467943E-01
   2.636011E+00   2.164097E+02   1.188926E+03   2.464403E-01
   2.648187E+00   2.149573E+02   1.185921E+03   2.460872E-01
   2.660419E+00   2.135142E+02   1.182920E+03   2.457351E-01
   2.672707E+00   2.121065E+02   1.179923E+03   2.453894E-01
   2.685052E+00   2.108004E+02   1.176926E+03   2.450643E-01
   2.697454E+00   2.095018E+02   1.173935E+03   2.447400E-01
   2.709913E+00   2.082107E+02   1.170949E+03   2.444164E-01
   2.722429E+00   2.069271E+02   1.167967E+03   2.440937E-01
   2.735004E+00   2.056509E+02   1.164991E+03   2.437718E-01
   2.747637E+00   2.043821E+02   1.162020E+03   2.434507E-01
   2.760328E+00   2.031206E+02   1.159054E+03   2.431306E-01
   2.773077E+00   2.018666E+02   1.156093E+03   2.428114E-01
   2.785886E+00   2.006200E+02   1.153138E+03   2.424933E-01
   2.798753E+00   1.993806E+02   1.150188E+03   2.421762E-01
   2.811681E+00   1.981486E+02   1.147244E+03   2.418601E-01
   2.824667E+00   1.969239E+02   1.144305E+03   2.415450E-01
   2.837714E+00   1.957064E+02   1.141371E+03   2.412310E-01
   2.850821E+00   1.944962E+02   1.138443E+03   2.409180E-01
   2.863989E+00   1.932832E+02   1.135522E+03   2.406043E-01
   2.877217E+00   1.920549E+02   1.132611E+03   2.402874E-01
   2.890507E+00   1.908340E+02   1.129705E+03   2.399715E-01
   2.903858E+00   1.896206E+02   1.126805E+03   2.396566E-01
   2.917270E+00   1.884147E+02   1.123909E+03   2.393426E-01
   2.930745E+00   1.872161E+02   1.121019E+03   2.390295E-01
   2.944281E+00   1.860249E+02   1.118133E+03   2.387173E-01
   2.957881E+00   1.848410E+02   1.115252E+03   2.384058E-01
   2.971543E+00   1.836643E+02   1.112377E+03   2.380951E-01
   2.985268E+00   1.824948E+02   1.109506E+03   2.377851E-01
   2.999057E+00   1.813326E+02   1.106641E+03   2.374758E-01
   3.012909E+00   1.801774E+02   1.103780E+03   2.371671E-01
   3.026825E+00   1.790293E+02   1.100924E+03   2.368589E-01
   3.040806E+00   1.778883E+02   1.098073E+03   2.365513E-01
   3.054851E+00   1.767543E+02   1.095227E+03   2.362443E-01
   3.068961E+00   1.756272E+02   1.092386E+03   2.359378E-01
   3.083136E+00   1.745018E+02   1.089551E+03   2.356307E-01
   3.097376E+00   1.733646E+02   1.086724E+03   2.353203E-01
   3.111683E+00   1.722345E+02   1.083901E+03   2.350105E-01
   3.126055E+00   1.711116E+02   1.081084E+03   2.347012E-01
   3.140494E+00   1.699958E+02   1.078272E+03   2.343926E-01
   3.155000E+00   1.688870E+02   1.075465E+03   2.340845E-01
   3.169572E+00   1.677852E+02   1.072663E+03   2.337771E-01
   3.184212E+00   1.666905E+02   1.069867E+03   2.334704E-01
   3.198920E+00   1.656027E+02   1.067076E+03   2.331643E-01
   3.213695E+00   1.645218E+02   1.064291E+03   2.328590E-01
   3.228539E+00   1.634478E+02   1.061511E+03   2.325544E-01
   3.243451E+00   1.623807E+02   1.058736E+03   2.322506E-01
   3.258432E+00   1.613205E+02   1.055967E+03   2.319477E-01
   3.273482E+00   1.602671E+02   1.053204E+03   2.316457E-01
   3.288602E+00   1.592204E+02   1.050447E+03   2.313445E-01
   3.303792E+00   1.581805E+02   1.047694E+03   2.310441E-01
   3.319052E+00   1.571472E+02   1.044948E+03   2.307447E-01
   3.334382E+00   1.560985E+02   1.042216E+03   2.304431E-01
   3.349783E+00   1.550015E+02   1.039512E+03   2.301351E-01
   3.365255E+00   1.539119E+02   1.036813E+03   2.298279E-01
   3.380799E+00   1.528297E+02   1.034119E+03   2.295216E-01
   3.396414E+00   1.517548E+02   1.031430E+03   2.292162E-01
   3.412102E+00   1.506871E+02   1.028746E+03   2.289115E-01
   3.427862E+00   1.496266E+02   1.026066E+03   2.286076E-01
   3.443695E+00   1.485734E+02   1.023391E+03   2.283044E-01
   3.459601E+00   1.475272E+02   1.020721E+03   2.280018E-01
   3.475580E+00   1.464882E+02   1.018055E+03   2.276998E-01
   3.491634E+00   1.454562E+02   1.015394E+03   2.273984E-01
   3.507761E+00   1.444312E+02   1.012737E+03   2.270975E-01
   3.523963E+00   1.434131E+02   1.010086E+03   2.267971E-01
   3.540240E+00   1.424019E+02   1.007438E+03   2.264972E-01
   3.556592E+00   1.413976E+02   1.004796E+03   2.261977E-01
   3.573019E+00   1.404001E+02   1.002158E+03   2.258986E-01
   3.589523E+00   1.394094E+02   9.995252E+02   2.255999E-01
   3.606102E+00   1.384255E+02   9.968969E+02   2.253016E-01
   3.622758E+00   1.374482E+02   9.942735E+02   2.250037E-01
   3.639491E+00   1.364776E+02   9.916549E+02   2.247062E-01
   3.656302E+00   1.355014E+02   9.890284E+02   2.244028E-01
   3.673190E+00   1.345318E+02   9.864067E+02   2.240997E-01
   3.690156E+00   1.335689E+02   9.837901E+02   2.237971E-01
   3.707200E+00   1.326129E+02   9.811788E+02   2.234951E-01
   3.724323E+00   1.316636E+02   9.785726E+02   2.231936E-01
   3.741525E+00   1.307211E+02   9.759718E+02   2.228929E-01
   3.758807E+00   1.297852E+02   9.733763E+02   2.225928E-01
   3.776169E+00   1.288560E+02   9.707861E+02   2.222934E-01
   3.793610E+00   1.279334E+02   9.682014E+02   2.219947E-01
   3.811132E+00   1.270173E+02   9.656220E+02   2.216968E-01
   3.828736E+00   1.261078E+02   9.630480E+02   2.213997E-01
   3.846420E+00   1.252048E+02   9.604793E+02   2.211034E-01
   3.864186E+00   1.243082E+02   9.579161E+02   2.208079E-01
   3.882034E+00   1.234180E+02   9.553582E+02   2.205131E-01
   3.899965E+00   1.225342E+02   9.528056E+02   2.202192E-01
   3.917978E+00   1.216567E+02   9.502583E+02   2.199260E-01
   3.936075E+00   1.207855E+02   9.477163E+02   2.196335E-01
   3.954255E+00   1.199205E+02   9.451794E+02   2.193417E-01
   3.972520E+00   1.190617E+02   9.426477E+02   2.190505E-01
   3.990868E+00   1.182091E+02   9.401211E+02   2.187599E-01
   4.009301E+00   1.173393E+02   9.376044E+02   2.184656E-01
   4.027820E+00   1.164531E+02   9.350975E+02   2.181677E-01
   4.046424E+00   1.155736E+02   9.325953E+02   2.178703E-01
   4.065114E+00   1.147006E+02   9.300978E+02   2.175733E-01
   4.083890E+00   1.138341E+02   9.276052E+02   2.172769E-01
   4.102753E+00   1.129741E+02   9.251173E+02   2.169808E-01
   4.121703E+00   1.121206E+02   9.226341E+02   2.166852E-01
   4.140741E+00   1.112734E+02   9.201558E+02   2.163899E-01
   4.159866E+00   1.104325E+02   9.176822E+02   2.160950E-01
   4.179080E+00   1.095979E+02   9.152135E+02   2.158004E-01
   4.198383E+00   1.087696E+02   9.127496E+02   2.155062E-01
   4.217775E+00   1.079475E+02   9.102906E+02   2.152122E-01
   4.237256E+00   1.071315E+02   9.078365E+02   2.149186E-01
   4.256828E+00   1.063216E+02   9.053873E+02   2.146254E-01
   4.276489E+00   1.055178E+02   9.029432E+02   2.143326E-01
   4.296242E+00   1.047200E+02   9.005040E+02   2.140401E-01
   4.316086E+00   1.039283E+02   8.980700E+02   2.137481E-01
   4.336021E+00   1.031424E+02   8.956410E+02   2.134565E-01
   4.356049E+00   1.023625E+02   8.932172E+02   2.131655E-01
   4.376169E+00   1.015885E+02   8.907986E+02   2.128749E-01
   4.396382E+00   1.008203E+02   8.883851E+02   2.125849E-01
   4.416688E+00   1.000579E+02   8.859769E+02   2.122955E-01
   4.437088E+00   9.930123E+01   8.835739E+02   2.120068E-01
   4.457583E+00   9.854785E+01   8.811758E+02   2.117179E-01
   4.478172E+00   9.779980E+01   8.787828E+02   2.114295E-01
   4.498856E+00   9.705743E+01   8.763950E+02   2.111418E-01
   4.519635E+00   9.632071E+01   8.740124E+02   2.108548E-01
   4.540511E+00   9.558960E+01   8.716350E+02   2.105684E-01
   4.561483E+00   9.486406E+01   8.692627E+02   2.102827E-01
   4.582552E+00   9.414404E+01   8.668954E+02   2.099976E-01
   4.603718E+00   9.342951E+01   8.645332E+02   2.097130E-01
   4.624982E+00   9.272043E+01   8.621760E+02   2.094290E-01
   4.646345E+00   9.201674E+01   8.598238E+02   2.091455E-01
   4.667805E+00   9.131841E+01   8.574765E+02   2.088624E-01
   4.689365E+00   9.062540E+01   8.551341E+02   2.085797E-01
   4.711025E+00   8.993766E+01   8.527966E+02   2.082975E-01
   4.732785E+00   8.925516E+01   8.504639E+02   2.080155E-01
   4.754645E+00   8.857784E+01   8.481360E+02   2.077338E-01
   4.776606E+00   8.790568E+01   8.458130E+02   2.074523E-01
   4.798668E+00   8.723862E+01   8.434948E+02   2.071711E-01
   4.820833E+00   8.657664E+01   8.411814E+02   2.068901E-01
   4.843100E+00   8.591969E+01   8.388728E+02   2.066092E-01
   4.865469E+00   8.526773E+01   8.365691E+02   2.063285E-01
   4.887942E+00   8.462073E+01   8.342702E+02   2.060479E-01
   4.910519E+00   8.397864E+01   8.319762E+02   2.057675E-01
   4.933200E+00   8.334144E+01   8.296871E+02   2.054872E-01
   4.955986E+00   8.270908E+01   8.274029E+02   2.052071E-01
   4.978877E+00   8.208154E+01   8.251237E+02   2.049272E-01
   5.001874E+00   8.145403E+01   8.228504E+02   2.046466E-01
   5.024977E+00   8.077815E+01   8.205927E+02   2.043562E-01
   5.048187E+00   8.010783E+01   8.183397E+02   2.040662E-01
   5.071504E+00   7.944301E+01   8.160915E+02   2.037766E-01
   5.094928E+00   7.878367E+01   8.138480E+02   2.034874E-01
   5.118461E+00   7.812975E+01   8.116094E+02   2.031987E-01
   5.142103E+00   7.748122E+01   8.093756E+02   2.029105E-01
   5.165854E+00   7.683804E+01   8.071467E+02   2.026228E-01
   5.189714E+00   7.620017E+01   8.049227E+02   2.023356E-01
   5.213685E+00   7.556757E+01   8.027035E+02   2.020490E-01
   5.237766E+00   7.494020E+01   8.004891E+02   2.017630E-01
   5.261959E+00   7.431802E+01   7.982796E+02   2.014775E-01
   5.286263E+00   7.370098E+01   7.960749E+02   2.011927E-01
   5.310680E+00   7.308906E+01   7.938750E+02   2.009083E-01
   5.335209E+00   7.248221E+01   7.916798E+02   2.006245E-01
   5.359852E+00   7.188038E+01   7.894893E+02   2.003412E-01
   5.384608E+00   7.128354E+01   7.873036E+02   2.000584E-01
   5.409479E+00   7.069164E+01   7.851224E+02   1.997760E-01
   5.434465E+00   7.010465E+01   7.829459E+02   1.994940E-01
   5.459566E+00   6.952252E+01   7.807739E+02   1.992123E-01
   5.484783E+00   6.894521E+01   7.786065E+02   1.989309E-01
   5.510116E+00   6.837268E+01   7.764436E+02   1.986498E-01
   5.535567E+00   6.780489E+01   7.742853E+02   1.983689E-01
   5.561135E+00   6.724181E+01   7.721314E+02   1.980881E-01
   5.586821E+00   6.668338E+01   7.699821E+02   1.978075E-01
   5.612626E+00   6.612958E+01   7.678372E+02   1.975271E-01
   5.638550E+00   6.558037E+01   7.656969E+02   1.972467E-01
   5.664594E+00   6.503570E+01   7.635610E+02   1.969664E-01
   5.690758E+00   6.449554E+01   7.614297E+02   1.966861E-01
   5.717043E+00   6.399027E+01   7.592913E+02   1.964092E-01
   5.743449E+00   6.357177E+01   7.571262E+02   1.961412E-01
   5.769977E+00   6.315620E+01   7.549666E+02   1.958731E-01
   5.796628E+00   6.274353E+01   7.528123E+02   1.956050E-01
   5.823402E+00   6.233375E+01   7.506635E+02   1.953368E-01
   5.850300E+00   6.192684E+01   7.485202E+02   1.950687E-01
   5.877322E+00   6.152276E+01   7.463823E+02   1.948006E-01
   5.904468E+00   6.112151E+01   7.442500E+02   1.945325E-01
   5.931740E+00   6.072306E+01   7.421231E+02   1.942646E-01
   5.959138E+00   6.032740E+01   7.400017E+02   1.939968E-01
   5.986663E+00   5.993449E+01   7.378858E+02   1.937292E-01
   6.014314E+00   5.954433E+01   7.357755E+02   1.934617E-01
   6.042094E+00   5.915689E+01   7.336706E+02   1.931945E-01
   6.070001E+00   5.877215E+01   7.315712E+02   1.929275E-01
   6.098038E+00   5.839010E+01   7.294772E+02   1.926608E-01
   6.126204E+00   5.801071E+01   7.273887E+02   1.923943E-01
   6.154500E+00   5.763396E+01   7.253055E+02   1.921281E-01
   6.182927E+00   5.725984E+01   7.232278E+02   1.918621E-01
   6.211485E+00   5.688833E+01   7.211553E+02   1.915964E-01
   6.240175E+00   5.651939E+01   7.190881E+02   1.913309E-01
   6.268998E+00   5.615302E+01   7.170261E+02   1.910655E-01
   6.297954E+00   5.578919E+01   7.149694E+02   1.908003E-01
   6.327043E+00   5.542789E+01   7.129177E+02   1.905352E-01
   6.356267E+00   5.506908E+01   7.108712E+02   1.902701E-01
   6.385626E+00   5.471276E+01   7.088297E+02   1.900051E-01
   6.415120E+00   5.435889E+01   7.067933E+02   1.897400E-01
   6.444751E+00   5.400746E+01   7.047618E+02   1.894749E-01
   6.474518E+00   5.365846E+01   7.027354E+02   1.892097E-01
   6.504423E+00   5.331185E+01   7.007138E+02   1.889444E-01
   6.534467E+00   5.296763E+01   6.986973E+02   1.886789E-01
   6.564648E+00   5.262576E+01   6.966856E+02   1.884132E-01
   6.594970E+00   5.228624E+01   6.946789E+02   1.881473E-01
   6.625431E+00   5.194905E+01   6.926770E+02   1.878812E-01
   6.656033E+00   5.161416E+01   6.906801E+02   1.876149E-01
   6.686777E+00   5.131075E+01   6.886801E+02   1.873526E-01
   6.717662E+00   5.103351E+01   6.866784E+02   1.870935E-01
   6.748690E+00   5.075792E+01   6.846819E+02   1.868342E-01
   6.779861E+00   5.048397E+01   6.826906E+02   1.865746E-01
   6.811177E+00   5.021166E+01   6.807045E+02   1.863147E-01
   6.842637E+00   4.994098E+01   6.787237E+02   1.860547E-01
   6.874242E+00   4.967191E+01   6.767481E+02   1.857945E-01
   6.905993E+00   4.940444E+01   6.747777E+02   1.855342E-01
   6.937891E+00   4.913856E+01   6.728125E+02   1.852737E-01
   6.969936E+00   4.887427E+01   6.708526E+02   1.850132E-01
   7.002130E+00   4.861154E+01   6.688979E+02   1.847526E-01
   7.034472E+00   4.835039E+01   6.669485E+02   1.844920E-01
   7.066963E+00   4.809078E+01   6.650043E+02   1.842314E-01
   7.099605E+00   4.783273E+01   6.630652E+02   1.839709E-01
   7.132397E+00   4.757620E+01   6.611313E+02   1.837103E-01
   7.165340E+00   4.732120E+01   6.592026E+02   1.834498E-01
   7.198436E+00   4.706771E+01   6.572789E+02   1.831893E-01
   7.231685E+00   4.681573E+01   6.553604E+02   1.829289E-01
   7.265087E+00   4.656523E+01   6.534468E+02   1.826684E-01
   7.298644E+00   4.631622E+01   6.515383E+02   1.824079E-01
   7.332355E+00   4.606868E+01   6.496346E+02   1.821473E-01
   7.366222E+00   4.582261E+01   6.477359E+02   1.818867E-01
   7.400246E+00   4.557798E+01   6.458421E+02   1.816259E-01
   7.434427E+00   4.533479E+01   6.439530E+02   1.813649E-01
   7.468766E+00   4.509302E+01   6.420688E+02   1.811037E-01
   7.503263E+00   4.485267E+01   6.401893E+02   1.808423E-01
   7.537920E+00   4.461373E+01   6.383145E+02   1.805806E-01
   7.572736E+00   4.437618E+01   6.364445E+02   1.803186E-01
   7.607714E+00   4.414002E+01   6.345791E+02   1.800562E-01
   7.642853E+00   4.390523E+01   6.327184E+02   1.797934E-01
   7.678154E+00   4.367181E+01   6.308624E+02   1.795302E-01
   7.713619E+00   4.343974E+01   6.290110E+02   1.792666E-01
   7.749247E+00   4.320902E+01   6.271643E+02   1.790026E-01
   7.785040E+00   4.297963E+01   6.253222E+02   1.787382E-01
   7.820998E+00   4.275157E+01   6.234848E+02   1.784733E-01
   7.857122E+00   4.252483E+01   6.216521E+02   1.782081E-01
   7.893413E+00   4.229939E+01   6.198240E+02   1.779424E-01
   7.929872E+00   4.207526E+01   6.180006E+02   1.776764E-01
   7.966499E+00   4.185242E+01   6.161819E+02   1.774100E-01
   8.003295E+00   4.162918E+01   6.143686E+02   1.771432E-01
   8.040262E+00   4.139009E+01   6.125670E+02   1.768751E-01
   8.077399E+00   4.115246E+01   6.107699E+02   1.766069E-01
   8.114707E+00   4.091629E+01   6.089774E+02   1.763384E-01
   8.152188E+00   4.068155E+01   6.071896E+02   1.760697E-01
   8.189842E+00   4.044826E+01   6.054063E+02   1.758009E-01
   8.227670E+00   4.021639E+01   6.036275E+02   1.755319E-01
   8.265672E+00   3.998593E+01   6.018534E+02   1.752628E-01
   8.303850E+00   3.975688E+01   6.000837E+02   1.749936E-01
   8.342205E+00   3.952924E+01   5.983187E+02   1.747243E-01
   8.380737E+00   3.930298E+01   5.965581E+02   1.744548E-01
   8.419446E+00   3.907810E+01   5.948019E+02   1.741853E-01
   8.458335E+00   3.885460E+01   5.930502E+02   1.739157E-01
   8.497403E+00   3.863246E+01   5.913029E+02   1.736459E-01
   8.536651E+00   3.841167E+01   5.895600E+02   1.733759E-01
   8.576081E+00   3.819222E+01   5.878214E+02   1.731057E-01
   8.615693E+00   3.797410E+01   5.860871E+02   1.728353E-01
   8.655487E+00   3.775731E+01   5.843571E+02   1.725646E-01
   8.695466E+00   3.754183E+01   5.826313E+02   1.722936E-01
   8.735629E+00   3.732766E+01   5.809097E+02   1.720222E-01
   8.775978E+00   3.711478E+01   5.791922E+02   1.717505E-01
   8.816513E+00   3.690319E+01   5.774790E+02   1.714783E-01
   8.857236E+00   3.669287E+01   5.757698E+02   1.712056E-01
   8.898146E+00   3.648382E+01   5.740648E+02   1.709325E-01
   8.939246E+00   3.627603E+01   5.723639E+02   1.706588E-01
   8.980535E+00   3.606948E+01   5.706672E+02   1.703846E-01
   9.022015E+00   3.586418E+01   5.689745E+02   1.701099E-01
   9.063686E+00   3.566011E+01   5.672859E+02   1.698346E-01
   9.105550E+00   3.545726E+01   5.656015E+02   1.695587E-01
   9.147608E+00   3.525563E+01   5.639211E+02   1.692823E-01
   9.189860E+00   3.505521E+01   5.622449E+02   1.690053E-01
   9.232306E+00   3.485598E+01   5.605728E+02   1.687278E-01
   9.274949E+00   3.465795E+01   5.589049E+02   1.684499E-01
   9.317789E+00   3.446110E+01   5.572411E+02   1.681714E-01
   9.360827E+00   3.426544E+01   5.555814E+02   1.678925E-01
   9.404063E+00   3.407094E+01   5.539260E+02   1.676132E-01
   9.447500E+00   3.387761E+01   5.522747E+02   1.673335E-01
   9.491136E+00   3.368543E+01   5.506275E+02   1.670534E-01
   9.534975E+00   3.349441E+01   5.489845E+02   1.667730E-01
   9.579016E+00   3.330452E+01   5.473457E+02   1.664923E-01
   9.623260E+00   3.311578E+01   5.457111E+02   1.662113E-01
   9.667709E+00   3.292816E+01   5.440805E+02   1.659301E-01
   9.712362E+00   3.274167E+01   5.424541E+02   1.656486E-01
   9.757223E+00   3.255629E+01   5.408318E+02   1.653669E-01
   9.802290E+00   3.237203E+01   5.392136E+02   1.650849E-01
   9.847566E+00   3.218886E+01   5.375994E+02   1.648026E-01
   9.893050E+00   3.200679E+01   5.359892E+02   1.645200E-01
   9.938745E+00   3.182580E+01   5.343830E+02   1.642372E-01
   9.984651E+00   3.164589E+01   5.327808E+02   1.639540E-01
   1.003077E+01   3.150114E+01   5.311718E+02   1.636732E-01
   1.007710E+01   3.137408E+01   5.295615E+02   1.633934E-01
   1.012364E+01   3.124761E+01   5.279554E+02   1.631132E-01
   1.017040E+01   3.112171E+01   5.263533E+02   1.628324E-01
   1.021738E+01   3.099639E+01   5.247552E+02   1.625510E-01
   1.026457E+01   3.087163E+01   5.231612E+02   1.622691E-01
   1.031198E+01   3.074744E+01   5.215712E+02   1.619865E-01
   1.035961E+01   3.062381E+01   5.199851E+02   1.617033E-01
   1.040746E+01   3.050074E+01   5.184031E+02   1.614194E-01
   1.045553E+01   3.037822E+01   5.168250E+02   1.611347E-01
   1.050383E+01   3.025625E+01   5.152508E+02   1.608493E-01
   1.055234E+01   3.013483E+01   5.136806E+02   1.605632E-01
   1.060108E+01   3.001395E+01   5.121144E+02   1.602764E-01
   1.065005E+01   2.989361E+01   5.105521E+02   1.599887E-01
   1.069924E+01   2.977381E+01   5.089938E+02   1.597004E-01
   1.074866E+01   2.965454E+01   5.074394E+02   1.594113E-01
   1.079830E+01   2.953580E+01   5.058890E+02   1.591215E-01
   1.084818E+01   2.941760E+01   5.043425E+02   1.588310E-01
   1.089829E+01   2.929992E+01   5.028001E+02   1.585399E-01
   1.094862E+01   2.918276E+01   5.012616E+02   1.582481E-01
   1.099920E+01   2.906613E+01   4.997271E+02   1.579558E-01
   1.105000E+01   2.895001E+01   4.981966E+02   1.576629E-01
   1.110104E+01   2.883482E+01   4.966701E+02   1.573696E-01
   1.115231E+01   2.873951E+01   4.951496E+02   1.570837E-01
   1.120382E+01   2.864455E+01   4.936330E+02   1.567973E-01
   1.125557E+01   2.854995E+01   4.921202E+02   1.565103E-01
   1.130756E+01   2.845569E+01   4.906114E+02   1.562228E-01
   1.135979E+01   2.836178E+01   4.891065E+02   1.559348E-01
   1.141226E+01   2.826822E+01   4.876054E+02   1.556464E-01
   1.146497E+01   2.817501E+01   4.861082E+02   1.553573E-01
   1.151793E+01   2.808213E+01   4.846147E+02   1.550678E-01
   1.157112E+01   2.798960E+01   4.831251E+02   1.547777E-01
   1.162457E+01   2.789741E+01   4.816392E+02   1.544871E-01
   1.167826E+01   2.780556E+01   4.801570E+02   1.541958E-01
   1.173220E+01   2.771404E+01   4.786785E+02   1.539039E-01
   1.178639E+01   2.762286E+01   4.772037E+02   1.536114E-01
   1.184083E+01   2.753201E+01   4.757325E+02   1.533181E-01
   1.189552E+01   2.744149E+01   4.742650E+02   1.530241E-01
   1.195047E+01   2.735130E+01   4.728010E+02   1.527294E-01
   1.200567E+01   2.726143E+01   4.713406E+02   1.524338E-01
   1.206112E+01   2.717189E+01   4.698838E+02   1.521374E-01
   1.211683E+01   2.708267E+01   4.684306E+02   1.518401E-01
   1.217279E+01   2.699378E+01   4.669808E+02   1.515419E-01
   1.222902E+01   2.690520E+01   4.655346E+02   1.512428E-01
   1.228550E+01   2.681694E+01   4.640920E+02   1.509428E-01
   1.234225E+01   2.672899E+01   4.626528E+02   1.506418E-01
   1.239926E+01   2.664136E+01   4.612172E+02   1.503398E-01
   1.245653E+01   2.655404E+01   4.597850E+02   1.500369E-01
   1.251406E+01   2.647018E+01   4.583562E+02   1.497339E-01
   1.257186E+01   2.639635E+01   4.569303E+02   1.494325E-01
   1.262993E+01   2.632274E+01   4.555079E+02   1.491302E-01
   1.268827E+01   2.624935E+01   4.540890E+02   1.488270E-01
   1.274687E+01   2.617618E+01   4.526737E+02   1.485229E-01
   1.280575E+01   2.610322E+01   4.512619E+02   1.482180E-01
   1.286490E+01   2.603049E+01   4.498537E+02   1.479122E-01
   1.292432E+01   2.595798E+01   4.484491E+02   1.476057E-01
   1.298401E+01   2.588569E+01   4.470481E+02   1.472983E-01
   1.304398E+01   2.581361E+01   4.456506E+02   1.469903E-01
   1.310423E+01   2.574175E+01   4.442566E+02   1.466815E-01
   1.316476E+01   2.567011E+01   4.428662E+02   1.463721E-01
   1.322557E+01   2.559869E+01   4.414793E+02   1.460620E-01
   1.328665E+01   2.552748E+01   4.400959E+02   1.457512E-01
   1.334802E+01   2.545648E+01   4.387160E+02   1.454397E-01
   1.340968E+01   2.538570E+01   4.373396E+02   1.451276E-01
   1.347161E+01   2.531514E+01   4.359666E+02   1.448147E-01
   1.353384E+01   2.524478E+01   4.345971E+02   1.445011E-01
   1.359635E+01   2.517464E+01   4.332309E+02   1.441867E-01
   1.365915E+01   2.510470E+01   4.318681E+02   1.438716E-01
   1.372224E+01   2.503498E+01   4.305086E+02   1.435556E-01
   1.378562E+01   2.496546E+01   4.291524E+02   1.432388E-01
   1.384929E+01   2.489615E+01   4.277995E+02   1.429211E-01
   1.391326E+01   2.482704E+01   4.264499E+02   1.426024E-01
   1.397753E+01   2.475814E+01   4.251035E+02   1.422827E-01
   1.404209E+01   2.468944E+01   4.237604E+02   1.419620E-01
   1.410694E+01   2.462095E+01   4.224205E+02   1.416403E-01
   1.417210E+01   2.455265E+01   4.210838E+02   1.413175E-01
   1.423756E+01   2.448455E+01   4.197503E+02   1.409935E-01
   1.430332E+01   2.441574E+01   4.184202E+02   1.406684E-01
   1.436939E+01   2.433008E+01   4.170983E+02   1.403415E-01
   1.443576E+01   2.424474E+01   4.157795E+02   1.400135E-01
   1.450244E+01   2.415970E+01   4.144638E+02   1.396843E-01
   1.456942E+01   2.407498E+01   4.131513E+02   1.393539E-01
   1.463672E+01   2.399057E+01   4.118419E+02   1.390225E-01
   1.470432E+01   2.390647E+01   4.105357E+02   1.386900E-01
   1.477224E+01   2.382268E+01   4.092326E+02   1.383564E-01
   1.484047E+01   2.373919E+01   4.079327E+02   1.380217E-01
   1.490902E+01   2.365601E+01   4.066360E+02   1.376860E-01
   1.497788E+01   2.357313E+01   4.053424E+02   1.373493E-01
   1.504706E+01   2.349056E+01   4.040520E+02   1.370116E-01
   1.511656E+01   2.340830E+01   4.027648E+02   1.366730E-01
   1.518638E+01   2.332633E+01   4.014807E+02   1.363335E-01
   1.525653E+01   2.324467E+01   4.001998E+02   1.359931E-01
   1.532699E+01   2.316330E+01   3.989221E+02   1.356518E-01
   1.539779E+01   2.308224E+01   3.976475E+02   1.353097E-01
   1.546891E+01   2.300147E+01   3.963760E+02   1.349667E-01
   1.554036E+01   2.292101E+01   3.951076E+02   1.346228E-01
   1.561214E+01   2.284083E+01   3.938424E+02   1.342781E-01
   1.568425E+01   2.276096E+01   3.925802E+02   1.339325E-01
   1.575669E+01   2.268137E+01   3.913211E+02   1.335860E-01
   1.582947E+01   2.260208E+01   3.900650E+02   1.332386E-01
   1.590258E+01   2.252308E+01   3.888119E+02   1.328902E-01
   1.597603E+01   2.244437E+01   3.875618E+02   1.325409E-01
   1.604983E+01   2.236595E+01   3.863147E+02   1.321905E-01
   1.612396E+01   2.228781E+01   3.850705E+02   1.318391E-01
   1.619843E+01   2.220996E+01   3.838292E+02   1.314865E-01
   1.627325E+01   2.213239E+01   3.825909E+02   1.311329E-01
   1.634841E+01   2.205511E+01   3.813555E+02   1.307780E-01
   1.642393E+01   2.197810E+01   3.801229E+02   1.304220E-01
   1.649979E+01   2.190138E+01   3.788933E+02   1.300647E-01
   1.657600E+01   2.182493E+01   3.776665E+02   1.297062E-01
   1.665256E+01   2.174876E+01   3.764426E+02   1.293464E-01
   1.672948E+01   2.166913E+01   3.752217E+02   1.289841E-01
   1.680675E+01   2.158380E+01   3.740040E+02   1.286189E-01
   1.688438E+01   2.149882E+01   3.727891E+02   1.282523E-01
   1.696236E+01   2.141419E+01   3.715771E+02   1.278844E-01
   1.704071E+01   2.132991E+01   3.703680E+02   1.275152E-01
   1.711942E+01   2.124597E+01   3.691617E+02   1.271448E-01
   1.719849E+01   2.116237E+01   3.679583E+02   1.267731E-01
   1.727793E+01   2.107912E+01   3.667578E+02   1.264001E-01
   1.735773E+01   2.099621E+01   3.655601E+02   1.260259E-01
   1.743791E+01   2.091364E+01   3.643653E+02   1.256505E-01
   1.751845E+01   2.083140E+01   3.631734E+02   1.252740E-01
   1.759936E+01   2.074951E+01   3.619843E+02   1.248962E-01
   1.768065E+01   2.066794E+01   3.607982E+02   1.245173E-01
   1.776232E+01   2.058672E+01   3.596149E+02   1.241373E-01
   1.784436E+01   2.050582E+01   3.584344E+02   1.237562E-01
   1.792678E+01   2.042526E+01   3.572569E+02   1.233740E-01
   1.800958E+01   2.034503E+01   3.560821E+02   1.229907E-01
   1.809277E+01   2.026513E+01   3.549103E+02   1.226063E-01
   1.817634E+01   2.018556E+01   3.537412E+02   1.222209E-01
   1.826029E+01   2.010631E+01   3.525750E+02   1.218343E-01
   1.834463E+01   2.002738E+01   3.514115E+02   1.214467E-01
   1.842936E+01   1.994878E+01   3.502509E+02   1.210580E-01
   1.851449E+01   1.987051E+01   3.490930E+02   1.206682E-01
   1.860000E+01   1.979255E+01   3.479378E+02   1.202772E-01
   1.868591E+01   1.971491E+01   3.467854E+02   1.198850E-01
   1.877222E+01   1.963759E+01   3.456357E+02   1.194917E-01
   1.885893E+01   1.956059E+01   3.444887E+02   1.190971E-01
   1.894604E+01   1.948389E+01   3.433444E+02   1.187012E-01
   1.903354E+01   1.940752E+01   3.422027E+02   1.183040E-01
   1.912146E+01   1.933145E+01   3.410637E+02   1.179055E-01
   1.920978E+01   1.925569E+01   3.399274E+02   1.175056E-01
   1.929851E+01   1.918024E+01   3.387936E+02   1.171043E-01
   1.938764E+01   1.910509E+01   3.376625E+02   1.167015E-01
   1.947719E+01   1.903025E+01   3.365340E+02   1.162973E-01
   1.956715E+01   1.895572E+01   3.354081E+02   1.158915E-01
   1.965753E+01   1.888148E+01   3.342848E+02   1.154843E-01
   1.974833E+01   1.880754E+01   3.331641E+02   1.150756E-01
   1.983954E+01   1.873391E+01   3.320460E+02   1.146653E-01
   1.993118E+01   1.866057E+01   3.309305E+02   1.142535E-01
   2.002324E+01   1.858653E+01   3.298176E+02   1.138398E-01
   2.011573E+01   1.850984E+01   3.287074E+02   1.134235E-01
   2.020864E+01   1.843347E+01   3.275998E+02   1.130058E-01
   2.030198E+01   1.835743E+01   3.264948E+02   1.125866E-01
   2.039575E+01   1.828172E+01   3.253924E+02   1.121659E-01
   2.048996E+01   1.820633E+01   3.242927E+02   1.117438E-01
   2.058460E+01   1.813126E+01   3.231955E+02   1.113202E-01
   2.067967E+01   1.805651E+01   3.221010E+02   1.108953E-01
   2.077519E+01   1.798208E+01   3.210090E+02   1.104689E-01
   2.087115E+01   1.790797E+01   3.199197E+02   1.100412E-01
   2.096755E+01   1.783417E+01   3.188330E+02   1.096121E-01
   2.106440E+01   1.776069E+01   3.177489E+02   1.091817E-01
   2.116169E+01   1.768753E+01   3.166673E+02   1.087499E-01
   2.125943E+01   1.761467E+01   3.155884E+02   1.083168E-01
   2.135763E+01   1.754213E+01   3.145120E+02   1.078823E-01
   2.145628E+01   1.746990E+01   3.134382E+02   1.074465E-01
   2.155538E+01   1.739797E+01   3.123669E+02   1.070094E-01
   2.165494E+01   1.732636E+01   3.112982E+02   1.065709E-01
   2.175496E+01   1.725505E+01   3.102319E+02   1.061309E-01
   2.185545E+01   1.718404E+01   3.091682E+02   1.056896E-01
   2.195640E+01   1.711333E+01   3.081070E+02   1.052468E-01
   2.205781E+01   1.704293E+01   3.070482E+02   1.048026E-01
   2.215969E+01   1.697283E+01   3.059919E+02   1.043569E-01
   2.226204E+01   1.690646E+01   3.049379E+02   1.039106E-01
   2.236487E+01   1.684261E+01   3.038861E+02   1.034634E-01
   2.246817E+01   1.677899E+01   3.028368E+02   1.030146E-01
   2.257195E+01   1.671563E+01   3.017899E+02   1.025641E-01
   2.267621E+01   1.665251E+01   3.007454E+02   1.021120E-01
   2.278094E+01   1.658964E+01   2.997033E+02   1.016582E-01
   2.288617E+01   1.652701E+01   2.986636E+02   1.012027E-01
   2.299187E+01   1.646463E+01   2.976263E+02   1.007455E-01
   2.309807E+01   1.640248E+01   2.965914E+02   1.002865E-01
   2.320476E+01   1.634058E+01   2.955589E+02   9.982571E-02
   2.331194E+01   1.627891E+01   2.945287E+02   9.936317E-02
   2.341961E+01   1.621749E+01   2.935009E+02   9.889885E-02
   2.352779E+01   1.615630E+01   2.924755E+02   9.843273E-02
   2.363646E+01   1.609535E+01   2.914524E+02   9.796483E-02
   2.374563E+01   1.603463E+01   2.904318E+02   9.749514E-02
   2.385531E+01   1.597415E+01   2.894134E+02   9.702366E-02
   2.396549E+01   1.591390E+01   2.883975E+02   9.655039E-02
   2.407619E+01   1.585388E+01   2.873839E+02   9.607535E-02
   2.418739E+01   1.579410E+01   2.863727E+02   9.559854E-02
   2.429911E+01   1.573454E+01   2.853639E+02   9.511997E-02
   2.441135E+01   1.567522E+01   2.843574E+02   9.463963E-02
   2.452410E+01   1.561612E+01   2.833533E+02   9.415755E-02
   2.463737E+01   1.555726E+01   2.823516E+02   9.367371E-02
   2.475117E+01   1.549862E+01   2.813522E+02   9.318812E-02
   2.486549E+01   1.544021E+01   2.803551E+02   9.270080E-02
   2.498034E+01   1.538202E+01   2.793604E+02   9.221172E-02
   2.509572E+01   1.531945E+01   2.783682E+02   9.171945E-02
   2.521164E+01   1.525620E+01   2.773783E+02   9.122514E-02
   2.532809E+01   1.519321E+01   2.763908E+02   9.072909E-02
   2.544508E+01   1.513049E+01   2.754056E+02   9.023128E-02
   2.556260E+01   1.506804E+01   2.744227E+02   8.973171E-02
   2.568067E+01   1.500586E+01   2.734421E+02   8.923037E-02
   2.579929E+01   1.494393E+01   2.724638E+02   8.872723E-02
   2.591845E+01   1.488227E+01   2.714877E+02   8.822230E-02
   2.603817E+01   1.482088E+01   2.705139E+02   8.771555E-02
   2.615843E+01   1.475974E+01   2.695424E+02   8.720697E-02
   2.627926E+01   1.469886E+01   2.685731E+02   8.669655E-02
   2.640064E+01   1.463824E+01   2.676060E+02   8.618426E-02
   2.652258E+01   1.457787E+01   2.666412E+02   8.567010E-02
   2.664508E+01   1.451776E+01   2.656786E+02   8.515405E-02
   2.676815E+01   1.445791E+01   2.647182E+02   8.463608E-02
   2.689179E+01   1.439830E+01   2.637601E+02   8.411620E-02
   2.701600E+01   1.433895E+01   2.628041E+02   8.359437E-02
   2.714079E+01   1.427985E+01   2.618503E+02   8.307059E-02
   2.726615E+01   1.422100E+01   2.608987E+02   8.254484E-02
   2.739208E+01   1.416240E+01   2.599493E+02   8.201711E-02
   2.751861E+01   1.410405E+01   2.590021E+02   8.148739E-02
   2.764571E+01   1.404594E+01   2.580571E+02   8.095565E-02
   2.777340E+01   1.398808E+01   2.571142E+02   8.042190E-02
   2.790168E+01   1.393046E+01   2.561735E+02   7.988611E-02
   2.803056E+01   1.387308E+01   2.552349E+02   7.934828E-02
   2.816003E+01   1.381594E+01   2.542985E+02   7.880839E-02
   2.829010E+01   1.375905E+01   2.533642E+02   7.826643E-02
   2.842076E+01   1.370240E+01   2.524321E+02   7.772238E-02
   2.855204E+01   1.364598E+01   2.515020E+02   7.717624E-02
   2.868391E+01   1.359577E+01   2.505729E+02   7.662765E-02
   2.881640E+01   1.354915E+01   2.496451E+02   7.607675E-02
   2.894950E+01   1.350269E+01   2.487194E+02   7.552370E-02
   2.908322E+01   1.345640E+01   2.477959E+02   7.496850E-02
   2.921755E+01   1.341027E+01   2.468746E+02   7.441113E-02
   2.935250E+01   1.336430E+01   2.459554E+02   7.385157E-02
   2.948808E+01   1.331849E+01   2.450382E+02   7.328981E-02
   2.962428E+01   1.327284E+01   2.441232E+02   7.272582E-02
   2.976111E+01   1.322735E+01   2.432104E+02   7.215961E-02
   2.989857E+01   1.318202E+01   2.422996E+02   7.159114E-02
   3.003667E+01   1.313685E+01   2.413909E+02   7.102040E-02
   3.017540E+01   1.309183E+01   2.404843E+02   7.044739E-02
   3.031478E+01   1.304697E+01   2.395798E+02   6.987207E-02
   3.045480E+01   1.300227E+01   2.386774E+02   6.929444E-02
   3.059547E+01   1.295772E+01   2.377771E+02   6.871448E-02
   3.073678E+01   1.291333E+01   2.368789E+02   6.813218E-02
   3.087875E+01   1.286909E+01   2.359827E+02   6.754753E-02
   3.102138E+01   1.282500E+01   2.350886E+02   6.696051E-02
   3.116466E+01   1.278107E+01   2.341965E+02   6.637112E-02
   3.130861E+01   1.273729E+01   2.333066E+02   6.577934E-02
   3.145322E+01   1.269366E+01   2.324186E+02   6.518518E-02
   3.159850E+01   1.265019E+01   2.315328E+02   6.458861E-02
   3.174445E+01   1.260686E+01   2.306490E+02   6.398964E-02
   3.189107E+01   1.256369E+01   2.297672E+02   6.338826E-02
   3.203837E+01   1.252066E+01   2.288875E+02   6.278447E-02
   3.218635E+01   1.247779E+01   2.280098E+02   6.217827E-02
   3.233502E+01   1.243506E+01   2.271341E+02   6.156965E-02
   3.248437E+01   1.239248E+01   2.262605E+02   6.095863E-02
   3.263441E+01   1.235005E+01   2.253889E+02   6.034519E-02
   3.278515E+01   1.230776E+01   2.245194E+02   5.972934E-02
   3.293658E+01   1.226562E+01   2.236519E+02   5.911109E-02
   3.308871E+01   1.222363E+01   2.227864E+02   5.849044E-02
   3.324154E+01   1.218178E+01   2.219229E+02   5.786738E-02
   3.339508E+01   1.214898E+01   2.210612E+02   5.724497E-02
   3.354933E+01   1.212174E+01   2.202013E+02   5.662201E-02
   3.370429E+01   1.209455E+01   2.193434E+02   5.599663E-02
   3.385996E+01   1.206741E+01   2.184875E+02   5.536881E-02
   3.401636E+01   1.204032E+01   2.176337E+02   5.473858E-02
   3.417347E+01   1.201328E+01   2.167818E+02   5.410591E-02
   3.433132E+01   1.198630E+01   2.159319E+02   5.347081E-02
   3.448989E+01   1.195936E+01   2.150839E+02   5.283327E-02
   3.464919E+01   1.193247E+01   2.142380E+02   5.219330E-02
   3.480923E+01   1.190563E+01   2.133940E+02   5.155086E-02
   3.497001E+01   1.187884E+01   2.125519E+02   5.090597E-02
   3.513154E+01   1.185211E+01   2.117118E+02   5.025859E-02
   3.529380E+01   1.182542E+01   2.108736E+02   4.960872E-02
   3.545682E+01   1.179878E+01   2.100373E+02   4.895634E-02
   3.562059E+01   1.177219E+01   2.092030E+02   4.830141E-02
   3.578512E+01   1.174565E+01   2.083706E+02   4.764393E-02
   3.595041E+01   1.171916E+01   2.075400E+02   4.698385E-02
   3.611646E+01   1.169272E+01   2.067114E+02   4.632116E-02
   3.628327E+01   1.166632E+01   2.058846E+02   4.565581E-02
   3.645086E+01   1.163998E+01   2.050597E+02   4.498778E-02
   3.661922E+01   1.161368E+01   2.042366E+02   4.431703E-02
   3.678836E+01   1.158743E+01   2.034154E+02   4.364353E-02
   3.695828E+01   1.156123E+01   2.025961E+02   4.296722E-02
   3.712899E+01   1.153508E+01   2.017785E+02   4.228808E-02
   3.730048E+01   1.150897E+01   2.009628E+02   4.160607E-02
   3.747277E+01   1.148291E+01   2.001489E+02   4.092113E-02
   3.764585E+01   1.145690E+01   1.993368E+02   4.023323E-02
   3.781973E+01   1.143094E+01   1.985266E+02   3.954234E-02
   3.799442E+01   1.140502E+01   1.977181E+02   3.884840E-02
   3.816991E+01   1.137915E+01   1.969114E+02   3.815138E-02
   3.834621E+01   1.135332E+01   1.961065E+02   3.745124E-02
   3.852333E+01   1.132754E+01   1.953034E+02   3.674794E-02
   3.870126E+01   1.130181E+01   1.945021E+02   3.604146E-02
   3.888002E+01   1.127613E+01   1.937025E+02   3.533175E-02
   3.905960E+01   1.125049E+01   1.929047E+02   3.461879E-02
   3.924001E+01   1.122489E+01   1.921088E+02   3.390254E-02
   3.942126E+01   1.119934E+01   1.913145E+02   3.318300E-02
   3.960334E+01   1.117384E+01   1.905221E+02   3.246013E-02
   3.978626E+01   1.114838E+01   1.897314E+02   3.173391E-02
   3.997003E+01   1.112297E+01   1.889425E+02   3.100434E-02
   4.015465E+01   1.110109E+01   1.881551E+02   3.027208E-02
   4.034012E+01   1.107992E+01   1.873695E+02   2.953656E-02
   4.052644E+01   1.105877E+01   1.865856E+02   2.879766E-02
   4.071363E+01   1.103765E+01   1.858035E+02   2.805536E-02
   4.090168E+01   1.101654E+01   1.850232E+02   2.730967E-02
   4.109060E+01   1.099546E+01   1.842447E+02   2.656060E-02
   4.128039E+01   1.097440E+01   1.834679E+02   2.580814E-02
   4.147106E+01   1.095336E+01   1.826930E+02   2.505232E-02
   4.166261E+01   1.093235E+01   1.819199E+02   2.429313E-02
   4.185505E+01   1.091135E+01   1.811485E+02   2.353060E-02
   4.204837E+01   1.089038E+01   1.803789E+02   2.276474E-02
   4.224259E+01   1.086943E+01   1.796112E+02   2.199556E-02
   4.243770E+01   1.084850E+01   1.788452E+02   2.122309E-02
   4.263371E+01   1.082760E+01   1.780810E+02   2.044733E-02
   4.283063E+01   1.080671E+01   1.773186E+02   1.966832E-02
   4.302846E+01   1.078585E+01   1.765580E+02   1.888606E-02
   4.322721E+01   1.076501E+01   1.757992E+02   1.810057E-02
   4.342687E+01   1.074419E+01   1.750422E+02   1.731188E-02
   4.362745E+01   1.072339E+01   1.742870E+02   1.651999E-02
   4.382896E+01   1.070262E+01   1.735335E+02   1.572493E-02
   4.403140E+01   1.068186E+01   1.727818E+02   1.492671E-02
   4.423478E+01   1.066113E+01   1.720319E+02   1.412534E-02
   4.443909E+01   1.064033E+01   1.712838E+02   1.332095E-02
   4.464435E+01   1.061915E+01   1.705377E+02   1.251394E-02
   4.485056E+01   1.059799E+01   1.697933E+02   1.170381E-02
   4.505772E+01   1.057686E+01   1.690507E+02   1.089057E-02
   4.526583E+01   1.055575E+01   1.683097E+02   1.007421E-02
   4.547491E+01   1.053466E+01   1.675706E+02   9.254746E-03
   4.568495E+01   1.051361E+01   1.668331E+02   8.432174E-03
   4.589597E+01   1.049257E+01   1.660974E+02   7.606491E-03
   4.610795E+01   1.047156E+01   1.653633E+02   6.777691E-03
   4.632092E+01   1.045058E+01   1.646310E+02   5.945768E-03
   4.653487E+01   1.042962E+01   1.639004E+02   5.110712E-03
   4.674981E+01   1.040868E+01   1.631714E+02   4.272511E-03
   4.696574E+01   1.038777E+01   1.624441E+02   3.431153E-03
   4.718267E+01   1.036688E+01   1.617185E+02   2.586620E-03
   4.740060E+01   1.034602E+01   1.609946E+02   1.738896E-03
   4.761954E+01   1.032518E+01   1.602723E+02   8.879613E-04
   4.783949E+01   1.030436E+01   1.595516E+02   3.379326E-05
   4.806045E+01   1.028357E+01   1.588326E+02  -8.236310E-04
   4.828244E+01   1.026280E+01   1.581151E+02  -1.684336E-03
   4.850545E+01   1.024206E+01   1.573993E+02  -2.548350E-03
   4.872949E+01   1.022134E+01   1.566851E+02  -3.415699E-03
   4.895456E+01   1.020064E+01   1.559725E+02  -4.286415E-03
   4.918068E+01   1.017997E+01   1.552615E+02  -5.160527E-03
   4.940784E+01   1.015932E+01   1.545521E+02  -6.038067E-03
   4.963605E+01   1.013869E+01   1.538442E+02  -6.919070E-03
   4.986531E+01   1.011809E+01   1.531379E+02  -7.803569E-03
   5.009563E+01   1.009813E+01   1.524332E+02  -8.691178E-03
   5.032702E+01   1.007906E+01   1.517300E+02  -9.581762E-03
   5.055947E+01   1.006001E+01   1.510285E+02  -1.047596E-02
   5.079300E+01   1.004097E+01   1.503284E+02  -1.137380E-02
   5.102761E+01   1.002195E+01   1.496299E+02  -1.227532E-02
   5.126330E+01   1.000294E+01   1.489329E+02  -1.318057E-02
   5.150008E+01   9.983953E+00   1.482374E+02  -1.408958E-02
   5.173795E+01   9.964976E+00   1.475434E+02  -1.500239E-02
   5.197692E+01   9.946014E+00   1.468509E+02  -1.591904E-02
   5.221699E+01   9.927067E+00   1.461600E+02  -1.683956E-02
   5.245818E+01   9.908134E+00   1.454705E+02  -1.776401E-02
   5.270048E+01   9.889216E+00   1.447825E+02  -1.869241E-02
   5.294389E+01   9.870312E+00   1.440960E+02  -1.962481E-02
   5.318843E+01   9.851423E+00   1.434110E+02  -2.056125E-02
   5.343411E+01   9.832548E+00   1.427274E+02  -2.150176E-02
   5.368091E+01   9.813688E+00   1.420454E+02  -2.244638E-02
   5.392886E+01   9.794841E+00   1.413648E+02  -2.339515E-02
   5.417795E+01   9.776009E+00   1.406857E+02  -2.434811E-02
   5.442819E+01   9.757192E+00   1.400080E+02  -2.530530E-02
   5.467959E+01   9.738388E+00   1.393318E+02  -2.626675E-02
   5.493214E+01   9.719599E+00   1.386571E+02  -2.723250E-02
   5.518587E+01   9.700823E+00   1.379838E+02  -2.820258E-02
   5.544077E+01   9.682062E+00   1.373120E+02  -2.917704E-02
   5.569684E+01   9.663314E+00   1.366417E+02  -3.015590E-02
   5.595410E+01   9.644581E+00   1.359728E+02  -3.113921E-02
   5.621254E+01   9.625862E+00   1.353054E+02  -3.212699E-02
   5.647218E+01   9.607156E+00   1.346394E+02  -3.311928E-02
   5.673302E+01   9.588465E+00   1.339749E+02  -3.411612E-02
   5.699506E+01   9.569787E+00   1.333119E+02  -3.511754E-02
   5.725831E+01   9.550609E+00   1.326504E+02  -3.612294E-02
   5.752278E+01   9.531107E+00   1.319906E+02  -3.713258E-02
   5.778847E+01   9.511625E+00   1.313322E+02  -3.814689E-02
   5.805539E+01   9.492163E+00   1.306752E+02  -3.916591E-02
   5.832354E+01   9.472720E+00   1.300197E+02  -4.018966E-02
   5.859293E+01   9.453297E+00   1.293656E+02  -4.121818E-02
   5.886357E+01   9.433893E+00   1.287130E+02  -4.225150E-02
   5.913545E+01   9.414509E+00   1.280619E+02  -4.328964E-02
   5.940859E+01   9.395144E+00   1.274122E+02  -4.433263E-02
   5.968299E+01   9.375799E+00   1.267640E+02  -4.538050E-02
   5.995866E+01   9.356473E+00   1.261172E+02  -4.643327E-02
   6.023560E+01   9.337167E+00   1.254719E+02  -4.749097E-02
   6.051382E+01   9.317881E+00   1.248280E+02  -4.855362E-02
   6.079333E+01   9.298613E+00   1.241856E+02  -4.962124E-02
   6.107412E+01   9.279366E+00   1.235447E+02  -5.069386E-02
   6.135622E+01   9.260138E+00   1.229053E+02  -5.177149E-02
   6.163961E+01   9.240929E+00   1.222673E+02  -5.285415E-02
   6.192432E+01   9.221740E+00   1.216308E+02  -5.394185E-02
   6.221034E+01   9.202571E+00   1.209957E+02  -5.503462E-02
   6.249768E+01   9.183421E+00   1.203622E+02  -5.613245E-02
   6.278635E+01   9.164290E+00   1.197301E+02  -5.723536E-02
   6.307635E+01   9.145179E+00   1.190995E+02  -5.834335E-02
   6.336770E+01   9.126088E+00   1.184704E+02  -5.945643E-02
   6.366038E+01   9.107017E+00   1.178427E+02  -6.057460E-02
   6.395442E+01   9.087965E+00   1.172166E+02  -6.169786E-02
   6.424982E+01   9.068932E+00   1.165920E+02  -6.282621E-02
   6.454658E+01   9.049920E+00   1.159688E+02  -6.395963E-02
   6.484471E+01   9.030927E+00   1.153471E+02  -6.509812E-02
   6.514422E+01   9.011953E+00   1.147270E+02  -6.624166E-02
   6.544512E+01   8.993000E+00   1.141083E+02  -6.739023E-02
   6.574740E+01   8.974066E+00   1.134911E+02  -6.854382E-02
   6.605108E+01   8.955152E+00   1.128755E+02  -6.970239E-02
   6.635616E+01   8.936258E+00   1.122613E+02  -7.086592E-02
   6.666265E+01   8.917383E+00   1.116487E+02  -7.203438E-02
   6.697056E+01   8.898541E+00   1.110377E+02  -7.320697E-02
   6.727989E+01   8.879721E+00   1.104282E+02  -7.438430E-02
   6.759065E+01   8.860921E+00   1.098203E+02  -7.556644E-02
   6.790284E+01   8.842142E+00   1.092138E+02  -7.675334E-02
   6.821647E+01   8.823383E+00   1.086089E+02  -7.794494E-02
   6.853156E+01   8.804645E+00   1.080055E+02  -7.914119E-02
   6.884809E+01   8.785927E+00   1.074036E+02  -8.034203E-02
   6.916610E+01   8.767229E+00   1.068032E+02  -8.154740E-02
   6.948557E+01   8.748553E+00   1.062044E+02  -8.275721E-02
   6.980651E+01   8.729897E+00   1.056071E+02  -8.397141E-02
   7.012894E+01   8.711261E+00   1.050113E+02  -8.518990E-02
   7.045286E+01   8.692647E+00   1.044170E+02  -8.641262E-02
   7.077827E+01   8.674053E+00   1.038243E+02  -8.763946E-02
   7.110518E+01   8.655480E+00   1.032331E+02  -8.887035E-02
   7.143361E+01   8.636928E+00   1.026434E+02  -9.010518E-02
   7.176355E+01   8.618396E+00   1.020552E+02  -9.134386E-02
   7.209502E+01   8.599886E+00   1.014686E+02  -9.258629E-02
   7.242802E+01   8.581397E+00   1.008834E+02  -9.383235E-02
   7.276255E+01   8.562928E+00   1.002998E+02  -9.508194E-02
   7.309864E+01   8.544481E+00   9.971772E+01  -9.633494E-02
   7.343627E+01   8.526055E+00   9.913712E+01  -9.759123E-02
   7.377546E+01   8.507650E+00   9.855804E+01  -9.885070E-02
   7.411622E+01   8.489266E+00   9.798046E+01  -1.001132E-01
   7.445856E+01   8.470903E+00   9.740439E+01  -1.013786E-01
   7.480247E+01   8.452562E+00   9.682980E+01  -1.026469E-01
   7.514797E+01   8.434241E+00   9.625671E+01  -1.039177E-01
   7.549507E+01   8.415942E+00   9.568511E+01  -1.051911E-01
   7.584378E+01   8.397665E+00   9.511498E+01  -1.064669E-01
   7.619409E+01   8.379408E+00   9.454633E+01  -1.077448E-01
   7.654602E+01   8.361173E+00   9.397915E+01  -1.090249E-01
   7.689958E+01   8.342960E+00   9.341343E+01  -1.103069E-01
   7.725477E+01   8.324767E+00   9.284916E+01  -1.115907E-01
   7.761160E+01   8.306596E+00   9.228634E+01  -1.128761E-01
   7.797007E+01   8.288447E+00   9.172495E+01  -1.141629E-01
   7.833021E+01   8.270319E+00   9.116500E+01  -1.154511E-01
   7.869201E+01   8.252212E+00   9.060646E+01  -1.167405E-01
   7.905548E+01   8.234127E+00   9.004934E+01  -1.180308E-01
   7.942062E+01   8.216063E+00   8.949361E+01  -1.193220E-01
   7.978746E+01   8.198020E+00   8.893928E+01  -1.206139E-01
   8.015599E+01   8.179654E+00   8.838638E+01  -1.219059E-01
   8.052622E+01   8.160844E+00   8.783491E+01  -1.231980E-01
   8.089816E+01   8.142060E+00   8.728481E+01  -1.244902E-01
   8.127182E+01   8.123303E+00   8.673604E+01  -1.257825E-01
   8.164720E+01   8.104573E+00   8.618862E+01  -1.270746E-01
   8.202432E+01   8.085871E+00   8.564251E+01  -1.283664E-01
   8.240318E+01   8.067194E+00   8.509771E+01  -1.296577E-01
   8.278379E+01   8.048545E+00   8.455420E+01  -1.309484E-01
   8.316616E+01   8.029923E+00   8.401198E+01  -1.322382E-01
   8.355029E+01   8.011327E+00   8.347103E+01  -1.335271E-01
   8.393620E+01   7.992758E+00   8.293134E+01  -1.348149E-01
   8.432389E+01   7.974216E+00   8.239288E+01  -1.361014E-01
   8.471337E+01   7.955700E+00   8.185566E+01  -1.373864E-01
   8.510465E+01   7.937211E+00   8.131965E+01  -1.386699E-01
   8.549774E+01   7.918748E+00   8.078484E+01  -1.399516E-01
   8.589264E+01   7.900312E+00   8.025121E+01  -1.412314E-01
   8.628937E+01   7.881902E+00   7.971875E+01  -1.425092E-01
   8.668793E+01   7.863519E+00   7.918745E+01  -1.437847E-01
   8.708833E+01   7.845162E+00   7.865730E+01  -1.450579E-01
   8.749058E+01   7.826830E+00   7.812826E+01  -1.463287E-01
   8.789469E+01   7.808525E+00   7.760034E+01  -1.475968E-01
   8.830067E+01   7.790246E+00   7.707352E+01  -1.488622E-01
   8.870852E+01   7.771993E+00   7.654778E+01  -1.501247E-01
   8.911825E+01   7.753766E+00   7.602311E+01  -1.513842E-01
   8.952988E+01   7.735564E+00   7.549949E+01  -1.526407E-01
   8.994340E+01   7.717388E+00   7.497692E+01  -1.538938E-01
   9.035884E+01   7.699238E+00   7.445536E+01  -1.551436E-01
   9.077620E+01   7.681113E+00   7.393482E+01  -1.563900E-01
   9.119548E+01   7.663013E+00   7.341528E+01  -1.576328E-01
   9.161670E+01   7.644939E+00   7.289673E+01  -1.588719E-01
   9.203987E+01   7.626890E+00   7.237914E+01  -1.601073E-01
   9.246499E+01   7.608866E+00   7.186252E+01  -1.613388E-01
   9.289207E+01   7.590867E+00   7.134685E+01  -1.625664E-01
   9.332113E+01   7.572893E+00   7.083211E+01  -1.637900E-01
   9.375217E+01   7.554944E+00   7.031829E+01  -1.650095E-01
   9.418520E+01   7.537020E+00   6.980539E+01  -1.662248E-01
   9.462023E+01   7.519120E+00   6.929340E+01  -1.674358E-01
   9.505727E+01   7.501245E+00   6.878230E+01  -1.686426E-01
   9.549632E+01   7.483394E+00   6.827209E+01  -1.698450E-01
   9.593741E+01   7.465567E+00   6.776276E+01  -1.710430E-01
   9.638053E+01   7.447765E+00   6.725429E+01  -1.722366E-01
   9.682570E+01   7.429987E+00   6.674669E+01  -1.734256E-01
   9.727293E+01   7.412232E+00   6.623995E+01  -1.746101E-01
   9.772222E+01   7.394502E+00   6.573406E+01  -1.757900E-01
   9.817359E+01   7.376796E+00   6.522901E+01  -1.769653E-01
   9.862704E+01   7.359113E+00   6.472481E+01  -1.781359E-01
   9.908259E+01   7.341454E+00   6.422145E+01  -1.793018E-01
   9.954024E+01   7.323819E+00   6.371893E+01  -1.804631E-01
   1.000000E+02   7.306207E+00   6.321725E+01  -1.816197E-01
