#============================================================================
# Opacities computed by OpTool        <a^n>=  1.6617E-1  2.1501E-1  4.0285E-1
# Method:   DHS  fmax=  0.700
# Parameters:
#   amin [um]=      0.100 amax [um]=     20.000  na  =   35    apow=   3.5    
#   lmin [um]=      0.100 lmax [um]=    100.000  nlam= 1500    nang=   180
#   porosity =      0.000 p_mantle =      0.000  fmax= 0.70    chop=   0.0
# Composition:
#  Where   mfrac  rho   Material
#  -----   -----  ----  -----------------------------------------------------
#  core    1.000  2.65  qua
#  - - -   - - -  -  -  - - - - - - - - - - - - - - - - - - - - - - - - - - -
#  grain   1.000  2.65  mixture of  1 materials
#----------------------------------------------------------------------------
# Command: optool qua -a 0.1 20 -l 0.1 100 1500 -dhs 0.7
#============================================================================
# Standard output file, no scattering matrix
#    iformat
#    nlambda
#    lambda[um]  kabs [cm^2/g]  ksca [cm^2/g]    g_asymmetry
#============================================================================
           3
        1500
   1.000000E-01   2.977463E+03   3.891076E+03   8.721018E-01
   1.004619E-01   2.975709E+03   3.898130E+03   8.709105E-01
   1.009259E-01   2.973914E+03   3.905212E+03   8.697113E-01
   1.013921E-01   2.972327E+03   3.912987E+03   8.684276E-01
   1.018604E-01   2.970965E+03   3.921745E+03   8.670155E-01
   1.023309E-01   2.969437E+03   3.930533E+03   8.655805E-01
   1.028035E-01   2.967742E+03   3.939347E+03   8.641228E-01
   1.032784E-01   2.965884E+03   3.948187E+03   8.626427E-01
   1.037554E-01   2.967120E+03   3.953909E+03   8.617420E-01
   1.042346E-01   2.968174E+03   3.959664E+03   8.608164E-01
   1.047161E-01   2.968886E+03   3.965590E+03   8.598374E-01
   1.051997E-01   2.970142E+03   3.970543E+03   8.590173E-01
   1.056856E-01   2.974382E+03   3.971458E+03   8.589406E-01
   1.061738E-01   2.978163E+03   3.972809E+03   8.587796E-01
   1.066642E-01   2.981484E+03   3.974569E+03   8.585343E-01
   1.071569E-01   2.986893E+03   3.973550E+03   8.588322E-01
   1.076518E-01   2.994025E+03   3.970363E+03   8.595825E-01
   1.081490E-01   3.000487E+03   3.968000E+03   8.601964E-01
   1.086486E-01   3.006281E+03   3.966412E+03   8.606756E-01
   1.091504E-01   3.016652E+03   3.959345E+03   8.623736E-01
   1.096546E-01   3.028378E+03   3.951023E+03   8.644592E-01
   1.101610E-01   3.039156E+03   3.944197E+03   8.663392E-01
   1.106699E-01   3.049001E+03   3.938791E+03   8.680199E-01
   1.111810E-01   3.069395E+03   3.922687E+03   8.725484E-01
   1.116946E-01   3.088980E+03   3.908855E+03   8.769389E-01
   1.122105E-01   3.107070E+03   3.898022E+03   8.810123E-01
   1.127287E-01   3.123338E+03   3.890003E+03   8.846961E-01
   1.132494E-01   3.132342E+03   3.881153E+03   8.866836E-01
   1.137725E-01   3.140108E+03   3.870943E+03   8.884368E-01
   1.142980E-01   3.140492E+03   3.856748E+03   8.887529E-01
   1.148259E-01   3.136263E+03   3.844791E+03   8.881970E-01
   1.153563E-01   3.116286E+03   3.850761E+03   8.837949E-01
   1.158891E-01   3.090457E+03   3.867585E+03   8.781002E-01
   1.164244E-01   3.044050E+03   3.923565E+03   8.666844E-01
   1.169622E-01   2.989372E+03   3.997303E+03   8.532925E-01
   1.175024E-01   2.940446E+03   4.076173E+03   8.401145E-01
   1.180451E-01   2.887417E+03   4.159991E+03   8.262766E-01
   1.185904E-01   2.875700E+03   4.185566E+03   8.216664E-01
   1.191381E-01   2.878596E+03   4.188912E+03   8.198549E-01
   1.196884E-01   2.905117E+03   4.155814E+03   8.239247E-01
   1.202412E-01   2.933885E+03   4.118007E+03   8.292336E-01
   1.207966E-01   2.953284E+03   4.090493E+03   8.330605E-01
   1.213545E-01   2.960471E+03   4.073693E+03   8.346824E-01
   1.219151E-01   2.972662E+03   4.053594E+03   8.383583E-01
   1.224782E-01   2.974375E+03   4.044308E+03   8.407525E-01
   1.230439E-01   2.967307E+03   4.045832E+03   8.421997E-01
   1.236122E-01   2.958111E+03   4.054958E+03   8.441646E-01
   1.241832E-01   2.941311E+03   4.073673E+03   8.456493E-01
   1.247567E-01   2.921677E+03   4.099841E+03   8.475022E-01
   1.253330E-01   2.893393E+03   4.136132E+03   8.488943E-01
   1.259119E-01   2.857190E+03   4.182951E+03   8.501129E-01
   1.264935E-01   2.812217E+03   4.240240E+03   8.508844E-01
   1.270777E-01   2.758325E+03   4.309228E+03   8.514187E-01
   1.276647E-01   2.696331E+03   4.388172E+03   8.514708E-01
   1.282543E-01   2.608252E+03   4.494500E+03   8.503080E-01
   1.288467E-01   2.502169E+03   4.617088E+03   8.482335E-01
   1.294419E-01   2.404177E+03   4.723742E+03   8.465195E-01
   1.300397E-01   2.315998E+03   4.817160E+03   8.455771E-01
   1.306404E-01   2.232541E+03   4.913759E+03   8.447797E-01
   1.312438E-01   2.164977E+03   5.008188E+03   8.438731E-01
   1.318500E-01   2.099991E+03   5.109446E+03   8.421736E-01
   1.324590E-01   2.036562E+03   5.204299E+03   8.398931E-01
   1.330708E-01   1.964060E+03   5.296186E+03   8.375637E-01
   1.336854E-01   1.894083E+03   5.382064E+03   8.358728E-01
   1.343029E-01   1.831733E+03   5.465966E+03   8.342767E-01
   1.349232E-01   1.773434E+03   5.545507E+03   8.327305E-01
   1.355464E-01   1.723798E+03   5.617468E+03   8.316234E-01
   1.361725E-01   1.675461E+03   5.692881E+03   8.304821E-01
   1.368015E-01   1.630232E+03   5.770573E+03   8.289231E-01
   1.374333E-01   1.582153E+03   5.850357E+03   8.273049E-01
   1.380681E-01   1.526605E+03   5.926839E+03   8.260167E-01
   1.387058E-01   1.474662E+03   6.005739E+03   8.247074E-01
   1.393465E-01   1.417976E+03   6.089214E+03   8.232580E-01
   1.399901E-01   1.326254E+03   6.212031E+03   8.202131E-01
   1.406367E-01   1.234250E+03   6.336308E+03   8.176104E-01
   1.412863E-01   1.166221E+03   6.446806E+03   8.147168E-01
   1.419389E-01   1.103789E+03   6.537529E+03   8.122010E-01
   1.425945E-01   1.037617E+03   6.634835E+03   8.095637E-01
   1.432531E-01   9.482965E+02   6.753662E+03   8.069375E-01
   1.439148E-01   8.665327E+02   6.873088E+03   8.043040E-01
   1.445795E-01   7.747155E+02   7.005121E+03   8.011164E-01
   1.452473E-01   6.744339E+02   7.120804E+03   7.987660E-01
   1.459182E-01   5.830706E+02   7.225661E+03   7.963980E-01
   1.465922E-01   4.723213E+02   7.371894E+03   7.924994E-01
   1.472692E-01   3.731406E+02   7.480476E+03   7.891770E-01
   1.479495E-01   2.819737E+02   7.605238E+03   7.853408E-01
   1.486328E-01   2.019863E+02   7.717905E+03   7.840539E-01
   1.493193E-01   1.409129E+02   7.816744E+03   7.819615E-01
   1.500090E-01   1.333918E+02   7.835012E+03   7.828582E-01
   1.507019E-01   1.347323E+02   7.862688E+03   7.823302E-01
   1.513980E-01   1.165738E+02   7.872198E+03   7.841040E-01
   1.520973E-01   7.753972E+01   7.945950E+03   7.817686E-01
   1.527998E-01   4.870117E+01   8.005895E+03   7.799947E-01
   1.535056E-01   3.039120E+01   8.018168E+03   7.821687E-01
   1.542146E-01   1.853900E+01   8.067518E+03   7.816006E-01
   1.549269E-01   1.138226E+01   8.098515E+03   7.814863E-01
   1.556425E-01   7.941337E+00   8.108066E+03   7.828923E-01
   1.563614E-01   5.690830E+00   8.144468E+03   7.819559E-01
   1.570836E-01   4.213330E+00   8.153044E+03   7.825850E-01
   1.578091E-01   3.112029E+00   8.164090E+03   7.832951E-01
   1.585380E-01   2.390008E+00   8.184655E+03   7.831593E-01
   1.592703E-01   2.635020E+00   8.205811E+03   7.835850E-01
   1.600059E-01   1.981998E+00   8.224429E+03   7.832756E-01
   1.607450E-01   2.004916E+00   8.238461E+03   7.845370E-01
   1.614874E-01   1.999229E+00   8.259511E+03   7.837055E-01
   1.622333E-01   1.958964E+00   8.252958E+03   7.848821E-01
   1.629827E-01   2.231502E+00   8.283517E+03   7.839157E-01
   1.637355E-01   1.952324E+00   8.293728E+03   7.836867E-01
   1.644917E-01   1.957796E+00   8.275278E+03   7.841363E-01
   1.652515E-01   1.965094E+00   8.288983E+03   7.834830E-01
   1.660148E-01   2.103447E+00   8.294185E+03   7.838498E-01
   1.667816E-01   1.906890E+00   8.312594E+03   7.838091E-01
   1.675519E-01   1.987762E+00   8.321708E+03   7.844487E-01
   1.683258E-01   2.024335E+00   8.315891E+03   7.845044E-01
   1.691033E-01   1.898864E+00   8.307894E+03   7.854949E-01
   1.698844E-01   1.993511E+00   8.331379E+03   7.838391E-01
   1.706690E-01   1.905171E+00   8.309712E+03   7.861978E-01
   1.714573E-01   1.878270E+00   8.320475E+03   7.862167E-01
   1.722493E-01   1.962362E+00   8.326481E+03   7.856066E-01
   1.730449E-01   2.047443E+00   8.331109E+03   7.853235E-01
   1.738442E-01   1.873559E+00   8.315903E+03   7.873399E-01
   1.746471E-01   1.873545E+00   8.322050E+03   7.879563E-01
   1.754538E-01   1.907421E+00   8.343095E+03   7.867972E-01
   1.762642E-01   1.876281E+00   8.335550E+03   7.882742E-01
   1.770783E-01   1.973271E+00   8.339910E+03   7.886774E-01
   1.778962E-01   1.909670E+00   8.347676E+03   7.880478E-01
   1.787179E-01   1.895522E+00   8.345041E+03   7.880688E-01
   1.795434E-01   2.492752E+00   8.340776E+03   7.882932E-01
   1.803727E-01   1.861368E+00   8.329490E+03   7.892461E-01
   1.812058E-01   1.847257E+00   8.333013E+03   7.892814E-01
   1.820428E-01   1.856428E+00   8.344966E+03   7.892359E-01
   1.828836E-01   1.884173E+00   8.346750E+03   7.891197E-01
   1.837283E-01   1.852345E+00   8.343783E+03   7.897520E-01
   1.845769E-01   1.993429E+00   8.354466E+03   7.886806E-01
   1.854295E-01   1.927605E+00   8.347935E+03   7.890303E-01
   1.862860E-01   1.807720E+00   8.333844E+03   7.893983E-01
   1.871464E-01   1.828094E+00   8.331384E+03   7.894875E-01
   1.880108E-01   1.827510E+00   8.336489E+03   7.892273E-01
   1.888792E-01   1.962761E+00   8.329344E+03   7.892130E-01
   1.897516E-01   1.800171E+00   8.309111E+03   7.895182E-01
   1.906280E-01   1.803453E+00   8.302490E+03   7.895064E-01
   1.915085E-01   1.784288E+00   8.303128E+03   7.891410E-01
   1.923931E-01   1.807626E+00   8.295628E+03   7.893176E-01
   1.932817E-01   1.749819E+00   8.275388E+03   7.908968E-01
   1.941745E-01   1.775597E+00   8.288799E+03   7.895363E-01
   1.950713E-01   1.787302E+00   8.278828E+03   7.898469E-01
   1.959723E-01   1.790982E+00   8.269246E+03   7.898787E-01
   1.968775E-01   1.761798E+00   8.258856E+03   7.901978E-01
   1.977869E-01   1.806424E+00   8.243870E+03   7.904785E-01
   1.987004E-01   1.755403E+00   8.245936E+03   7.899601E-01
   1.996182E-01   1.721647E+00   8.231572E+03   7.906234E-01
   2.005402E-01   1.805802E+00   8.226141E+03   7.910015E-01
   2.014665E-01   1.733818E+00   8.214348E+03   7.919137E-01
   2.023970E-01   1.745762E+00   8.211912E+03   7.911253E-01
   2.033319E-01   1.757173E+00   8.209110E+03   7.902781E-01
   2.042710E-01   1.738921E+00   8.193760E+03   7.913939E-01
   2.052145E-01   1.736077E+00   8.185811E+03   7.915317E-01
   2.061624E-01   1.778846E+00   8.187825E+03   7.909976E-01
   2.071146E-01   1.683150E+00   8.171389E+03   7.921147E-01
   2.080713E-01   1.843876E+00   8.178215E+03   7.908085E-01
   2.090323E-01   1.913183E+00   8.168171E+03   7.910414E-01
   2.099978E-01   1.711050E+00   8.162418E+03   7.911072E-01
   2.109678E-01   1.706413E+00   8.160120E+03   7.905389E-01
   2.119422E-01   1.717634E+00   8.154042E+03   7.902336E-01
   2.129212E-01   1.703920E+00   8.150957E+03   7.894152E-01
   2.139046E-01   1.669097E+00   8.134896E+03   7.899605E-01
   2.148926E-01   1.753642E+00   8.131019E+03   7.892584E-01
   2.158852E-01   1.719939E+00   8.121193E+03   7.893274E-01
   2.168823E-01   1.662003E+00   8.117393E+03   7.887348E-01
   2.178841E-01   1.679998E+00   8.102184E+03   7.887229E-01
   2.188905E-01   1.778599E+00   8.099378E+03   7.882904E-01
   2.199015E-01   1.602909E+00   8.092284E+03   7.883631E-01
   2.209172E-01   1.641551E+00   8.092605E+03   7.872123E-01
   2.219376E-01   1.616683E+00   8.072834E+03   7.877595E-01
   2.229627E-01   1.709551E+00   8.053196E+03   7.884910E-01
   2.239925E-01   1.627967E+00   8.062021E+03   7.868396E-01
   2.250271E-01   1.707424E+00   8.056379E+03   7.865249E-01
   2.260665E-01   1.599866E+00   8.035506E+03   7.875380E-01
   2.271106E-01   1.631511E+00   8.026582E+03   7.870784E-01
   2.281596E-01   1.678700E+00   8.019937E+03   7.869542E-01
   2.292135E-01   1.669172E+00   8.013505E+03   7.871508E-01
   2.302722E-01   1.565837E+00   8.013450E+03   7.865992E-01
   2.313358E-01   1.555042E+00   8.001618E+03   7.868936E-01
   2.324043E-01   1.586159E+00   7.991773E+03   7.866160E-01
   2.334777E-01   1.576958E+00   7.976678E+03   7.869436E-01
   2.345562E-01   1.631346E+00   7.979634E+03   7.861390E-01
   2.356395E-01   1.591171E+00   7.974096E+03   7.855806E-01
   2.367279E-01   1.576333E+00   7.955772E+03   7.863382E-01
   2.378213E-01   1.551300E+00   7.951782E+03   7.862393E-01
   2.389198E-01   1.565479E+00   7.945279E+03   7.860401E-01
   2.400234E-01   1.556858E+00   7.940366E+03   7.856636E-01
   2.411320E-01   1.548360E+00   7.929784E+03   7.860561E-01
   2.422458E-01   1.591897E+00   7.928842E+03   7.852476E-01
   2.433647E-01   1.576944E+00   7.915999E+03   7.853906E-01
   2.444887E-01   1.516644E+00   7.906516E+03   7.852549E-01
   2.456180E-01   1.542129E+00   7.897807E+03   7.848220E-01
   2.467525E-01   1.553454E+00   7.888374E+03   7.846484E-01
   2.478922E-01   1.489307E+00   7.880714E+03   7.840790E-01
   2.490372E-01   1.523226E+00   7.869942E+03   7.839670E-01
   2.501874E-01   1.497858E+00   7.857548E+03   7.838297E-01
   2.513430E-01   1.515994E+00   7.846804E+03   7.834181E-01
   2.525040E-01   1.526602E+00   7.839205E+03   7.830232E-01
   2.536702E-01   1.517035E+00   7.823650E+03   7.832344E-01
   2.548419E-01   1.510549E+00   7.812337E+03   7.830861E-01
   2.560190E-01   1.475283E+00   7.800232E+03   7.829225E-01
   2.572015E-01   1.608161E+00   7.790153E+03   7.820290E-01
   2.583895E-01   1.469574E+00   7.769152E+03   7.823768E-01
   2.595830E-01   1.502209E+00   7.751997E+03   7.828184E-01
   2.607819E-01   1.451583E+00   7.753252E+03   7.815020E-01
   2.619865E-01   1.530608E+00   7.740859E+03   7.813762E-01
   2.631965E-01   1.435034E+00   7.726596E+03   7.818775E-01
   2.644122E-01   1.556467E+00   7.713929E+03   7.817741E-01
   2.656335E-01   1.476830E+00   7.704262E+03   7.817026E-01
   2.668604E-01   1.465888E+00   7.693217E+03   7.816030E-01
   2.680930E-01   1.481891E+00   7.685963E+03   7.808904E-01
   2.693313E-01   1.474504E+00   7.670444E+03   7.810670E-01
   2.705753E-01   1.484904E+00   7.656409E+03   7.812045E-01
   2.718251E-01   1.520272E+00   7.641722E+03   7.816606E-01
   2.730806E-01   1.390112E+00   7.639015E+03   7.808183E-01
   2.743419E-01   1.398445E+00   7.630486E+03   7.802310E-01
   2.756091E-01   1.497789E+00   7.615302E+03   7.805902E-01
   2.768821E-01   1.373443E+00   7.603075E+03   7.809070E-01
   2.781610E-01   1.379156E+00   7.595666E+03   7.805575E-01
   2.794458E-01   1.479487E+00   7.586827E+03   7.802079E-01
   2.807365E-01   1.430834E+00   7.575435E+03   7.804229E-01
   2.820332E-01   1.391147E+00   7.565510E+03   7.798681E-01
   2.833359E-01   1.381602E+00   7.552644E+03   7.797105E-01
   2.846445E-01   1.372389E+00   7.543784E+03   7.794870E-01
   2.859593E-01   1.370982E+00   7.532185E+03   7.790759E-01
   2.872801E-01   1.461622E+00   7.520989E+03   7.788810E-01
   2.886070E-01   1.424998E+00   7.510410E+03   7.785129E-01
   2.899400E-01   1.403860E+00   7.495224E+03   7.783705E-01
   2.912792E-01   1.508281E+00   7.480342E+03   7.783508E-01
   2.926246E-01   1.395217E+00   7.472223E+03   7.780914E-01
   2.939762E-01   1.357904E+00   7.463663E+03   7.774601E-01
   2.953341E-01   1.362508E+00   7.442977E+03   7.775821E-01
   2.966982E-01   1.412475E+00   7.431689E+03   7.771840E-01
   2.980686E-01   1.319533E+00   7.413090E+03   7.773730E-01
   2.994453E-01   1.360647E+00   7.400022E+03   7.766280E-01
   3.008284E-01   1.413217E+00   7.379646E+03   7.770325E-01
   3.022179E-01   1.335209E+00   7.365493E+03   7.771739E-01
   3.036138E-01   1.298875E+00   7.358986E+03   7.763716E-01
   3.050162E-01   1.355290E+00   7.351472E+03   7.760286E-01
   3.064250E-01   1.364741E+00   7.334536E+03   7.765685E-01
   3.078404E-01   1.328486E+00   7.322878E+03   7.761752E-01
   3.092622E-01   1.303323E+00   7.306368E+03   7.762293E-01
   3.106907E-01   1.290254E+00   7.293221E+03   7.760047E-01
   3.121257E-01   1.317916E+00   7.284525E+03   7.755044E-01
   3.135674E-01   1.327156E+00   7.269275E+03   7.758975E-01
   3.150157E-01   1.268482E+00   7.254623E+03   7.762137E-01
   3.164707E-01   1.285164E+00   7.241525E+03   7.762129E-01
   3.179325E-01   1.277899E+00   7.233990E+03   7.756360E-01
   3.194010E-01   1.415609E+00   7.226652E+03   7.749470E-01
   3.208762E-01   1.266871E+00   7.209480E+03   7.755971E-01
   3.223583E-01   1.228584E+00   7.191733E+03   7.762160E-01
   3.238473E-01   1.289530E+00   7.184532E+03   7.757616E-01
   3.253431E-01   1.267682E+00   7.171205E+03   7.756047E-01
   3.268458E-01   1.296449E+00   7.161356E+03   7.751557E-01
   3.283555E-01   1.258433E+00   7.145035E+03   7.753514E-01
   3.298721E-01   1.223147E+00   7.132595E+03   7.754206E-01
   3.313957E-01   1.257570E+00   7.123031E+03   7.750115E-01
   3.329264E-01   1.516598E+00   7.106942E+03   7.747927E-01
   3.344641E-01   1.244206E+00   7.096120E+03   7.746713E-01
   3.360090E-01   1.231862E+00   7.083597E+03   7.744279E-01
   3.375610E-01   1.230373E+00   7.066412E+03   7.746995E-01
   3.391201E-01   1.226124E+00   7.052278E+03   7.746867E-01
   3.406865E-01   1.270393E+00   7.044934E+03   7.741173E-01
   3.422601E-01   1.214625E+00   7.025202E+03   7.739303E-01
   3.438409E-01   1.229968E+00   7.006561E+03   7.739279E-01
   3.454291E-01   1.260177E+00   6.993351E+03   7.736948E-01
   3.470246E-01   1.198227E+00   6.975574E+03   7.736994E-01
   3.486274E-01   1.203586E+00   6.959629E+03   7.734106E-01
   3.502377E-01   1.211656E+00   6.940425E+03   7.737901E-01
   3.518554E-01   1.173743E+00   6.928017E+03   7.739562E-01
   3.534806E-01   1.252072E+00   6.919317E+03   7.732669E-01
   3.551133E-01   1.174648E+00   6.903478E+03   7.733991E-01
   3.567535E-01   1.138081E+00   6.883858E+03   7.738697E-01
   3.584013E-01   1.208099E+00   6.869631E+03   7.735788E-01
   3.600567E-01   1.239068E+00   6.854071E+03   7.735772E-01
   3.617198E-01   1.208792E+00   6.844930E+03   7.732261E-01
   3.633905E-01   1.166954E+00   6.831862E+03   7.732191E-01
   3.650690E-01   1.208016E+00   6.814218E+03   7.736425E-01
   3.667552E-01   1.236489E+00   6.797954E+03   7.737959E-01
   3.684492E-01   1.161117E+00   6.782444E+03   7.740306E-01
   3.701510E-01   1.153761E+00   6.775376E+03   7.735337E-01
   3.718607E-01   1.136419E+00   6.763180E+03   7.733104E-01
   3.735783E-01   1.134080E+00   6.744865E+03   7.739122E-01
   3.753038E-01   1.128101E+00   6.727220E+03   7.743281E-01
   3.770372E-01   1.207248E+00   6.717263E+03   7.735842E-01
   3.787787E-01   1.137510E+00   6.698719E+03   7.738546E-01
   3.805283E-01   1.130670E+00   6.690818E+03   7.734579E-01
   3.822859E-01   1.158866E+00   6.674561E+03   7.738813E-01
   3.840516E-01   1.123587E+00   6.659580E+03   7.740804E-01
   3.858255E-01   1.160984E+00   6.650356E+03   7.733388E-01
   3.876076E-01   1.133359E+00   6.631124E+03   7.738187E-01
   3.893979E-01   1.160921E+00   6.623308E+03   7.732551E-01
   3.911965E-01   1.132045E+00   6.605261E+03   7.734657E-01
   3.930034E-01   1.114945E+00   6.590387E+03   7.733910E-01
   3.948186E-01   1.066729E+00   6.569544E+03   7.738254E-01
   3.966422E-01   1.144497E+00   6.558369E+03   7.732760E-01
   3.984743E-01   1.101557E+00   6.537986E+03   7.732246E-01
   4.003148E-01   1.102424E+00   6.522514E+03   7.730074E-01
   4.021638E-01   1.219461E+00   6.507387E+03   7.730238E-01
   4.040213E-01   1.080043E+00   6.495740E+03   7.725291E-01
   4.058874E-01   1.123098E+00   6.475386E+03   7.728358E-01
   4.077622E-01   1.116312E+00   6.454540E+03   7.734089E-01
   4.096456E-01   1.034095E+00   6.442958E+03   7.730933E-01
   4.115377E-01   1.075102E+00   6.433102E+03   7.721863E-01
   4.134385E-01   1.070625E+00   6.413136E+03   7.727501E-01
   4.153481E-01   1.077040E+00   6.395401E+03   7.730354E-01
   4.172666E-01   1.022714E+00   6.380834E+03   7.730080E-01
   4.191939E-01   1.066032E+00   6.366438E+03   7.731338E-01
   4.211301E-01   1.033280E+00   6.356416E+03   7.726278E-01
   4.230752E-01   1.006781E+00   6.336922E+03   7.730436E-01
   4.250294E-01   1.043043E+00   6.320925E+03   7.734368E-01
   4.269925E-01   1.003300E+00   6.307004E+03   7.735056E-01
   4.289648E-01   1.037448E+00   6.294101E+03   7.736584E-01
   4.309461E-01   1.025989E+00   6.282350E+03   7.732870E-01
   4.329366E-01   1.041243E+00   6.270921E+03   7.726889E-01
   4.349363E-01   9.929116E-01   6.246408E+03   7.737380E-01
   4.369452E-01   1.051739E+00   6.230952E+03   7.738006E-01
   4.389634E-01   1.008166E+00   6.222702E+03   7.729044E-01
   4.409909E-01   1.059745E+00   6.202266E+03   7.738159E-01
   4.430278E-01   9.928805E-01   6.194414E+03   7.734788E-01
   4.450741E-01   9.868127E-01   6.178137E+03   7.738288E-01
   4.471298E-01   9.981470E-01   6.167106E+03   7.736894E-01
   4.491950E-01   9.857917E-01   6.153004E+03   7.733743E-01
   4.512698E-01   9.618124E-01   6.134881E+03   7.738325E-01
   4.533542E-01   9.641626E-01   6.126104E+03   7.731990E-01
   4.554482E-01   1.030955E+00   6.110454E+03   7.730477E-01
   4.575518E-01   9.855126E-01   6.094818E+03   7.727849E-01
   4.596652E-01   9.681429E-01   6.073628E+03   7.733617E-01
   4.617883E-01   9.622805E-01   6.059937E+03   7.731382E-01
   4.639213E-01   9.376622E-01   6.042123E+03   7.730120E-01
   4.660641E-01   9.696033E-01   6.029700E+03   7.726498E-01
   4.682168E-01   9.433624E-01   6.012319E+03   7.730529E-01
   4.703794E-01   1.035314E+00   6.001604E+03   7.722951E-01
   4.725520E-01   9.645814E-01   5.978812E+03   7.728303E-01
   4.747347E-01   9.362258E-01   5.959184E+03   7.733300E-01
   4.769274E-01   9.623204E-01   5.949742E+03   7.724832E-01
   4.791303E-01   9.446033E-01   5.936215E+03   7.721079E-01
   4.813433E-01   9.117277E-01   5.917839E+03   7.726372E-01
   4.835666E-01   9.830124E-01   5.899873E+03   7.731358E-01
   4.858001E-01   9.220282E-01   5.887873E+03   7.727874E-01
   4.880440E-01   9.813582E-01   5.873773E+03   7.729783E-01
   4.902982E-01   9.512252E-01   5.864103E+03   7.724154E-01
   4.925628E-01   9.019367E-01   5.845042E+03   7.729137E-01
   4.948379E-01   9.015339E-01   5.829721E+03   7.732428E-01
   4.971235E-01   9.436682E-01   5.814332E+03   7.734765E-01
   4.994197E-01   9.365895E-01   5.803760E+03   7.732225E-01
   5.017264E-01   8.931701E-01   5.791292E+03   7.728293E-01
   5.040438E-01   9.549649E-01   5.777826E+03   7.724473E-01
   5.063720E-01   9.094138E-01   5.754486E+03   7.734356E-01
   5.087108E-01   8.826684E-01   5.741804E+03   7.734157E-01
   5.110605E-01   9.249610E-01   5.734151E+03   7.726761E-01
   5.134210E-01   8.859924E-01   5.717144E+03   7.733220E-01
   5.157925E-01   8.930260E-01   5.709273E+03   7.730888E-01
   5.181748E-01   8.820939E-01   5.690571E+03   7.737111E-01
   5.205682E-01   8.987061E-01   5.678842E+03   7.735891E-01
   5.229727E-01   8.603761E-01   5.663695E+03   7.731821E-01
   5.253882E-01   8.844151E-01   5.648465E+03   7.733577E-01
   5.278149E-01   9.024625E-01   5.636524E+03   7.729647E-01
   5.302528E-01   9.398785E-01   5.622480E+03   7.726092E-01
   5.327020E-01   8.547576E-01   5.606462E+03   7.726420E-01
   5.351625E-01   9.158872E-01   5.590227E+03   7.730137E-01
   5.376343E-01   8.715253E-01   5.575468E+03   7.729306E-01
   5.401176E-01   8.477438E-01   5.561129E+03   7.727043E-01
   5.426123E-01   8.683378E-01   5.548702E+03   7.724288E-01
   5.451186E-01   8.632658E-01   5.530797E+03   7.727056E-01
   5.476364E-01   8.486621E-01   5.517488E+03   7.720830E-01
   5.501659E-01   8.244319E-01   5.497059E+03   7.725201E-01
   5.527070E-01   8.301832E-01   5.479511E+03   7.729077E-01
   5.552599E-01   8.680552E-01   5.469151E+03   7.722425E-01
   5.578246E-01   8.492216E-01   5.457289E+03   7.718751E-01
   5.604011E-01   8.314974E-01   5.440218E+03   7.723720E-01
   5.629895E-01   8.541721E-01   5.424605E+03   7.727215E-01
   5.655899E-01   8.131166E-01   5.411574E+03   7.724942E-01
   5.682023E-01   8.414178E-01   5.398775E+03   7.726802E-01
   5.708268E-01   8.219491E-01   5.389413E+03   7.721722E-01
   5.734634E-01   8.234217E-01   5.371798E+03   7.726683E-01
   5.761121E-01   8.185408E-01   5.356705E+03   7.728400E-01
   5.787731E-01   8.063646E-01   5.339582E+03   7.731567E-01
   5.814464E-01   8.117819E-01   5.329710E+03   7.727014E-01
   5.841320E-01   8.025118E-01   5.317190E+03   7.722940E-01
   5.868300E-01   8.013256E-01   5.302903E+03   7.722523E-01
   5.895405E-01   7.624019E-01   5.283453E+03   7.733630E-01
   5.922636E-01   7.872711E-01   5.273127E+03   7.732222E-01
   5.949991E-01   8.218514E-01   5.264561E+03   7.727537E-01
   5.977474E-01   8.026627E-01   5.252355E+03   7.728207E-01
   6.005083E-01   7.772932E-01   5.240351E+03   7.728389E-01
   6.032820E-01   8.286932E-01   5.223236E+03   7.733703E-01
   6.060685E-01   8.072497E-01   5.210723E+03   7.731954E-01
   6.088678E-01   8.464077E-01   5.198091E+03   7.725804E-01
   6.116801E-01   7.936049E-01   5.184096E+03   7.728325E-01
   6.145054E-01   7.788278E-01   5.172208E+03   7.724901E-01
   6.173437E-01   7.755228E-01   5.156260E+03   7.724460E-01
   6.201951E-01   7.648290E-01   5.141494E+03   7.725585E-01
   6.230597E-01   8.193987E-01   5.129689E+03   7.725869E-01
   6.259376E-01   7.832504E-01   5.114153E+03   7.726360E-01
   6.288287E-01   8.142905E-01   5.099481E+03   7.724488E-01
   6.317332E-01   8.161394E-01   5.087479E+03   7.721600E-01
   6.346511E-01   7.441501E-01   5.070893E+03   7.724334E-01
   6.375825E-01   7.462465E-01   5.056130E+03   7.720908E-01
   6.405274E-01   7.627551E-01   5.039805E+03   7.722829E-01
   6.434859E-01   7.305678E-01   5.022428E+03   7.729077E-01
   6.464581E-01   7.500349E-01   5.015073E+03   7.719115E-01
   6.494440E-01   7.500470E-01   5.003120E+03   7.718880E-01
   6.524437E-01   7.287505E-01   4.985803E+03   7.724903E-01
   6.554572E-01   7.460369E-01   4.971494E+03   7.727763E-01
   6.584847E-01   7.717375E-01   4.960373E+03   7.723386E-01
   6.615262E-01   7.439609E-01   4.947004E+03   7.724778E-01
   6.645817E-01   7.183961E-01   4.936463E+03   7.719929E-01
   6.676513E-01   7.880829E-01   4.919229E+03   7.724430E-01
   6.707351E-01   7.261240E-01   4.902071E+03   7.729737E-01
   6.738331E-01   7.911585E-01   4.890378E+03   7.726667E-01
   6.769455E-01   7.118167E-01   4.880690E+03   7.724635E-01
   6.800722E-01   7.075536E-01   4.871079E+03   7.720252E-01
   6.832134E-01   7.346771E-01   4.857920E+03   7.722722E-01
   6.863691E-01   7.084424E-01   4.841546E+03   7.733750E-01
   6.895393E-01   6.976432E-01   4.831449E+03   7.731741E-01
   6.927242E-01   7.135004E-01   4.820988E+03   7.727494E-01
   6.959238E-01   7.060670E-01   4.809177E+03   7.727213E-01
   6.991382E-01   7.287723E-01   4.796312E+03   7.725985E-01
   7.023674E-01   7.901249E-01   4.780578E+03   7.732436E-01
   7.056116E-01   6.968304E-01   4.768957E+03   7.730019E-01
   7.088707E-01   7.065623E-01   4.759095E+03   7.724491E-01
   7.121449E-01   6.958766E-01   4.743765E+03   7.728505E-01
   7.154342E-01   6.832272E-01   4.731772E+03   7.725635E-01
   7.187387E-01   6.721220E-01   4.716587E+03   7.725969E-01
   7.220585E-01   6.924731E-01   4.702500E+03   7.729176E-01
   7.253936E-01   7.645589E-01   4.691786E+03   7.727471E-01
   7.287441E-01   6.987137E-01   4.678583E+03   7.726135E-01
   7.321101E-01   6.948755E-01   4.665099E+03   7.725789E-01
   7.354916E-01   6.924579E-01   4.654806E+03   7.721373E-01
   7.388887E-01   6.826664E-01   4.639788E+03   7.724012E-01
   7.423016E-01   7.146782E-01   4.625306E+03   7.722133E-01
   7.457302E-01   7.158419E-01   4.612044E+03   7.722916E-01
   7.491746E-01   6.739625E-01   4.595345E+03   7.728787E-01
   7.526350E-01   6.554191E-01   4.587029E+03   7.719510E-01
   7.561113E-01   6.459416E-01   4.572671E+03   7.722116E-01
   7.596037E-01   6.752712E-01   4.556416E+03   7.725899E-01
   7.631122E-01   6.706129E-01   4.543099E+03   7.728374E-01
   7.666369E-01   6.564225E-01   4.533737E+03   7.724535E-01
   7.701779E-01   6.562598E-01   4.522454E+03   7.724320E-01
   7.737353E-01   6.470145E-01   4.510936E+03   7.723540E-01
   7.773091E-01   6.441611E-01   4.494699E+03   7.730258E-01
   7.808994E-01   6.215092E-01   4.480809E+03   7.733619E-01
   7.845062E-01   6.317110E-01   4.469732E+03   7.731573E-01
   7.881298E-01   6.244168E-01   4.460544E+03   7.728479E-01
   7.917700E-01   6.497251E-01   4.453449E+03   7.720931E-01
   7.954271E-01   6.928343E-01   4.437341E+03   7.729228E-01
   7.991011E-01   6.441796E-01   4.423784E+03   7.734794E-01
   8.027921E-01   6.520262E-01   4.413051E+03   7.733910E-01
   8.065001E-01   6.878130E-01   4.402738E+03   7.729431E-01
   8.102252E-01   6.425848E-01   4.392531E+03   7.728961E-01
   8.139675E-01   6.562975E-01   4.378858E+03   7.730189E-01
   8.177271E-01   6.190353E-01   4.365428E+03   7.735741E-01
   8.215041E-01   6.421302E-01   4.353584E+03   7.735654E-01
   8.252985E-01   6.752700E-01   4.344840E+03   7.731923E-01
   8.291105E-01   6.181283E-01   4.331515E+03   7.734671E-01
   8.329400E-01   5.954608E-01   4.319775E+03   7.731929E-01
   8.367873E-01   6.619240E-01   4.307531E+03   7.730922E-01
   8.406523E-01   5.938684E-01   4.293829E+03   7.735412E-01
   8.445352E-01   6.075857E-01   4.282880E+03   7.732854E-01
   8.484360E-01   6.138652E-01   4.268984E+03   7.734379E-01
   8.523548E-01   6.305997E-01   4.257221E+03   7.733278E-01
   8.562917E-01   5.918687E-01   4.246425E+03   7.729828E-01
   8.602468E-01   5.936189E-01   4.234649E+03   7.727990E-01
   8.642202E-01   6.240405E-01   4.217960E+03   7.732881E-01
   8.682119E-01   5.893942E-01   4.206135E+03   7.733139E-01
   8.722221E-01   6.389077E-01   4.193937E+03   7.732172E-01
   8.762508E-01   6.113038E-01   4.186346E+03   7.724689E-01
   8.802981E-01   5.737379E-01   4.170927E+03   7.730406E-01
   8.843641E-01   5.701351E-01   4.156946E+03   7.733532E-01
   8.884488E-01   5.845543E-01   4.144610E+03   7.735949E-01
   8.925525E-01   6.014306E-01   4.136036E+03   7.730970E-01
   8.966751E-01   5.923899E-01   4.125899E+03   7.729574E-01
   9.008167E-01   6.038349E-01   4.114206E+03   7.730870E-01
   9.049775E-01   5.580909E-01   4.099206E+03   7.738140E-01
   9.091574E-01   5.559660E-01   4.087594E+03   7.740071E-01
   9.133567E-01   5.635903E-01   4.076172E+03   7.741063E-01
   9.175754E-01   5.577963E-01   4.068497E+03   7.735382E-01
   9.218136E-01   5.982599E-01   4.059857E+03   7.729565E-01
   9.260713E-01   5.486288E-01   4.044161E+03   7.741075E-01
   9.303487E-01   5.547276E-01   4.032153E+03   7.744078E-01
   9.346459E-01   5.591085E-01   4.022682E+03   7.740312E-01
   9.389629E-01   5.544310E-01   4.012327E+03   7.739729E-01
   9.432999E-01   6.147027E-01   4.003000E+03   7.737457E-01
   9.476568E-01   5.663951E-01   3.990157E+03   7.741574E-01
   9.520339E-01   5.433473E-01   3.978200E+03   7.745393E-01
   9.564313E-01   5.329502E-01   3.967202E+03   7.746658E-01
   9.608489E-01   5.327456E-01   3.958109E+03   7.745548E-01
   9.652870E-01   5.354641E-01   3.948277E+03   7.743419E-01
   9.697455E-01   5.897066E-01   3.936728E+03   7.740801E-01
   9.742246E-01   5.567588E-01   3.926184E+03   7.738003E-01
   9.787245E-01   5.477567E-01   3.911447E+03   7.746666E-01
   9.832451E-01   5.327649E-01   3.901398E+03   7.742316E-01
   9.877866E-01   5.291218E-01   3.888138E+03   7.744460E-01
   9.923490E-01   5.189469E-01   3.877599E+03   7.742711E-01
   9.969326E-01   5.243527E-01   3.868356E+03   7.738245E-01
   1.001537E+00   5.351701E-01   3.858656E+03   7.733317E-01
   1.006163E+00   5.211940E-01   3.841252E+03   7.744777E-01
   1.010811E+00   5.118841E-01   3.830239E+03   7.743922E-01
   1.015479E+00   5.154182E-01   3.819588E+03   7.742028E-01
   1.020170E+00   5.339539E-01   3.812704E+03   7.734473E-01
   1.024882E+00   5.352319E-01   3.797962E+03   7.741125E-01
   1.029616E+00   5.310364E-01   3.784789E+03   7.745167E-01
   1.034371E+00   5.033789E-01   3.774607E+03   7.745845E-01
   1.039149E+00   5.282609E-01   3.764570E+03   7.744180E-01
   1.043949E+00   5.056189E-01   3.756758E+03   7.738752E-01
   1.048770E+00   5.384062E-01   3.745757E+03   7.740581E-01
   1.053615E+00   5.320201E-01   3.731620E+03   7.747803E-01
   1.058481E+00   5.005916E-01   3.720316E+03   7.750824E-01
   1.063370E+00   4.939126E-01   3.709757E+03   7.752446E-01
   1.068282E+00   5.294316E-01   3.705513E+03   7.741419E-01
   1.073216E+00   5.368929E-01   3.695852E+03   7.737849E-01
   1.078173E+00   5.022277E-01   3.680674E+03   7.751252E-01
   1.083153E+00   5.569253E-01   3.670029E+03   7.754325E-01
   1.088156E+00   5.065909E-01   3.659771E+03   7.753355E-01
   1.093182E+00   5.207542E-01   3.653331E+03   7.749343E-01
   1.098231E+00   4.861877E-01   3.643018E+03   7.748100E-01
   1.103304E+00   5.665237E-01   3.630908E+03   7.753741E-01
   1.108400E+00   4.866208E-01   3.618529E+03   7.758377E-01
   1.113519E+00   4.827905E-01   3.610432E+03   7.757254E-01
   1.118663E+00   5.139743E-01   3.601777E+03   7.755452E-01
   1.123830E+00   4.922906E-01   3.592287E+03   7.753539E-01
   1.129020E+00   4.733926E-01   3.580965E+03   7.753594E-01
   1.134235E+00   4.846872E-01   3.571374E+03   7.750566E-01
   1.139474E+00   4.871587E-01   3.559499E+03   7.754241E-01
   1.144737E+00   4.675776E-01   3.548589E+03   7.753874E-01
   1.150025E+00   4.636292E-01   3.536584E+03   7.756325E-01
   1.155336E+00   4.669628E-01   3.527383E+03   7.753077E-01
   1.160673E+00   4.766794E-01   3.517344E+03   7.752475E-01
   1.166034E+00   4.646595E-01   3.507308E+03   7.749423E-01
   1.171420E+00   4.855110E-01   3.495012E+03   7.755538E-01
   1.176830E+00   4.469032E-01   3.481779E+03   7.758945E-01
   1.182266E+00   4.769181E-01   3.474856E+03   7.751979E-01
   1.187727E+00   4.610441E-01   3.467217E+03   7.745713E-01
   1.193213E+00   4.520120E-01   3.453055E+03   7.754105E-01
   1.198724E+00   4.641426E-01   3.441742E+03   7.756559E-01
   1.204261E+00   5.243161E-01   3.431822E+03   7.757314E-01
   1.209823E+00   4.562575E-01   3.421775E+03   7.757320E-01
   1.215411E+00   4.425625E-01   3.414319E+03   7.752537E-01
   1.221025E+00   4.531434E-01   3.405242E+03   7.751728E-01
   1.226665E+00   4.491698E-01   3.391256E+03   7.760810E-01
   1.232330E+00   4.760838E-01   3.382929E+03   7.760811E-01
   1.238022E+00   4.888697E-01   3.372315E+03   7.763362E-01
   1.243741E+00   4.445736E-01   3.366740E+03   7.755920E-01
   1.249485E+00   4.494231E-01   3.359491E+03   7.749698E-01
   1.255257E+00   4.341174E-01   3.343977E+03   7.765762E-01
   1.261054E+00   4.804629E-01   3.335891E+03   7.764914E-01
   1.266879E+00   4.458843E-01   3.325626E+03   7.766924E-01
   1.272731E+00   4.340922E-01   3.320933E+03   7.760076E-01
   1.278609E+00   4.347048E-01   3.310022E+03   7.760786E-01
   1.284515E+00   4.619910E-01   3.298459E+03   7.766457E-01
   1.290448E+00   4.606321E-01   3.286933E+03   7.771191E-01
   1.296408E+00   4.734283E-01   3.281185E+03   7.766968E-01
   1.302396E+00   4.600491E-01   3.271633E+03   7.767629E-01
   1.308412E+00   4.254551E-01   3.262492E+03   7.765635E-01
   1.314455E+00   4.626584E-01   3.253212E+03   7.763961E-01
   1.320527E+00   4.312452E-01   3.243786E+03   7.763311E-01
   1.326626E+00   4.120902E-01   3.230726E+03   7.770693E-01
   1.332754E+00   4.205089E-01   3.223373E+03   7.764147E-01
   1.338909E+00   4.412358E-01   3.212559E+03   7.766512E-01
   1.345094E+00   4.102959E-01   3.202886E+03   7.766077E-01
   1.351306E+00   4.204703E-01   3.193702E+03   7.764346E-01
   1.357548E+00   4.078363E-01   3.183391E+03   7.764600E-01
   1.363818E+00   4.101647E-01   3.173786E+03   7.766796E-01
   1.370118E+00   4.167926E-01   3.161370E+03   7.770593E-01
   1.376446E+00   4.180249E-01   3.155570E+03   7.762922E-01
   1.382804E+00   4.253680E-01   3.146364E+03   7.759925E-01
   1.389191E+00   4.035499E-01   3.134091E+03   7.766430E-01
   1.395607E+00   4.200854E-01   3.122699E+03   7.771926E-01
   1.402053E+00   4.234074E-01   3.113483E+03   7.771858E-01
   1.408529E+00   4.232026E-01   3.105685E+03   7.768569E-01
   1.415035E+00   4.064209E-01   3.098667E+03   7.764577E-01
   1.421571E+00   4.007955E-01   3.089473E+03   7.765222E-01
   1.428137E+00   4.124729E-01   3.076645E+03   7.775213E-01
   1.434733E+00   3.901153E-01   3.068872E+03   7.775903E-01
   1.441360E+00   3.937319E-01   3.059084E+03   7.778702E-01
   1.448018E+00   3.860240E-01   3.055307E+03   7.767797E-01
   1.454706E+00   4.070076E-01   3.047650E+03   7.762568E-01
   1.461425E+00   3.780428E-01   3.033551E+03   7.778872E-01
   1.468175E+00   3.911259E-01   3.024742E+03   7.779132E-01
   1.474956E+00   3.798018E-01   3.017019E+03   7.779324E-01
   1.481769E+00   3.745113E-01   3.011756E+03   7.773508E-01
   1.488613E+00   4.028265E-01   3.003162E+03   7.771337E-01
   1.495489E+00   3.778221E-01   2.990457E+03   7.780358E-01
   1.502396E+00   4.758085E-01   2.980077E+03   7.786253E-01
   1.509336E+00   3.723199E-01   2.984568E+03   7.755602E-01
   1.516307E+00   3.873376E-01   2.967445E+03   7.777882E-01
   1.523311E+00   3.837539E-01   2.957570E+03   7.779719E-01
   1.530347E+00   3.981094E-01   2.950013E+03   7.776646E-01
   1.537415E+00   3.748829E-01   2.939485E+03   7.781203E-01
   1.544516E+00   3.963509E-01   2.929018E+03   7.783867E-01
   1.551650E+00   3.770010E-01   2.922228E+03   7.777541E-01
   1.558817E+00   3.667182E-01   2.912094E+03   7.779768E-01
   1.566017E+00   3.626756E-01   2.904391E+03   7.776438E-01
   1.573250E+00   3.660903E-01   2.894567E+03   7.777308E-01
   1.580517E+00   3.729801E-01   2.884555E+03   7.779812E-01
   1.587817E+00   3.705154E-01   2.875472E+03   7.781176E-01
   1.595151E+00   3.783421E-01   2.865606E+03   7.782698E-01
   1.602519E+00   3.727640E-01   2.860710E+03   7.773869E-01
   1.609921E+00   3.727405E-01   2.849930E+03   7.776448E-01
   1.617357E+00   3.490539E-01   2.840038E+03   7.780361E-01
   1.624827E+00   3.479633E-01   2.829916E+03   7.786209E-01
   1.632332E+00   3.815894E-01   2.821756E+03   7.785069E-01
   1.639872E+00   3.556856E-01   2.814638E+03   7.782149E-01
   1.647446E+00   3.923032E-01   2.808250E+03   7.778465E-01
   1.655055E+00   3.581531E-01   2.797721E+03   7.783304E-01
   1.662700E+00   3.572506E-01   2.787862E+03   7.789612E-01
   1.670380E+00   3.528574E-01   2.780243E+03   7.790164E-01
   1.678095E+00   3.530333E-01   2.772631E+03   7.790229E-01
   1.685846E+00   3.494007E-01   2.769842E+03   7.776486E-01
   1.693633E+00   3.451755E-01   2.760188E+03   7.778693E-01
   1.701455E+00   3.491869E-01   2.748426E+03   7.790280E-01
   1.709314E+00   3.393653E-01   2.739097E+03   7.794261E-01
   1.717209E+00   3.354435E-01   2.732399E+03   7.793984E-01
   1.725141E+00   3.335596E-01   2.728084E+03   7.786418E-01
   1.733109E+00   3.360984E-01   2.720241E+03   7.783584E-01
   1.741114E+00   3.471304E-01   2.707661E+03   7.794768E-01
   1.749156E+00   3.333958E-01   2.698727E+03   7.800997E-01
   1.757235E+00   3.416057E-01   2.694863E+03   7.794766E-01
   1.765352E+00   3.346321E-01   2.687643E+03   7.789863E-01
   1.773506E+00   3.512569E-01   2.678487E+03   7.791976E-01
   1.781697E+00   3.460552E-01   2.671122E+03   7.791192E-01
   1.789927E+00   3.495599E-01   2.661317E+03   7.795647E-01
   1.798194E+00   3.402897E-01   2.652903E+03   7.795952E-01
   1.806500E+00   3.485354E-01   2.645745E+03   7.790643E-01
   1.814844E+00   3.264084E-01   2.636092E+03   7.794557E-01
   1.823226E+00   3.264289E-01   2.629308E+03   7.788868E-01
   1.831647E+00   3.327379E-01   2.620917E+03   7.788344E-01
   1.840108E+00   3.196248E-01   2.609557E+03   7.797314E-01
   1.848607E+00   3.141815E-01   2.601256E+03   7.797071E-01
   1.857145E+00   3.158663E-01   2.593046E+03   7.797612E-01
   1.865723E+00   3.298654E-01   2.589209E+03   7.785121E-01
   1.874341E+00   3.087433E-01   2.577354E+03   7.793897E-01
   1.882998E+00   3.781626E-01   2.570142E+03   7.792308E-01
   1.891696E+00   3.343575E-01   2.560454E+03   7.799709E-01
   1.900433E+00   3.185820E-01   2.552644E+03   7.799295E-01
   1.909211E+00   3.118530E-01   2.547537E+03   7.792906E-01
   1.918029E+00   3.509040E-01   2.540235E+03   7.793029E-01
   1.926888E+00   3.177571E-01   2.530751E+03   7.798303E-01
   1.935788E+00   3.156611E-01   2.521654E+03   7.804596E-01
   1.944730E+00   3.015552E-01   2.514313E+03   7.806288E-01
   1.953712E+00   3.054254E-01   2.508159E+03   7.803909E-01
   1.962736E+00   3.172473E-01   2.505641E+03   7.789683E-01
   1.971802E+00   2.982688E-01   2.494871E+03   7.797037E-01
   1.980909E+00   3.079876E-01   2.484611E+03   7.806110E-01
   1.990059E+00   3.108413E-01   2.476927E+03   7.807787E-01
   1.999251E+00   3.081607E-01   2.470934E+03   7.806764E-01
   2.008485E+00   3.014976E-01   2.466994E+03   7.798659E-01
   2.017762E+00   3.192429E-01   2.459484E+03   7.794723E-01
   2.027082E+00   3.015102E-01   2.446933E+03   7.809274E-01
   2.036445E+00   2.943163E-01   2.439193E+03   7.815609E-01
   2.045851E+00   3.131247E-01   2.434619E+03   7.810064E-01
   2.055300E+00   3.028136E-01   2.428223E+03   7.804317E-01
   2.064793E+00   2.874286E-01   2.418844E+03   7.809632E-01
   2.074330E+00   3.091325E-01   2.413643E+03   7.803985E-01
   2.083911E+00   3.227038E-01   2.404433E+03   7.809475E-01
   2.093537E+00   2.995379E-01   2.396277E+03   7.811857E-01
   2.103207E+00   2.879531E-01   2.389585E+03   7.808399E-01
   2.112921E+00   2.903172E-01   2.381612E+03   7.807709E-01
   2.122680E+00   2.816370E-01   2.375383E+03   7.802496E-01
   2.132485E+00   2.904523E-01   2.368149E+03   7.800571E-01
   2.142334E+00   3.299205E-01   2.356965E+03   7.811322E-01
   2.152230E+00   2.755708E-01   2.348855E+03   7.812999E-01
   2.162170E+00   2.922498E-01   2.342637E+03   7.810106E-01
   2.172157E+00   2.837408E-01   2.337465E+03   7.800628E-01
   2.182190E+00   2.849479E-01   2.327778E+03   7.805996E-01
   2.192269E+00   2.730038E-01   2.319917E+03   7.807920E-01
   2.202395E+00   2.806822E-01   2.311773E+03   7.811418E-01
   2.212568E+00   2.875937E-01   2.305240E+03   7.808980E-01
   2.222787E+00   2.721112E-01   2.299417E+03   7.805688E-01
   2.233054E+00   2.765739E-01   2.292657E+03   7.805149E-01
   2.243368E+00   2.806523E-01   2.284395E+03   7.809028E-01
   2.253730E+00   2.864467E-01   2.276391E+03   7.814383E-01
   2.264140E+00   2.894428E-01   2.269266E+03   7.816750E-01
   2.274598E+00   2.653739E-01   2.263447E+03   7.816059E-01
   2.285104E+00   3.226459E-01   2.260492E+03   7.802490E-01
   2.295658E+00   2.641955E-01   2.250150E+03   7.812160E-01
   2.306262E+00   2.713098E-01   2.241046E+03   7.819369E-01
   2.316914E+00   2.652126E-01   2.233721E+03   7.822014E-01
   2.327616E+00   2.621734E-01   2.229547E+03   7.817362E-01
   2.338367E+00   2.756242E-01   2.224797E+03   7.811251E-01
   2.349167E+00   2.729753E-01   2.217247E+03   7.807401E-01
   2.360018E+00   2.620111E-01   2.206282E+03   7.821960E-01
   2.370918E+00   2.763578E-01   2.200073E+03   7.825273E-01
   2.381869E+00   2.558676E-01   2.194194E+03   7.822548E-01
   2.392871E+00   2.560439E-01   2.188137E+03   7.817530E-01
   2.403923E+00   2.546133E-01   2.179807E+03   7.821241E-01
   2.415027E+00   2.752066E-01   2.174605E+03   7.815414E-01
   2.426181E+00   2.681397E-01   2.166429E+03   7.820298E-01
   2.437388E+00   2.714473E-01   2.159488E+03   7.821366E-01
   2.448646E+00   2.619949E-01   2.152658E+03   7.819894E-01
   2.459956E+00   2.577675E-01   2.144978E+03   7.821088E-01
   2.471318E+00   2.535876E-01   2.140070E+03   7.812278E-01
   2.482733E+00   2.545433E-01   2.132719E+03   7.812444E-01
   2.494200E+00   2.542051E-01   2.122769E+03   7.822989E-01
   2.505720E+00   2.678937E-01   2.115149E+03   7.825284E-01
   2.517294E+00   2.568736E-01   2.110679E+03   7.818432E-01
   2.528921E+00   2.491259E-01   2.104982E+03   7.811567E-01
   2.540602E+00   2.638926E-01   2.096592E+03   7.815575E-01
   2.552337E+00   2.467344E-01   2.088890E+03   7.818342E-01
   2.564126E+00   2.434461E-01   2.080719E+03   7.823879E-01
   2.575969E+00   2.457850E-01   2.075169E+03   7.819887E-01
   2.587867E+00   2.401744E-01   2.069101E+03   7.818131E-01
   2.599820E+00   2.403081E-01   2.062778E+03   7.817269E-01
   2.611828E+00   2.429878E-01   2.054833E+03   7.822860E-01
   2.623892E+00   2.685651E-01   2.048309E+03   7.823200E-01
   2.636011E+00   2.361227E-01   2.041202E+03   7.827812E-01
   2.648187E+00   2.346569E-01   2.036632E+03   7.825234E-01
   2.660419E+00   2.472802E-01   2.033465E+03   7.811662E-01
   2.672707E+00   2.514927E-01   2.024118E+03   7.820288E-01
   2.685052E+00   2.379086E-01   2.015755E+03   7.827657E-01
   2.697454E+00   2.410268E-01   2.008991E+03   7.832170E-01
   2.709913E+00   2.373623E-01   2.005467E+03   7.825730E-01
   2.722429E+00   2.334171E-01   2.000163E+03   7.822123E-01
   2.735004E+00   2.343579E-01   1.992712E+03   7.820640E-01
   2.747637E+00   2.300193E-01   1.983169E+03   7.834341E-01
   2.760328E+00   2.385255E-01   1.979059E+03   7.831786E-01
   2.773077E+00   2.253513E-01   1.972468E+03   7.833807E-01
   2.785886E+00   2.255273E-01   1.967004E+03   7.827756E-01
   2.798753E+00   2.371761E-01   1.960118E+03   7.828472E-01
   2.811681E+00   2.365283E-01   1.953958E+03   7.827350E-01
   2.824667E+00   2.403024E-01   1.946336E+03   7.833419E-01
   2.837714E+00   2.267199E-01   1.940715E+03   7.831469E-01
   2.850821E+00   2.335982E-01   1.934401E+03   7.830004E-01
   2.863989E+00   2.202068E-01   1.927386E+03   7.832928E-01
   2.877217E+00   2.252525E-01   1.923118E+03   7.822240E-01
   2.890507E+00   2.360593E-01   1.916136E+03   7.822051E-01
   2.903858E+00   2.192695E-01   1.907089E+03   7.833396E-01
   2.917270E+00   2.190088E-01   1.900293E+03   7.836476E-01
   2.930745E+00   2.253932E-01   1.897009E+03   7.825521E-01
   2.944281E+00   2.220978E-01   1.891198E+03   7.820984E-01
   2.957881E+00   2.166794E-01   1.882585E+03   7.830316E-01
   2.971543E+00   2.169767E-01   1.875967E+03   7.832028E-01
   2.985268E+00   2.216542E-01   1.869896E+03   7.831676E-01
   2.999057E+00   2.226919E-01   1.864357E+03   7.830238E-01
   3.012909E+00   2.126576E-01   1.859101E+03   7.828528E-01
   3.026825E+00   2.140671E-01   1.852961E+03   7.828367E-01
   3.040806E+00   2.260301E-01   1.845902E+03   7.833072E-01
   3.054851E+00   2.446177E-01   1.839387E+03   7.836707E-01
   3.068961E+00   2.110224E-01   1.834008E+03   7.837586E-01
   3.083136E+00   2.125407E-01   1.830417E+03   7.832056E-01
   3.097376E+00   2.136465E-01   1.826050E+03   7.823538E-01
   3.111683E+00   2.095980E-01   1.817781E+03   7.831542E-01
   3.126055E+00   2.183344E-01   1.810644E+03   7.837659E-01
   3.140494E+00   2.114476E-01   1.804887E+03   7.841129E-01
   3.155000E+00   2.069966E-01   1.800866E+03   7.837187E-01
   3.169572E+00   2.110207E-01   1.795826E+03   7.834215E-01
   3.184212E+00   2.099891E-01   1.789089E+03   7.833967E-01
   3.198920E+00   2.047058E-01   1.780573E+03   7.847110E-01
   3.213695E+00   2.085824E-01   1.776841E+03   7.843863E-01
   3.228539E+00   2.022822E-01   1.771572E+03   7.844727E-01
   3.243451E+00   2.037223E-01   1.766710E+03   7.838334E-01
   3.258432E+00   2.005841E-01   1.760010E+03   7.839809E-01
   3.273482E+00   2.055767E-01   1.754141E+03   7.839754E-01
   3.288602E+00   1.987740E-01   1.747400E+03   7.846499E-01
   3.303792E+00   2.066911E-01   1.742770E+03   7.842562E-01
   3.319052E+00   1.959613E-01   1.736321E+03   7.844419E-01
   3.334382E+00   1.976914E-01   1.730865E+03   7.843152E-01
   3.349783E+00   1.973782E-01   1.726542E+03   7.834852E-01
   3.365255E+00   1.996834E-01   1.719821E+03   7.836149E-01
   3.380799E+00   1.970791E-01   1.712290E+03   7.843859E-01
   3.396414E+00   2.035774E-01   1.706272E+03   7.845704E-01
   3.412102E+00   1.952152E-01   1.702822E+03   7.836944E-01
   3.427862E+00   1.924560E-01   1.697006E+03   7.835646E-01
   3.443695E+00   1.882922E-01   1.689270E+03   7.843956E-01
   3.459601E+00   1.907458E-01   1.682632E+03   7.847416E-01
   3.475580E+00   1.927277E-01   1.677276E+03   7.847597E-01
   3.491634E+00   2.026229E-01   1.672827E+03   7.845084E-01
   3.507761E+00   1.888883E-01   1.668359E+03   7.840035E-01
   3.523963E+00   1.883375E-01   1.661766E+03   7.843759E-01
   3.540240E+00   1.894803E-01   1.655905E+03   7.846106E-01
   3.556592E+00   1.877613E-01   1.649738E+03   7.852074E-01
   3.573019E+00   1.842421E-01   1.644994E+03   7.852850E-01
   3.589523E+00   1.866983E-01   1.642272E+03   7.843529E-01
   3.606102E+00   1.968468E-01   1.637415E+03   7.837506E-01
   3.622758E+00   1.841788E-01   1.629768E+03   7.846898E-01
   3.639491E+00   1.923413E-01   1.623372E+03   7.853565E-01
   3.656302E+00   1.792558E-01   1.618325E+03   7.855795E-01
   3.673190E+00   1.809509E-01   1.614549E+03   7.851033E-01
   3.690156E+00   1.874552E-01   1.610591E+03   7.844146E-01
   3.707200E+00   1.856519E-01   1.604237E+03   7.845767E-01
   3.724323E+00   1.786811E-01   1.596561E+03   7.859338E-01
   3.741525E+00   1.808921E-01   1.592096E+03   7.859894E-01
   3.758807E+00   1.849255E-01   1.588236E+03   7.855603E-01
   3.776169E+00   1.777287E-01   1.583046E+03   7.853191E-01
   3.793610E+00   1.763417E-01   1.577243E+03   7.853987E-01
   3.811132E+00   1.774716E-01   1.571571E+03   7.854715E-01
   3.828736E+00   1.908602E-01   1.565448E+03   7.860241E-01
   3.846420E+00   1.834021E-01   1.560590E+03   7.859311E-01
   3.864186E+00   1.751056E-01   1.554530E+03   7.859881E-01
   3.882034E+00   1.727850E-01   1.548731E+03   7.857990E-01
   3.899965E+00   1.725547E-01   1.542814E+03   7.853324E-01
   3.917978E+00   1.718184E-01   1.533418E+03   7.867033E-01
   3.936075E+00   1.716351E-01   1.526635E+03   7.871814E-01
   3.954255E+00   1.691487E-01   1.521232E+03   7.869907E-01
   3.972520E+00   1.797789E-01   1.516478E+03   7.861230E-01
   3.990868E+00   1.686066E-01   1.508155E+03   7.870634E-01
   4.009301E+00   1.697266E-01   1.501452E+03   7.873290E-01
   4.027820E+00   1.763960E-01   1.494683E+03   7.879215E-01
   4.046424E+00   1.913643E-01   1.489406E+03   7.877925E-01
   4.065114E+00   1.648034E-01   1.483374E+03   7.878064E-01
   4.083890E+00   1.645740E-01   1.476382E+03   7.881582E-01
   4.102753E+00   1.643640E-01   1.469712E+03   7.887023E-01
   4.121703E+00   1.623300E-01   1.462762E+03   7.895749E-01
   4.140741E+00   1.619345E-01   1.457700E+03   7.895763E-01
   4.159866E+00   1.681578E-01   1.453965E+03   7.886481E-01
   4.179080E+00   1.590989E-01   1.445910E+03   7.892447E-01
   4.198383E+00   1.599368E-01   1.437600E+03   7.903808E-01
   4.217775E+00   1.628709E-01   1.431484E+03   7.905965E-01
   4.237256E+00   1.586311E-01   1.425182E+03   7.907821E-01
   4.256828E+00   1.614983E-01   1.418498E+03   7.910750E-01
   4.276489E+00   1.618207E-01   1.412216E+03   7.909168E-01
   4.296242E+00   1.553020E-01   1.403791E+03   7.920885E-01
   4.316086E+00   1.623564E-01   1.397462E+03   7.923848E-01
   4.336021E+00   1.540429E-01   1.390957E+03   7.928688E-01
   4.356049E+00   1.516573E-01   1.384136E+03   7.931907E-01
   4.376169E+00   1.583395E-01   1.378237E+03   7.927749E-01
   4.396382E+00   1.538085E-01   1.370366E+03   7.935016E-01
   4.416688E+00   1.521355E-01   1.363105E+03   7.942091E-01
   4.437088E+00   1.491462E-01   1.355996E+03   7.948835E-01
   4.457583E+00   1.484256E-01   1.349935E+03   7.948668E-01
   4.478172E+00   1.499423E-01   1.344288E+03   7.943875E-01
   4.498856E+00   1.526214E-01   1.337287E+03   7.943593E-01
   4.519635E+00   1.455760E-01   1.328023E+03   7.961834E-01
   4.540511E+00   1.476448E-01   1.322059E+03   7.961957E-01
   4.561483E+00   1.458495E-01   1.316481E+03   7.957086E-01
   4.582552E+00   1.462293E-01   1.308448E+03   7.964020E-01
   4.603718E+00   1.436246E-01   1.300956E+03   7.968031E-01
   4.624982E+00   1.450320E-01   1.293313E+03   7.975392E-01
   4.646345E+00   1.432351E-01   1.286994E+03   7.978079E-01
   4.667805E+00   1.414720E-01   1.280305E+03   7.980011E-01
   4.689365E+00   1.407206E-01   1.272968E+03   7.985952E-01
   4.711025E+00   1.418022E-01   1.266412E+03   7.988260E-01
   4.732785E+00   1.396728E-01   1.258733E+03   7.997848E-01
   4.754645E+00   1.400041E-01   1.252777E+03   8.000301E-01
   4.776606E+00   1.376762E-01   1.246791E+03   7.999893E-01
   4.798668E+00   1.378462E-01   1.239277E+03   8.005928E-01
   4.820833E+00   1.366912E-01   1.232146E+03   8.011235E-01
   4.843100E+00   1.337981E-01   1.225009E+03   8.019199E-01
   4.865469E+00   1.343256E-01   1.219022E+03   8.019418E-01
   4.887942E+00   1.331644E-01   1.212265E+03   8.023429E-01
   4.910519E+00   1.339517E-01   1.205436E+03   8.026738E-01
   4.933200E+00   1.317733E-01   1.198564E+03   8.030669E-01
   4.955986E+00   1.303224E-01   1.190967E+03   8.040638E-01
   4.978877E+00   1.298944E-01   1.184756E+03   8.043379E-01
   5.001874E+00   1.291664E-01   1.178194E+03   8.047187E-01
   5.024977E+00   1.292176E-01   1.170400E+03   8.050446E-01
   5.048187E+00   1.272485E-01   1.162047E+03   8.058561E-01
   5.071504E+00   1.270415E-01   1.154149E+03   8.064303E-01
   5.094928E+00   1.248991E-01   1.145801E+03   8.074547E-01
   5.118461E+00   1.257060E-01   1.139055E+03   8.072141E-01
   5.142103E+00   1.256829E-01   1.131168E+03   8.073629E-01
   5.165854E+00   1.222137E-01   1.121332E+03   8.090721E-01
   5.189714E+00   1.224572E-01   1.114298E+03   8.090885E-01
   5.213685E+00   1.215428E-01   1.106487E+03   8.095008E-01
   5.237766E+00   1.196477E-01   1.097753E+03   8.106904E-01
   5.261959E+00   1.208144E-01   1.090728E+03   8.105374E-01
   5.286263E+00   1.184363E-01   1.081972E+03   8.117698E-01
   5.310680E+00   1.175870E-01   1.074974E+03   8.118964E-01
   5.335209E+00   1.167695E-01   1.066731E+03   8.126799E-01
   5.359852E+00   1.157720E-01   1.058720E+03   8.134968E-01
   5.384608E+00   1.151455E-01   1.051266E+03   8.138063E-01
   5.409479E+00   1.144213E-01   1.043421E+03   8.145801E-01
   5.434465E+00   1.135183E-01   1.036173E+03   8.150448E-01
   5.459566E+00   1.124703E-01   1.028443E+03   8.156060E-01
   5.484783E+00   1.117408E-01   1.020492E+03   8.163184E-01
   5.510116E+00   1.108396E-01   1.012735E+03   8.170562E-01
   5.535567E+00   1.104322E-01   1.005534E+03   8.173851E-01
   5.561135E+00   1.094132E-01   9.973867E+02   8.181289E-01
   5.586821E+00   1.082198E-01   9.874840E+02   8.192079E-01
   5.612626E+00   1.072789E-01   9.778963E+02   8.200665E-01
   5.638550E+00   1.062346E-01   9.682503E+02   8.211413E-01
   5.664594E+00   1.051578E-01   9.589171E+02   8.221087E-01
   5.690758E+00   1.043702E-01   9.496219E+02   8.228988E-01
   5.717043E+00   1.032887E-01   9.398535E+02   8.240721E-01
   5.743449E+00   1.021869E-01   9.302725E+02   8.252559E-01
   5.769977E+00   1.012376E-01   9.211053E+02   8.261041E-01
   5.796628E+00   1.002752E-01   9.118910E+02   8.269791E-01
   5.823402E+00   9.931085E-02   9.025170E+02   8.278431E-01
   5.850300E+00   9.825544E-02   8.927927E+02   8.290463E-01
   5.877322E+00   9.734954E-02   8.834310E+02   8.300750E-01
   5.904468E+00   9.618073E-02   8.722797E+02   8.314925E-01
   5.931740E+00   9.500352E-02   8.609296E+02   8.329826E-01
   5.959138E+00   9.381458E-02   8.495887E+02   8.345121E-01
   5.986663E+00   9.265805E-02   8.384922E+02   8.359108E-01
   6.014314E+00   9.146664E-02   8.271119E+02   8.374500E-01
   6.042094E+00   9.029987E-02   8.158110E+02   8.390739E-01
   6.070001E+00   8.914774E-02   8.046045E+02   8.405866E-01
   6.098038E+00   8.798257E-02   7.933333E+02   8.421746E-01
   6.126204E+00   8.682646E-02   7.820627E+02   8.437568E-01
   6.154500E+00   8.567249E-02   7.707250E+02   8.453624E-01
   6.182927E+00   8.450815E-02   7.593550E+02   8.469977E-01
   6.211485E+00   8.336059E-02   7.479723E+02   8.486194E-01
   6.240175E+00   8.220837E-02   7.365533E+02   8.502204E-01
   6.268998E+00   8.085347E-02   7.230606E+02   8.522182E-01
   6.297954E+00   7.939550E-02   7.084271E+02   8.544490E-01
   6.327043E+00   7.794658E-02   6.937411E+02   8.566793E-01
   6.356267E+00   7.648920E-02   6.789520E+02   8.588657E-01
   6.385626E+00   7.502975E-02   6.640111E+02   8.610534E-01
   6.415120E+00   7.358229E-02   6.489791E+02   8.632062E-01
   6.444751E+00   7.213099E-02   6.338067E+02   8.653148E-01
   6.474518E+00   7.036891E-02   6.150541E+02   8.679916E-01
   6.504423E+00   6.849464E-02   5.949606E+02   8.708089E-01
   6.534467E+00   6.661526E-02   5.746200E+02   8.735603E-01
   6.564648E+00   6.473808E-02   5.540543E+02   8.762444E-01
   6.594970E+00   6.286760E-02   5.332923E+02   8.788503E-01
   6.625431E+00   6.099868E-02   5.123442E+02   8.813670E-01
   6.656033E+00   5.913087E-02   4.912254E+02   8.837915E-01
   6.686777E+00   5.712039E-02   4.682060E+02   8.863566E-01
   6.717662E+00   5.503980E-02   4.440841E+02   8.889323E-01
   6.748690E+00   5.297998E-02   4.199005E+02   8.913802E-01
   6.779861E+00   5.048547E-02   3.899820E+02   8.943510E-01
   6.811177E+00   4.788793E-02   3.580953E+02   8.973376E-01
   6.842637E+00   4.539226E-02   3.265277E+02   9.000872E-01
   6.874242E+00   4.267651E-02   2.904363E+02   9.030742E-01
   6.905993E+00   4.012585E-02   2.541089E+02   9.058610E-01
   6.937891E+00   3.791709E-02   2.192107E+02   9.083290E-01
   6.969936E+00   1.820271E-01   1.809183E+02   9.108793E-01
   7.002130E+00   1.092433E+00   1.451794E+02   9.130423E-01
   7.034472E+00   1.422412E+00   1.172632E+02   9.145284E-01
   7.066963E+00   1.842170E+00   9.096919E+01   9.158135E-01
   7.099605E+00   2.372896E+00   6.669280E+01   9.168860E-01
   7.132397E+00   3.040746E+00   4.497314E+01   9.177228E-01
   7.165340E+00   3.877572E+00   2.674381E+01   9.182761E-01
   7.198436E+00   4.921337E+00   1.263210E+01   9.185129E-01
   7.231685E+00   6.219177E+00   3.504325E+00   9.183819E-01
   7.265087E+00   7.829548E+00   3.929389E-02   9.178298E-01
   7.298644E+00   9.823543E+00   2.919646E+00   9.167869E-01
   7.332355E+00   1.229364E+01   1.260642E+01   9.151737E-01
   7.366222E+00   1.535736E+01   2.951042E+01   9.128700E-01
   7.400246E+00   1.916694E+01   5.355292E+01   9.097504E-01
   7.434427E+00   2.392288E+01   8.420978E+01   9.056676E-01
   7.468766E+00   2.988833E+01   1.205044E+02   9.004583E-01
   7.503263E+00   3.740980E+01   1.612986E+02   8.939172E-01
   7.537920E+00   4.693986E+01   2.049542E+02   8.858590E-01
   7.572736E+00   5.905628E+01   2.492783E+02   8.762113E-01
   7.607714E+00   7.449977E+01   2.929415E+02   8.648593E-01
   7.642853E+00   9.419227E+01   3.348673E+02   8.518823E-01
   7.678154E+00   1.192951E+02   3.745794E+02   8.375457E-01
   7.713619E+00   1.512516E+02   4.122308E+02   8.219506E-01
   7.749247E+00   1.918799E+02   4.479572E+02   8.050353E-01
   7.785040E+00   2.435719E+02   4.820349E+02   7.865890E-01
   7.820998E+00   3.095801E+02   5.145719E+02   7.663682E-01
   7.857122E+00   3.941188E+02   5.456004E+02   7.440256E-01
   7.893413E+00   5.017897E+02   5.749716E+02   7.193555E-01
   7.929872E+00   6.353149E+02   6.019359E+02   6.936213E-01
   7.966499E+00   7.876411E+02   6.246011E+02   6.699270E-01
   8.003295E+00   9.358623E+02   6.410115E+02   6.515683E-01
   8.040262E+00   1.051824E+03   6.498948E+02   6.400403E-01
   8.077399E+00   1.126974E+03   6.525163E+02   6.342258E-01
   8.114707E+00   1.172181E+03   6.513711E+02   6.320545E-01
   8.152188E+00   1.202770E+03   6.490801E+02   6.315679E-01
   8.189842E+00   1.228904E+03   6.471836E+02   6.315860E-01
   8.227670E+00   1.255257E+03   6.465201E+02   6.314388E-01
   8.265672E+00   1.282966E+03   6.474617E+02   6.307859E-01
   8.303850E+00   1.311450E+03   6.501746E+02   6.294681E-01
   8.342205E+00   1.339692E+03   6.547986E+02   6.273941E-01
   8.380737E+00   1.366822E+03   6.615361E+02   6.244776E-01
   8.419446E+00   1.392385E+03   6.706445E+02   6.206342E-01
   8.458335E+00   1.416571E+03   6.826548E+02   6.157051E-01
   8.497403E+00   1.440199E+03   6.981032E+02   6.095788E-01
   8.536651E+00   1.465225E+03   7.179474E+02   6.020706E-01
   8.576081E+00   1.495288E+03   7.433761E+02   5.930559E-01
   8.615693E+00   1.536671E+03   7.764388E+02   5.823509E-01
   8.655487E+00   1.600285E+03   8.202465E+02   5.698275E-01
   8.695466E+00   1.704416E+03   8.800199E+02   5.553046E-01
   8.735629E+00   1.876138E+03   9.633073E+02   5.385662E-01
   8.775978E+00   2.149035E+03   1.080535E+03   5.189164E-01
   8.816513E+00   2.535841E+03   1.241767E+03   4.951482E-01
   8.857236E+00   2.973888E+03   1.442904E+03   4.678706E-01
   8.898146E+00   3.345768E+03   1.645454E+03   4.418484E-01
   8.939246E+00   3.564604E+03   1.784282E+03   4.224273E-01
   8.980535E+00   3.592821E+03   1.817716E+03   4.116013E-01
   9.022015E+00   3.439916E+03   1.759054E+03   4.088418E-01
   9.063686E+00   3.172930E+03   1.652394E+03   4.127336E-01
   9.105550E+00   2.884515E+03   1.536133E+03   4.214397E-01
   9.147608E+00   2.635676E+03   1.430568E+03   4.331069E-01
   9.189860E+00   2.441740E+03   1.342119E+03   4.462360E-01
   9.232306E+00   2.295689E+03   1.271323E+03   4.595114E-01
   9.274949E+00   2.185345E+03   1.216962E+03   4.716788E-01
   9.317789E+00   2.098401E+03   1.177269E+03   4.817345E-01
   9.360827E+00   2.023815E+03   1.149743E+03   4.893479E-01
   9.404063E+00   1.952803E+03   1.131025E+03   4.950299E-01
   9.447500E+00   1.880750E+03   1.117597E+03   4.998045E-01
   9.491136E+00   1.806742E+03   1.107055E+03   5.045767E-01
   9.534975E+00   1.731752E+03   1.098314E+03   5.098782E-01
   9.579016E+00   1.656644E+03   1.091184E+03   5.159185E-01
   9.623260E+00   1.581735E+03   1.085879E+03   5.227048E-01
   9.667709E+00   1.506893E+03   1.082713E+03   5.301332E-01
   9.712362E+00   1.431794E+03   1.081838E+03   5.380821E-01
   9.757223E+00   1.356218E+03   1.083265E+03   5.463857E-01
   9.802290E+00   1.280460E+03   1.086574E+03   5.549088E-01
   9.847566E+00   1.205404E+03   1.091047E+03   5.634920E-01
   9.893050E+00   1.132584E+03   1.095615E+03   5.720020E-01
   9.938745E+00   1.064099E+03   1.098796E+03   5.804105E-01
   9.984651E+00   1.002076E+03   1.099263E+03   5.886841E-01
   1.003077E+01   9.481022E+02   1.096055E+03   5.968132E-01
   1.007710E+01   9.030952E+02   1.088774E+03   6.047497E-01
   1.012364E+01   8.667442E+02   1.077783E+03   6.124263E-01
   1.017040E+01   8.381476E+02   1.064007E+03   6.197194E-01
   1.021738E+01   8.157799E+02   1.048692E+03   6.265098E-01
   1.026457E+01   7.979501E+02   1.032938E+03   6.327342E-01
   1.031198E+01   7.830591E+02   1.017712E+03   6.383324E-01
   1.035961E+01   7.698402E+02   1.003491E+03   6.433420E-01
   1.040746E+01   7.573580E+02   9.905469E+02   6.478147E-01
   1.045553E+01   7.450142E+02   9.789722E+02   6.518089E-01
   1.050383E+01   7.324598E+02   9.686599E+02   6.554068E-01
   1.055234E+01   7.194542E+02   9.595228E+02   6.586649E-01
   1.060108E+01   7.059334E+02   9.513239E+02   6.616599E-01
   1.065005E+01   6.919137E+02   9.439265E+02   6.644291E-01
   1.069924E+01   6.774190E+02   9.371018E+02   6.670423E-01
   1.074866E+01   6.625936E+02   9.306236E+02   6.695589E-01
   1.079830E+01   6.475582E+02   9.243059E+02   6.720332E-01
   1.084818E+01   6.325090E+02   9.180081E+02   6.744967E-01
   1.089829E+01   6.176339E+02   9.114892E+02   6.770087E-01
   1.094862E+01   6.031769E+02   9.045564E+02   6.796023E-01
   1.099920E+01   5.893849E+02   8.969914E+02   6.823126E-01
   1.105000E+01   5.765620E+02   8.885099E+02   6.851816E-01
   1.110104E+01   5.650416E+02   8.788142E+02   6.882495E-01
   1.115231E+01   5.551950E+02   8.677095E+02   6.915214E-01
   1.120382E+01   5.474195E+02   8.548545E+02   6.950408E-01
   1.125557E+01   5.421536E+02   8.399628E+02   6.988265E-01
   1.130756E+01   5.398181E+02   8.229872E+02   7.028263E-01
   1.135979E+01   5.407248E+02   8.037257E+02   7.070426E-01
   1.141226E+01   5.451958E+02   7.822283E+02   7.114083E-01
   1.146497E+01   5.533768E+02   7.587977E+02   7.158133E-01
   1.151793E+01   5.652774E+02   7.338435E+02   7.201401E-01
   1.157112E+01   5.807720E+02   7.079252E+02   7.242492E-01
   1.162457E+01   5.995504E+02   6.818761E+02   7.279524E-01
   1.167826E+01   6.211838E+02   6.565111E+02   7.310847E-01
   1.173220E+01   6.450745E+02   6.326747E+02   7.334975E-01
   1.178639E+01   6.705781E+02   6.110815E+02   7.350882E-01
   1.184083E+01   6.969390E+02   5.924077E+02   7.357837E-01
   1.189552E+01   7.233773E+02   5.770427E+02   7.355904E-01
   1.195047E+01   7.491567E+02   5.651882E+02   7.345584E-01
   1.200567E+01   7.735152E+02   5.568163E+02   7.327958E-01
   1.206112E+01   7.957734E+02   5.518143E+02   7.304190E-01
   1.211683E+01   8.153719E+02   5.498484E+02   7.275802E-01
   1.217279E+01   8.318273E+02   5.505448E+02   7.244294E-01
   1.222902E+01   8.448094E+02   5.535393E+02   7.210942E-01
   1.228550E+01   8.540901E+02   5.583881E+02   7.177095E-01
   1.234225E+01   8.594880E+02   5.647586E+02   7.143785E-01
   1.239926E+01   8.610318E+02   5.724324E+02   7.111509E-01
   1.245653E+01   8.588047E+02   5.810398E+02   7.081106E-01
   1.251406E+01   8.529075E+02   5.904507E+02   7.052798E-01
   1.257186E+01   8.435035E+02   6.004507E+02   7.026965E-01
   1.262993E+01   8.308422E+02   6.109751E+02   7.003486E-01
   1.268827E+01   8.151392E+02   6.218949E+02   6.982458E-01
   1.274687E+01   7.966025E+02   6.331482E+02   6.963803E-01
   1.280575E+01   7.755445E+02   6.446574E+02   6.947344E-01
   1.286490E+01   7.521286E+02   6.564666E+02   6.932738E-01
   1.292432E+01   7.266552E+02   6.684645E+02   6.919896E-01
   1.298401E+01   6.993663E+02   6.806663E+02   6.908431E-01
   1.304398E+01   6.704664E+02   6.930477E+02   6.898108E-01
   1.310423E+01   6.402619E+02   7.054804E+02   6.888857E-01
   1.316476E+01   6.089588E+02   7.179124E+02   6.880496E-01
   1.322557E+01   5.768728E+02   7.303069E+02   6.872633E-01
   1.328665E+01   5.442429E+02   7.424795E+02   6.865396E-01
   1.334802E+01   5.113843E+02   7.544497E+02   6.858186E-01
   1.340968E+01   4.786112E+02   7.658846E+02   6.851448E-01
   1.347161E+01   4.462326E+02   7.766987E+02   6.844853E-01
   1.353384E+01   4.145843E+02   7.867115E+02   6.838284E-01
   1.359635E+01   3.839366E+02   7.955678E+02   6.832215E-01
   1.365915E+01   3.546514E+02   8.030843E+02   6.826655E-01
   1.372224E+01   3.270475E+02   8.089165E+02   6.822362E-01
   1.378562E+01   3.014600E+02   8.129996E+02   6.819445E-01
   1.384929E+01   2.781221E+02   8.152032E+02   6.818337E-01
   1.391326E+01   2.571941E+02   8.154304E+02   6.819514E-01
   1.397753E+01   2.387390E+02   8.136963E+02   6.823370E-01
   1.404209E+01   2.228008E+02   8.100330E+02   6.830272E-01
   1.410694E+01   2.094024E+02   8.043874E+02   6.840712E-01
   1.417210E+01   1.985054E+02   7.968984E+02   6.854625E-01
   1.423756E+01   1.899755E+02   7.876443E+02   6.872190E-01
   1.430332E+01   1.836777E+02   7.769520E+02   6.892944E-01
   1.436939E+01   1.794221E+02   7.648239E+02   6.917239E-01
   1.443576E+01   1.770208E+02   7.514605E+02   6.944707E-01
   1.450244E+01   1.762670E+02   7.370564E+02   6.974794E-01
   1.456942E+01   1.769894E+02   7.218629E+02   7.006612E-01
   1.463672E+01   1.789862E+02   7.058448E+02   7.039978E-01
   1.470432E+01   1.820620E+02   6.892536E+02   7.073999E-01
   1.477224E+01   1.860429E+02   6.722948E+02   7.108033E-01
   1.484047E+01   1.907514E+02   6.549239E+02   7.142226E-01
   1.490902E+01   1.960496E+02   6.373289E+02   7.176155E-01
   1.497788E+01   2.018315E+02   6.196552E+02   7.209555E-01
   1.504706E+01   2.080049E+02   6.018766E+02   7.242621E-01
   1.511656E+01   2.145061E+02   5.841342E+02   7.275102E-01
   1.518638E+01   2.212913E+02   5.664903E+02   7.306900E-01
   1.525653E+01   2.283167E+02   5.489530E+02   7.337998E-01
   1.532699E+01   2.355456E+02   5.315853E+02   7.368212E-01
   1.539779E+01   2.429512E+02   5.144661E+02   7.397309E-01
   1.546891E+01   2.505003E+02   4.975366E+02   7.425398E-01
   1.554036E+01   2.581714E+02   4.808163E+02   7.452388E-01
   1.561214E+01   2.659495E+02   4.643922E+02   7.478029E-01
   1.568425E+01   2.738188E+02   4.482912E+02   7.502223E-01
   1.575669E+01   2.817578E+02   4.324351E+02   7.525112E-01
   1.582947E+01   2.897513E+02   4.168503E+02   7.546607E-01
   1.590258E+01   2.977952E+02   4.016637E+02   7.566416E-01
   1.597603E+01   3.058806E+02   3.867926E+02   7.584727E-01
   1.604983E+01   3.139831E+02   3.722617E+02   7.601522E-01
   1.612396E+01   3.220956E+02   3.580921E+02   7.616797E-01
   1.619843E+01   3.302380E+02   3.443364E+02   7.630488E-01
   1.627325E+01   3.383855E+02   3.310180E+02   7.642625E-01
   1.634841E+01   3.465328E+02   3.180573E+02   7.653422E-01
   1.642393E+01   3.546885E+02   3.055190E+02   7.662806E-01
   1.649979E+01   3.628451E+02   2.933667E+02   7.670901E-01
   1.657600E+01   3.710045E+02   2.817425E+02   7.677496E-01
   1.665256E+01   3.791596E+02   2.704550E+02   7.682977E-01
   1.672948E+01   3.873083E+02   2.596204E+02   7.687173E-01
   1.680675E+01   3.954635E+02   2.491785E+02   7.690206E-01
   1.688438E+01   4.035899E+02   2.391652E+02   7.692063E-01
   1.696236E+01   4.117190E+02   2.295586E+02   7.692779E-01
   1.704071E+01   4.198457E+02   2.203644E+02   7.692366E-01
   1.711942E+01   4.279770E+02   2.115956E+02   7.690814E-01
   1.719849E+01   4.360724E+02   2.031455E+02   7.688332E-01
   1.727793E+01   4.441925E+02   1.950948E+02   7.684755E-01
   1.735773E+01   4.522921E+02   1.873826E+02   7.680218E-01
   1.743791E+01   4.604038E+02   1.800540E+02   7.674633E-01
   1.751845E+01   4.685411E+02   1.730774E+02   7.668033E-01
   1.759936E+01   4.766743E+02   1.664261E+02   7.660479E-01
   1.768065E+01   4.848374E+02   1.600602E+02   7.651979E-01
   1.776232E+01   4.930410E+02   1.540771E+02   7.642387E-01
   1.784436E+01   5.012922E+02   1.483396E+02   7.631845E-01
   1.792678E+01   5.096094E+02   1.429195E+02   7.620216E-01
   1.800958E+01   5.180131E+02   1.378430E+02   7.607421E-01
   1.809277E+01   5.265211E+02   1.330788E+02   7.593430E-01
   1.817634E+01   5.351606E+02   1.285838E+02   7.578190E-01
   1.826029E+01   5.439721E+02   1.244693E+02   7.561486E-01
   1.834463E+01   5.529803E+02   1.206846E+02   7.543238E-01
   1.842936E+01   5.622513E+02   1.172693E+02   7.523213E-01
   1.851449E+01   5.718390E+02   1.142957E+02   7.501157E-01
   1.860000E+01   5.818082E+02   1.117647E+02   7.476781E-01
   1.868591E+01   5.922397E+02   1.097577E+02   7.449695E-01
   1.877222E+01   6.032667E+02   1.083735E+02   7.419368E-01
   1.885893E+01   6.150082E+02   1.076976E+02   7.385179E-01
   1.894604E+01   6.276378E+02   1.078830E+02   7.346350E-01
   1.903354E+01   6.413938E+02   1.090908E+02   7.301784E-01
   1.912146E+01   6.565347E+02   1.115384E+02   7.250282E-01
   1.920978E+01   6.734756E+02   1.154902E+02   7.189837E-01
   1.929851E+01   6.926161E+02   1.212636E+02   7.118679E-01
   1.938764E+01   7.146024E+02   1.292602E+02   7.033832E-01
   1.947719E+01   7.401558E+02   1.399284E+02   6.932109E-01
   1.956715E+01   7.699554E+02   1.536855E+02   6.810479E-01
   1.965753E+01   8.049510E+02   1.710836E+02   6.664983E-01
   1.974833E+01   8.453108E+02   1.923225E+02   6.495121E-01
   1.983954E+01   8.904996E+02   2.173250E+02   6.303957E-01
   1.993118E+01   9.398900E+02   2.457796E+02   6.098509E-01
   2.002324E+01   9.949401E+02   2.771283E+02   5.889220E-01
   2.011573E+01   1.066468E+03   3.124046E+02   5.678508E-01
   2.020864E+01   1.178746E+03   3.555635E+02   5.460888E-01
   2.030198E+01   1.360345E+03   4.126157E+02   5.232841E-01
   2.039575E+01   1.616904E+03   4.870896E+02   4.994131E-01
   2.048996E+01   1.900393E+03   5.738970E+02   4.749678E-01
   2.058460E+01   2.129288E+03   6.571578E+02   4.523912E-01
   2.067967E+01   2.256235E+03   7.213188E+02   4.339889E-01
   2.077519E+01   2.278039E+03   7.592826E+02   4.205770E-01
   2.087115E+01   2.215327E+03   7.731668E+02   4.118292E-01
   2.096755E+01   2.098026E+03   7.693788E+02   4.071280E-01
   2.106440E+01   1.956650E+03   7.549267E+02   4.057599E-01
   2.116169E+01   1.813998E+03   7.356010E+02   4.069102E-01
   2.125943E+01   1.682849E+03   7.148415E+02   4.099956E-01
   2.135763E+01   1.567997E+03   6.945311E+02   4.145819E-01
   2.145628E+01   1.469770E+03   6.755668E+02   4.203559E-01
   2.155538E+01   1.386578E+03   6.581781E+02   4.271273E-01
   2.165494E+01   1.316092E+03   6.424793E+02   4.346487E-01
   2.175496E+01   1.256141E+03   6.284366E+02   4.426595E-01
   2.185545E+01   1.205177E+03   6.159088E+02   4.508817E-01
   2.195640E+01   1.161990E+03   6.047687E+02   4.589872E-01
   2.205781E+01   1.125696E+03   5.949414E+02   4.666147E-01
   2.215969E+01   1.095374E+03   5.865104E+02   4.733804E-01
   2.226204E+01   1.069921E+03   5.796070E+02   4.790085E-01
   2.236487E+01   1.047926E+03   5.743948E+02   4.833726E-01
   2.246817E+01   1.027838E+03   5.709428E+02   4.865384E-01
   2.257195E+01   1.008304E+03   5.691592E+02   4.887211E-01
   2.267621E+01   9.882135E+02   5.688369E+02   4.902204E-01
   2.278094E+01   9.669129E+02   5.697290E+02   4.913199E-01
   2.288617E+01   9.442564E+02   5.715501E+02   4.922593E-01
   2.299187E+01   9.201807E+02   5.740750E+02   4.932389E-01
   2.309807E+01   8.948973E+02   5.772054E+02   4.943239E-01
   2.320476E+01   8.685958E+02   5.808233E+02   4.955921E-01
   2.331194E+01   8.414608E+02   5.849026E+02   4.970504E-01
   2.341961E+01   8.136744E+02   5.894062E+02   4.986998E-01
   2.352779E+01   7.853754E+02   5.943130E+02   5.005264E-01
   2.363646E+01   7.566980E+02   5.996094E+02   5.024964E-01
   2.374563E+01   7.277711E+02   6.052650E+02   5.045744E-01
   2.385531E+01   6.987315E+02   6.112116E+02   5.067337E-01
   2.396549E+01   6.697394E+02   6.173635E+02   5.089394E-01
   2.407619E+01   6.409648E+02   6.236180E+02   5.111549E-01
   2.418739E+01   6.126196E+02   6.298181E+02   5.133625E-01
   2.429911E+01   5.849442E+02   6.358159E+02   5.155311E-01
   2.441135E+01   5.582021E+02   6.413774E+02   5.176817E-01
   2.452410E+01   5.326448E+02   6.463558E+02   5.197881E-01
   2.463737E+01   5.085370E+02   6.505308E+02   5.218715E-01
   2.475117E+01   4.860884E+02   6.537602E+02   5.239309E-01
   2.486549E+01   4.655239E+02   6.559163E+02   5.259702E-01
   2.498034E+01   4.469093E+02   6.569631E+02   5.279996E-01
   2.509572E+01   4.302709E+02   6.569639E+02   5.299920E-01
   2.521164E+01   4.155555E+02   6.559343E+02   5.319651E-01
   2.532809E+01   4.026552E+02   6.539726E+02   5.339031E-01
   2.544508E+01   3.914164E+02   6.511480E+02   5.358175E-01
   2.556260E+01   3.817274E+02   6.475471E+02   5.377027E-01
   2.568067E+01   3.733175E+02   6.433401E+02   5.395431E-01
   2.579929E+01   3.660126E+02   6.386464E+02   5.413274E-01
   2.591845E+01   3.596228E+02   6.335824E+02   5.430517E-01
   2.603817E+01   3.540186E+02   6.282851E+02   5.446958E-01
   2.615843E+01   3.490844E+02   6.228812E+02   5.462453E-01
   2.627926E+01   3.446557E+02   6.174894E+02   5.476960E-01
   2.640064E+01   3.406588E+02   6.121591E+02   5.490544E-01
   2.652258E+01   3.369947E+02   6.069489E+02   5.503197E-01
   2.664508E+01   3.336242E+02   6.019296E+02   5.514683E-01
   2.676815E+01   3.304491E+02   5.970995E+02   5.525159E-01
   2.689179E+01   3.274217E+02   5.924512E+02   5.534696E-01
   2.701600E+01   3.245087E+02   5.879923E+02   5.543253E-01
   2.714079E+01   3.216577E+02   5.837602E+02   5.550677E-01
   2.726615E+01   3.188414E+02   5.796682E+02   5.557356E-01
   2.739208E+01   3.160415E+02   5.757632E+02   5.563045E-01
   2.751861E+01   3.132416E+02   5.720112E+02   5.567879E-01
   2.764571E+01   3.104233E+02   5.684133E+02   5.571839E-01
   2.777340E+01   3.075781E+02   5.649257E+02   5.575102E-01
   2.790168E+01   3.046963E+02   5.615470E+02   5.577654E-01
   2.803056E+01   3.017765E+02   5.582607E+02   5.579541E-01
   2.816003E+01   2.988031E+02   5.551054E+02   5.580588E-01
   2.829010E+01   2.957915E+02   5.519819E+02   5.581199E-01
   2.842076E+01   2.927285E+02   5.489529E+02   5.581113E-01
   2.855204E+01   2.896254E+02   5.460054E+02   5.580397E-01
   2.868391E+01   2.864774E+02   5.431210E+02   5.579184E-01
   2.881640E+01   2.833121E+02   5.402758E+02   5.577609E-01
   2.894950E+01   2.801047E+02   5.374999E+02   5.575648E-01
   2.908322E+01   2.768968E+02   5.348142E+02   5.573237E-01
   2.921755E+01   2.736832E+02   5.321519E+02   5.570742E-01
   2.935250E+01   2.704646E+02   5.295635E+02   5.568000E-01
   2.948808E+01   2.672728E+02   5.270406E+02   5.565051E-01
   2.962428E+01   2.640820E+02   5.246144E+02   5.561812E-01
   2.976111E+01   2.609240E+02   5.222117E+02   5.558573E-01
   2.989857E+01   2.577845E+02   5.199024E+02   5.555034E-01
   3.003667E+01   2.546651E+02   5.176202E+02   5.551461E-01
   3.017540E+01   2.515530E+02   5.153961E+02   5.547703E-01
   3.031478E+01   2.484715E+02   5.132279E+02   5.543708E-01
   3.045480E+01   2.454065E+02   5.111083E+02   5.539491E-01
   3.059547E+01   2.423387E+02   5.090252E+02   5.535095E-01
   3.073678E+01   2.392927E+02   5.069878E+02   5.530432E-01
   3.087875E+01   2.362483E+02   5.049555E+02   5.525681E-01
   3.102138E+01   2.332071E+02   5.029716E+02   5.520642E-01
   3.116466E+01   2.301761E+02   5.009907E+02   5.515498E-01
   3.130861E+01   2.271394E+02   4.990471E+02   5.510112E-01
   3.145322E+01   2.241215E+02   4.970971E+02   5.504645E-01
   3.159850E+01   2.210949E+02   4.951659E+02   5.499003E-01
   3.174445E+01   2.180612E+02   4.932323E+02   5.493266E-01
   3.189107E+01   2.150431E+02   4.912978E+02   5.487393E-01
   3.203837E+01   2.120313E+02   4.893534E+02   5.481416E-01
   3.218635E+01   2.090304E+02   4.874221E+02   5.475222E-01
   3.233502E+01   2.060421E+02   4.854760E+02   5.468920E-01
   3.248437E+01   2.030562E+02   4.835181E+02   5.462501E-01
   3.263441E+01   2.000918E+02   4.815640E+02   5.455891E-01
   3.278515E+01   1.971446E+02   4.795884E+02   5.449205E-01
   3.293658E+01   1.942196E+02   4.776252E+02   5.442306E-01
   3.308871E+01   1.913139E+02   4.756454E+02   5.435326E-01
   3.324154E+01   1.884453E+02   4.736776E+02   5.428140E-01
   3.339508E+01   1.855992E+02   4.717075E+02   5.420817E-01
   3.354933E+01   1.827742E+02   4.697375E+02   5.413346E-01
   3.370429E+01   1.799840E+02   4.677720E+02   5.405697E-01
   3.385996E+01   1.772135E+02   4.658242E+02   5.397818E-01
   3.401636E+01   1.744732E+02   4.638805E+02   5.389755E-01
   3.417347E+01   1.717473E+02   4.619083E+02   5.381641E-01
   3.433132E+01   1.690421E+02   4.599381E+02   5.373349E-01
   3.448989E+01   1.663579E+02   4.579749E+02   5.364862E-01
   3.464919E+01   1.636930E+02   4.560098E+02   5.356226E-01
   3.480923E+01   1.610453E+02   4.540283E+02   5.347512E-01
   3.497001E+01   1.584155E+02   4.520281E+02   5.338751E-01
   3.513154E+01   1.558031E+02   4.500085E+02   5.329975E-01
   3.529380E+01   1.532105E+02   4.479677E+02   5.321227E-01
   3.545682E+01   1.506376E+02   4.459072E+02   5.312544E-01
   3.562059E+01   1.480891E+02   4.438395E+02   5.303923E-01
   3.578512E+01   1.455687E+02   4.417762E+02   5.295363E-01
   3.595041E+01   1.430783E+02   4.397041E+02   5.286956E-01
   3.611646E+01   1.406195E+02   4.375974E+02   5.278832E-01
   3.628327E+01   1.381985E+02   4.355111E+02   5.270786E-01
   3.645086E+01   1.358152E+02   4.334111E+02   5.262952E-01
   3.661922E+01   1.334702E+02   4.312956E+02   5.255318E-01
   3.678836E+01   1.311659E+02   4.292177E+02   5.247635E-01
   3.695828E+01   1.288994E+02   4.271245E+02   5.240074E-01
   3.712899E+01   1.266690E+02   4.250243E+02   5.232548E-01
   3.730048E+01   1.244735E+02   4.229487E+02   5.224876E-01
   3.747277E+01   1.223097E+02   4.208706E+02   5.217116E-01
   3.764585E+01   1.201725E+02   4.187894E+02   5.209217E-01
   3.781973E+01   1.180610E+02   4.167013E+02   5.201148E-01
   3.799442E+01   1.159722E+02   4.146037E+02   5.192877E-01
   3.816991E+01   1.139030E+02   4.124939E+02   5.184380E-01
   3.834621E+01   1.118501E+02   4.103696E+02   5.175639E-01
   3.852333E+01   1.098149E+02   4.082440E+02   5.166584E-01
   3.870126E+01   1.077954E+02   4.061023E+02   5.157264E-01
   3.888002E+01   1.057872E+02   4.039087E+02   5.147811E-01
   3.905960E+01   1.037937E+02   4.016845E+02   5.138155E-01
   3.924001E+01   1.018178E+02   3.994732E+02   5.128154E-01
   3.942126E+01   9.985573E+01   3.971970E+02   5.118119E-01
   3.960334E+01   9.791322E+01   3.948997E+02   5.107921E-01
   3.978626E+01   9.598761E+01   3.925358E+02   5.097758E-01
   3.997003E+01   9.408854E+01   3.901723E+02   5.087432E-01
   4.015465E+01   9.221545E+01   3.877901E+02   5.077047E-01
   4.034012E+01   9.036767E+01   3.853290E+02   5.066859E-01
   4.052644E+01   8.855209E+01   3.828737E+02   5.056597E-01
   4.071363E+01   8.676826E+01   3.803689E+02   5.046493E-01
   4.090168E+01   8.502243E+01   3.778768E+02   5.036348E-01
   4.109060E+01   8.331310E+01   3.753673E+02   5.026286E-01
   4.128039E+01   8.163943E+01   3.728095E+02   5.016429E-01
   4.147106E+01   8.000394E+01   3.702671E+02   5.006545E-01
   4.166261E+01   7.840724E+01   3.677299E+02   4.996668E-01
   4.185505E+01   7.684636E+01   3.651906E+02   4.986816E-01
   4.204837E+01   7.531952E+01   3.626514E+02   4.976974E-01
   4.224259E+01   7.382505E+01   3.601144E+02   4.967139E-01
   4.243770E+01   7.235922E+01   3.575828E+02   4.957306E-01
   4.263371E+01   7.092091E+01   3.550587E+02   4.947488E-01
   4.283063E+01   6.950800E+01   3.525453E+02   4.937702E-01
   4.302846E+01   6.812164E+01   3.500718E+02   4.927870E-01
   4.322721E+01   6.675834E+01   3.476059E+02   4.918139E-01
   4.342687E+01   6.541706E+01   3.451403E+02   4.908560E-01
   4.362745E+01   6.409942E+01   3.426941E+02   4.899083E-01
   4.382896E+01   6.280534E+01   3.403058E+02   4.889573E-01
   4.403140E+01   6.153238E+01   3.379064E+02   4.880293E-01
   4.423478E+01   6.028173E+01   3.355594E+02   4.871000E-01
   4.443909E+01   5.905118E+01   3.331886E+02   4.861976E-01
   4.464435E+01   5.784351E+01   3.308699E+02   4.852922E-01
   4.485056E+01   5.665366E+01   3.285161E+02   4.844152E-01
   4.505772E+01   5.548452E+01   3.262054E+02   4.835345E-01
   4.526583E+01   5.433386E+01   3.238519E+02   4.826808E-01
   4.547491E+01   5.320422E+01   3.215301E+02   4.818226E-01
   4.568495E+01   5.209272E+01   3.191887E+02   4.809765E-01
   4.589597E+01   5.099731E+01   3.167922E+02   4.801524E-01
   4.610795E+01   4.992114E+01   3.144091E+02   4.793207E-01
   4.632092E+01   4.886076E+01   3.119958E+02   4.784942E-01
   4.653487E+01   4.781750E+01   3.095468E+02   4.776721E-01
   4.674981E+01   4.678871E+01   3.070602E+02   4.768517E-01
   4.696574E+01   4.577500E+01   3.045327E+02   4.760323E-01
   4.718267E+01   4.477596E+01   3.019635E+02   4.752127E-01
   4.740060E+01   4.379138E+01   2.993527E+02   4.743922E-01
   4.761954E+01   4.282122E+01   2.967022E+02   4.735709E-01
   4.783949E+01   4.186449E+01   2.940160E+02   4.727486E-01
   4.806045E+01   4.092275E+01   2.912979E+02   4.719268E-01
   4.828244E+01   3.999548E+01   2.885547E+02   4.711067E-01
   4.850545E+01   3.908626E+01   2.858312E+02   4.702771E-01
   4.872949E+01   3.819265E+01   2.830656E+02   4.694652E-01
   4.895456E+01   3.731586E+01   2.802906E+02   4.686652E-01
   4.918068E+01   3.645924E+01   2.775526E+02   4.678675E-01
   4.940784E+01   3.562116E+01   2.748149E+02   4.670916E-01
   4.963605E+01   3.480395E+01   2.721104E+02   4.663329E-01
   4.986531E+01   3.400778E+01   2.694353E+02   4.655997E-01
   5.009563E+01   3.342420E+01   2.668220E+02   4.649249E-01
   5.032702E+01   3.312335E+01   2.643151E+02   4.643083E-01
   5.055947E+01   3.283057E+01   2.618588E+02   4.637197E-01
   5.079300E+01   3.254646E+01   2.594557E+02   4.631615E-01
   5.102761E+01   3.227146E+01   2.571077E+02   4.626359E-01
   5.126330E+01   3.200589E+01   2.548151E+02   4.621446E-01
   5.150008E+01   3.174989E+01   2.525773E+02   4.616885E-01
   5.173795E+01   3.150344E+01   2.503924E+02   4.612677E-01
   5.197692E+01   3.126632E+01   2.482573E+02   4.608814E-01
   5.221699E+01   3.103811E+01   2.461675E+02   4.605279E-01
   5.245818E+01   3.081820E+01   2.441176E+02   4.602047E-01
   5.270048E+01   3.060576E+01   2.421010E+02   4.599082E-01
   5.294389E+01   3.039979E+01   2.401101E+02   4.596341E-01
   5.318843E+01   3.019913E+01   2.381368E+02   4.593773E-01
   5.343411E+01   3.000250E+01   2.361726E+02   4.591322E-01
   5.368091E+01   2.980853E+01   2.342089E+02   4.588930E-01
   5.392886E+01   2.961582E+01   2.322372E+02   4.586537E-01
   5.417795E+01   2.942300E+01   2.302497E+02   4.584085E-01
   5.442819E+01   2.922879E+01   2.282394E+02   4.581516E-01
   5.467959E+01   2.903202E+01   2.262002E+02   4.578779E-01
   5.493214E+01   2.883168E+01   2.241274E+02   4.575825E-01
   5.518587E+01   2.862696E+01   2.220178E+02   4.572614E-01
   5.544077E+01   2.841728E+01   2.198693E+02   4.569109E-01
   5.569684E+01   2.820222E+01   2.176815E+02   4.565281E-01
   5.595410E+01   2.798163E+01   2.154551E+02   4.561105E-01
   5.621254E+01   2.775551E+01   2.131923E+02   4.556565E-01
   5.647218E+01   2.752406E+01   2.108963E+02   4.551649E-01
   5.673302E+01   2.728763E+01   2.085710E+02   4.546352E-01
   5.699506E+01   2.704670E+01   2.062213E+02   4.540674E-01
   5.725831E+01   2.680184E+01   2.038526E+02   4.534622E-01
   5.752278E+01   2.655369E+01   2.014705E+02   4.528207E-01
   5.778847E+01   2.630295E+01   1.990809E+02   4.521448E-01
   5.805539E+01   2.605034E+01   1.966898E+02   4.514365E-01
   5.832354E+01   2.579658E+01   1.943028E+02   4.506987E-01
   5.859293E+01   2.554238E+01   1.919255E+02   4.499345E-01
   5.886357E+01   2.528841E+01   1.895629E+02   4.491476E-01
   5.913545E+01   2.503530E+01   1.872198E+02   4.483420E-01
   5.940859E+01   2.478365E+01   1.849003E+02   4.475220E-01
   5.968299E+01   2.453399E+01   1.826080E+02   4.466923E-01
   5.995866E+01   2.428679E+01   1.803461E+02   4.458577E-01
   6.023560E+01   2.404246E+01   1.781169E+02   4.450233E-01
   6.051382E+01   2.380136E+01   1.759224E+02   4.441942E-01
   6.079333E+01   2.356378E+01   1.737639E+02   4.433755E-01
   6.107412E+01   2.332995E+01   1.716424E+02   4.425723E-01
   6.135622E+01   2.310005E+01   1.695582E+02   4.417896E-01
   6.163961E+01   2.287420E+01   1.675111E+02   4.410321E-01
   6.192432E+01   2.265248E+01   1.655008E+02   4.403042E-01
   6.221034E+01   2.243492E+01   1.635262E+02   4.396101E-01
   6.249768E+01   2.222150E+01   1.615864E+02   4.389532E-01
   6.278635E+01   2.201217E+01   1.596798E+02   4.383369E-01
   6.307635E+01   2.180685E+01   1.578048E+02   4.377638E-01
   6.336770E+01   2.160543E+01   1.559598E+02   4.372358E-01
   6.366038E+01   2.140777E+01   1.541428E+02   4.367545E-01
   6.395442E+01   2.121373E+01   1.523519E+02   4.363206E-01
   6.424982E+01   2.102313E+01   1.505854E+02   4.359345E-01
   6.454658E+01   2.083581E+01   1.488412E+02   4.355959E-01
   6.484471E+01   2.065158E+01   1.471176E+02   4.353040E-01
   6.514422E+01   2.047027E+01   1.454131E+02   4.350575E-01
   6.544512E+01   2.029169E+01   1.437261E+02   4.348548E-01
   6.574740E+01   2.011570E+01   1.420552E+02   4.346938E-01
   6.605108E+01   1.994211E+01   1.403994E+02   4.345725E-01
   6.635616E+01   1.977080E+01   1.387577E+02   4.344885E-01
   6.666265E+01   1.960164E+01   1.371292E+02   4.344395E-01
   6.697056E+01   1.943450E+01   1.355134E+02   4.344231E-01
   6.727989E+01   1.926930E+01   1.339098E+02   4.344373E-01
   6.759065E+01   1.910595E+01   1.323181E+02   4.344800E-01
   6.790284E+01   1.894438E+01   1.307381E+02   4.345497E-01
   6.821647E+01   1.878454E+01   1.291697E+02   4.346450E-01
   6.853156E+01   1.862639E+01   1.276128E+02   4.347651E-01
   6.884809E+01   1.846990E+01   1.260675E+02   4.349093E-01
   6.916610E+01   1.831504E+01   1.245337E+02   4.350776E-01
   6.948557E+01   1.816180E+01   1.230113E+02   4.352702E-01
   6.980651E+01   1.801016E+01   1.215002E+02   4.354878E-01
   7.012894E+01   1.786010E+01   1.200003E+02   4.357312E-01
   7.045286E+01   1.771160E+01   1.185113E+02   4.360016E-01
   7.077827E+01   1.756464E+01   1.170328E+02   4.363005E-01
   7.110518E+01   1.741919E+01   1.155644E+02   4.366293E-01
   7.143361E+01   1.727520E+01   1.141053E+02   4.369896E-01
   7.176355E+01   1.713263E+01   1.126550E+02   4.373827E-01
   7.209502E+01   1.699141E+01   1.112126E+02   4.378101E-01
   7.242802E+01   1.685147E+01   1.097771E+02   4.382726E-01
   7.276255E+01   1.671273E+01   1.083476E+02   4.387710E-01
   7.309864E+01   1.657510E+01   1.069231E+02   4.393056E-01
   7.343627E+01   1.643847E+01   1.055024E+02   4.398760E-01
   7.377546E+01   1.630273E+01   1.040844E+02   4.404815E-01
   7.411622E+01   1.616777E+01   1.026682E+02   4.411206E-01
   7.445856E+01   1.603345E+01   1.012527E+02   4.417911E-01
   7.480247E+01   1.589966E+01   9.983693E+01   4.424903E-01
   7.514797E+01   1.576628E+01   9.842015E+01   4.432145E-01
   7.549507E+01   1.563317E+01   9.700165E+01   4.439597E-01
   7.584378E+01   1.550024E+01   9.558092E+01   4.447211E-01
   7.619409E+01   1.536736E+01   9.415762E+01   4.454930E-01
   7.654602E+01   1.523444E+01   9.273160E+01   4.462697E-01
   7.689958E+01   1.510140E+01   9.130292E+01   4.470445E-01
   7.725477E+01   1.496818E+01   8.987186E+01   4.478108E-01
   7.761160E+01   1.483471E+01   8.843888E+01   4.485613E-01
   7.797007E+01   1.470097E+01   8.700465E+01   4.492889E-01
   7.833021E+01   1.456693E+01   8.557003E+01   4.499860E-01
   7.869201E+01   1.443259E+01   8.413603E+01   4.506452E-01
   7.905548E+01   1.429797E+01   8.270383E+01   4.512594E-01
   7.942062E+01   1.416310E+01   8.127471E+01   4.518214E-01
   7.978746E+01   1.402803E+01   7.985006E+01   4.523243E-01
   8.015599E+01   1.389281E+01   7.843134E+01   4.527617E-01
   8.052622E+01   1.375752E+01   7.702003E+01   4.531275E-01
   8.089816E+01   1.362225E+01   7.561766E+01   4.534161E-01
   8.127182E+01   1.348707E+01   7.422573E+01   4.536223E-01
   8.164720E+01   1.335209E+01   7.284570E+01   4.537416E-01
   8.202432E+01   1.321741E+01   7.147899E+01   4.537699E-01
   8.240318E+01   1.308312E+01   7.012696E+01   4.537037E-01
   8.278379E+01   1.294932E+01   6.879087E+01   4.535399E-01
   8.316616E+01   1.281613E+01   6.747190E+01   4.532763E-01
   8.355029E+01   1.268363E+01   6.617110E+01   4.529110E-01
   8.393620E+01   1.255192E+01   6.488943E+01   4.524425E-01
   8.432389E+01   1.242110E+01   6.362775E+01   4.518701E-01
   8.471337E+01   1.229124E+01   6.238677E+01   4.511933E-01
   8.510465E+01   1.216242E+01   6.116714E+01   4.504121E-01
   8.549774E+01   1.203473E+01   5.996934E+01   4.495271E-01
   8.589264E+01   1.190823E+01   5.879379E+01   4.485390E-01
   8.628937E+01   1.178297E+01   5.764080E+01   4.474490E-01
   8.668793E+01   1.165901E+01   5.651057E+01   4.462586E-01
   8.708833E+01   1.153641E+01   5.540322E+01   4.449696E-01
   8.749058E+01   1.141519E+01   5.431880E+01   4.435840E-01
   8.789469E+01   1.129540E+01   5.325727E+01   4.421040E-01
   8.830067E+01   1.117706E+01   5.221853E+01   4.405322E-01
   8.870852E+01   1.106020E+01   5.120242E+01   4.388710E-01
   8.911825E+01   1.094484E+01   5.020872E+01   4.371234E-01
   8.952988E+01   1.083099E+01   4.923718E+01   4.352922E-01
   8.994340E+01   1.071866E+01   4.828749E+01   4.333804E-01
   9.035884E+01   1.060785E+01   4.735932E+01   4.313910E-01
   9.077620E+01   1.049858E+01   4.645228E+01   4.293273E-01
   9.119548E+01   1.039083E+01   4.556600E+01   4.271924E-01
   9.161670E+01   1.028460E+01   4.470005E+01   4.249895E-01
   9.203987E+01   1.017988E+01   4.385400E+01   4.227219E-01
   9.246499E+01   1.007667E+01   4.302742E+01   4.203927E-01
   9.289207E+01   9.974945E+00   4.221984E+01   4.180053E-01
   9.332113E+01   9.874700E+00   4.143082E+01   4.155628E-01
   9.375217E+01   9.775916E+00   4.065988E+01   4.130683E-01
   9.418520E+01   9.678575E+00   3.990657E+01   4.105251E-01
   9.462023E+01   9.582658E+00   3.917042E+01   4.079362E-01
   9.505727E+01   9.488147E+00   3.845098E+01   4.053047E-01
   9.549632E+01   9.395019E+00   3.774778E+01   4.026334E-01
   9.593741E+01   9.303255E+00   3.706038E+01   3.999254E-01
   9.638053E+01   9.212831E+00   3.638833E+01   3.971834E-01
   9.682570E+01   9.123726E+00   3.573121E+01   3.944102E-01
   9.727293E+01   9.035916E+00   3.508859E+01   3.916086E-01
   9.772222E+01   8.949379E+00   3.446004E+01   3.887810E-01
   9.817359E+01   8.864090E+00   3.384516E+01   3.859300E-01
   9.862704E+01   8.780028E+00   3.324357E+01   3.830581E-01
   9.908259E+01   8.697168E+00   3.265486E+01   3.801677E-01
   9.954024E+01   8.615488E+00   3.207867E+01   3.772609E-01
   1.000000E+02   8.534964E+00   3.151463E+01   3.743401E-01
